5 1.71549847093 1.71549847093
6 0.238916642175 0.285038106794
9 1.99643692595 2.56596284761
14 1.0 1.0
15 2.09719003382 2.65327354657
19 0.0 0.0
22 2.24816868615 3.39989578806
24 7.38815010819 7.38815010819
25 0.827108435973 0.875232260963
35 3.25918933626 5.33314358796
55 0.139619264937 0.165319521541
57 2.60183311134 2.60183311134
58 1.0 1.0
59 7.0 7.0
66 3.48555080338 3.48555080338
68 0.722409049537 0.776294017565
69 1.03075140524 1.19746677237
76 1.44575412967 1.90262552087
81 1.28787958429 1.28787958429
83 7.3198875249 7.65461598018
85 0.931130074976 1.26154971251
89 9.73254949284 9.73254949284
95 1.98699893349 1.98699893349
97 1.94503787354 1.94503787354
119 5.0 5.0
122 2.91384044022 3.55447375095
126 2.83647166345 3.39246002961
134 0.904424321433 1.16227098565
136 2.74053273641 2.96616224589
146 0.0 0.0
151 1.79083880574 1.79083880574
155 0.353657049484 0.353657049484
156 4.11414930556 5.73123057187
161 2.78665489234 3.48822877307
164 1.55878810003 1.56218227334
171 1.20157276511 1.6442484927
172 2.7627609061 2.8752528968
186 2.26985907895 2.27628597031
189 2.31319676288 3.19193824997
196 4.50754164494 6.03476402198
205 0.889404443179 1.05222748394
219 0.262748652725 0.262748652725
221 3.5298744616 3.5298744616
222 4.0 4.0
234 0.504634568925 0.504634568925
243 2.58609260381 2.58609260381
259 4.39940168493 4.39940168493
274 9.53655641397 9.53655641397
276 3.99862465386 4.47484429442
288 10.0 10.0
291 2.27816630311 2.27816630311
299 0.608237838444 0.937606857357
303 0.955853728688 0.955853728688
304 1.48047793316 1.56868518968
307 4.44579400715 4.82570128679
308 1.85669696487 2.22888358312
316 0.50910839861 0.645568422287
323 4.53014473577 4.56105961021
326 1.56476005447 1.56476005447
328 3.10134069185 3.10134069185
331 2.67575178358 3.12040538476
334 1.72220555795 3.02038188693
342 2.70148783689 2.92555882816
343 1.95421544017 2.29616893661
346 1.1243960965 1.59013620914
347 4.64561147212 4.64561147212
348 2.164592699 2.40981988238
360 2.0 2.0
362 3.08356739195 3.6549995673
365 2.22386725941 2.91741630211
369 1.03774510989 1.42495396401
370 6.47533802788 6.47533802788
373 1.0 1.0
376 1.44266777853 1.44266777853
380 1.86227987673 1.8905864994
381 0.784779021749 1.17113588502
383 2.0 2.0
384 0.969845081595 1.38008255355
391 5.0 5.0
393 0.897790100786 0.897790100786
405 3.25278449018 3.25278449018
406 1.0 1.0
410 0.690682331633 0.796345102964
419 0.492337458335 0.492337458335
420 2.58511372145 3.69289891555
427 0.982312593421 1.01610847104
431 4.85098795569 6.50841164087
433 2.75115312253 2.95313324704
445 1.03059205895 1.04354542235
452 1.57719971988 1.65214270911
475 1.60568822837 1.60568822837
476 1.60311976219 2.77504253936
480 4.1755179661 4.1755179661
485 2.23274649472 3.10997617337
488 8.0 8.0
493 2.7177417348 3.58094548027
502 2.65029525928 2.65029525928
509 0.883399027992 1.06695158141
512 7.08326394671 7.08326394671
515 0.936575805307 1.03422556828
516 1.0 1.0
517 2.43638535425 2.88643233892
520 3.65048274649 4.01108717824
523 0.788126345495 0.851463238598
524 1.522253246 1.522253246
531 3.012509969 3.94642299355
532 1.68443454551 1.87210224031
538 0.724946578254 0.829932043464
544 1.44063183677 1.99696889137
545 2.14941956247 2.14941956247
549 2.31453740077 2.49431706068
550 2.25082326452 2.26475554489
552 1.0 1.0
553 3.0 3.0
555 1.21426333527 2.04769521955
564 1.76815154651 2.1164172161
566 1.24369521081 1.35824472537
569 0.913366298804 0.917465745395
575 3.32478333817 3.57899918117
579 3.46711009312 3.8278710824
590 1.26148633755 1.31081756781
591 0.3489490161 0.493488431146
594 3.36312431357 3.36312431357
599 0.260263782128 0.260263782128
611 1.40307110128 1.79938365555
617 3.37254515484 3.37254515484
618 1.40569699362 1.40569699362
621 2.84454309036 2.84454309036
625 3.11451511267 3.11451511267
626 3.01085216257 4.8281507355
638 2.39684914941 2.39684914941
643 8.06782193149 8.06782193149
649 1.66106635001 1.87258435253
650 2.48681524172 2.48681524172
652 4.72366440287 4.72366440287
659 3.01076012628 3.68602514919
676 1.39130564149 2.13185068334
681 3.0 3.0
683 1.38692279077 2.31120812052
684 0.632875201265 0.936937476607
687 0.155130101829 0.155130101829
689 1.80702265261 1.94973970427
691 4.07280909269 4.07280909269
712 1.92031253037 1.92031253037
714 0.362306970447 0.512379431348
723 6.03793235812 6.03793235812
725 2.89389083528 3.69620630871
732 1.57672823353 1.57672823353
745 0.722723330189 0.77129966663
758 0.924398474821 0.924398474821
764 2.12220162731 2.12511644152
767 1.07660154422 1.07660154422
772 1.0 1.0
777 1.00711133639 1.33925438332
779 0.571883622369 0.571883622369
783 2.48162488201 2.48162488201
785 2.11473408342 2.11473408342
795 1.0 1.0
806 1.29019697272 1.29019697272
809 4.67973306791 4.67973306791
810 2.07507981089 2.71856679087
814 2.61844674063 2.61844674063
817 3.46690170975 4.8200276014
831 2.27226561624 2.27226561624
845 1.0 1.0
848 2.12173030608 2.12173030608
851 2.0 2.2360679775
853 8.43694714033 8.53171018833
860 8.60424289401 8.60424289401
869 1.0 1.0
878 1.65105354655 1.65105354655
881 0.953230602958 0.95368489903
886 1.79129609612 1.79129609612
888 2.1044971434 2.1044971434
912 1.0 1.0
924 1.13327060356 1.33953148616
928 0.465864004867 0.521724108152
936 0.922234201172 0.922234201172
943 1.68288815812 2.13702975102
950 2.29238885069 3.11602337535
954 3.37098041925 3.37098041925
961 3.1489282478 3.81766006916
963 1.1523950997 1.1523950997
978 0.897106375095 0.897106375095
986 1.1790704898 2.22797163017
988 2.14006422187 2.14006422187
992 0.699899015335 0.699899015335
993 7.11378898003 7.11378898003
1005 1.32397693648 1.32397693648
1007 0.788664940867 0.788664940867
1013 0.125359015194 0.125359015194
1023 0.989197008981 0.989197008981
1037 0.131155747709 0.131155747709
1040 1.20349369718 1.20349369718
1041 0.840725184345 0.930323840702
1046 11.0 11.0
1051 2.92788433504 3.21283648638
1053 1.07925217601 1.08807145508
1056 0.895670819486 1.10132398927
1069 0.565607331465 0.570580750445
1070 1.07366299704 1.3250364219
1073 2.24969540213 2.2529000339
1074 1.73890082826 1.73890082826
1077 0.139527588752 0.139527588752
1079 2.42695193743 3.30290837339
1084 0.79980274208 1.13109188507
1088 8.86459151603 8.91648591599
1103 2.6297339646 2.6297339646
1112 3.0 3.0
1129 0.362862844038 0.362862844038
1145 1.46988281831 1.54316083494
1148 8.5 9.19238815543
1152 2.18244007905 2.18244007905
1154 1.55591196501 1.57889890605
1165 1.32341499403 1.80948518382
1166 0.171678643684 0.171678643684
1168 4.0 4.0
1181 1.65848886552 1.65848886552
1193 0.79206633069 1.04476692449
1211 1.71612026648 1.71612026648
1212 0.0525688211214 0.0525688211214
1216 1.12675091402 1.45095564584
1218 3.0 3.0
1219 3.12346276441 3.64694138104
1221 0.67312725893 0.67312725893
1226 0.418960216487 0.418960216487
1230 7.0 7.0
1234 1.14000329343 1.3695185134
1235 1.47000074998 1.47000074998
1237 2.0 2.0
1239 0.432467997338 0.432467997338
1244 1.28179873522 1.28179873522
1256 2.0 2.0
1261 1.60519658617 1.60519658617
1263 1.63998290844 1.67993588361
1264 0.0 0.0
1266 2.51601910324 3.14865136797
1267 1.3989806451 1.69215729802
1269 2.02222179282 2.02234388456
1275 1.96931933116 1.96931933116
1283 10.631733553 10.631733553
1284 5.15582545323 5.15582545323
1285 0.773227267219 0.773227267219
1287 4.4695555683 4.85575278379
1289 1.09546099605 1.71362532194
1292 2.23184948296 2.88971732428
1295 0.578039322358 0.578039322358
1296 1.0 1.0
1297 2.83531044778 3.17685363006
1308 3.36461766308 3.36461766308
1312 0.331363966093 0.426908553852
1313 1.40265955722 1.59794723498
1325 0.448091689094 0.448091689094
1330 0.977535280826 1.27938592323
1337 2.52250156367 2.52250156367
1345 1.4458271783 1.4458271783
1365 1.74492843208 2.97057319432
1369 2.14706425599 2.390986872
1374 1.37695710424 1.57904415365
1384 4.4267571472 5.96120029255
1387 4.21328500405 5.41200931231
1389 1.22767236816 2.07074963775
1391 0.901808753627 1.01166169827
1408 3.0 3.0
1413 9.13601218997 9.32422486275
1422 0.897229198973 0.897229198973
1424 1.80371394481 1.96033184194
1426 9.38789629751 9.43944597297
1434 3.0676853333 4.09845482548
1437 0.588894846079 0.687522990377
1438 3.31640650495 4.26117690809
1443 5.37659022312 5.37659022312
1453 1.11743246979 1.28054777239
1455 5.93663166334 7.72100561363
1458 1.39181269575 1.75361094459
1461 1.14605240437 1.14605240437
1465 2.1259222633 2.15615311573
1474 1.47356886412 1.47356886412
1479 8.43905317121 8.53338357118
1480 0.679387279422 0.763201583143
1482 2.50460366555 2.50460366555
1483 1.40280282938 1.40280282938
1487 1.68208025664 1.68208025664
1496 0.937849018228 1.13101152585
1499 1.05030308432 1.07606741119
1504 0.588649205193 0.588649205193
1510 1.0 1.0
1512 2.06397916308 3.28750044118
1513 1.32116126996 1.94381702012
1518 3.34959328744 4.00947765239
1526 1.0 1.0
1530 1.42873188707 1.50984136078
1539 4.0 4.0
1544 0.5 0.707106781187
1545 1.47505536261 1.93323538237
1547 2.7108540398 3.8337265487
1565 0.204785194047 0.204785194047
1569 1.0 1.0
1579 1.34816523398 1.36769595455
1585 0.91768890422 1.15466283416
1597 7.29041847195 7.39959509796
1598 2.020768866 2.020768866
1599 1.93686133043 2.33639090027
1602 1.28178094882 1.74510004782
1605 3.58721456288 3.70940842798
1609 0.39268760766 0.392765738094
1622 1.30923128818 1.69004445057
1627 2.67032021989 3.1496951779
1628 2.24790950797 2.51501858745
1629 4.71524934289 4.71524934289
1631 1.75846105402 2.0240764982
1638 2.88434702327 2.88434702327
1651 1.9841087888 2.18262365206
1653 1.35795870168 1.52817272495
1658 2.46098246709 2.46098246709
1662 5.22004982948 5.22004982948
1674 1.40941642172 1.46767723162
1678 0.963855817931 0.963855817931
1683 5.0 5.0
1684 2.04963312317 2.17707184325
1687 0.186549985153 0.186549985153
1691 9.55974321168 9.561015768
1718 1.88108097323 2.21521507921
1719 0.0 0.0
1722 1.36736473966 1.54248793563
1731 1.35894368486 1.35894368486
1732 2.36734794045 2.46490508938
1752 0.0 0.0
1754 3.03750738701 4.26113328432
1764 8.39837731486 8.39837731486
1770 1.81657213859 2.22837901603
1778 0.264020570558 0.264020570558
1789 1.38151163539 1.99898402526
1792 2.53726454437 3.35574678676
1793 2.61051645371 3.53898682861
1797 0.582222798206 0.716603919254
1802 3.64262626472 4.25272302736
1806 0.765981419788 0.765981419788
1807 1.56993250872 1.87972997077
1809 2.47035645778 3.49361160649
1811 2.22444494058 2.22444494058
1817 2.15438218798 2.15438218798
1825 1.33552143221 1.33552143221
1828 3.0 3.0
1831 7.36291664202 7.36291664202
1832 1.92056445326 1.92056445326
1833 1.90589642502 1.90589642502
1836 0.122561809 0.122561809
1837 0.406696336162 0.406696336162
1838 2.03818882899 2.03818882899
1839 1.17878743803 1.43663840127
1842 3.52406331325 3.52406331325
1843 2.02553532995 2.02553532995
1847 1.14783726417 1.14783726417
1849 2.97859019211 4.63710520517
1853 1.64545929565 2.31670274675
1855 5.413068997 5.413068997
1859 4.33368099343 4.33368099343
1862 3.0 3.0
1867 0.0651633508821 0.0651633508821
1872 1.84676916684 1.84676916684
1878 0.155688951429 0.155688951429
1880 1.0 1.0
1888 1.91517849988 2.23241313414
1896 2.06423048528 2.26643157431
1899 1.35471977327 1.76800321449
1901 2.46844111208 3.05944209628
1902 1.29437435944 1.47084821555
1907 0.197692082139 0.197692082139
1918 1.28486727068 1.28486727068
1921 2.49500809339 2.87919273961
1924 1.44359355486 1.44359355486
1926 0.140765398188 0.140765398188
1939 1.0 1.0
1940 3.44307258774 3.57249506944
1941 3.36037849172 3.36037849172
1946 4.80047528224 5.76901389797
1955 2.6060466249 2.6060466249
1957 2.46530587275 2.8384619748
1959 2.9034307362 2.9034307362
1962 1.63028671472 1.83269989527
1965 2.94356241069 3.69994353487
1966 3.20560708615 4.25259315568
1972 1.12850852683 1.12850852683
1984 1.20212375728 1.24012389886
1989 1.77688242517 2.06182587452
2000 0.0 0.0
2005 1.38927717353 1.70427894892
2007 2.21095448772 2.3383436974
2011 1.98053317336 2.22751526626
2023 2.93729259703 3.52311214129
2033 2.19685166959 2.19685166959
2040 1.97211526123 2.92342307838
2045 0.246022099014 0.246022099014
2058 3.0 3.0
2062 1.54254684664 1.84396561352
2069 2.50621020549 3.30619243508
2071 1.5 2.12132034356
2080 3.0 3.0
2091 1.0 1.0
2092 1.95352263371 1.97304371878
2096 1.02248131115 1.63084147426
2100 4.20082859121 5.11695438264
2103 2.26648279137 3.05370983139
2108 2.07876442994 2.52806590886
2114 2.0 2.2360679775
2115 1.67170074134 1.9124128102
2117 1.91939591505 1.91939591505
2127 0.996375755163 1.13208115872
2142 0.185850426335 0.185850426335
2146 2.31760377132 2.65617486987
2149 1.12166712021 1.12166712021
2151 0.636940663665 0.815011721187
2155 1.12858145366 1.16236488027
2181 3.0 3.0
2183 1.75656997047 1.8250008586
2186 3.57412203944 3.57412203944
2192 1.73771173736 1.73771173736
2195 1.55822785837 1.94320126163
2197 0.0 0.0
2200 10.0 10.0
2202 4.10150593687 4.20863830722
2204 3.80392815047 3.80392815047
2205 3.0 3.0
2210 0.69440724029 0.982040137028
2211 1.08575481974 1.88141124826
2212 1.42428685141 1.42428685141
2216 1.0 1.0
2233 3.0 3.0
2240 1.54006429199 1.63371091441
2242 2.50662381691 3.23574606493
2245 1.07115576317 1.14346031743
2246 1.59803114367 1.67246150183
2250 0.456100511795 0.456100511795
2254 2.27997556485 2.66374869763
2259 2.51141779489 2.51141779489
2262 0.583194404261 1.03695073873
2272 0.856326075432 0.860003578
2278 2.81627976154 3.4733898055
2287 0.485363439478 0.686407558789
2289 0.139909423977 0.139909423977
2292 0.959297311717 1.1876510784
2299 4.33793545157 5.88282421604
2301 4.0 4.0
2319 0.91884183078 1.16464493345
2320 2.48582714712 3.53796905727
2329 2.04507642653 2.04507642653
2332 1.74500354313 1.83055240897
2346 2.0 2.0
2355 3.32052587405 3.35099938689
2358 1.83902050008 1.86246443846
2364 1.34234071939 1.84054911607
2366 4.01398503601 4.01398503601
2367 1.85683267612 1.85683267612
2376 0.209365635702 0.209365635702
2378 6.88552980581 6.88552980581
2386 1.77658364925 2.0344852284
2394 0.541618660908 0.709552130482
2402 8.0104853149 8.0104853149
2404 1.15951778826 1.15951778826
2409 1.9530942144 2.19864480162
2414 0.292826438946 0.292826438946
2422 2.93710224588 3.56587686701
2428 2.23432456019 2.23432456019
2430 0.13090205502 0.13090205502
2431 2.33563043877 3.08907179934
2450 2.41072159635 2.96764848834
2451 2.0 2.0
2466 4.25314310817 4.25314310817
2475 6.50091698 7.40417141468
2477 1.80721404062 2.01458827636
2478 0.45901163539 0.562213848629
2484 1.45157468089 1.7553170522
2494 1.77733558008 2.27382201595
2496 1.73142436575 1.77216354126
2499 3.9108615156 3.9108615156
2505 5.69462486414 6.01292655537
2506 2.21452696187 2.50456289738
2507 1.84903357175 1.84903357175
2508 3.28088923011 3.29991884847
2518 2.0 2.0
2527 1.74012978536 2.3810803014
2530 1.78398945397 2.10911769087
2537 0.993991525189 0.993991525189
2538 2.00508006518 2.00625326251
2539 1.61494440092 1.95527288916
2541 6.0 6.0
2551 2.23289174043 2.91083630574
2554 1.81383406981 2.21722893202
2561 2.60802482682 3.21836419321
2562 2.38348537635 2.97892016255
2572 0.918182928605 1.15776397415
2580 2.26961419087 2.26961419087
2584 0.137174388991 0.193993881321
2585 3.52773496568 4.93648269983
2586 3.18924234296 4.5317966237
2587 2.27568317943 2.30871370818
2590 1.46696094185 1.46696094185
2596 0.528877906842 0.528877906842
2609 1.00854664331 1.00854664331
2618 0.743082618478 0.803609877934
2627 1.59996463094 2.05573908579
2634 4.51375758637 5.72018355687
2636 1.18855438149 1.31237230477
2645 1.47501542428 1.58014491262
2647 9.0 9.0
2649 0.952188641242 0.952188641242
2654 3.24909966147 4.25724104118
2669 1.13956739001 1.45459278968
2672 0.990164149417 0.990164149417
2676 2.31902592039 2.31902592039
2679 1.8331162973 1.84069702278
2683 1.88405896732 2.03251411622
2685 1.36042662958 1.56467554363
2687 2.27374054677 2.27374054677
2690 0.8657151421 0.884683778754
2693 2.08111757138 2.08516568895
2699 0.139130060055 0.139130060055
2704 2.60232240861 2.60232240861
2713 2.47397378647 2.87134371413
2714 2.0 2.82842712475
2715 3.75539688649 5.23167033962
2716 4.20693518538 5.29818508451
2721 1.37584354228 1.6314630315
2733 4.34563005618 4.34563005618
2738 1.0 1.0
2739 0.740971524511 0.998280514525
2743 1.0 1.0
2750 1.25976924544 1.25976924544
2758 3.78000303332 3.78000303332
2761 3.0 3.0
2764 1.62590910901 2.08916298562
2765 2.43151173456 3.15143485861
2771 1.51580576697 2.05820474503
2772 0.393940076056 0.400879029343
2775 6.17704477143 6.17704477143
2777 1.17232518348 1.41915951836
2788 0.940804992294 0.940804992294
2800 1.77222038095 2.04378394422
2803 2.42818683262 3.05038172191
2805 1.0 1.0
2806 4.64221392585 4.64221392585
2838 1.10236937398 1.10498475061
2843 2.63421047843 2.63421047843
2846 0.367408696884 0.367408696884
2850 4.60252605588 4.73345269105
2852 3.18940686341 3.18940686341
2855 9.26131852671 9.26131852671
2857 8.4194028335 8.51717191215
2859 2.0 2.0
2860 2.85893181803 2.85893181803
2861 1.64134364111 1.64134364111
2863 4.09097969593 5.00608864835
2867 2.0 2.0
2868 3.33333333333 3.33333333333
2877 2.0217709635 2.0217709635
2883 1.28433446234 1.28433446234
2890 1.66822290544 2.38026819303
2895 3.68029875099 3.68029875099
2899 1.18480936711 1.60862646045
2907 2.22099084566 2.22099084566
2911 3.0 3.0
2913 1.57665399228 1.91472009915
2919 2.60742679374 2.60742679374
2928 2.37195136155 2.99780314446
2935 0.430323862585 0.430323862585
2961 2.37976626308 2.84302729153
2964 2.05843245381 2.63910774514
2966 2.18001708184 2.18001708184
2976 1.51814899706 1.74056309092
2977 1.21890891716 1.61820281956
2981 1.4397170316 1.73010996016
2987 3.86017491502 3.86017491502
3000 1.66756816586 2.33412554052
3011 0.582209149565 0.660678236069
3014 0.520242095462 0.520242095462
3016 0.0 0.0
3021 3.48070770566 3.48070770566
3045 2.05966773002 2.28648160129
3046 0.156395182923 0.156395182923
3050 8.50867993814 8.50867993814
3051 3.35532328167 4.35508694189
3052 0.549376587104 0.592256253165
3058 0.0 0.0
3062 2.31811298068 2.31811298068
3064 0.897458989341 1.31154536719
3070 0.488899837952 0.648359236157
3074 1.11745307233 1.11745307233
3075 1.0 1.0
3079 3.30456890131 3.93967407779
3092 2.21065066222 2.60590593296
3097 1.07747592416 1.07747592416
3098 0.529813870154 0.529813870154
3102 1.27371054032 1.66709670107
3107 1.58984312797 1.58984312797
3110 1.65077828507 2.30734998428
3115 3.2242651148 3.28722848844
3116 0.166668931067 0.166668931067
3118 0.924418190659 0.924418190659
3127 2.69194743787 2.69194743787
3128 0.225072117774 0.296333212301
3129 0.901635571281 1.15997282836
3138 2.2371594397 2.2371594397
3139 2.6779461276 2.97930333902
3150 1.09970213698 1.13450789696
3165 1.25180134488 1.26619475482
3169 1.83862541923 2.31413493348
3182 0.193229218164 0.193229218164
3186 1.93693983723 2.14778229845
3187 2.37477093283 3.69387173811
3188 6.54331977564 6.54331977564
3193 1.1965827272 1.1965827272
3198 0.0 0.0
3203 3.08832694635 3.08832694635
3212 3.03277186693 3.03277186693
3215 0.893324408423 1.2252731444
3219 2.96114497654 3.78899635705
3224 3.60361676709 3.6729923036
3225 2.79714470751 3.41114706046
3231 1.51179508014 1.51179508014
3242 0.732342103158 0.81605799363
3243 0.982921057237 0.982921057237
3244 2.2917116455 2.76870623023
3245 1.06624817526 1.30638593727
3247 0.0 0.0
3252 2.08170182353 2.63882829611
3269 1.0 1.0
3276 1.0 1.0
3277 2.30947510175 2.30947510175
3278 2.45606778391 2.95725217018
3284 2.21002850266 3.0985961746
3286 0.100723888314 0.100723888314
3287 1.0 1.0
3290 0.550440250789 0.550440250789
3293 0.172675221841 0.172675221841
3294 1.93886604435 2.0555652948
3296 1.26033837426 1.26033837426
3297 2.0 2.0
3298 0.661707242586 0.661707242586
3300 4.27757837958 4.53391094755
3321 1.12354162238 1.57592021021
3323 1.69859279452 1.69859279452
3328 1.71455567257 1.71455567257
3332 3.0 3.0
3341 1.3887259153 1.58683804792
3345 1.14838488365 1.2754755419
3347 0.722273680917 0.773828907742
3351 1.69571731921 1.90937624147
3352 0.404058247935 0.417462815623
3353 0.215560153016 0.215560153016
3366 0.662043395601 0.662043395601
3368 1.67700140345 1.67700140345
3374 1.0 1.0
3381 0.389990775243 0.389990775243
3385 2.74222158842 3.54946090977
3389 1.64096404741 1.64992142601
3395 1.84224370641 2.36607684851
3398 7.21849329382 7.21849329382
3399 1.63342493006 1.63342493006
3408 0.687670801285 0.687670801285
3409 2.54016014191 2.54016014191
3410 2.4929365083 2.4929365083
3412 3.26537018119 4.01527906891
3413 0.494439895747 0.596312829999
3418 3.39892728155 3.39892728155
3421 0.0054544462828 0.0054544462828
3423 2.49269071559 3.19575697053
3426 1.45352369406 1.66977830225
3429 3.01003607343 3.7195571711
3431 1.86575072409 1.86575072409
3440 2.98811032762 4.69156123021
3450 0.723424110731 0.723424110731
3452 0.851008810358 1.25563023555
3457 0.78855244192 0.78855244192
3464 1.0 1.0
3468 1.52209182318 1.60914368222
3478 1.81748335719 2.06165962216
3481 0.103228559267 0.103228559267
3486 2.33005766573 2.33005766573
3487 4.46967208955 4.89380144122
3488 5.49784678118 6.88612431709
3495 0.00230937548713 0.00230937548713
3499 2.0 2.0
3502 1.62558967039 2.46163703716
3510 0.412881327227 0.412881327227
3514 10.6699745634 10.6699745634
3516 1.87245342281 2.83039238545
3517 1.67071835994 1.79872217692
3522 8.20434181042 8.20434181042
3523 2.05578259091 2.68078498863
3545 1.6073149337 1.93500626492
3554 0.668064261406 0.668064261406
3565 1.0 1.0
3571 0.243998427304 0.243998427304
3573 2.61372906508 2.61372906508
3578 0.83300973168 0.83300973168
3580 2.05815464035 2.2339224255
3583 1.79390927176 1.94419148041
3587 2.04379384453 2.04379384453
3592 5.04671202577 5.11279585731
3594 5.64209888695 5.65343904689
3595 1.93689455398 2.79175212152
3597 0.204983971191 0.204983971191
3604 1.2994750882 1.2994750882
3607 2.10398447904 2.46133035359
3608 2.50716422885 2.92530622041
3614 3.36911388412 3.4472879574
3615 1.0 1.0
3619 0.231286623298 0.231286623298
3632 1.50463097547 1.81804758028
3636 1.46888084687 2.04567775235
3657 1.90685236819 1.91608940809
3661 0.807454700499 1.09849679741
3679 2.6942549397 2.6942549397
3683 0.255070572249 0.255070572249
3709 5.39414424515 5.46352790894
3719 2.07234330823 3.40358708941
3721 8.0 8.0
3722 0.946599946885 0.946599946885
3728 4.5 6.36396103068
3729 1.74374388038 1.74374388038
3730 2.86759863903 2.86759863903
3733 1.49861388334 1.49861388334
3735 1.23554282639 1.23554282639
3736 2.63545303668 3.05484560184
3738 0.75039472067 0.75039472067
3743 3.0 3.0
3748 12.0 12.0
3750 4.0 4.0
3755 3.38556956739 4.56103541492
3758 1.77357536122 2.03053251149
3760 2.25767755689 2.25767755689
3783 0.226534839348 0.226534839348
3802 0.777863847282 0.778680055941
3810 2.25773181384 2.25773181384
3814 0.42738899017 0.42738899017
3828 3.81558538449 3.81558538449
3831 2.07062481288 2.55624886704
3832 0.345181124636 0.345181124636
3840 2.1505759429 2.59146085143
3843 1.3605359283 1.3605359283
3849 2.0 2.0
3852 1.96822062496 1.96822062496
3857 1.21738409793 1.2967433048
3864 9.12457824304 9.12457824304
3868 2.16787717377 2.24747727669
3874 1.15621292371 1.6351319977
3876 4.64001502953 4.64001502953
3878 3.49401720663 3.91428793333
3879 1.48574258118 1.76455686087
3882 3.85792521514 5.05996984869
3889 1.08321239284 1.56718423933
3895 1.68732607376 2.00772615689
3902 3.11452053777 3.11452053777
3912 0.882733483108 0.898176638623
3913 2.26239987093 3.25028291514
3918 1.0 1.0
3924 3.33501912041 3.33501912041
3927 1.76208943394 2.44998107151
3936 1.9595869103 2.58703204317
3953 1.79182458563 2.1354105587
3961 1.81756138961 2.20899787945
3983 2.00712803958 2.00712803958
3985 0.760998497123 0.760998497123
3993 1.21001214778 1.32191355073
3994 0.583693492224 0.621448365556
3995 0.914733989456 0.939303245667
4004 1.46684117528 1.94904387272
4023 3.10189135637 3.73472597446
4046 1.26941201461 1.2750835419
4048 8.14117394941 8.24157393905
4050 4.37008731252 4.37008731252
4053 1.66237840072 1.66237840072
4054 0.560126675073 0.560126675073
4064 1.13790034728 1.63628315541
4070 3.22429433279 4.10909731805
4075 0.87584577928 1.11923154566
4082 1.35188852264 2.49115173249
4091 2.41516665369 3.12317369354
4093 6.34089889831 7.17545095946
4105 1.97319236701 1.97319236701
4106 1.93925592802 1.9932878452
4113 1.87640266809 2.56580886711
4130 0.0 0.0
4144 1.0 1.0
4159 0.713769108303 0.713769108303
4161 0.0 0.0
4162 0.533860598982 0.533860598982
4172 0.718963852695 0.893752165947
4175 0.470790879882 0.470790879882
4179 1.24555834197 1.29748309361
4182 0.442927586522 0.442927586522
4186 0.245509250943 0.245509250943
4192 0.0 0.0
4193 3.6075067785 3.65657696947
4195 2.16006434333 2.44582663709
4207 0.36718398805 0.430350135556
4210 1.27964498834 1.35690216659
4212 2.27176864381 2.9057654449
4219 0.136545831453 0.193104966726
4221 2.31291450529 2.44211918224
4227 7.60340433122 8.2683028369
4240 1.34522693992 1.72926582792
4247 0.5 0.707106781187
4252 0.984840318016 0.984840318016
4253 1.28628389939 1.76882829811
4260 2.50147173063 3.37928073325
4271 2.45104134921 3.19557529521
4274 1.18797325338 1.18797325338
4282 2.33333333333 3.0
4286 2.41282332452 2.41282332452
4296 0.957264643684 1.18443310278
4297 0.0 0.0
4298 12.0 12.0
4301 0.0 0.0
4308 1.27668951422 1.27668951422
4315 2.16360957114 2.78326610536
4317 0.00941154325781 0.00941154325781
4341 1.07686887034 1.08937509196
4349 5.0 5.38516480713
4357 2.85585548236 2.85585548236
4362 3.02267005864 3.02267005864
4363 5.90902956579 6.20975235356
4367 2.33333333333 3.0
4377 2.0 2.0
4382 2.17235009973 2.73428922519
4388 2.44555863114 2.68530995261
4395 1.13501885655 1.3518960551
4399 0.251502361517 0.251502361517
4415 0.318461881649 0.318461881649
4416 11.0060288487 11.0060288487
4417 5.42037190589 5.42037190589
4418 1.26959526863 1.46470584683
4420 2.38001285267 2.51386197377
4423 2.20215815989 3.26827072009
4426 1.93132780513 2.12416212709
4431 0.575810738969 0.575810738969
4433 0.920830863085 0.920830863085
4437 3.71798608727 3.71798608727
4442 3.61761467919 3.94583241083
4444 0.985347677148 1.3636195548
4447 6.27969672199 6.88315517575
4456 0.772849282538 1.02548379731
4459 1.66173024937 1.66173024937
4461 0.435546022315 0.593006691389
4462 2.7332159222 2.7332159222
4474 1.16940729512 1.16940729512
4475 2.62481719116 2.62481719116
4479 2.06161863347 2.06161863347
4490 2.75476974944 2.75476974944
4492 1.3349513974 1.3349513974
4498 1.30544436425 1.3980517499
4501 1.11423128957 1.57576100132
4508 0.428995988639 0.428995988639
4510 1.25052808571 1.25052808571
4514 1.0 1.0
4523 1.46930014042 2.15444406439
4524 1.75522987839 2.15120079654
4525 1.06029872476 1.06029872476
4526 3.0 3.0
4531 2.40656014964 2.73729344732
4534 1.23740119888 1.25996867271
4538 1.47221107192 1.84118735241
4543 8.42048799609 8.53946158955
4546 5.18123979795 5.18123979795
4550 0.92253100621 1.06128758583
4553 2.12848801661 2.65674838109
4558 1.50243432367 1.50262520486
4565 0.272018104441 0.272018104441
4569 0.816961580347 0.824554814605
4570 2.30302990368 2.95768395441
4576 2.95435779341 2.95435779341
4582 2.30048060251 3.40145758764
4583 7.57056404485 7.57056404485
4592 2.43319786572 2.49834275334
4593 2.71133928061 3.34286973394
4595 1.42728819139 1.47026405036
4602 1.78921642318 2.48049149929
4606 2.13911910746 2.39082234788
4610 1.0 1.0
4613 1.0559627792 1.44294163153
4616 7.05527414722 7.92851312953
4619 0.781436634233 1.01246328832
4623 2.00994453161 2.00994453161
4624 2.39904013392 2.39904013392
4629 1.10427022024 1.32174411569
4636 1.80686207193 1.80686207193
4637 1.08878551548 1.08878551548
4638 1.0 1.0
4644 1.00035967626 1.00035967626
4645 1.02119203803 1.04127984387
4651 1.38054453261 1.38054453261
4656 8.62261980079 8.62261980079
4660 3.05619177834 3.39310880281
4665 5.15441227051 5.69763985346
4673 4.2735694206 4.2735694206
4675 3.31910449969 3.69540637609
4688 3.11792673874 3.71192397117
4698 0.248262949865 0.248262949865
4703 1.70317475409 1.7337573232
4709 2.78784242097 3.8063592945
4730 3.4953705847 3.4953705847
4740 2.47909467278 2.5050002423
4744 1.21200635605 1.21200635605
4747 0.502923862617 0.502923862617
4748 2.19388744888 2.74805657722
4749 2.18813130203 2.18813130203
4760 1.01374954356 1.14931068607
4774 3.92648886497 4.98635994528
4781 2.6073921555 4.25214379582
4782 1.52693557348 1.52693557348
4790 1.11290142873 1.18355832622
4801 0.463526006083 0.463526006083
4802 0.763557753633 1.36701558037
4805 1.0 1.0
4806 2.41464193209 2.41464193209
4807 1.44966279082 1.56317497786
4810 1.34622634022 1.34622634022
4812 1.19640248155 1.21241611365
4813 0.767456720508 0.801914081863
4819 0.972115735178 0.972515570469
4820 3.48633556428 3.79355465954
4821 2.49352305962 2.91467529358
4827 3.37876274131 4.16443825912
4828 1.57504877126 2.12397378424
4851 3.49135593529 3.49135593529
4855 0.4373781629 0.44414936215
4861 6.9713168896 7.72974410246
4863 0.682997934834 0.905117879258
4871 8.48285199389 8.58052442439
4881 4.0 4.0
4885 0.227524459415 0.227524459415
4894 2.92166555949 3.98772420606
4900 1.1192758742 1.1192758742
4910 4.2547363683 5.63320739465
4916 0.913783671491 0.913783671491
4920 1.70120854002 1.9451282458
4929 8.27529611333 8.71232099003
4948 1.02883506344 1.02883506344
4956 0.86586998443 1.07356810261
4960 3.0766117257 3.0766117257
4964 1.97848333379 2.70830982291
4966 2.40586272416 2.47813933225
4967 1.89441512383 2.49037549062
4971 0.955147485621 0.955147485621
4983 2.10583495643 2.70268860995
4988 0.593058558063 0.593058558063
4993 2.89778519951 2.89778519951
4999 2.0 2.0
5003 1.57651660329 1.73002391776
5009 0.59413438206 0.59413438206
5026 1.11685178016 1.35480874454
5036 0.18916662704 0.18916662704
5045 8.08352540083 8.08352540083
5047 1.53246676584 1.53246676584
5062 1.93532445565 1.93532445565
5065 2.2515596618 2.2993703341
5066 0.829925192996 1.01264181915
5067 2.67286746285 2.70457203345
5069 4.42774764817 5.62180764688
5077 0.55456389615 0.695198312476
5078 2.75054264886 3.02103103849
5085 2.55479758728 2.55479758728
5086 1.56452666398 2.16128882982
5096 5.61545840168 5.61545840168
5099 1.81020239772 1.97321500075
5103 5.0 5.0
5113 1.91171151434 2.01827162132
5119 1.0 1.0
5121 1.83519916837 2.21621991356
5124 5.00807289478 5.00807289478
5127 3.01563053979 3.17222489535
5131 4.7538283926 4.7538283926
5132 4.24166878131 4.76518511328
5150 2.50617264899 2.50617264899
5151 1.52060131349 1.87788208324
5154 1.2844185964 1.2844185964
5157 3.8403963717 3.8403963717
5159 1.04032411046 1.04032411046
5167 1.3204888585 1.54754723345
5182 3.0 3.0
5183 1.47125165756 1.83056251964
5191 4.17559797876 5.10128028232
5202 1.10258667753 1.53822164455
5204 1.74317119446 1.79177542559
5210 0.0 0.0
5211 3.89855310488 4.50463688923
5217 2.57833153705 2.9630063656
5219 1.26076482719 1.26076482719
5223 2.80354451415 3.69339309052
5224 3.0 3.0
5228 1.52647388486 2.99074566672
5229 1.35679179185 1.98604371634
5233 2.32861953946 2.32861953946
5246 1.95808041204 1.95808041204
5250 1.0 1.0
5251 2.60023619335 3.49106614686
5254 5.70597394567 5.70597394567
5256 0.0 0.0
5271 4.36234884487 4.36234884487
5272 1.39723689196 2.11908859879
5280 1.83413871175 2.09556942807
5289 0.479544306818 0.479544306818
5291 1.5257441708 1.84877905814
5293 1.72287026461 1.72287026461
5294 2.38583024655 2.75103957348
5295 5.81913344598 5.81913344598
5300 4.27985232239 6.05262519928
5310 3.49753882205 3.49753882205
5311 1.68277837337 2.30345334156
5320 2.0 2.0
5321 0.877242079174 0.877242079174
5322 2.444699891 2.444699891
5325 8.21902431705 8.8977999447
5326 0.0 0.0
5336 1.8477393156 1.8477393156
5344 1.91385332222 2.06055849447
5356 0.632713429586 0.632713429586
5361 2.23857715182 2.23857715182
5363 4.30060723454 5.34538834557
5367 0.0 0.0
5368 0.31993392804 0.452454900098
5371 4.72955011664 5.93500787952
5372 7.28625564087 7.28625564087
5374 1.08575207476 1.08575207476
5381 8.0 8.0
5382 0.0 0.0
5387 1.36835617356 1.36835617356
5404 0.715840904944 0.841438058146
5414 2.17014062644 2.52919319895
5421 0.88029578261 0.989744151835
5423 1.97523358191 2.42481518545
5424 3.59255109643 3.59255109643
5446 2.57096917795 3.14846344585
5456 2.82200845816 2.82761608549
5459 2.0 2.0
5462 3.50360854503 3.50360854503
5463 8.0 8.0
5475 2.44566534364 2.44566534364
5477 2.77398108327 4.11070611553
5478 0.735126041082 0.879787732503
5479 1.7763568394e-15 1.7763568394e-15
5481 3.93017978705 3.93017978705
5482 1.36305145348 1.81898053448
5484 3.04505879559 4.05955972048
5488 0.985907708189 1.21908429812
5492 3.08431369134 4.20450533533
5493 1.79305401887 1.81999457767
5496 0.941460176771 1.37450897476
5499 0.0877803380971 0.0877803380971
5506 2.36534420757 2.87523090899
5507 2.64520662748 3.15915327164
5509 3.0 3.0
5512 1.17170555371 1.43077673088
5515 1.85111851678 2.26998077646
5518 2.96717939869 3.00857018526
5519 3.0 3.0
5521 1.0 1.0
5523 1.64194967935 1.64194967935
5545 0.835019159025 1.18089541953
5546 3.04180125404 3.04180125404
5554 2.22739666363 2.97982716519
5562 1.25450204115 1.46294609013
5565 0.797052580713 0.922972750336
5573 3.3221051118 4.57001642359
5575 0.195275068616 0.195275068616
5578 0.414547258574 0.478378729634
5581 0.0 0.0
5584 0.878142881442 1.16514969182
5600 3.0 3.0
5608 3.97642838112 3.97642838112
5613 4.0 4.0
5617 7.87004405286 7.87004405286
5633 10.0859723002 10.0859723002
5642 2.0 2.2360679775
5646 0.0779003594604 0.0779003594604
5649 2.3200135713 3.0985920052
5652 1.89447548887 1.89447548887
5655 1.33467941443 1.33467941443
5659 2.90691162252 3.69169264181
5662 1.27947897929 1.64340226722
5669 1.14895343886 1.15856857009
5674 1.45378105823 1.79739076302
5683 0.821015843245 1.18524442132
5685 2.41056470708 2.41056470708
5687 4.99707764197 5.58616588749
5692 3.63920005345 3.63920005345
5700 2.38074277674 2.46069949422
5702 9.0 9.0
5707 1.45078589677 1.97664216672
5720 3.60255533715 3.60255533715
5721 2.79708475833 4.42250663871
5723 0.417064231778 0.417064231778
5724 2.485514762 2.79797652161
5725 3.0 3.0
5729 3.22691021185 4.18969798903
5736 1.56725518134 1.56725518134
5737 2.53727091552 2.60196032126
5740 6.86256071537 6.86256071537
5745 1.0 1.0
5749 0.817699472892 0.826155169182
5763 0.16125945484 0.16125945484
5768 4.25126857307 4.25126857307
5772 4.27348369571 4.80497190072
5785 1.92844492997 2.06664268693
5786 1.61663620169 2.01774126232
5792 1.64521006265 1.64521006265
5797 3.0 3.0
5799 2.05356689766 2.26116620804
5815 0.544177972862 0.544177972862
5816 0.745531113962 0.787763324766
5826 3.4068811792 4.25394532871
5827 1.6676582211 1.6676582211
5831 2.20180805963 2.85976672449
5835 0.0 0.0
5837 1.10427730322 1.55529272375
5846 1.06921029347 1.15040330812
5849 3.84474198223 6.22328653672
5851 3.0362744736 3.1532146325
5865 0.593791861028 0.690005412606
5870 3.87618962335 3.87618962335
5891 0.759383522509 0.759383522509
5892 2.40089871772 2.40089871772
5896 1.17233469123 1.48007442291
5897 1.9014617456 3.21216171134
5898 0.329525821095 0.329525821095
5911 5.34622795885 6.35673556819
5915 1.0 1.0
5931 2.19842296596 2.95932689229
5933 2.03762775739 2.90910804116
5934 4.32040227854 4.51766953479
5936 1.19637916827 1.24086123526
5937 10.2833527162 10.2833527162
5941 0.802538284903 1.01249927808
5945 1.7585455151 1.7585455151
5948 2.44400130317 2.94404876147
5956 6.99302757599 8.08389298819
5957 0.753130078996 1.06508677195
5963 0.0 0.0
5964 1.0 1.0
5968 3.84143509198 3.84143509198
5969 2.02833701406 2.1118105082
5974 0.963999308751 1.22016344851
5976 6.12512642983 6.12512642983
5992 8.4236577456 8.51667453442
6004 1.06463750504 1.06463750504
6006 2.72202298871 3.21481508625
6013 1.67971174599 1.67971174599
6018 0.811629124137 0.811629124137
6022 0.989907106053 0.989907106053
6026 1.06344823634 1.41705728797
6038 2.08006023851 2.08006023851
6040 3.85476594997 3.85476594997
6041 0.85886224366 1.08717871428
6043 1.21333590023 1.62851092571
6045 2.13447700287 2.14714793824
6053 2.0 2.0
6055 0.833231138387 0.833231138387
6061 0.867984451878 0.87796646499
6063 0.665629962943 0.665629962943
6065 4.07881463787 5.65795223507
6071 4.15265591469 4.15265591469
6077 0.880451053143 0.880451053143
6083 5.0 5.0
6091 7.6608918092 8.17572491716
6099 1.03364604127 1.25790682006
6103 1.75849928943 1.75849928943
6107 5.56489427251 5.85622802848
6115 0.235182421564 0.235182421564
6117 1.0 1.0
6120 3.02672077142 5.09915857108
6124 5.97140873961 5.97140873961
6148 2.2232426141 2.67929307955
6150 1.57098757877 1.85259507586
6154 0.566743977569 0.566743977569
6168 1.51532130371 1.55486102796
6182 2.0 2.0
6183 0.500993996263 0.646269005148
6194 5.57747119506 6.47349531119
6198 8.9650764825 8.9650764825
6201 1.30974663063 1.30974663063
6202 4.05391938551 5.88663093815
6215 0.0 0.0
6228 1.89104471652 1.89104471652
6234 1.0 1.0
6240 2.43573170431 3.28015982424
6269 2.58552711349 2.84780219921
6276 0.0 0.0
6277 1.42762672419 1.42762672419
6280 2.59724764872 2.59869019545
6282 1.8645454572 2.49594177383
6283 1.31993798775 1.45234952416
6285 2.38786021445 2.38786021445
6287 1.09379842357 1.24535767175
6290 2.51122964222 2.58669290339
6297 2.81024012037 3.34281600265
6299 2.74481861296 3.33392160533
6303 0.818065245975 1.15691896576
6325 1.05024591055 1.0912594397
6328 1.19174325536 2.30695459914
6343 1.89539136233 2.1171360364
6346 2.61194193208 2.61194193208
6349 1.68791416013 1.68791416013
6372 6.96150964369 6.96150964369
6375 0.582969824456 0.582969824456
6377 2.23811272356 2.73080291247
6378 5.51259074679 6.79106365778
6379 0.233892687503 0.233892687503
6384 1.92610403939 2.61092729164
6386 0.519455619998 0.838069460039
6397 2.02089505459 2.02089505459
6400 4.05126371626 5.72935209229
6403 2.55973908551 2.55973908551
6404 0.919810706892 0.995274337325
6410 1.0 1.0
6411 5.35993359008 5.81122034182
6415 1.12691531354 1.4487592961
6418 1.19217563353 1.30668227776
6419 2.35090310265 2.43547090349
6421 1.45223601119 1.45223601119
6431 8.13511647588 8.13511647588
6435 6.81781184752 6.81781184752
6440 0.286048336868 0.286048336868
6444 1.34842430799 2.07092959263
6450 2.18661694726 2.74699276528
6454 2.56060371607 3.58964116465
6455 0.927498394658 1.19422315125
6456 1.59522430606 2.05792953411
6458 4.12610697836 5.01139423664
6463 0.721346989735 0.866957248035
6470 1.6982063637 2.50586953419
6476 11.7532749662 11.7532749662
6484 1.22828527123 1.53870472598
6488 2.85074566892 2.85074566892
6497 1.50183199862 1.50183199862
6517 1.63061083858 2.01607549106
6521 4.02368540993 4.49623297744
6526 0.470358655723 0.470358655723
6530 3.62532698999 3.72154606515
6533 1.31130278438 1.62842271042
6538 1.99187105865 2.47893279505
6549 1.59890795109 2.36082859304
6560 0.363421128198 0.392274261949
6562 1.64331472778 2.27476163743
6564 6.01561709768 6.01561709768
6574 0.695647410294 0.94892414682
6583 0.249440791029 0.249440791029
6591 0.0 0.0
6595 2.20854678353 2.63591302845
6614 1.84571038969 1.84571038969
6615 1.32580248997 1.32580248997
6619 0.0 0.0
6631 2.32077082733 3.39190458157
6640 2.06896985879 2.06976926143
6644 2.66448004551 3.97005708819
6651 2.15268852645 2.65878825012
6655 1.0 1.0
6657 4.26310328332 4.26310328332
6680 1.29661753712 1.29661753712
6689 7.62998377343 7.62998377343
6696 2.0 2.0
6697 1.04747015308 1.25711770853
6703 2.66134210821 2.66134210821
6704 1.89916335752 1.89916335752
6716 2.35226042576 3.27377290013
6732 1.73193718409 1.73193718409
6736 2.80068001794 3.3595384839
6737 1.93939351157 2.81405691552
6738 0.989128322351 0.989128322351
6740 2.91402903184 3.1440343568
6748 1.75796498136 2.43716734723
6755 8.0 8.0
6766 2.68972138058 4.07277025758
6770 9.68870743784 9.68870743784
6775 1.77304250948 1.77304250948
6779 2.28429624489 2.42565847675
6780 5.87125989409 5.87125989409
6800 1.60158324361 2.23806846119
6809 3.12185288057 3.12185288057
6814 4.0 4.0
6816 3.56833577386 3.56833577386
6823 1.5539433524 2.05459103071
6824 2.0 2.0
6826 2.0 2.0
6829 0.476101797801 0.598345576254
6830 1.71876712039 1.9423181995
6833 0.485915988874 0.485915988874
6838 5.31518243293 5.31518243293
6839 2.3238789415 3.04417203854
6844 2.18786667982 2.19591768927
6854 2.47734853753 3.17746686047
6863 1.44008654092 1.64026284917
6872 1.62530508886 2.23229144475
6878 3.83860416543 4.49446975077
6883 1.96352388329 2.46789824442
6887 1.07308071448 1.07308071448
6889 1.53488912999 1.53488912999
6895 1.06907050693 1.56547323734
6902 4.40816197023 5.85188600224
6917 6.18434213337 6.18708894754
6921 1.31371163342 1.55629598971
6940 2.11854088 2.26719169773
6941 8.0 8.0
6948 1.52038050702 1.52038050702
6955 0.786652895023 0.883076128828
6968 1.512482789 1.58645246633
6971 1.46416854646 2.02954577285
6975 1.33055261679 1.8166982686
6980 1.70062516906 1.98992579888
6983 1.0 1.0
6993 0.947429222631 0.947429222631
7001 1.55159470351 2.20716316486
7005 0.660317762646 0.660317762646
7006 1.31980964706 1.58022230418
7011 1.67460283504 1.67460283504
7012 1.55822017748 1.72745582848
7013 3.10772906755 3.10772906755
7030 1.24038532455 1.24052819802
7043 0.853768281736 1.10597493742
7045 3.77787788074 3.77787788074
7052 5.88719995696 7.24380965128
7060 0.988119310678 1.11390322482
7063 0.636290669746 0.899850894766
7074 0.38104550128 0.38104550128
7079 2.05206559381 2.82938538416
7080 3.9417064023 4.77807919166
7081 1.06440192019 1.4171433289
7088 1.58053106551 1.58053106551
7094 1.44148269041 1.82943011974
7095 1.86886051081 1.86886051081
7099 3.94595395366 4.44855681822
7109 0.525633261722 0.695450157876
7112 1.88265083798 1.88265083798
7113 2.92689223765 3.29066317138
7119 1.17573227916 1.95781567261
7121 1.08915745985 1.32862999438
7123 0.0254700892561 0.0254700892561
7125 0.728639102905 1.09339481575
7127 7.12962362854 7.12962362854
7129 0.865492796781 1.20496009203
7130 0.815973383523 0.865565825095
7134 1.59780866787 1.61728393057
7135 1.21673170301 1.50998450328
7137 0.395253451047 0.395253451047
7142 2.35822001215 2.98653997028
7158 0.740843324852 0.740843324852
7159 1.33872070933 1.61263930123
7163 2.62042006822 2.87202688507
7164 1.40983230333 1.40983230333
7166 0.968388777987 1.09046627335
7168 1.98010936496 2.21242196069
7171 4.57275931707 5.76223777281
7173 0.0 0.0
7176 5.2540803804 7.12026660946
7177 1.04890011335 1.04890011335
7178 1.00703722397 1.26868989854
7181 1.10204948057 1.10204948057
7203 0.696607782898 0.759808686837
7215 2.53759777804 3.05597462993
7222 3.21008897139 3.21008897139
7226 2.73786172929 3.01477691764
7234 4.76704971602 4.76704971602
7251 0.357123764697 0.50504927148
7262 0.499302264642 0.597258066876
7263 0.670720004999 0.670720004999
7272 10.326884308 10.326884308
7275 3.62928410425 3.62928410425
7278 3.12369114516 3.12369114516
7290 3.26049440121 4.27701136653
7293 1.7537026422 2.08711741798
7294 5.0 5.0
7297 0.0 0.0
7304 1.14895661653 1.46868286684
7310 1.70981036986 1.8321778231
7313 0.99636376859 0.99636376859
7320 2.51136371708 2.53402353203
7326 0.591577376746 0.591577376746
7328 1.77743892353 2.40902207847
7334 11.6473477407 11.6473477407
7335 2.22787106573 2.22787106573
7339 1.48709325687 1.86695059765
7342 6.7117495776 6.7117495776
7345 8.0 8.0
7351 4.18373018748 5.90649290622
7355 5.51803470618 5.51803470618
7356 5.13780689557 6.28468843013
7357 7.0 7.0
7382 1.3910735736 1.50523340053
7384 1.0 1.0
7385 5.0 5.0
7387 1.6344406945 2.03934905218
7389 4.4275994852 5.40854482966
7398 6.48248444831 6.48248444831
7407 1.55359667636 1.55359667636
7411 3.7818055827 3.7818055827
7413 0.361008997154 0.361008997154
7414 1.74573494152 1.74573494152
7420 5.02362732294 7.05427889367
7431 3.30536348859 3.96886168009
7436 3.27022780451 3.75760814798
7437 2.68179982587 3.93625080049
7438 0.0 0.0
7442 2.57149305714 2.87614899718
7444 0.0 0.0
7446 0.463264994172 0.463264994172
7450 2.11831909835 2.11831909835
7453 1.3988714839 1.89393880031
7459 0.315673873934 0.315673873934
7465 0.859624691014 1.13814198825
7466 1.17847781816 1.45845283203
7474 2.42728754837 2.73469035139
7478 4.0 4.0
7484 1.88564740915 1.88564740915
7491 3.53002353845 3.53002353845
7493 2.68742276648 3.55219404038
7494 4.0 4.0
7497 2.09125128322 2.09125128322
7498 2.0 2.0
7504 1.0 1.0
7513 0.730554583933 0.958514242336
7515 1.69199655059 1.69199655059
7518 0.742923704839 1.04223805686
7525 1.00256713486 1.00256713486
7538 0.449174979906 0.449174979906
7543 1.28386584802 1.28386584802
7547 7.35708591285 7.38512367212
7553 3.26288714307 3.77672562463
7557 1.96710878148 1.96710878148
7561 2.97570676973 2.97570676973
7562 6.42876356321 6.42876356321
7564 1.49468482131 1.57779154037
7568 2.6285734591 2.81343535585
7574 3.57549125624 3.68873592391
7578 1.72292853597 1.72292853597
7580 1.19820769636 1.19820769636
7585 1.48612683403 1.48612683403
7587 0.518986540652 0.518986540652
7591 0.647983195117 0.869741523965
7594 1.63088208982 1.63088208982
7595 0.498777536002 0.498777536002
7600 2.31583905648 3.19764927042
7607 3.0 3.0
7608 1.23545009026 1.57321268221
7611 8.52874268368 8.52874268368
7621 0.91709290687 0.91709290687
7632 1.34465644469 1.62784287814
7638 6.0 6.0
2.15532056036 3.06781933391