5 1.18528610354 1.18528610354
6 0.502473326735 0.64545932332
9 1.65732511962 1.86228880432
14 1.0 1.0
15 1.84765369658 2.59186742617
19 3.0 3.0
22 3.75156758064 4.84599416081
24 6.49897435897 6.49897435897
25 1.36933978718 1.39406810115
35 0.868905378126 1.11694839044
55 0.5 0.707106781187
57 5.0 5.0
58 1.0 1.0
66 3.0 3.0
68 2.43739753862 3.42454565493
69 1.32686966728 1.6114319559
76 1.59936394347 2.09368725319
81 1.6012884753 1.6012884753
83 4.24398871639 4.77726824323
85 1.0 1.0
89 7.95362318841 7.95362318841
95 0.0382513661202 0.0382513661202
97 3.26995142262 3.26995142262
122 4.28701904509 4.55526774017
126 9.12858312858 9.12858312858
134 1.08279982928 1.2989357574
136 2.97499415505 3.06236467529
151 7.06843267108 7.06843267108
156 3.44927536232 3.74137669861
161 3.29109007408 3.97264606716
164 1.65765352887 2.1330047516
171 1.04188640047 1.40344318335
172 3.85925974965 4.22687727544
186 2.49145204175 2.49153766365
189 3.88107582631 4.59249773955
196 3.2676056338 4.62109220381
205 2.0 2.0
234 0.428493000274 0.428493000274
243 2.0 2.0
259 7.08571428571 7.08571428571
274 9.29763779528 9.29763779528
276 5.55120728317 5.84054535405
291 0.983014289566 0.983014289566
299 0.16475590181 0.1647749623
304 3.31355932203 3.31355932203
308 2.0 2.0
316 3.7373169494 4.20755431888
323 4.38381330685 4.38381330685
326 3.0 3.0
328 7.0 7.0
331 1.77944862155 2.89335318297
334 0.0 0.0
342 6.5 6.5192024052
343 3.3093712125 4.43668897844
346 4.0 4.0
347 7.0 7.0
348 1.66656059515 2.00914069879
362 0.5 0.707106781187
365 1.8440284418 2.26783449727
369 1.03083760655 1.43366751795
370 4.07854864434 4.07854864434
376 3.0 3.0
380 4.24125947008 5.04282751059
381 0.0143555284056 0.0143555284056
384 0.543924962606 0.71124024654
393 0.550660792952 0.550660792952
405 3.0 3.0
410 1.1280653951 1.13531153479
420 3.7295037585 4.7169978064
427 1.39992902768 1.45593423949
431 5.759514792 6.85076312567
433 3.47447734855 3.93038041265
445 1.62673346455 1.72547082435
452 1.51044038869 1.56147516436
475 4.33780332056 4.33780332056
476 2.7845040929 3.65718338485
480 5.0 5.0
485 2.38942140301 3.33835494463
489 3.0 3.0
493 4.05394768856 4.84106089227
502 4.05333333333 4.05333333333
509 0.744482082737 0.905835733342
515 1.0 1.0
517 2.8380189738 3.61481215422
520 3.31569672466 3.78591875784
523 0.651467186168 0.92131373012
524 2.87463343109 2.87463343109
531 3.49723683652 4.6922532518
532 1.02093813288 1.02115281745
538 0.629089079014 0.730293078593
544 2.31072299771 3.09427220722
545 3.0 3.0
550 2.36249108628 2.36249108628
555 1.79611273588 2.89487461472
564 1.0 1.0
566 1.58696837514 1.63983650003
569 1.13777917584 1.13777917584
575 0.0 0.0
579 4.67019813266 5.22603354525
590 1.0 1.41421356237
591 0.0 0.0
594 1.62392730944 1.62392730944
599 1.72893232528 1.72893232528
611 1.57185185185 1.95833416513
617 2.28640703137 2.28640703137
621 1.01625135428 1.01625135428
625 2.32616487455 2.32616487455
626 9.66178900165 9.66178900165
638 9.0 9.0
643 10.0045696877 10.0045696877
649 0.763170688795 1.02783317299
650 4.0 4.0
652 4.60802469136 4.60802469136
659 2.27349828994 2.72047227495
676 1.65242542366 2.15494658155
683 3.5 3.53553390593
684 0.728243605334 0.798322067642
687 0.280180307086 0.280180307086
689 2.26216674655 2.35056183305
691 6.0 6.0
712 12.0 12.0
714 0.334285714286 0.47275139085
723 6.58333333333 6.58333333333
725 2.64749883123 3.15030647334
745 3.09481695514 3.22897921111
764 1.50987770461 1.50987770461
767 0.726090604027 0.726090604027
777 1.02463263012 1.31430107778
779 2.0 2.0
783 1.50487012987 1.50487012987
785 1.87904967603 1.87904967603
795 9.0 9.0
806 0.935461956522 0.935461956522
809 0.00736377025037 0.00736377025037
810 2.06037206426 2.60321295395
814 4.0 4.0
817 3.0702536256 3.83700927902
831 1.99209486166 1.99209486166
845 1.0 1.0
848 2.20469746461 2.20469746461
853 6.53043205841 6.91626878193
860 5.33810888252 5.33810888252
878 1.23463687151 1.23463687151
881 1.0 1.41421356237
886 1.98106712565 1.98106712565
888 1.74559946862 1.74559946862
924 0.771582733276 1.16437318864
928 2.52197054402 3.20711690201
936 1.58525688757 1.58525688757
950 2.08577061574 2.88710406834
954 2.90583657588 2.90583657588
961 3.18843558929 3.40271959717
963 0.314095449501 0.314095449501
978 0.792358162871 0.792358162871
986 1.22964073693 1.70882244599
988 1.4901793339 1.4901793339
992 2.0 2.0
993 2.0 2.0
1005 1.0 1.0
1013 0.436920222635 0.436920222635
1023 5.49630844955 5.49630844955
1037 2.0 2.0
1040 1.11111111111 1.11111111111
1041 1.26004568998 1.75771678473
1051 2.26011692606 2.33755093631
1053 0.643071898936 0.835399015249
1056 3.74175747051 5.26698773447
1069 5.47892490994 6.26531834688
1070 1.04744864197 1.26048084711
1073 2.71568821324 2.72814498476
1074 1.62275449102 1.62275449102
1077 0.665813953488 0.665813953488
1079 3.10951463136 4.1943453497
1084 3.0 3.0
1088 8.54159669376 8.69568163945
1103 3.01325130147 3.01325130147
1129 0.973774509804 0.973774509804
1145 2.21050537207 2.21050537207
1148 8.5 9.19238815543
1154 2.26757289856 2.37581047701
1165 3.50110689544 5.07435126911
1166 2.70326615705 2.70326615705
1181 1.99605176574 1.99605176574
1193 1.29113030404 2.14104572702
1211 0.0484465508162 0.0484465508162
1212 0.00655737704918 0.00655737704918
1216 1.20393640549 1.26305620181
1219 3.01473872536 3.57350633582
1221 1.33657718121 1.33657718121
1226 0.396226415094 0.396226415094
1234 0.869465665649 1.09227525019
1239 0.768303186908 0.768303186908
1244 1.42781875659 1.42781875659
1261 0.692179700499 0.692179700499
1264 0.0 0.0
1266 3.22850539365 4.18941101605
1267 1.51873006521 1.72027243837
1269 12.0 12.0
1275 1.50088339223 1.50088339223
1283 12.0 12.0
1284 1.13001215067 1.13001215067
1285 1.21720881427 1.21720881427
1287 3.12792669546 4.00676107151
1289 1.0 1.84390889146
1292 1.95257797581 2.32683290013
1295 0.750807319699 0.750807319699
1297 2.48431827508 2.7033695633
1308 3.0 3.0
1312 1.11360123648 1.305902902
1313 0.923153403194 1.03690261083
1325 0.510309278351 0.510309278351
1330 2.82228229388 4.81689552545
1337 3.0 3.0
1345 1.50572606505 1.50572606505
1365 2.27381841464 3.05761019758
1369 1.85635568945 2.36388699818
1374 1.4701716919 1.86773407911
1384 6.99485705642 7.06525058313
1387 7.39238653001 8.30140598293
1389 1.27378538499 2.67281224431
1391 0.935813336667 1.17715885619
1413 6.72319688109 6.72319688109
1422 1.61006289308 1.61006289308
1424 2.61923939574 3.36617071365
1426 9.26189093925 9.41407019031
1434 1.34804968257 1.77549909051
1437 0.621064775738 0.654710235332
1438 4.61300458639 5.1547344055
1453 1.0 1.0
1455 5.32870473228 6.86533165864
1458 1.43836931904 1.73010410576
1461 2.0330355638 2.0330355638
1479 6.53290749779 6.91749883616
1480 0.707480536577 0.852547226695
1482 0.941724941725 0.941724941725
1483 2.13384530993 2.13384530993
1496 1.08264915161 1.08264915161
1499 0.682821394687 0.959178152345
1512 2.30999384676 2.98197245176
1513 1.58091993124 2.27397366419
1518 0.1592039801 0.1592039801
1530 2.99712879409 3.53310143356
1545 1.26767328782 1.48148837872
1547 6.53324356169 6.53324356169
1569 1.0 1.0
1579 2.7214694194 2.7305408283
1585 0.515515659139 0.58854087284
1597 7.02039551704 7.02212397693
1598 1.89376727049 1.89376727049
1599 1.90652404601 2.16894114625
1602 1.89822247159 2.42711712605
1605 4.88751309347 5.27321595294
1609 0.511537158276 0.699283332444
1622 2.72766254074 3.31762678213
1627 3.0 3.0
1628 3.9284501585 4.75810650585
1629 4.07459677419 4.07459677419
1631 1.27036139643 1.71751907254
1638 6.20109190173 6.20109190173
1651 2.53283766399 2.59721313938
1653 1.26833899425 1.4356342362
1658 3.0 3.0
1662 2.62586377098 2.62586377098
1674 2.32670157068 2.67837212811
1678 0.913459295545 0.913459295545
1684 2.84059146369 3.03131859139
1687 1.49641434263 1.49641434263
1691 8.70901837703 8.74027114162
1712 7.0 7.0
1718 2.57958643507 3.1103742498
1722 1.46708363418 1.78726626181
1731 1.57870741174 1.57870741174
1732 3.03857566766 3.03857566766
1754 3.74815608901 4.67353436406
1764 8.73916849015 8.73916849015
1770 4.07979556591 4.38113290777
1778 4.85865724382 4.85865724382
1789 1.99186397475 2.20012565653
1792 2.87476700674 3.58931407274
1793 0.364864864865 0.364864864865
1797 1.17391304348 1.18672557078
1802 1.61901121193 1.97051892776
1806 2.33569131833 2.33569131833
1807 3.81848114711 3.81848114711
1809 3.77633136095 3.77633136095
1811 2.13492298578 2.13492298578
1817 3.37482517483 3.37482517483
1825 8.0 8.0
1831 6.85234899329 6.85234899329
1832 0.490014265335 0.490014265335
1833 1.67886178862 1.67886178862
1836 0.00640279394645 0.00640279394645
1837 1.0 1.0
1838 2.13327120224 2.13327120224
1847 1.5283171521 1.5283171521
1849 0.332273356287 0.347114265163
1853 2.23891778298 2.30849128825
1855 3.0 3.0
1859 6.35752369668 6.35752369668
1867 0.0571878279119 0.0571878279119
1872 0.0 0.0
1888 3.49370831199 4.13569673673
1896 1.33999661189 1.33999661189
1899 2.07137151154 2.23726584297
1901 2.25851538375 2.66048694314
1902 1.31323594503 1.60165793061
1907 0.0 0.0
1918 3.0 3.0
1921 3.56671163358 4.41551012075
1924 2.35743842365 2.35743842365
1926 2.30769230769 2.30769230769
1939 1.0 1.0
1940 3.0 3.0
1941 4.0 4.0
1946 2.16532258065 2.16532258065
1955 1.0 1.0
1957 2.81887717317 3.25067022458
1959 3.0 3.0
1962 6.57242178447 6.57242178447
1965 3.27847352615 4.01749565783
1966 3.13489499192 3.13489499192
1972 2.32786885246 2.32786885246
1984 0.894184216327 0.926031880523
1989 1.56215179468 2.12314052553
2005 1.52286654562 1.61012792669
2007 3.0 3.0
2011 0.87037806398 0.87037806398
2023 2.51459077317 3.10131701819
2033 3.7613850207 3.7613850207
2040 1.52656639163 1.98707717272
2045 0.28478880539 0.28478880539
2058 6.0 6.0
2062 3.66666666667 3.87298334621
2069 3.04606440072 4.30778558735
2092 0.962722988893 1.3614959077
2096 3.00906520213 5.07963118919
2100 4.05411925042 4.94142594814
2103 2.65396926738 3.48690196036
2108 2.85408223883 3.54431889758
2115 3.13789423791 3.2601390079
2117 2.27840909091 2.27840909091
2127 1.5 2.12132034356
2142 2.53707627119 2.53707627119
2146 3.17235438405 3.17328864113
2149 1.474393531 1.474393531
2151 0.652294626817 0.652294626817
2155 2.02674719586 2.24831608469
2183 1.48412514734 1.49203300531
2186 3.3897707231 3.3897707231
2192 4.55434782609 4.55434782609
2195 2.59299102597 3.11572027813
2202 4.10144927536 4.20856689227
2204 3.83652875883 3.83652875883
2210 2.0 2.0
2211 1.80256410256 2.28125454256
2212 1.65802675585 1.65802675585
2233 3.0 3.0
2240 6.34333070245 6.34333070245
2242 2.77713294926 3.42497393889
2245 0.793352379972 1.16154575263
2246 1.42350755638 1.42464677872
2250 1.14085914086 1.14085914086
2254 7.0 7.0
2259 3.02537583964 3.02537583964
2262 1.61156858064 2.04824376443
2272 0.789926224742 0.811175264857
2278 2.17302820948 2.52624590694
2287 0.490100859171 0.490100859171
2289 1.0 1.0
2292 0.221739130435 0.31358648557
2299 4.26689648226 4.80665690823
2319 0.613958722741 0.615148083414
2320 2.08784693887 3.02889941748
2329 1.0 1.0
2332 1.31214764717 1.38198681365
2355 2.20502696456 2.51281394054
2358 3.19276555864 3.26714812939
2364 0.0 0.0
2367 3.16168771173 3.16168771173
2378 4.01035322777 4.01035322777
2386 2.66901383434 3.41714451071
2394 4.69388858843 6.36986542789
2402 4.81365313653 4.81365313653
2404 1.11877360187 1.11877360187
2409 2.40251702251 2.46461774821
2414 1.22989214176 1.22989214176
2422 3.35033524904 3.94802412534
2428 4.36316989738 4.36316989738
2430 1.42574257426 1.42574257426
2431 1.98490979357 2.17386793446
2450 2.32951316096 3.02785761257
2451 2.0 2.0
2475 4.73555730917 5.72269477352
2477 1.69487802612 1.76271324769
2478 0.404050243213 0.568192655542
2484 2.29830855971 2.63966424984
2494 1.00055860817 1.00058798747
2496 1.0 1.0
2499 4.02275148379 4.02275148379
2505 4.20122699387 4.20122699387
2506 5.50984966358 6.8253513831
2507 6.04137199434 6.04137199434
2508 6.1832460733 6.18596080867
2527 0.0 0.0
2530 1.69891576314 1.83706233269
2537 1.32502651113 1.32502651113
2538 2.75320102766 3.03310560501
2539 0.593684837653 0.593684837653
2541 6.0 6.0
2551 3.27103784922 4.2694208534
2554 1.25 2.06155281281
2561 1.78296409277 2.26373953687
2562 1.52488950919 2.15651942501
2572 1.3815483964 1.4729513961
2580 1.0 1.0
2584 2.0 2.0
2585 1.51918976546 2.14845877013
2586 6.23951048951 7.28510621111
2587 6.26006631928 6.26006631928
2590 2.67039189391 2.67039189391
2609 1.01910828025 1.01910828025
2618 1.92092612305 2.49036521511
2627 2.27223719677 2.80281331068
2634 3.0 3.0
2636 1.5 1.58113883008
2645 1.68288288288 1.68288288288
2647 9.0 9.0
2669 1.46744322008 1.62777860471
2676 1.74796084829 1.74796084829
2679 1.94012944984 1.94012944984
2683 2.33310395207 2.68947368016
2685 1.67104363002 1.82912039722
2687 8.0 8.0
2690 1.12031037171 1.12919499421
2693 4.0 4.0
2699 2.10625192485 2.10625192485
2704 4.0 4.0
2714 0.0 0.0
2715 3.66131874173 3.81885956511
2716 9.16621376812 9.16621376812
2721 1.58796301442 1.63973166639
2733 3.97865072588 3.97865072588
2739 1.40980647859 2.18394720023
2750 2.0 2.0
2758 3.72046843177 3.72046843177
2761 3.0 3.0
2764 1.36836763189 1.6912710347
2765 2.76076275083 3.55930275247
2771 1.46165690332 1.87722301224
2772 1.04880670445 1.23368693382
2775 7.0 7.0
2777 2.69333168949 3.39264231402
2788 2.28607972714 2.28607972714
2800 2.58490566038 3.03582110834
2803 1.70035081139 2.22688325752
2805 1.0 1.0
2806 4.36432748538 4.36432748538
2838 0.756968844213 0.973437657531
2843 5.0 5.0
2846 0.986132511556 0.986132511556
2850 4.89303135889 5.01668570387
2852 3.0 3.0
2857 6.52740310448 6.91812945459
2860 2.16147614761 2.16147614761
2861 1.97966401415 1.97966401415
2863 4.32579096875 4.80372077934
2867 3.0 3.0
2877 3.0 3.0
2883 0.74263479711 0.74263479711
2890 1.0748667931 1.0800688387
2895 1.91892832289 1.91892832289
2899 1.90644964609 2.37756629909
2907 2.74820143885 2.74820143885
2913 1.42900813711 1.65189812193
2919 0.0 0.0
2928 2.36300723073 3.18778318116
2935 0.252404715412 0.252404715412
2961 2.00717350907 2.55138828571
2964 1.55303030303 1.55303030303
2966 1.98908296943 1.98908296943
2976 1.51549490984 1.80373517278
2977 1.56263448183 1.94756293925
2981 2.69958651399 2.69958651399
2987 2.66874783212 2.66874783212
3000 1.52027666628 1.96816895113
3011 0.15667650616 0.17637823401
3045 1.90153186669 2.23873459463
3046 0.510050251256 0.510050251256
3050 12.0 12.0
3051 3.53086712128 4.89586860766
3052 1.66161668569 1.66161668569
3058 4.0 4.0
3064 0.911284990082 0.915593078902
3070 0.822254542014 1.15853117289
3074 1.48558951965 1.48558951965
3075 6.0 7.81024967591
3079 1.71633131788 2.25207110794
3092 2.31624373088 2.53511265844
3097 2.7371146152 2.7371146152
3102 1.30216585609 1.56199463022
3107 5.71983020012 5.71983020012
3110 1.6168220117 2.34345899346
3115 3.74807762724 3.96765992633
3116 0.0 0.0
3118 1.62560861908 1.62560861908
3127 2.92269635127 2.92269635127
3128 0.12915851272 0.12915851272
3129 0.354646476171 0.397926700692
3138 2.45393634841 2.45393634841
3139 2.71172268668 2.75308072416
3150 1.58907993227 1.74771432175
3165 1.03941185512 1.03986759895
3169 1.80966495589 2.20689454309
3182 1.56749894202 1.56749894202
3186 2.10882938431 2.44639921091
3187 1.0324535647 1.06323915452
3188 6.54002026342 6.54002026342
3193 1.61786417323 1.61786417323
3198 0.0 0.0
3203 3.99383191981 3.99383191981
3212 2.40588637919 2.40588637919
3219 3.07571351287 3.42377941456
3224 5.23652918743 5.33544997203
3225 4.84852803738 5.95315743392
3231 0.152284263959 0.152284263959
3242 0.672170816675 0.764200163701
3243 0.769796624838 0.769796624838
3244 2.11729899628 2.50388395904
3245 1.14487796932 1.34354317769
3252 1.75444917146 2.8303888126
3277 0.808662175168 0.808662175168
3278 2.76400571463 3.51889707118
3284 1.92216531645 2.15298385195
3286 2.0 2.0
3290 1.60617319234 1.60617319234
3293 3.8347427766 3.8347427766
3294 2.50209571165 2.58023839573
3296 1.27272727273 1.27272727273
3300 3.60376311788 3.93328459618
3321 1.58010417926 2.01863469736
3323 2.0 2.0
3328 6.0 6.0
3341 0.937435780215 1.23051820558
3345 1.36744983452 1.63948187149
3347 1.42215568862 1.42215568862
3351 6.0 6.0
3352 0.0103703703704 0.0103703703704
3353 1.21015264466 1.21015264466
3366 0.520572450805 0.520572450805
3368 2.22261306533 2.22261306533
3374 1.0 1.0
3381 1.07373271889 1.07373271889
3385 3.18004881242 4.23757590481
3389 2.47090221633 2.48290550942
3395 1.97750168906 2.73859827714
3398 6.80247665449 6.80247665449
3399 1.96119133574 1.96119133574
3409 0.7853125 0.7853125
3410 3.88962472406 3.88962472406
3412 0.0 0.0
3413 1.2416708507 1.34660654521
3418 3.0 3.0
3423 2.72548024189 3.57797380348
3426 0.895249329263 0.90742314693
3429 2.59193956829 3.26599206104
3431 1.75609756098 1.75609756098
3440 3.9254222988 5.00041298146
3450 2.0 2.0
3452 1.15141668512 1.66034168075
3464 11.0 11.0
3468 1.62590013453 1.74221187743
3478 1.52735523639 1.7146605256
3481 0.351383587786 0.351383587786
3486 1.87791550047 1.87791550047
3487 5.0 5.0
3488 0.0 0.0
3495 0.0223325062035 0.0223325062035
3502 1.73185674027 2.63210120406
3510 2.0 2.0
3514 10.4788902292 10.4788902292
3516 3.77610512471 4.74044342937
3517 2.258559154 2.29158951136
3522 5.82020656221 5.82020656221
3523 1.74544833112 2.46066389934
3545 0.402695479233 0.403396235165
3565 1.0 1.0
3571 2.15590771382 2.15590771382
3573 1.97418912746 1.97418912746
3578 1.92631578947 1.92631578947
3580 2.87836300704 3.27711489856
3583 1.89775933793 2.10008678259
3587 1.00881834215 1.00881834215
3594 6.0 6.0
3595 2.74965786902 3.32951649765
3597 2.55845942228 2.55845942228
3604 2.0 2.0
3607 9.0 9.0
3608 5.71037181996 5.71037181996
3614 6.25988445169 6.26504458453
3619 0.579210069444 0.579210069444
3632 1.92396473979 2.18879326514
3636 2.49302213667 2.90590338355
3657 1.35514053167 1.3904731044
3661 2.11540086107 2.14017497061
3679 4.85750315259 4.85750315259
3683 1.3552238806 1.3552238806
3709 3.0 3.0
3719 2.1762110133 3.1926073608
3722 2.1517571885 2.1517571885
3728 0.0 0.0
3729 2.65734265734 2.65734265734
3730 4.40066870995 4.40066870995
3735 1.57914572864 1.57914572864
3736 2.66886895649 3.30341761073
3738 0.421853388658 0.421853388658
3750 4.96447467876 4.96447467876
3755 2.86300801978 4.20676503609
3758 2.06903002672 2.32822430601
3760 0.332596685083 0.332596685083
3783 0.0520833333333 0.0520833333333
3802 0.705574473452 0.705574473452
3810 2.0 2.0
3814 1.48403361345 1.48403361345
3828 2.70405727924 2.70405727924
3831 2.94286004084 3.33123315103
3840 4.0218401487 5.0132772575
3843 2.10341285241 2.10341285241
3849 2.0 2.0
3852 5.0 5.0
3857 1.60521241931 1.69323269539
3864 9.53206650831 9.53206650831
3868 1.66833166833 1.66833166833
3874 2.12666325486 2.12666325486
3876 6.87221823403 6.87221823403
3879 2.0 2.0
3882 2.82577745964 3.7919834002
3889 1.98251192611 3.22426635706
3895 0.672614286888 0.794483393905
3902 3.31711105359 3.31711105359
3912 1.0 1.0
3913 2.12158421604 2.8867846303
3918 1.0 1.0
3924 5.08811748999 5.08811748999
3927 2.25963343087 3.36550691567
3936 1.58943249014 1.91892921473
3938 0.0 0.0
3953 2.17115027829 2.53577952706
3961 3.75 5.17204021639
3983 4.59951295107 4.59951295107
3985 0.637168141593 0.637168141593
3993 1.43614775516 1.90380751479
3994 2.05072463768 2.05072463768
3995 1.50273462016 1.60534394367
4004 1.83349818153 2.35720555853
4023 3.18705985351 3.75621054801
4048 8.93147476466 9.02779493409
4050 3.37799263352 3.37799263352
4053 3.31539351852 3.31539351852
4064 1.55555555556 1.67774098562
4070 0.255574614065 0.255574614065
4075 1.19257368203 1.49525268239
4082 1.09455086346 1.71277857301
4091 2.1762228226 2.74295002336
4093 5.97369989166 6.70931233551
4105 1.0 1.0
4106 1.51750006521 1.53672470538
4113 2.0 2.82842712475
4141 2.35652173913 2.35652173913
4159 1.6843145002 1.6843145002
4161 0.0 0.0
4162 0.748325030064 0.748325030064
4172 1.96282414911 2.22000278964
4175 0.0 0.0
4179 0.958787878788 0.958787878788
4182 0.440366972477 0.440366972477
4186 0.0 0.0
4193 4.66666666667 4.69041575982
4195 2.99017802333 3.14985985864
4207 0.535435472066 0.708880346293
4210 0.120282689894 0.146493240712
4212 1.80726970129 1.89419276946
4219 0.678741658723 0.678741658723
4221 2.27600721587 2.27600721587
4227 6.96878215662 7.55508750031
4240 2.5247395216 3.32163234399
4252 1.0 1.0
4253 0.32371638231 0.355594709967
4260 1.31456324906 1.81853692228
4271 1.679095743 1.89222948559
4274 2.52946509519 2.52946509519
4282 7.0 7.0
4296 2.58536665707 4.05593083688
4308 1.82275407562 1.82275407562
4315 0.933385933273 0.935759976873
4341 0.894257280827 1.1861489651
4349 7.0 7.0
4357 2.47402852283 2.47402852283
4362 4.690399137 4.690399137
4367 1.0 1.0
4382 2.33525196252 3.62000087245
4388 1.0 1.0
4395 1.65436530983 2.19282972913
4399 3.15152941176 3.15152941176
4416 11.4832353958 11.4832353958
4417 4.67198298777 4.67198298777
4420 0.196271361989 0.196271361989
4423 4.11390333141 4.62482524663
4426 2.37977980875 2.83652543528
4431 1.88936351986 1.88936351986
4433 3.64518976169 3.64518976169
4437 3.60181818182 3.60181818182
4444 2.25327096835 2.44043487824
4447 8.07734043121 8.129366505
4456 2.34977578475 2.34977578475
4459 1.60182232346 1.60182232346
4461 0.239882352941 0.339244876903
4462 1.59995863068 1.59995863068
4474 1.95154185022 1.95154185022
4475 5.50962861073 5.50962861073
4498 1.63743855454 1.90020348648
4501 12.0 12.0
4508 0.0 0.0
4514 1.0 1.0
4523 0.0 0.0
4524 3.0 3.0
4525 0.738348868176 0.738348868176
4526 1.6267281106 1.6267281106
4531 2.60060445865 2.82182862922
4534 1.0 1.0
4538 1.41057110129 1.87235303499
4543 8.49796747967 8.62898359344
4546 4.44485294118 4.44485294118
4550 1.71126513078 2.23178102397
4553 5.33333333333 5.59761854125
4558 1.33527357392 1.49158195844
4569 0.922834381051 0.969983342543
4570 1.05316824472 1.05316824472
4582 2.09610833702 2.70207473661
4592 5.32378854626 5.8088482243
4593 4.69958731237 5.53739426277
4595 2.24688907454 2.26124187099
4602 1.34985826946 2.00876543782
4606 2.26342928045 2.59355093284
4613 4.16157501697 5.4213730911
4616 3.63628076572 3.63628076572
4619 1.07016948789 1.30843765871
4624 8.90064260999 8.90064260999
4629 1.54187596364 1.62107130515
4636 1.52362204724 1.52362204724
4637 6.03697183099 6.03697183099
4644 1.58734177215 1.58734177215
4645 1.05585196613 1.21779893368
4651 0.548368382886 0.548368382886
4656 3.68791390728 3.68791390728
4660 2.76518967384 3.34113699032
4665 5.86606503535 6.5092438423
4673 5.0 5.0
4675 1.4782749223 1.47851900041
4688 2.71379383321 3.41252150188
4698 1.0 1.0
4709 3.63541192589 4.39599821535
4730 3.0 3.0
4740 2.22843450479 2.54459656423
4744 1.67162790698 1.67162790698
4748 2.78310236633 3.4699885202
4749 5.97536945813 5.97536945813
4760 1.0 1.0
4774 0.992911668484 0.992911668484
4781 1.36969080796 2.94435496284
4782 2.0 2.0
4790 2.67459428628 3.11557755522
4801 2.75 2.75
4802 0.938875332097 1.52492132193
4806 3.0 3.0
4807 0.682798392978 0.808578155681
4810 1.96144278607 1.96144278607
4812 1.83619344774 1.83619344774
4813 1.0 1.0
4819 0.470090139306 0.470090139306
4820 4.97920277296 4.97920277296
4827 2.01484522104 2.2594319812
4828 1.15531914894 1.15531914894
4855 2.07607874554 2.82148931574
4861 7.90618715567 8.68536144134
4863 1.21430959545 1.4777396289
4871 6.5362308637 6.91695648446
4885 0.0604815032296 0.0604815032296
4894 1.13390434291 1.61683105449
4900 0.0 0.0
4910 6.0 6.0
4920 2.46003982059 3.97345427684
4929 6.0 6.0
4956 0.888326254416 1.05277885113
4960 3.65773257553 3.65773257553
4964 3.24516235849 3.96450678722
4966 3.85173937051 3.85173937051
4967 2.59434826265 3.20183150523
4971 0.0 0.0
4983 2.76734693878 3.89101850286
4988 0.399532213481 0.399532213481
4993 5.41766766767 5.41766766767
5003 2.20665330947 2.27430099013
5009 1.0 1.0
5026 1.93280120902 2.08887175121
5036 0.820668693009 0.820668693009
5045 3.45084269663 3.45084269663
5047 2.0 2.0
5062 1.0 1.0
5065 0.805246422893 1.13879041231
5066 1.02819137889 1.04762938932
5067 6.98798076923 8.59954719742
5069 6.40441670095 7.2644765932
5077 1.55685395766 1.84172748069
5078 2.0 2.0
5085 2.73887640449 2.73887640449
5086 1.96939710982 2.06352458798
5096 5.63807531381 5.63807531381
5099 4.61925515055 4.61925515055
5113 2.46976444325 2.93545433769
5121 1.78912147103 2.36002444988
5124 4.8049689441 4.8049689441
5131 3.0 3.0
5132 3.79281549071 4.073451817
5151 1.93665011127 2.31119574603
5154 1.45733625703 1.45733625703
5159 2.14569805195 2.14569805195
5167 2.99735711926 3.41487947952
5183 1.23065337899 1.9473201341
5191 6.10985465976 6.76798021751
5202 2.18061364081 2.29321248012
5204 2.24807826695 2.24807826695
5210 0.0 0.0
5217 3.33303966124 4.03041511809
5218 7.0 7.0
5219 2.40278279725 2.40278279725
5223 1.37893499484 1.67519498787
5228 1.33816650923 1.44640702008
5229 2.33695447219 2.7592071807
5233 1.51911639762 1.51911639762
5246 0.0830781520437 0.0830781520437
5251 2.48519070957 2.89516222459
5254 6.1341497356 6.1341497356
5271 4.51785714286 4.51785714286
5272 1.32911662252 1.85908725904
5280 0.68885092489 0.765406226778
5289 0.0337581811919 0.0337581811919
5291 1.52413925796 2.15792475772
5293 2.11065413239 2.11065413239
5294 3.09202456293 3.55034448083
5295 3.89101699487 3.89101699487
5300 4.5 6.36396103068
5310 3.17574816488 3.17574816488
5311 1.49726324455 2.10010731943
5321 1.2567018684 1.2567018684
5322 1.0 1.0
5325 8.05505404648 8.70473929425
5336 2.88586757712 2.88586757712
5344 1.39632324698 1.6798603996
5356 1.18099797459 1.18099797459
5361 0.367483296214 0.367483296214
5363 4.03082536438 4.99705397664
5367 0.0 0.0
5368 4.0 4.0
5371 4.42995676615 5.03013491964
5372 6.94964522774 6.94964522774
5374 10.0 10.0
5387 1.14208456244 1.14208456244
5404 0.897145423695 0.903022134349
5414 1.47557018785 1.4812828693
5421 1.0 1.0
5423 3.27035175879 3.9811678858
5424 3.11229946524 3.11229946524
5446 2.61334275982 2.61334275982
5454 7.0 7.0
5459 2.0 2.0
5462 3.98283931357 3.98283931357
5475 4.94483362522 4.94483362522
5477 4.3007122312 5.07762544448
5478 0.707864477939 0.712818992199
5481 5.0 5.0
5482 1.39832236484 1.64008684201
5484 3.36797462968 4.26307827202
5488 0.656273017056 0.746264573169
5492 0.925171777254 1.16984001208
5493 2.7716630461 2.7716630461
5496 0.377712031558 0.534165477701
5499 1.71559633028 1.71559633028
5506 0.87578369906 0.87578369906
5507 2.76482450264 3.15167216614
5512 0.92817339449 1.25444795838
5515 1.93730025459 2.66799437546
5518 3.5101161859 3.82117344979
5523 1.86924868957 1.86924868957
5545 0.380565234224 0.380565234224
5546 7.0 7.0
5554 2.37690214237 3.33951164244
5562 2.3779046066 3.34346496304
5565 0.275702377277 0.275702377277
5573 3.36934864905 5.39880434195
5575 0.488227146814 0.488227146814
5578 6.16570423297 6.27637069402
5581 0.0 0.0
5584 1.0945225496 1.42389777191
5608 3.14040916244 3.14040916244
5617 6.0770962296 6.0770962296
5633 6.67889248472 6.67889248472
5642 3.0 3.0
5646 1.63616427432 1.63616427432
5649 2.06248410596 2.34101338678
5652 0.437167713871 0.437167713871
5655 0.822215860292 0.822215860292
5659 4.15081558128 4.96656484402
5662 1.35484280674 1.66325159171
5669 2.45655877342 2.45655877342
5674 1.59869001764 1.95661759317
5683 0.2977827051 0.421128340192
5687 4.20443402082 4.71544477171
5700 3.0 3.0
5707 0.658465638044 0.737608695723
5720 4.0 4.0
5721 2.83438189785 4.09272191403
5724 3.0193499039 3.03776935621
5729 3.76139580926 5.03665451188
5736 1.62664473684 1.62664473684
5737 3.28411705929 3.37598526598
5740 1.04801670146 1.04801670146
5749 0.903748462632 0.904217858095
5763 2.73719981876 2.73719981876
5768 2.0 2.0
5772 2.98815467377 3.88260118785
5785 2.0 2.2360679775
5786 2.08770827655 2.3573417333
5792 1.0 1.0
5799 4.44981132075 4.44981132075
5815 0.994326664676 0.994326664676
5816 1.0 1.0
5826 5.0 5.44671154612
5827 1.02968270215 1.02968270215
5837 2.34652795101 3.2297038987
5846 6.5 6.96419413859
5849 4.90421627846 6.69920738907
5851 3.07651245552 3.21212673065
5865 0.911479497162 1.13620316191
5870 5.77425782028 5.77425782028
5891 6.98208640674 6.98208640674
5892 1.4981791697 1.4981791697
5896 1.43794717292 1.62228121422
5897 2.99585348998 2.99585348998
5898 0.743798419282 0.743798419282
5911 8.53361198189 8.53361198189
5931 3.73770089183 4.43266870281
5933 1.9322618841 2.26670839546
5934 10.5629678556 10.6602697575
5936 2.07452394619 2.78170535568
5937 12.0 12.0
5941 0.282512487512 0.354745466082
5945 0.999091734787 0.999091734787
5948 2.95142283368 3.47283757194
5956 6.27953586498 6.52681534704
5957 2.97625329815 2.97625329815
5968 1.84085829236 1.84085829236
5969 2.12278938907 2.29689643786
5974 3.48358301754 5.77698990944
5976 6.0 6.0
5992 6.52983422106 6.91354249315
6004 2.40699126092 2.40699126092
6006 2.53112891863 3.39230778035
6013 4.03287671233 4.03287671233
6022 0.0249609984399 0.0249609984399
6026 0.143110323438 0.143110323438
6038 1.03682719547 1.03682719547
6040 5.48306332842 5.48306332842
6041 1.60061208604 1.84163099802
6043 1.8510204807 2.39263626363
6045 2.2387755102 2.25147274675
6055 1.05933250927 1.05933250927
6063 7.14122644014 7.14122644014
6065 0.992067426872 0.992067426872
6071 6.0 6.0
6077 1.21305668016 1.21305668016
6091 7.38163470248 8.09140897701
6099 0.00687285223368 0.00971968084105
6103 1.14376996805 1.14376996805
6107 3.1684491735 4.10943202004
6115 1.0 1.0
6120 3.64235143361 5.2324348017
6124 7.25385745775 7.25385745775
6148 2.0 2.0
6150 1.87156009597 2.405608634
6154 0.572043275141 0.572043275141
6168 1.66896968769 1.92678256128
6183 0.0 0.0
6194 5.00834760931 6.51098843071
6201 3.63564078578 3.63564078578
6202 2.79504484885 3.75958071894
6228 3.01613394216 3.01613394216
6234 1.18867457962 1.18867457962
6240 1.98381742739 1.98388342925
6269 0.0148409893993 0.0148409893993
6280 7.5 7.64852927039
6283 1.20218845586 1.4474407731
6285 2.67269205939 2.67269205939
6287 1.44817927171 1.44817927171
6290 3.2090806523 3.34516838946
6297 0.588288288288 0.718045711426
6299 1.60483966098 1.99006715186
6303 6.28868360277 6.28868360277
6325 1.24592643356 1.53007788168
6328 1.9885016824 2.94345332834
6343 2.06393917454 2.30033870002
6346 2.0 2.0
6349 12.0 12.0
6372 10.1067472306 10.1067472306
6375 0.245474012069 0.245474012069
6377 3.77117384844 4.16639040376
6378 4.01785272001 4.44574874662
6379 0.715731758752 0.715731758752
6384 3.2731306856 3.2731306856
6386 0.512716620275 0.870912865714
6397 12.0 12.0
6400 6.49659863946 6.49659863946
6403 5.0 5.0
6404 1.42987899473 1.4931007634
6411 4.48778004073 5.14309428435
6418 1.41683719873 1.47916409414
6419 2.5 2.5495097568
6421 1.39144385027 1.39144385027
6431 3.58237547893 3.58237547893
6435 6.67300498753 6.67300498753
6440 1.0 1.0
6444 1.0 1.0
6450 2.12034985173 2.64938793499
6454 1.67677111717 1.67677111717
6455 1.84339811505 1.95240321256
6456 2.52812983089 2.667727202
6463 0.871769460539 0.922820659053
6470 1.57229937829 2.516653877
6476 0.0 0.0
6484 1.80846046402 2.45972459552
6488 4.0 4.0
6497 0.429429429429 0.429429429429
6517 3.28443676706 3.39224411147
6521 2.37731340184 2.59319073054
6526 0.770893371758 0.770893371758
6530 0.0 0.0
6533 1.50348850644 1.6596697451
6538 2.80603842635 3.56192630985
6549 1.48861340155 1.92315804743
6560 3.06054100957 3.72122930332
6562 1.76868024559 2.38836042983
6564 4.2425614489 4.2425614489
6574 0.562355255498 0.73243723644
6583 1.0 1.0
6595 0.936829508284 0.948719884502
6615 1.21669047133 1.21669047133
6619 0.0 0.0
6631 3.93826336626 4.48129647969
6640 1.0 1.41421356237
6644 1.31610025409 1.88497710143
6651 2.80898012515 2.82053486429
6657 3.48347107438 3.48347107438
6680 0.860660660661 0.860660660661
6689 5.99924528302 5.99924528302
6697 1.17479808204 1.32750423848
6704 5.9626320065 5.9626320065
6716 1.16722827186 1.47290575357
6732 1.62105825762 1.62105825762
6736 2.41488203474 2.77876751632
6737 2.35649987381 4.12859175313
6738 0.504140786749 0.504140786749
6740 2.5 3.53553390593
6748 2.38245061591 3.10194103159
6766 3.64609099687 4.9372382751
6770 5.56222222222 5.56222222222
6775 1.77409162717 1.77409162717
6779 2.47087799706 2.65027716225
6780 2.0 2.0
6800 1.71612365966 2.63770168306
6809 1.0 1.0
6816 6.55804480652 6.55804480652
6823 1.17615061317 1.33547711023
6826 2.0 2.0
6829 1.78835489834 1.95440954975
6830 4.5 5.14781507049
6838 4.87406669985 4.87406669985
6839 2.53185862638 3.20527188331
6844 3.44652406417 3.44652406417
6854 2.31967594081 2.95044303849
6863 1.16871744311 1.27473283735
6872 2.39501325177 3.59243977531
6878 3.52123552124 3.52123552124
6883 0.670213933077 0.670213933077
6887 3.0 3.0
6889 0.117919075145 0.117919075145
6895 1.76005780821 3.22571536524
6902 5.0 5.0
6917 5.07667731629 5.07667731629
6921 1.23609233745 1.50282114451
6940 4.05244928195 4.69559885916
6948 0.18710255262 0.18710255262
6955 0.306792722298 0.425508046899
6968 3.53697183099 3.53697183099
6971 0.745551601423 0.787776096314
6975 5.5 7.77817459305
6980 0.293490874565 0.293490874565
6993 0.519840550824 0.519840550824
7001 1.22661529486 1.28829204841
7005 12.0 12.0
7006 2.41384361898 3.87259594045
7011 1.28058676654 1.28058676654
7012 3.04314268685 3.17769618593
7013 3.8439171123 3.8439171123
7030 0.825116913302 0.979190719572
7043 0.754731861199 0.79358467867
7045 1.80920502092 1.80920502092
7052 4.92539060806 5.13674994238
7060 0.0 0.0
7063 1.27655310621 1.27655310621
7074 1.0 1.0
7079 4.0 4.0
7080 3.75782552091 4.66032512789
7081 1.06717703349 1.06717703349
7088 1.5141509434 1.5141509434
7094 0.794383185582 0.916051729885
7095 1.50168350168 1.50168350168
7099 3.62707641196 3.62707641196
7109 1.08032214953 1.08366970922
7112 3.5607649599 3.5607649599
7113 2.62636212289 3.54426740072
7119 1.50186044003 2.06155952858
7121 1.06710603467 1.41721754006
7125 1.0 1.0
7129 1.41143984221 1.41143984221
7130 1.70253025303 1.78008117942
7134 1.93740501455 2.02222886892
7135 0.374823921117 0.374823921117
7137 0.280474040632 0.280474040632
7142 1.08066437736 1.40776723571
7159 1.21251644873 1.613940139
7163 4.73323397914 4.74074551217
7166 1.64490263459 1.90382762397
7168 2.29462034648 2.52581152911
7171 6.89447646038 8.13989731682
7176 1.96055331769 3.27801009865
7177 0.370423546303 0.370423546303
7178 0.993827757174 1.28696796097
7181 2.23385049365 2.23385049365
7203 1.0 1.0
7215 2.0 2.2360679775
7222 3.3152639087 3.3152639087
7226 1.1566941251 1.1566941251
7234 5.34104865376 5.34104865376
7251 0.177604405691 0.251170559265
7262 1.343866171 1.38716265417
7263 2.78090720427 2.78090720427
7272 7.81375614113 7.81375614113
7278 3.36122047244 3.36122047244
7290 3.53839390387 4.35473019028
7293 1.48025276461 1.48025276461
7304 3.41262817057 3.53380052511
7310 1.82416373522 2.44302936452
7320 3.32116369138 4.6709515409
7326 0.859888547708 0.859888547708
7328 1.53210086847 2.0936604017
7334 12.0 12.0
7335 1.0 1.0
7339 0.907907495253 0.915488271159
7342 7.18078913325 7.18078913325
7351 2.99823530268 4.4960868908
7355 7.0 7.0
7356 1.26611418048 1.46343210095
7382 1.23511633804 1.26057310594
7385 5.0 5.0
7387 2.22109008818 2.68047966338
7389 5.00402930403 5.10376176158
7398 3.0 3.0
7407 1.7237804878 1.7237804878
7413 0.477014418999 0.477014418999
7414 2.53889789303 2.53889789303
7420 1.34277274116 1.38583252469
7431 3.80855472253 4.80868624532
7436 1.66638001638 1.67197358228
7437 2.34973067455 3.12103297938
7442 2.36208298217 2.57757266915
7446 0.351293103448 0.351293103448
7450 1.23333333333 1.23333333333
7453 0.678407872288 0.77978536191
7459 0.49621785174 0.49621785174
7465 1.1390463637 1.57863498077
7466 1.39922130502 1.70815001128
7474 2.81623065472 2.95009642289
7484 1.34409864944 1.34409864944
7493 3.73837881189 4.11043648022
7504 1.0 1.0
7513 2.31100339922 2.73588943079
7515 1.0 1.0
7518 2.47132079529 2.70205124631
7538 0.0 0.0
7543 4.9815498155 4.9815498155
7547 2.25050505051 2.25050505051
7553 4.41171758276 4.73730743976
7557 3.40858318636 3.40858318636
7561 3.08082249266 3.08082249266
7562 4.86805937328 4.86805937328
7564 0.766221597564 0.766221597564
7568 1.25746051045 1.266709723
7574 4.75886524823 5.75775589357
7578 6.77009222661 6.77009222661
7580 0.368191721133 0.368191721133
7587 2.0 2.0
7591 3.51408340158 3.99974087742
7600 5.87813493465 6.24938250274
7608 4.0 4.0
7611 5.63257575758 5.63257575758
7621 0.720169148741 0.720169148741
7632 2.90082746431 3.39074355058
2.42826329231 3.37061040671