5 1.65977288719 1.65977288719
6 0.243651629904 0.265028047067
9 1.69076999477 2.09755531388
14 1.0 1.0
15 2.29613788104 2.83576882992
22 3.36459855062 4.56553256186
24 7.56315646496 7.56315646496
25 0.602249555096 0.772983717192
35 2.11192186207 3.4595556585
55 0.153143217656 0.184030469294
57 2.44217086402 2.44217086402
58 1.0 1.0
59 7.0 7.0
66 3.48555080338 3.48555080338
68 0.822101800722 0.836858854948
69 0.927606861987 1.10852398257
76 1.45152786063 1.93140817021
81 1.34456907798 1.34456907798
83 6.97341923096 7.29746243967
85 0.528768207622 0.6935646961
89 9.80792949795 9.80792949795
95 1.33881537553 1.33881537553
97 2.15166233357 2.15166233357
122 2.86110687127 3.5430284034
126 3.37543519745 3.78595557395
134 1.06490671899 1.41965470371
136 3.11678329086 3.4226123491
151 2.1483613489 2.1483613489
156 3.89922239189 6.10773395052
161 2.61569662217 2.92807509616
164 1.86008824179 1.91389885336
171 1.13531604766 1.47067508812
172 2.51665601605 2.73988477192
186 1.74803879947 1.90136837303
189 2.02571684384 3.04400562743
196 3.65749291583 5.31948219314
205 1.17287175106 1.30300350759
219 0.00177292390611 0.00177292390611
221 4.49682346065 4.49682346065
234 0.643635833355 0.643635833355
243 2.0 2.0
259 3.35792248952 3.35792248952
274 9.27196877197 9.27196877197
276 5.07292552788 5.44398640983
291 1.36849084909 1.36849084909
299 0.585941838772 0.89284810347
303 1.0 1.0
304 0.631268391871 0.70513410531
307 4.33333333333 4.65474668126
308 3.74736380827 4.37231121077
316 0.785957141796 1.16493632794
323 4.50360164987 4.53167104305
326 2.6684831476 2.6684831476
328 3.41465238737 3.41465238737
331 2.84127024209 3.53163050326
334 0.333333333333 0.57735026919
342 2.60685519078 3.09870690812
343 2.41108111644 2.70017547552
346 2.7796596764 2.7796596764
347 4.8012144447 4.8012144447
348 2.07664415687 2.22986191028
360 2.0 2.0
362 1.0 1.0
365 1.86629909011 2.25832900772
369 1.08201186793 1.44195253171
370 6.49633788541 6.49633788541
376 1.54351461579 1.54351461579
380 2.22352992968 2.2275506622
381 0.284718491133 0.284718491133
383 2.0 2.0
384 0.172086357323 0.263502695252
393 0.840459166864 0.840459166864
405 3.0 3.0
410 0.938444520373 1.05108407145
419 0.492337458335 0.492337458335
420 1.97872271058 2.98203711739
427 1.29397952083 1.32695401541
431 4.61187366045 6.46583038973
433 3.02951785027 3.3715538109
445 1.22170489424 1.26121768928
452 1.44348040268 1.51056655378
475 2.15874381136 2.15874381136
476 1.87365305037 2.88727018214
480 2.08304881425 2.08304881425
485 2.05011217758 2.58339694569
493 3.14397940273 3.93082972143
502 2.63897674631 2.63897674631
509 0.848348518746 1.09036883646
512 9.0 9.0
515 1.15612949036 1.20140239975
517 2.2899831084 2.80657203671
520 2.23412794391 2.23437543448
523 0.790751097142 0.926665413442
524 1.65256796939 1.65256796939
531 3.19129088114 4.18315485259
532 0.658920033293 0.71246407437
538 0.77169325135 0.867111520288
544 1.01614901675 1.31850788688
545 3.0 3.0
549 2.0 2.0
550 2.55865165727 2.55865165727
552 1.0 1.0
553 3.0 3.0
555 1.71048018273 2.88762463623
564 2.69488065773 2.69488065773
566 1.35439730785 1.42949607278
569 0.954521695041 0.955604490637
575 3.507276356 3.81744278945
579 3.52883963053 3.84147933584
590 1.33148116184 1.47389399439
591 0.0710407147102 0.0710407147102
594 3.16479387679 3.16479387679
599 0.268957291434 0.268957291434
611 0.853084507094 1.46348965277
617 2.75429457747 2.75429457747
618 2.0 2.0
621 1.63251763851 1.63251763851
625 3.13872042705 3.13872042705
626 4.87356372752 5.90979059883
638 2.62119372887 2.62119372887
643 7.69433049752 7.69433049752
649 1.38850416809 1.68373213801
650 2.3758351727 2.3758351727
652 4.816523965 4.816523965
659 2.994524091 3.66508329068
676 1.71525177745 2.26236986876
683 2.22224980113 2.97399687547
684 0.684815115295 1.00916930568
687 0.122090992153 0.122090992153
689 1.63649303608 1.80534018438
691 4.18883840747 4.18883840747
712 0.0 0.0
714 0.273794670345 0.387204136108
723 5.82536692062 5.82536692062
725 2.63308224984 2.89318192577
732 1.0 1.0
745 0.555392014366 0.766550630516
758 2.0 2.0
764 3.4286910154 3.56940046695
767 0.722808059255 0.722808059255
772 1.0 1.0
777 1.06993601236 1.34964513268
779 0.498088371752 0.498088371752
783 2.61432186441 2.61432186441
785 1.83029468619 1.83029468619
806 1.29019697272 1.29019697272
809 3.0 3.0
810 1.94552098197 2.58826703987
814 2.877906259 2.877906259
817 3.6517804318 5.23373716254
831 1.98852577451 1.98852577451
845 1.0 1.0
848 2.1425423104 2.1425423104
853 8.05503317711 8.10826175435
860 8.03661473588 8.03661473588
878 1.32418142044 1.32418142044
881 0.710969515541 0.710974052959
886 1.6018650694 1.6018650694
888 1.81792111776 1.81792111776
924 1.22350588244 1.43970063889
928 0.956214388109 1.0344619165
936 0.766721268719 0.766721268719
943 2.0 2.0
950 2.38827735002 3.2250017773
954 3.3627450477 3.3627450477
961 2.92105904982 3.68927861865
963 0.507929568289 0.507929568289
978 1.58054801321 1.58054801321
986 0.960119588482 1.21727141952
988 2.21215681313 2.21215681313
992 2.0 2.0
993 6.0 6.0
1005 1.0 1.0
1007 0.999095857218 0.999095857218
1013 0.166274108767 0.166274108767
1023 0.523938140232 0.523938140232
1037 0.153843195323 0.153843195323
1040 1.12590604583 1.12590604583
1041 1.2126549629 1.50401982989
1051 2.46554952279 2.52281029051
1053 1.1551534833 1.16897861289
1056 1.38816198667 1.81828213793
1069 0.34316540528 0.458402147868
1070 1.77835782618 2.37290499577
1073 2.28710144768 2.28741603964
1074 1.4542138118 1.4542138118
1077 0.349026053021 0.349026053021
1079 2.12324468566 2.7653822754
1084 1.59960548416 1.59960548416
1088 8.06339192095 8.21843975118
1103 2.34433497537 2.34433497537
1129 0.405439770026 0.405439770026
1145 1.37048246152 1.37048246152
1148 8.5 9.19238815543
1152 0.971015892952 0.971015892952
1154 1.72303414621 1.73380171773
1165 1.88843555324 2.36543555847
1166 0.838440779057 0.838440779057
1181 1.96269148578 1.96269148578
1193 0.789453391721 1.0034206553
1211 1.36426466672 1.36426466672
1212 0.326519098264 0.326519098264
1216 1.38717441189 1.56187112099
1219 2.96980094019 3.546579273
1221 0.136652667827 0.136652667827
1226 0.264187743066 0.264187743066
1234 0.855408961374 1.13278770353
1237 2.0 2.0
1239 0.881324437539 0.881324437539
1244 1.17719334342 1.17719334342
1261 1.6927367343 1.6927367343
1263 2.5 2.91547594742
1264 0.0 0.0
1266 2.46520480657 3.12609097097
1267 1.30474964944 1.62918018504
1269 2.0 2.0
1275 1.78387011195 1.78387011195
1283 11.4207621608 11.4207621608
1284 5.02328664063 5.02328664063
1285 0.303422119156 0.303422119156
1287 3.74061655351 4.50929650146
1289 1.07643558124 1.9006118378
1292 1.83275348291 2.28740891869
1295 0.666749439422 0.666749439422
1296 1.0 1.0
1297 3.1175481324 3.54169855789
1308 3.95355823007 3.95355823007
1312 0.956578593887 1.15659682099
1313 1.40678853912 1.61483135571
1325 0.572866825905 0.572866825905
1330 1.16117316344 1.56692443633
1337 3.0 3.0
1345 0.607171125276 0.607171125276
1365 1.31229392669 1.77088702775
1369 2.01240264635 2.37929259837
1374 1.25444621628 1.48146968268
1384 4.55203627699 6.00112214447
1387 4.09735838259 5.44865651285
1389 1.3210490414 2.46679800917
1391 1.04986085086 1.14499443588
1413 7.27202437994 7.27202437994
1422 1.41586150869 1.41586150869
1424 1.40199168505 1.76196746342
1426 9.99641753257 10.0256212047
1434 2.20588170393 3.08559938182
1437 0.631260974189 0.6806764775
1438 3.71934393301 4.51819494461
1443 3.0 3.0
1453 1.64394197629 1.64394197629
1455 5.86835885445 7.62486416799
1458 1.41738915684 1.68889175165
1461 1.22994352767 1.22994352767
1465 1.53333198659 1.53333198659
1479 8.05917162356 8.11181458641
1480 0.51366221811 0.723868125064
1482 2.79661509407 2.79661509407
1483 2.57139468747 2.57139468747
1496 0.867931938715 0.992856180181
1499 0.666496015679 0.700296979916
1504 0.501219482452 0.501219482452
1512 2.37830397267 3.6254682133
1513 1.51111819785 2.366629023
1518 2.59196749642 3.30257491262
1530 1.61148165993 1.65854087039
1544 1.0 1.0
1545 1.12362761192 1.28125104833
1547 2.6534882017 3.75259900244
1569 1.0 1.0
1579 1.22833082767 1.23470701174
1585 0.7246795486 0.810669592032
1597 7.5596264241 7.58545835399
1598 0.676460901629 0.676460901629
1599 2.33410608537 2.60555295676
1602 1.58860598443 2.08724995514
1605 3.47116361066 3.56608681091
1609 0.102780018842 0.102941839293
1622 1.34882785429 1.50349304599
1627 4.34064043978 4.34064043978
1628 2.41652103531 2.7311924359
1629 3.82947584517 3.82947584517
1631 1.68332130499 1.80668522363
1638 3.37158603299 3.37158603299
1651 1.95186264252 2.27154150802
1653 1.39187195264 1.57738830797
1658 3.0 3.0
1662 5.66456374871 5.66456374871
1674 1.40941642172 1.46767723162
1678 1.13459791072 1.13459791072
1683 5.0 5.0
1684 2.17624127887 2.25932805864
1687 0.0871482032091 0.0871482032091
1691 9.54438077182 9.54963288837
1718 1.86480189805 2.15416242689
1719 0.0 0.0
1722 1.49396580925 1.61439006298
1731 1.40266853493 1.40266853493
1732 3.05394886418 3.05394886418
1754 3.42561408352 4.57687048426
1764 8.73045986812 8.73045986812
1770 2.763963177 2.77068734525
1778 0.474150714937 0.474150714937
1789 1.2605202672 1.51529806564
1792 2.6447047221 3.46309215526
1793 0.255352423903 0.255352423903
1797 0.456678037974 0.456678037974
1802 3.57236697008 4.21752541865
1806 0.765981419788 0.765981419788
1807 1.35519988496 1.74903964275
1809 4.87203579418 4.87203579418
1811 1.89035699092 1.89035699092
1817 2.09227902739 2.09227902739
1825 0.0 0.0
1828 3.0 3.0
1831 7.37632540649 7.37632540649
1832 1.26105557347 1.26105557347
1833 1.57361207915 1.57361207915
1836 0.115576919584 0.115576919584
1837 1.0 1.0
1838 2.04518359726 2.04518359726
1839 1.0 1.0
1843 2.0 2.0
1847 0.139613619309 0.139613619309
1849 0.419246040114 0.512200825936
1853 2.30818363861 2.70511420377
1855 3.0 3.0
1859 3.98895393792 3.98895393792
1867 0.0820354076991 0.0820354076991
1872 1.84676916684 1.84676916684
1878 0.0 0.0
1880 1.0 1.0
1888 2.52819328378 3.11993256554
1896 1.0563346321 1.0563346321
1899 1.49831872501 1.86211971854
1901 2.54992939099 3.12127336152
1902 1.20657191317 1.3640386554
1907 1.7763568394e-15 1.7763568394e-15
1918 1.35335653669 1.35335653669
1921 2.26244535378 2.79115804235
1924 1.5374176083 1.5374176083
1926 0.374305559417 0.374305559417
1939 1.0 1.0
1940 4.24509842365 4.59353242823
1941 3.52453912457 3.52453912457
1946 4.69382938786 5.74132375319
1955 1.83069982522 1.83069982522
1957 2.46206683267 2.80575847166
1959 3.61827062681 3.61827062681
1962 1.39818050398 1.52220084992
1965 2.93192955557 3.80735231366
1966 3.20882670331 4.25290690987
1972 0.83985993064 0.83985993064
1984 1.31087958641 1.32831473814
1989 2.08648048273 2.49959702823
2005 1.59325476118 1.97491351208
2007 3.0 3.0
2011 0.635004390532 0.635004390532
2023 2.30640215907 2.93156259788
2033 0.29701464673 0.29701464673
2040 1.91515623047 2.66622896688
2045 0.553070567059 0.553070567059
2062 2.5966748746 3.12639141201
2069 2.33127703056 3.29692359427
2071 3.0 3.0
2080 3.0 3.0
2091 1.0 1.0
2092 2.43865173091 2.51604094833
2096 0.935904476645 1.06122548462
2100 4.64686593236 5.60154145415
2103 2.30222284461 3.10929026971
2108 2.27447263475 2.77317352448
2114 1.0 1.0
2115 1.48451005832 1.94307113429
2117 1.91429971362 1.91429971362
2127 0.499490850585 0.706386735179
2142 1.3455920198 1.3455920198
2146 2.28577030222 2.61507701289
2149 0.833916145255 0.833916145255
2151 0.554352435601 0.692734916136
2155 1.84890214349 1.85869619147
2183 1.58940099458 1.71203574725
2186 2.93414122294 2.93414122294
2192 0.285342527278 0.285342527278
2195 1.90811113778 2.58600204463
2197 0.0 0.0
2202 4.10150593687 4.20863830722
2204 4.02247405796 4.02247405796
2205 3.0 3.0
2210 2.0 2.0
2211 0.256287086508 0.290465718022
2212 1.99343295344 1.99343295344
2233 3.0 3.0
2240 2.20177469136 2.20177469136
2242 2.58023953065 3.25037400853
2245 0.783975494735 0.947872449931
2246 1.55176158699 1.59656457161
2250 0.864667230499 0.864667230499
2254 3.13098402842 3.31383022617
2259 2.57127054119 2.57127054119
2262 0.756614489125 1.18770726426
2272 0.668583393741 0.710275199384
2278 2.98621676259 3.58951684568
2287 0.32668419895 0.462001224767
2289 1.0 1.0
2292 0.797541063672 0.923670377608
2299 4.15738370812 5.70825931667
2319 0.799191955856 1.11303584734
2320 2.41729392774 3.47731931147
2329 1.0 1.0
2332 1.66053755114 1.74211881242
2346 2.0 2.0
2355 2.37687823744 2.7468789264
2358 2.06903187913 2.06963118947
2364 0.5 0.707106781187
2367 2.4123909603 2.4123909603
2376 1.0 1.0
2378 6.2611298847 6.2611298847
2386 2.28025459986 2.40788914316
2394 0.571754728824 0.714351091703
2402 7.09770373149 7.09770373149
2404 1.13295396528 1.13295396528
2409 1.99445408545 2.23976481639
2414 0.375135086066 0.375135086066
2422 2.89284126298 3.53301647465
2428 2.71352891394 2.71352891394
2430 0.188962019908 0.188962019908
2431 2.12605849172 2.66966742302
2450 2.73277511559 3.1750984514
2451 2.0 2.0
2466 0.0 0.0
2475 6.22247995894 7.30562488491
2477 1.76939348916 1.9561293789
2478 0.56192095345 0.7156679834
2484 1.77119779478 2.18758483431
2494 2.12952656624 2.94763873825
2496 1.25409764641 1.76669695315
2499 4.18382395524 4.18382395524
2505 6.5467342785 7.40167371995
2506 3.30532722719 3.58749327212
2507 2.49368276323 2.49368276323
2508 3.52783002572 3.84445695487
2518 2.0 2.0
2527 0.204720161834 0.289518029357
2530 1.61572476616 1.95372096515
2537 0.69212715024 0.69212715024
2538 2.09605385423 2.0987392836
2539 1.74722044912 1.90029410814
2541 6.0 6.0
2551 2.16904740025 2.76585796107
2554 1.03278999242 2.00107489475
2561 2.57813791143 3.33395644742
2562 3.55021978375 3.72975111201
2572 0.901125846123 1.1788621844
2580 1.0 1.0
2584 1.55101832578 1.55101832578
2585 3.74786581573 5.25794374137
2586 5.57450593452 6.24020220597
2587 2.38712698664 2.38712698664
2590 1.36273117527 1.36273117527
2596 1.0 1.0
2609 1.00854664331 1.00854664331
2618 0.667759547226 0.944354608092
2627 1.78311550933 2.38969874679
2634 3.0 3.0
2636 1.17214974912 1.18828606169
2645 1.57480839434 1.62904668923
2647 9.0 9.0
2649 0.0 0.0
2654 0.0 0.0
2669 0.741022799908 0.931848965105
2672 0.0 0.0
2676 2.30409949495 2.30409949495
2679 1.63672399049 1.6765544668
2683 1.93549131003 2.12574273153
2685 1.01724764099 1.23432969948
2687 3.91541357604 3.91541357604
2690 1.02955200662 1.05567258494
2693 1.38610752238 1.43887910627
2699 0.279334129765 0.279334129765
2704 2.60232240861 2.60232240861
2713 2.33333333333 2.64575131106
2714 2.0 2.82842712475
2715 4.01970354416 5.06878341389
2716 6.74586301984 7.28329812696
2721 1.52091421801 1.67560156948
2733 4.36151218676 4.36151218676
2739 0.883297274214 1.23034858141
2750 0.162056014185 0.162056014185
2758 3.48714140839 3.48714140839
2761 3.0 3.0
2764 1.44138933354 1.86186776098
2765 2.19883629654 2.98623529831
2771 1.7270037815 2.14618669732
2772 0.438683905028 0.455070426271
2775 4.97835535315 4.97835535315
2777 1.26302716263 1.72015960545
2788 1.23870554949 1.23870554949
2800 1.75239548229 2.01139001306
2803 2.58274244112 3.32016270633
2805 1.0 1.0
2806 5.09241084681 5.09241084681
2838 1.05416679156 1.05495854482
2843 5.0 5.0
2846 0.498682199146 0.498682199146
2850 4.1835028216 4.42054454815
2852 3.37167476713 3.37167476713
2855 7.0 7.0
2857 8.03260196141 8.08235081657
2860 2.89101411827 2.89101411827
2861 1.39939606809 1.39939606809
2863 3.00814224659 3.93254283283
2868 4.0 4.0
2877 2.22734107997 2.22734107997
2883 0.740597553151 0.740597553151
2890 0.830981508519 0.881040304917
2895 4.10307005193 4.10307005193
2899 1.37908110581 1.90984318584
2907 2.35125082637 2.35125082637
2913 1.68733781022 1.96778796724
2919 0.0 0.0
2928 2.74567600745 3.53401481948
2935 0.367504029646 0.367504029646
2961 2.42184647251 2.87482420815
2964 2.17728551662 2.54405918556
2966 2.47416898438 2.47416898438
2976 1.75410072174 2.02289605841
2977 1.41268437858 1.8854860159
2981 0.991224546681 1.40180319727
2987 3.78847992178 3.78847992178
3000 1.66730839134 2.54921879598
3011 0.280229528386 0.281387976824
3014 1.0 1.0
3021 3.0 3.0
3045 1.84840077981 2.08855568965
3046 0.329136917073 0.329136917073
3050 8.15032514146 8.15032514146
3051 4.38409165048 5.17500168853
3052 0.747595383954 0.784294710218
3062 2.0 2.0
3064 1.043370937 1.56507165714
3070 0.523375168364 0.556381925697
3074 0.0573729795333 0.0573729795333
3075 1.0 1.0
3079 3.31205178861 4.12198034918
3092 2.73885968883 3.10163895392
3097 1.19224408812 1.19224408812
3098 4.0 4.0
3102 1.1042186074 1.37311177959
3107 1.17769468379 1.17769468379
3110 1.63857876111 2.31295698268
3115 3.86917383631 4.03682226792
3116 0.0 0.0
3118 0.605997184463 0.605997184463
3127 2.7255926777 2.7255926777
3128 0.646670304323 0.732287552497
3129 0.885335623384 0.995130854437
3138 2.38078306624 2.38078306624
3139 2.53381550427 2.53751261591
3150 0.883590370438 0.919330620002
3165 1.15660909465 1.17921761619
3169 1.71131593177 2.23236370453
3182 0.798337421965 0.798337421965
3186 2.09727896432 2.29816182316
3187 0.654972629882 0.742923259965
3188 6.59973450383 6.59973450383
3193 1.32767815417 1.32767815417
3198 0.0 0.0
3203 2.54188076867 2.54188076867
3212 2.85847059451 2.85847059451
3219 2.59429452593 3.6470007778
3224 4.01896483275 4.07820046996
3225 2.80901486817 3.43787474169
3231 1.49379854856 1.49379854856
3242 0.856037256934 0.950398444225
3243 1.12670027224 1.12670027224
3244 2.09712046906 2.54067479203
3245 1.13554246661 1.46369192479
3247 0.0 0.0
3252 1.77445217581 2.53059952089
3277 2.06581854772 2.06581854772
3278 2.44499675662 2.97241767977
3284 1.25256739229 1.53936170283
3286 0.746394248087 0.746394248087
3290 0.65116684581 0.65116684581
3293 0.241345100959 0.241345100959
3294 2.11301574931 2.22652573948
3296 0.767580264887 0.767580264887
3297 2.0 2.0
3298 0.509090702484 0.509090702484
3300 3.85578431088 4.27863687093
3321 1.18391461933 1.63541042866
3323 3.48361502254 3.48361502254
3328 2.8627349374 2.8627349374
3332 3.0 3.0
3341 1.53064508058 1.79649146597
3345 1.26783539814 1.48028712509
3347 0.902013205502 0.907319808444
3351 1.36884386738 1.84317004632
3352 0.505184954743 0.707144799536
3353 0.264259351132 0.264259351132
3366 0.532133056561 0.532133056561
3368 1.87129672094 1.87129672094
3374 1.0 1.0
3381 0.382114887569 0.382114887569
3385 2.64284972201 3.39300877464
3389 1.68604079012 1.69665442031
3395 2.15513066357 2.74015129158
3398 7.84230326099 7.84230326099
3399 1.64787668589 1.64787668589
3408 0.992095017885 0.992095017885
3409 2.4651077566 2.4651077566
3410 2.62673386655 2.62673386655
3412 4.43710517874 4.70431106428
3413 1.02586101595 1.37602352402
3418 3.0 3.0
3421 0.0054544462828 0.0054544462828
3423 3.0983452777 3.547353432
3426 0.963845392391 1.08085902076
3429 2.73742606109 3.3625486204
3431 1.67844862494 1.67844862494
3440 3.08525203504 4.22040133915
3450 0.947603692537 0.947603692537
3452 0.923524378493 1.32118405938
3457 3.0 3.0
3468 1.50237955984 1.58414947652
3478 1.89745304823 2.05893809921
3481 0.0358604209993 0.0358604209993
3486 2.24584637098 2.24584637098
3487 3.9465689642 4.40051557452
3488 4.85654060364 6.86818558788
3495 0.0122636881627 0.0122636881627
3502 1.63125374749 2.49906319785
3510 0.950423770817 0.950423770817
3514 10.7210204003 10.7210204003
3516 1.63936894641 2.80963945745
3517 2.29104242409 2.34696275124
3522 8.00483561067 8.00483561067
3523 1.98137830776 2.66173564485
3545 1.4271331915 1.74046531808
3554 0.744044722864 0.744044722864
3565 1.0 1.0
3571 0.128745580784 0.128745580784
3573 2.55162540417 2.55162540417
3578 0.453382126707 0.453382126707
3580 2.02075516002 2.13617593964
3583 1.65032387791 1.72344545614
3587 2.98467491667 2.98467491667
3592 7.84726395114 7.84726395114
3594 5.94679840895 5.94703638176
3595 2.20967918634 3.20189946964
3597 0.104935842535 0.104935842535
3604 2.0 2.0
3607 0.5 0.707106781187
3608 2.52309974616 2.94717918795
3614 4.67489207091 5.02671913248
3619 0.620036914074 0.620036914074
3632 1.70859517146 1.96298045402
3636 2.13070576529 2.27601183769
3657 1.95622758953 1.96654025211
3661 1.02927831715 1.3343241478
3679 4.60338323136 4.60338323136
3683 0.173054319246 0.173054319246
3709 5.22020034037 5.26272198207
3719 1.9868994838 3.11396031057
3722 1.16786863231 1.16786863231
3728 4.5 6.36396103068
3729 1.71595677355 1.71595677355
3730 3.03346370465 3.03346370465
3735 1.18205193682 1.18205193682
3736 2.47940831673 2.9726663647
3738 0.694519097213 0.694519097213
3743 3.0 3.0
3750 4.0 4.0
3755 3.44224528541 4.68747941024
3758 1.48507478891 1.59245621226
3760 1.37325542521 1.37325542521
3783 0.130736417219 0.130736417219
3802 0.69959711232 0.722310326748
3810 2.0 2.0
3814 0.783802871489 0.783802871489
3828 3.62923970428 3.62923970428
3831 1.92366958248 2.20009854272
3832 1.02590619884 1.02590619884
3840 2.34168703738 2.52659155993
3843 1.36308169704 1.36308169704
3849 2.0 2.0
3852 3.38834153775 3.38834153775
3857 1.10303293061 1.1666178875
3864 8.97042722346 8.97042722346
3868 2.25573376961 2.37534567191
3874 1.15826556859 1.63803487594
3876 4.7450870655 4.7450870655
3878 4.21519427921 4.76182197337
3879 1.5 1.58113883008
3882 3.22925489689 4.49339338403
3889 1.22427002232 1.62160590787
3895 2.10050376101 2.2888597376
3902 3.38062480985 3.38062480985
3912 0.917717692468 0.925065683794
3913 1.69205915723 2.32181639968
3918 1.0 1.0
3924 3.12521064977 3.12521064977
3927 2.22215862066 3.26583527053
3936 1.59698748774 2.07598973769
3953 1.68791503513 2.22579252889
3961 1.00410061744 1.73206536978
3983 1.82115604473 1.82115604473
3985 0.637363603398 0.637363603398
3993 1.01892594133 1.33333004072
3994 1.24260106965 1.24260106965
3995 1.39105883231 1.67689861381
4004 0.673960133025 0.903411429098
4023 3.17239735787 3.81372917576
4046 1.79568431202 2.16214209171
4048 8.69957941403 8.82910064918
4050 3.93576766389 3.93576766389
4053 2.22878552241 2.22878552241
4054 0.525421574443 0.525421574443
4064 1.16338270115 1.45359372487
4070 3.95898692855 4.99212760265
4075 0.964910337754 1.33330753866
4082 1.63128332387 3.20751960959
4091 2.12155237165 2.98611874583
4093 6.69047262524 7.06782875428
4105 1.54653803483 1.54653803483
4106 2.43237483822 2.47158294406
4113 1.87640266809 2.56580886711
4159 2.16120858475 2.16120858475
4161 0.0 0.0
4162 0.69047355312 0.69047355312
4172 0.690412917922 0.916587109481
4175 0.0 0.0
4179 1.57096852089 1.62849934102
4182 0.442927586522 0.442927586522
4186 0.190531724496 0.190531724496
4193 4.0 4.08248290464
4195 3.69960109151 3.76516798079
4207 0.468875938246 0.50897843989
4210 1.32336181749 1.36201220313
4212 2.31826586607 2.87697524179
4219 0.165200954159 0.233629429889
4221 2.71699567644 2.81000859533
4227 6.35845957563 7.25812601787
4240 1.61241691236 1.89799553295
4247 1.0 1.0
4252 0.684133534202 0.684133534202
4253 0.384649505322 0.395392461814
4260 2.16063405316 3.33338907537
4271 1.71652309201 1.82566492077
4274 1.02933278579 1.02933278579
4282 1.0 1.0
4286 4.0 4.0
4296 0.662381398533 0.946280035468
4297 0.0 0.0
4308 1.34822024117 1.34822024117
4315 1.75111736143 2.10812440899
4341 1.09688935951 1.10832214219
4349 5.0 5.38516480713
4357 2.7511131264 2.7511131264
4362 3.44738672853 3.44738672853
4363 5.22559942544 5.36740005093
4367 1.0 1.0
4377 2.0 2.0
4382 1.80114789868 2.00301178588
4388 1.97669866716 1.97669866716
4395 0.92679238519 1.20461439803
4399 0.406137025863 0.406137025863
4415 0.0 0.0
4416 11.4843863111 11.4843863111
4417 5.2635826251 5.2635826251
4420 1.91525957835 2.01343605259
4423 2.67273267339 4.12313239887
4426 2.02888337483 2.36737672891
4431 0.255461338184 0.255461338184
4433 0.723902583646 0.723902583646
4437 4.09477707447 4.09477707447
4442 2.8284606089 3.74953876383
4444 1.19254863368 1.50764682056
4447 6.45275318194 7.0018353462
4456 1.07306921165 1.21781139472
4459 1.92528477381 1.92528477381
4461 0.502260196663 0.641925889614
4462 2.81445484478 2.81445484478
4474 1.04053138783 1.04053138783
4475 1.77113835192 1.77113835192
4479 3.0 3.0
4490 6.0 6.0
4492 1.46543118276 1.46543118276
4498 0.891152971232 0.969251542247
4501 0.5 0.707106781187
4508 0.272957348088 0.272957348088
4510 1.0 1.0
4514 1.0 1.0
4523 1.06631007893 1.58669092966
4524 1.75 2.17944947177
4525 0.831841941141 0.831841941141
4526 3.0 3.0
4531 2.82949743726 3.08149977313
4534 1.0 1.0
4538 1.10236510599 1.60893165979
4543 8.49839921455 8.62948372824
4546 5.18123979795 5.18123979795
4550 1.32704085367 1.57927269966
4553 2.90784063993 3.34669959455
4558 1.65079255668 1.68488842777
4565 0.00568889338382 0.00568889338382
4569 0.499051858058 0.513434178009
4570 2.84923490881 3.4721557896
4582 2.53096032379 3.55874451771
4583 6.99249764212 6.99249764212
4592 2.69370166642 2.71106018687
4593 3.23477162287 3.67759718063
4595 2.08543302166 2.08703727124
4602 1.78138512886 2.42858136435
4606 2.21429373856 2.49529038012
4613 0.929949967595 1.35094835093
4616 6.71764959817 7.71775286656
4619 0.720301831345 0.878297414769
4623 2.48254005206 2.48254005206
4624 2.98484374228 2.98484374228
4629 1.03359244174 1.22298280266
4636 2.03867082838 2.03867082838
4637 1.48996622477 1.48996622477
4638 1.0 1.0
4644 0.946058088318 0.946058088318
4645 0.851707059001 0.941298448317
4651 0.983392110707 0.983392110707
4656 8.92863366665 8.92863366665
4660 3.00531101831 3.40482402099
4665 5.53223775884 6.00694466124
4673 5.91384261918 5.91384261918
4675 2.92497739818 3.53376719198
4688 2.85790764553 3.17964516713
4698 0.378432657548 0.378432657548
4703 2.56676136739 2.57637276792
4709 2.68369248012 3.83148497604
4730 3.4953705847 3.4953705847
4740 2.21505902461 2.2418190425
4744 1.55673873328 1.55673873328
4748 2.16453212058 2.68485465893
4749 2.27524050828 2.27524050828
4760 1.80897664394 2.16585621245
4774 3.50517520576 4.94975287924
4781 2.40751190926 4.17306224568
4782 1.52693557348 1.52693557348
4790 1.16477689043 1.50908876628
4801 0.764055472264 0.764055472264
4802 0.972999410451 1.53439310407
4805 1.0 1.0
4806 3.49071637737 3.49071637737
4807 1.34066760828 1.44884573202
4810 1.34622634022 1.34622634022
4812 1.32844260352 1.32844260352
4813 0.534913441016 0.534913441016
4819 0.976546087423 0.976546087423
4820 2.98804301996 3.58897145967
4821 2.00135990281 2.83035031775
4827 3.37394164747 4.17661115612
4828 1.77061057745 2.15556493042
4851 2.99643500116 2.99643500116
4855 0.493488532203 0.610569134281
4861 7.74650809273 8.33410058302
4863 1.14392924047 1.44321256406
4871 7.85761830506 7.93809097116
4881 4.0 4.0
4885 0.121930292485 0.121930292485
4894 2.9669990282 4.05888608833
4900 0.0 0.0
4910 6.67358818545 7.06839557241
4916 0.542931506359 0.542931506359
4920 1.77583115225 2.11027315705
4929 6.0 6.0
4956 0.876356168154 1.08812510458
4960 2.99528909561 2.99528909561
4964 1.8582934253 2.66346758241
4966 2.68011905832 2.68011905832
4967 2.05837180053 2.81274863103
4971 0.0 0.0
4983 2.27315533174 3.01101366265
4988 0.500426313852 0.500426313852
4993 3.53694187811 3.53694187811
5003 1.34871627236 1.43004837814
5009 1.0 1.0
5026 1.48788436611 1.86203058438
5036 0.0871074920878 0.0871074920878
5045 4.0 4.0
5047 2.0 2.0
5062 1.93532445565 1.93532445565
5065 2.3316968072 2.33375634312
5066 0.72740758062 0.930338958592
5067 2.89350452526 2.89475441969
5069 4.55263288925 5.78480779032
5077 0.595643673267 0.715198115384
5078 1.21631328722 1.21631328722
5085 2.54078239699 2.54078239699
5086 2.44034708273 3.20366210114
5096 5.41399640275 5.41399640275
5099 1.86672826797 2.05812835288
5113 2.77058880594 3.49671041087
5121 2.23936405023 2.64241575848
5124 4.81141288975 4.81141288975
5127 3.02644361814 3.17917803881
5131 4.58285903633 4.58285903633
5132 4.92325054204 5.26199816703
5151 1.7465713643 2.05607468363
5154 1.07074982641 1.07074982641
5157 4.0 4.0
5159 1.45530422346 1.45530422346
5167 1.85377882124 1.94441605356
5183 1.64464171693 2.0714501773
5191 4.34151346598 5.21579770818
5202 1.49594285414 1.51635944946
5204 2.50291172886 2.55179620498
5210 0.0 0.0
5211 3.50877127033 4.40745603977
5217 2.63868854009 3.00687636537
5219 1.12365476394 1.12365476394
5223 3.04081869471 3.8901193767
5228 1.12938763039 1.39034434062
5229 1.51152889447 2.17749359755
5233 1.96973496476 1.96973496476
5246 1.48712157213 1.48712157213
5251 2.69228476887 3.45742927706
5254 6.0618342142 6.0618342142
5271 4.2801263679 4.2801263679
5272 1.43844929359 2.14052791645
5280 1.76460557093 1.96602912375
5289 0.276467261501 0.276467261501
5291 1.25422440362 1.77416727868
5293 1.80970556266 1.80970556266
5294 2.35333187808 2.72212168821
5295 5.73823998451 5.73823998451
5300 5.5 7.77817459305
5310 3.45638498958 3.45638498958
5311 1.61988794098 2.20223479448
5321 1.83762789619 1.83762789619
5322 2.17213980231 2.17213980231
5325 8.34112478965 8.95710776789
5326 0.0 0.0
5336 1.92396940427 1.92396940427
5344 1.70009034324 1.85726615542
5356 0.753309096043 0.753309096043
5361 1.5111697576 1.5111697576
5363 4.37660107511 5.42527215173
5367 0.0 0.0
5368 0.775383678141 1.09655811367
5371 4.3783125862 5.56062318046
5372 7.02965197638 7.02965197638
5374 4.0 4.0
5381 8.0 8.0
5382 0.0 0.0
5387 1.18501578268 1.18501578268
5404 0.92398605079 1.21136574311
5414 1.95412342368 2.44399545706
5421 0.761886367091 1.16190724289
5423 2.62580912238 3.08838612379
5424 3.14876968588 3.14876968588
5446 3.59355968867 3.59355968867
5456 2.64902012686 2.64902012686
5459 2.0 2.0
5462 3.50360854503 3.50360854503
5475 2.44733899086 2.44733899086
5477 2.93117668642 4.11934836344
5478 1.02569664656 1.07566846005
5479 0.0 0.0
5481 2.0 2.0
5482 1.11294500739 1.51853183628
5484 3.1650134399 4.11784044024
5488 0.924354174734 1.08674725587
5492 2.20957873684 3.13582600811
5493 1.46495118327 1.53696505236
5496 0.376585725711 0.560442489302
5499 0.0144516333747 0.0144516333747
5506 0.729136259809 0.729136259809
5507 2.53463716306 3.10811571452
5512 1.03809072734 1.22224524949
5515 1.83868032853 2.33988303327
5518 2.63560545851 2.86184680189
5519 3.0 3.0
5521 1.0 1.0
5523 1.62694260612 1.62694260612
5545 1.14880532371 1.14880532371
5546 3.55412231644 3.55412231644
5554 2.84557820447 3.64507358252
5562 1.24299112076 1.57624468173
5565 0.723778464955 0.902226144049
5573 3.06959550704 4.95852828627
5575 0.478406537879 0.478406537879
5578 1.88376413351 2.24143986766
5581 0.0 0.0
5584 0.985924668094 1.27629345907
5600 3.0 3.0
5608 3.99762621321 3.99762621321
5617 8.09282301555 8.09282301555
5633 10.1295158017 10.1295158017
5642 2.0 2.2360679775
5646 0.143489164227 0.143489164227
5649 2.1267164613 3.12158213063
5652 2.55056386961 2.55056386961
5655 1.45601273764 1.45601273764
5659 2.35225639964 3.51322744159
5662 1.29137181992 1.66385530172
5669 0.962712810045 0.962712810045
5674 1.37675089789 1.69945423751
5683 0.200208203243 0.283137156324
5685 2.74388852673 2.74388852673
5687 4.72476029736 5.13044004407
5692 3.0097713504 3.0097713504
5700 2.67141999846 2.67141999846
5702 9.0 9.0
5707 1.77505801999 2.54830146254
5720 4.0 4.0
5721 3.12863708739 4.91387112824
5724 1.92293237874 2.63836643674
5725 3.0 3.0
5729 3.50355545864 4.52313970024
5736 1.57403766789 1.57403766789
5737 2.81308443764 2.95381336845
5740 5.10281625457 5.10281625457
5745 1.0 1.0
5749 0.843194556034 0.870048601815
5763 0.862426293689 0.862426293689
5768 2.90238954204 2.90238954204
5772 4.05461883218 4.66682356791
5785 2.82165753797 2.98133145129
5786 1.82671581038 2.17990047758
5792 1.64521006265 1.64521006265
5799 0.0482858522453 0.0482858522453
5815 0.684759711644 0.684759711644
5816 0.5 0.707106781187
5826 3.67466121851 4.64994904972
5827 1.83468415845 1.83468415845
5831 3.00584783922 4.24264874747
5837 1.02999912 1.47998823919
5846 1.81462355935 2.45525032905
5849 4.11226101085 6.65881488008
5851 2.33868853302 2.43039027953
5865 0.705588733204 0.79324216421
5870 4.0755503973 4.0755503973
5891 0.386182543287 0.386182543287
5892 2.00413216931 2.00413216931
5896 1.2690769722 1.56095472823
5897 3.95927148059 4.03290936043
5898 0.334760973789 0.334760973789
5911 5.64273089015 6.96940410302
5915 1.0 1.0
5931 2.96602990676 3.36382284774
5933 2.53279414199 3.23685871495
5934 4.40062876201 4.61814837678
5936 2.21106370238 2.58084024913
5937 9.74701795193 9.74701795193
5941 0.495154353488 0.602860043584
5945 1.19107092185 1.19107092185
5948 2.91188173802 3.52332125697
5956 6.71804435206 7.81764924359
5957 1.28334002839 1.28334002839
5963 0.0 0.0
5964 1.0 1.0
5968 3.69474711404 3.69474711404
5969 2.7735096891 2.93620642166
5974 0.885219050585 1.2048760316
5976 9.0 9.0
5992 8.05395833115 8.10689477286
6004 1.0178909753 1.0178909753
6006 2.78689621638 3.34900578281
6013 1.28685883538 1.28685883538
6018 4.02060971789 4.02060971789
6022 1.33257094575 1.33257094575
6026 1.14093568038 1.42818966948
6038 1.75107286928 1.75107286928
6040 3.74967569506 3.74967569506
6041 1.27165470577 1.53808828318
6043 1.36456765012 1.91789186501
6045 2.2174476035 2.23866942508
6055 0.654332797834 0.654332797834
6061 0.871079350257 0.88056786699
6063 0.0 0.0
6065 0.0233815446285 0.0233815446285
6071 3.93373627036 3.93373627036
6077 0.949927008531 0.949927008531
6083 5.0 5.0
6091 8.49910345114 8.69381870719
6099 0.958895966079 1.02677637661
6103 0.967319263309 0.967319263309
6107 5.59923895547 6.07383598931
6115 0.691495724254 0.691495724254
6117 1.0 1.0
6120 2.69609885083 4.41489341763
6124 5.39747309271 5.39747309271
6148 2.91462654369 3.08643153152
6150 1.35810017254 1.78204292365
6154 0.554185227693 0.554185227693
6168 1.83877021089 1.87974277824
6183 0.0 0.0
6194 5.81677313197 6.48600169114
6201 1.85334460282 1.85334460282
6202 4.38946360837 6.46441371033
6215 0.0 0.0
6228 1.4700928204 1.4700928204
6234 1.00209744741 1.00209744741
6240 3.31258228888 3.81902530842
6269 2.0 2.2360679775
6276 0.0 0.0
6277 0.0 0.0
6280 3.13047979181 3.13319783975
6282 0.5 0.707106781187
6283 1.42459757819 1.47694902942
6285 1.91533081531 1.91533081531
6287 0.973282078208 1.08296265189
6290 2.73355894368 2.87439023799
6297 3.10500038095 3.7512736463
6299 2.56631250751 2.95506948515
6303 0.75346754379 1.06556401924
6325 1.32089761169 1.38731560327
6328 1.24852340852 2.35676112879
6343 1.79849151956 2.13486989956
6346 2.0 2.0
6349 2.0 2.0
6372 6.75848079084 6.75848079084
6375 0.316185627103 0.316185627103
6377 1.44088593158 2.38231478238
6378 5.87812031189 6.78704281252
6379 0.459516040844 0.459516040844
6384 2.25072253082 2.57489004811
6386 0.455583195999 0.802788816717
6400 6.51381752677 6.51381752677
6403 2.6108826257 2.6108826257
6404 1.16713840643 1.17904508255
6410 1.0 1.0
6411 5.49955149872 6.16402562931
6415 1.98623884773 2.80896591658
6418 1.01288309149 1.03317189817
6419 2.23435407032 2.29399079508
6421 1.36272786592 1.36272786592
6431 7.97046880768 7.97046880768
6435 6.62484675647 6.62484675647
6440 0.380367933499 0.380367933499
6444 0.256202972811 0.256202972811
6450 2.33792182582 2.87498949932
6454 5.32730543256 5.32730543256
6455 0.423190656021 0.456486016105
6456 1.99197260655 2.38475300539
6458 2.38092375364 2.54174138233
6463 0.601902953379 0.689103937374
6470 0.928613798686 1.34392691031
6476 11.6789767481 11.6789767481
6484 0.833801313189 1.15097867152
6488 3.01553777344 3.01553777344
6497 1.65108910494 1.65108910494
6517 1.58713447362 1.91530286598
6521 4.16547192338 4.60900823251
6526 1.01421115188 1.01421115188
6530 2.26549512248 2.6195485432
6533 1.51605298564 1.67316996558
6538 3.09095271954 3.16386546289
6549 1.30429830737 1.70808824737
6560 0.396463286245 0.40348030199
6562 1.6149695882 2.27253321821
6564 6.03941061716 6.03941061716
6574 0.902571491187 1.14369064948
6583 1.0 1.0
6591 0.0 0.0
6595 2.36040333008 2.688478751
6614 2.30037143934 2.30037143934
6615 1.18301166169 1.18301166169
6619 0.0 0.0
6631 2.35144691119 3.25020899054
6640 2.36243309435 2.44695355176
6644 2.90812131618 4.34110873331
6651 1.78753110607 2.23758582384
6655 1.0 1.0
6657 3.1760893506 3.1760893506
6680 1.17356197279 1.17356197279
6689 7.44208964131 7.44208964131
6697 1.23749493247 1.33025732551
6703 2.0 2.0
6704 0.764414357659 0.764414357659
6716 2.47002952673 3.39992560919
6732 1.79769312045 1.79769312045
6736 2.82577294779 3.26288594187
6737 1.57970903714 2.28197094466
6738 0.655116083362 0.655116083362
6740 3.0660472702 3.62502676186
6748 1.8677271915 2.50498051155
6766 2.89220843166 4.26983517149
6770 9.58413688762 9.58413688762
6775 2.17960020209 2.17960020209
6779 2.67243051567 2.86281720803
6780 3.48818918304 3.48818918304
6800 1.40010225911 1.79734667571
6809 7.0 7.0
6814 4.0 4.0
6816 3.87361148138 3.87361148138
6823 2.05935907205 2.44573881054
6826 2.0 2.0
6829 0.90180288979 0.924461727327
6830 2.49579846056 2.54456795335
6833 0.485915988874 0.485915988874
6838 5.23073092512 5.23073092512
6839 2.42786762961 3.065078191
6844 2.52833146981 2.52833146981
6854 2.43918642233 2.99948395928
6863 1.71259145525 1.87185896673
6872 1.87036365458 2.30637990845
6878 4.2949794626 5.0587227802
6883 1.61163224427 2.18474518431
6887 1.33416145982 1.33416145982
6889 1.76407298493 1.76407298493
6895 1.03273031841 1.52411067683
6902 4.45682631645 5.08913512929
6917 6.85539702449 6.85539702449
6921 0.943377655273 1.09428058843
6940 1.80729357686 1.9628609518
6941 8.0 8.0
6948 1.67281141322 1.67281141322
6955 0.988613866354 1.26235376887
6968 1.72475464034 1.85804381864
6971 1.43730941072 2.08133760465
6975 1.7405834809 2.95989300346
6980 1.1354804164 1.18968874793
6993 0.495609529846 0.495609529846
7001 1.72577456036 2.50108354351
7006 1.44086494426 1.7498501734
7011 1.57146157505 1.57146157505
7012 2.14254132032 2.22565372455
7013 3.44013690774 3.44013690774
7030 1.31363097273 1.31537089735
7043 0.602599090318 0.736278679127
7045 3.9578381807 3.9578381807
7052 5.22425985824 6.42813939006
7060 0.0 0.0
7063 1.00453982791 1.00453982791
7074 0.38104550128 0.38104550128
7079 2.09476493027 2.83160039271
7080 3.59578676383 4.82565972726
7081 0.0382131005427 0.0382131005427
7088 1.7201997095 1.7201997095
7094 0.616189698771 0.67944640654
7095 1.75526297323 1.75526297323
7099 3.49648879777 3.49648879777
7109 0.539189670294 0.540694787435
7112 1.89151510819 1.89151510819
7113 2.74756906476 3.1559878416
7119 1.03479270865 1.57386362384
7121 0.863660628584 1.13575178827
7123 1.0 1.0
7125 1.0 1.0
7127 11.0 11.0
7129 0.622247083729 0.622247083729
7130 1.043238609 1.16796393787
7134 1.91126873083 2.00617277285
7135 1.86167960438 2.38757666183
7137 0.230388122638 0.230388122638
7142 2.39107026269 3.09722156433
7158 0.70587988152 0.70587988152
7159 1.42828102118 1.74728415169
7163 3.78517554224 3.80058361928
7164 1.40983230333 1.40983230333
7166 1.07081644181 1.20800409394
7168 1.97465323272 2.27271477185
7171 4.86802834594 5.9319420652
7173 0.0 0.0
7176 5.13257539659 7.01039723839
7177 0.793916293016 0.793916293016
7178 0.729237519827 0.914285456512
7181 1.55643942968 1.55643942968
7203 0.686017222929 0.754456635236
7215 2.94315153669 3.52675188558
7222 3.15692123222 3.15692123222
7226 1.43469242063 1.43469242063
7234 5.28186734607 5.28186734607
7251 0.302947046858 0.428431822348
7262 0.69885486164 0.84479068372
7263 1.02970615047 1.02970615047
7272 9.76883909451 9.76883909451
7275 4.0 4.0
7278 3.32497079487 3.32497079487
7290 5.08926957215 5.35073505536
7293 1.15134961657 1.43031933947
7294 5.0 5.0
7297 0.0 0.0
7304 1.70306899194 1.89874756324
7310 1.84725767586 1.95269823339
7320 2.28495205394 2.34995118239
7326 0.309967269781 0.309967269781
7328 1.67953920284 2.35189848946
7334 12.0 12.0
7335 1.0 1.0
7339 1.79040129122 2.15052505863
7342 6.93353093328 6.93353093328
7351 4.21256910109 5.89780988072
7355 7.0 7.0
7356 6.5 7.38241153012
7382 1.32736711879 1.38280583131
7387 1.72341396913 2.35867617239
7389 4.8407853277 5.5794994621
7398 5.0 5.0
7407 1.71262143397 1.71262143397
7411 4.0 4.0
7413 0.252498719947 0.252498719947
7414 1.88829664492 1.88829664492
7420 1.56063820809 1.65828429918
7431 2.96553461202 3.71153088005
7436 3.44392306457 3.89193009519
7437 3.17360812183 4.42702338745
7438 0.0 0.0
7442 2.90606595035 3.14941967355
7446 0.965129172583 0.965129172583
7450 3.38437506423 3.38437506423
7453 1.1252807476 1.37614670989
7459 0.0 0.0
7465 0.828939975947 1.1228047175
7466 1.15088273609 1.44717528104
7474 2.94233436306 3.08936487156
7478 4.0 4.0
7484 1.99449695629 1.99449695629
7493 3.60232524467 4.46898893283
7494 4.0 4.0
7497 4.0 4.0
7498 2.0 2.0
7504 1.0 1.0
7513 0.902474759403 1.24899754484
7515 1.83637553632 1.83637553632
7518 0.723041599618 0.890417887141
7525 0.355677503589 0.355677503589
7538 0.449174979906 0.449174979906
7543 0.476479990289 0.476479990289
7547 6.20344911203 6.20344911203
7553 3.99994563499 4.3953187773
7557 2.05291996399 2.05291996399
7561 2.88082796061 2.88082796061
7562 6.43860524973 6.43860524973
7564 1.07984591301 1.07984591301
7568 2.40153016909 2.58457667571
7574 4.29259736701 4.34020870038
7578 3.50328220389 3.50328220389
7580 0.252896550584 0.252896550584
7585 1.0 1.0
7587 0.518986540652 0.518986540652
7591 1.32891517013 1.48959555975
7594 1.4613160287 1.4613160287
7600 2.07599282748 2.92359441895
7608 1.7658473041 1.91336908051
7611 8.94753026162 8.94753026162
7621 1.10494542205 1.10494542205
7632 1.4669561163 1.86156520193
7638 6.0 6.0
2.18739614498 3.09204258358