5 0.498685386759 0.498685386759
14 1.0 1.0
15 2.0 2.44948974278
22 2.0 2.16024689947
25 0.0 0.0
35 0.5 0.707106781187
55 0.0 0.0
68 0.0 0.0
69 2.37156455466 2.55704890289
76 1.59344409454 1.96976124381
83 4.0 4.0
85 1.0 1.0
95 2.0 2.0
97 5.0 5.0
122 2.48806005791 2.53547736568
136 3.33965747815 3.33965747815
161 5.0 5.0
171 1.0 1.0
172 1.5 1.58113883008
189 4.0 4.0
234 0.0 0.0
243 2.0 2.0
276 6.58244778307 6.58244778307
316 0.68353492085 0.966664355422
323 5.89919027024 5.89919027024
347 7.0 7.0
348 3.0 3.0
365 1.66666666667 2.88675134595
369 1.30341176133 1.64156261216
370 1.0 1.0
380 4.0 4.12310562562
381 0.213881037703 0.213881037703
384 0.692061394863 0.97872261061
433 3.35045600536 4.10240696356
452 0.0 0.0
485 2.39127800377 3.0735118141
509 0.382467072124 0.382467072124
523 0.0 0.0
524 0.437674281177 0.437674281177
532 2.0 2.0
544 6.0 6.0
550 2.80198014643 2.80198014643
555 3.0 3.0
566 2.50610809584 2.50610809584
569 0.633230412363 0.633230412363
579 1.0 1.0
590 0.0 0.0
591 0.0 0.0
617 1.0 1.0
626 11.0 11.0
659 0.741487231702 1.04123581442
676 2.75221390973 3.47425918744
683 4.0 4.0
684 1.0 1.0
687 1.0 1.0
714 1.3279004439 1.3279004439
767 2.0 2.0
777 0.945846338925 1.25150341553
785 4.0 4.0
810 1.0 1.29099444874
814 4.0 4.0
817 4.8660725111 6.10530395494
888 0.0 0.0
924 1.33333333333 2.30940107676
928 1.0 1.0
936 0.0 0.0
950 2.36213208868 2.90928248347
954 2.76965036899 2.76965036899
961 4.00515898265 4.00515898265
986 1.60994292652 1.99702816566
1040 2.0 2.0
1041 0.00204077467807 0.00204077467807
1051 0.0 0.0
1053 0.793141392543 1.00059615178
1070 1.44464338469 1.83589300231
1073 2.01491000114 2.04383117105
1074 1.0 1.0
1077 1.0 1.0
1079 1.97346999433 2.56387755119
1088 7.5 7.90569415042
1103 3.0 3.0
1129 1.0 1.0
1145 3.49338399304 3.49338399304
1154 3.0 3.0
1165 3.24659166351 3.24659166351
1166 3.0 3.0
1181 1.01749220139 1.01749220139
1193 1.5 1.58113883008
1211 2.0 2.0
1216 1.63966072536 1.77447030392
1219 3.85919715054 4.42489268637
1221 1.0 1.0
1226 0.536584679462 0.536584679462
1234 2.0 2.0
1261 1.0 1.0
1266 2.5 2.5495097568
1267 1.99019655899 2.11214835317
1283 12.0 12.0
1285 4.0 4.0
1287 2.0 2.0
1289 0.0 0.0
1297 2.55509063573 2.6535565292
1312 2.0 2.0
1313 3.25588989817 3.34159659933
1330 0.68144019767 0.68144019767
1345 4.0 4.0
1365 0.679537698923 0.751310568719
1374 4.0 4.0
1384 8.30142364637 8.30142364637
1387 4.0 4.0
1389 2.2479620119 3.57014574456
1391 1.14219234694 1.19468650717
1413 7.01763157563 7.01763157563
1426 7.11488115464 7.11488115464
1434 1.0 1.0
1437 0.334675579179 0.579675107191
1438 4.8 4.89897948557
1455 10.6139887197 10.6139887197
1458 1.62155113272 1.88655737031
1480 0.844774384107 0.861526737712
1483 7.0 7.0
1512 0.264712802565 0.264712802565
1513 1.33333333333 1.41421356237
1545 1.1131411518 1.31471847288
1547 4.66689234477 4.66689234477
1585 1.49331372025 1.49331372025
1599 1.33333333333 1.63299316186
1602 1.68421052632 2.05195670417
1605 2.16666666667 2.48327740429
1609 1.0 1.0
1622 1.28716061104 1.28716061104
1628 3.31383543494 3.76886659328
1629 1.0 1.0
1631 3.75414682117 3.76218847752
1651 5.0 5.0
1653 1.33361343596 1.63299330599
1674 2.0 2.2360679775
1678 0.293245139306 0.293245139306
1684 2.53704791729 2.76017075575
1718 1.0 1.0
1722 3.0 3.0
1731 1.47191059792 1.47191059792
1754 3.50281203755 4.34921728131
1770 4.0 4.0
1792 2.99283011265 4.01243216828
1793 0.47543659472 0.47543659472
1797 1.0 1.0
1802 2.0 2.2360679775
1807 3.0 3.0
1809 6.0 6.0
1811 0.355881689754 0.355881689754
1817 4.0 4.0
1831 7.134826411 7.134826411
1838 1.0 1.0
1847 2.0 2.0
1849 0.848190316134 0.868151215271
1853 3.0 3.0
1896 1.43669414227 1.43669414227
1899 2.23078567126 3.04762597564
1901 2.18441976273 2.78235353367
1902 1.83105316098 2.01827248943
1921 1.74741788887 1.74741788887
1924 3.0 3.0
1926 2.0 2.0
1946 0.0 0.0
1957 2.84885140926 3.08508275352
1965 2.30365005087 3.16604413513
1966 4.0 4.0
1984 3.0 3.0
1989 2.0 2.0
2005 2.65796765816 2.65796765816
2011 4.0 4.0
2023 2.74856818168 3.00128676734
2045 1.0 1.0
2069 5.0 5.0
2092 1.6867177086 1.6867177086
2096 0.739071336849 0.783779438494
2100 2.5 2.91547594742
2103 2.09255035936 2.77676031818
2108 0.666666666667 0.816496580928
2115 2.0 2.0
2117 5.0 5.0
2146 0.689179475838 0.974646961639
2151 0.513108417851 0.513108417851
2155 1.06597107689 1.06597107689
2183 3.16873061182 3.27595214953
2195 2.0 2.0
2204 6.0 6.0
2211 3.0 3.0
2242 3.0 3.16227766017
2245 0.5 0.707106781187
2246 1.25160252986 1.45828929437
2250 1.0 1.0
2259 3.55311883442 3.55311883442
2262 1.00429542194 1.29101588628
2272 0.0 0.0
2278 5.0 5.0
2299 1.5 1.58113883008
2320 2.48809022807 3.14778078434
2332 1.82539708603 1.9262678203
2355 6.0 6.0
2358 3.0 3.0
2402 3.0 3.0
2404 0.697850583858 0.697850583858
2409 3.09834719605 3.17632995197
2414 0.0 0.0
2422 3.5 4.30116263352
2428 4.0 4.0
2475 9.0 9.0
2477 3.0 3.0
2478 1.0 1.0
2499 4.08814455707 4.08814455707
2505 1.0 1.0
2506 0.735238657575 0.781456621979
2508 2.0 2.0
2537 1.0 1.0
2538 0.0 0.0
2551 2.5 2.91547594742
2561 2.33333333333 2.51661147842
2572 0.933840387145 1.06695879958
2584 2.0 2.0
2585 2.99090950411 2.99090950411
2590 0.0 0.0
2645 2.0 2.0
2669 1.74081192175 1.95740893361
2679 0.615388313343 0.615388313343
2683 2.29660302675 2.63393275679
2685 1.0 1.0
2687 8.0 8.0
2699 4.0 4.0
2716 8.8594245379 8.8594245379
2721 2.94506597149 3.0898435049
2733 4.53317734162 4.53317734162
2739 1.83333333333 2.62693457954
2764 0.896812580169 1.52315292331
2765 1.15185070748 1.55184685573
2771 2.90035428799 2.9020655168
2772 0.0 0.0
2788 0.0 0.0
2803 1.92751239074 2.30659432595
2806 5.0 5.0
2838 2.0 2.2360679775
2860 1.48210771158 1.48210771158
2890 1.0 1.0
2899 3.60348815418 3.65765347485
2913 1.33333333333 1.82574185835
2928 2.79245926937 3.2646264692
2935 0.766529450438 0.766529450438
2964 2.0 2.0
2976 1.37797345282 1.61047851844
2977 1.37774110288 2.03174834889
2981 1.98401862971 1.98401862971
3000 4.5 5.7008771255
3011 2.19312890281 2.19312890281
3045 3.5 3.80788655293
3051 2.5 3.53553390593
3052 1.3459369444 1.3459369444
3064 2.0 2.0
3092 2.0 2.0
3097 0.0 0.0
3102 0.0289469875396 0.0289469875396
3110 1.27461522888 1.79049099656
3115 2.00243599425 2.00243599425
3118 0.0 0.0
3127 2.0 2.0
3128 0.384653599272 0.384653599272
3129 1.0 1.0
3138 3.0 3.0
3165 1.44855801104 1.69537632983
3169 2.06626823293 2.26465575836
3186 2.46059608481 2.88021397407
3187 0.0 0.0
3193 2.99588488656 2.99588488656
3203 2.0 2.0
3212 2.03159507749 2.03159507749
3219 3.0 3.60555127546
3224 4.0 4.0
3225 6.0 6.0
3231 5.0 5.0
3242 1.0 1.0
3243 0.0 0.0
3245 0.959242151127 1.25144830916
3252 0.142857142857 0.377964473009
3278 1.0 1.0
3284 0.766797976338 0.80147509029
3290 0.0167060452018 0.0167060452018
3293 0.00500818002738 0.00500818002738
3294 5.00514694529 5.10306070358
3296 3.0 3.0
3300 4.0 4.0
3321 0.82848798071 1.14430035814
3341 3.0 3.0
3345 3.0 3.0
3353 1.0 1.0
3368 1.75555273378 1.75555273378
3381 0.493584369814 0.493584369814
3389 1.13506209203 1.42098535406
3395 1.61586463695 2.04526696494
3398 7.0 7.0
3409 1.0 1.0
3423 2.40983622554 3.51438350367
3426 2.46761031109 2.46761031109
3429 2.73170696117 3.12300928865
3440 3.0 3.0
3450 2.0 2.0
3452 1.084812103 1.08812241574
3468 1.74417463213 1.89629666205
3478 1.34705323647 1.54008071395
3481 2.0 2.0
3486 8.0 8.0
3502 2.17867180397 2.97712658441
3514 10.4034051096 10.4034051096
3522 9.25783008933 9.25783008933
3523 1.87625591652 2.42684682818
3545 1.65876793295 2.13317006192
3571 0.0176054013371 0.0176054013371
3573 8.0 8.0
3580 3.02207093258 3.02207093258
3594 6.0 6.0
3595 0.999613848445 1.17072612133
3619 0.403207435175 0.403207435175
3632 1.06783797746 1.22095737225
3636 2.4941420518 2.4941420518
3657 4.5 4.5
3661 2.51086922766 2.51086922766
3722 0.0 0.0
3736 1.87685286539 2.18724396543
3738 0.500777580791 0.500777580791
3755 1.12022249536 1.50084495126
3758 1.50146911912 1.50146911912
3783 1.0 1.0
3802 0.993469174504 0.993469174504
3840 4.0 4.0
3843 0.253901729703 0.253901729703
3857 1.76019676655 2.36666161482
3864 8.0 8.0
3874 1.47985384883 1.47985384883
3876 8.0 8.0
3889 2.5 2.91547594742
3895 3.00140447466 3.00140447466
3912 1.0 1.0
3913 1.24711498873 1.27136331924
3927 1.85431398685 1.90920726572
3953 1.0 1.0
3993 0.859870753004 1.13942368304
3995 2.66666666667 2.94392028878
4004 1.66666666667 1.87427942231
4023 0.5 1.11803398875
4048 6.0 6.0
4050 2.0 2.0
4064 1.0 1.0
4082 1.0 1.18321595662
4091 6.03932936155 6.03932936155
4093 0.0 0.0
4106 5.0 5.0
4113 4.0 4.0
4159 3.0 3.0
4162 2.40016462649 2.40016462649
4172 1.0 1.0
4195 3.0 3.0
4207 1.0 1.0
4210 1.0 1.0
4212 1.26869474055 1.46437485884
4221 5.0 5.0
4227 9.66666666667 9.8488578018
4240 2.32772631567 2.4228622964
4253 3.02608582236 3.02608582236
4271 4.5 4.52769256907
4296 0.98668918413 0.98668918413
4308 1.98383446492 1.98383446492
4349 7.0 7.0
4357 3.33430654803 3.33430654803
4382 1.67047917824 1.91685557504
4395 1.47324487711 1.99662636789
4416 11.0 11.0
4417 5.0 5.0
4420 1.0 1.0
4423 0.515563596747 0.515563596747
4444 1.22977741207 1.64656935365
4447 6.9961978632 7.06676692156
4462 3.68075092575 3.68075092575
4498 3.5 4.30116263352
4514 1.0 1.0
4525 0.0 0.0
4538 1.0 1.0
4550 2.0 2.21108319357
4569 0.676712053551 0.676712053551
4582 2.33333333333 2.88675134595
4592 1.5 2.12132034356
4593 6.0 6.0
4595 1.0 1.0
4602 1.0 1.0
4606 1.76565484953 2.17297461349
4613 1.0 1.0
4616 3.0 3.0
4619 1.43153885462 1.78095164624
4629 2.0 2.0
4645 0.50346412323 0.50346412323
4651 1.0 1.0
4656 8.0 8.0
4665 3.5 4.94974746831
4675 1.05398037813 1.05398037813
4688 3.5 4.30116263352
4709 4.0 4.0
4748 2.11722702139 2.29389153882
4781 1.0 1.41421356237
4802 0.734430448168 0.780970722919
4807 1.00243837614 1.29288872529
4810 1.51607085461 1.51607085461
4812 1.0 1.0
4819 2.0 2.0
4827 2.66666666667 2.70801280155
4828 0.0337629838534 0.0337629838534
4855 1.0 1.41421356237
4861 11.0 11.0
4863 1.0 1.0
4885 1.0 1.0
4910 6.0 6.0
4920 2.13517692658 2.41069999368
4956 1.0 1.0
4960 3.02174622159 3.02174622159
4964 1.5 1.58113883008
4967 1.01271132579 1.01271132579
4988 1.00170937249 1.00170937249
4993 4.0 4.0
5026 1.24328371575 1.45546347694
5036 1.0 1.0
5065 0.0 0.0
5069 7.5 8.27647267862
5077 2.0 2.0
5096 7.0 7.0
5099 1.65618677201 1.65618677201
5113 1.24776126086 1.27212177345
5121 4.65002424353 4.65002424353
5132 3.0 3.0
5151 1.7938091345 2.2220344127
5154 0.0 0.0
5183 1.98617532757 2.2175288518
5217 2.5 2.5495097568
5219 2.01983382858 2.01983382858
5223 2.00657881419 2.65818759028
5228 0.5 0.707106781187
5229 2.33333333333 2.51661147842
5246 2.91270972131 2.91270972131
5251 1.74313039115 1.74313039115
5254 3.0 3.0
5272 0.777307224696 0.961598555514
5291 1.5 1.58113883008
5293 2.07367803667 2.07367803667
5295 4.0 4.0
5310 5.11497556769 5.11497556769
5325 9.5 9.82344135219
5336 2.30958769132 2.30958769132
5344 0.75 1.5
5356 0.932395318376 0.932395318376
5363 7.0 7.0
5371 4.75 6.94622199472
5372 7.34183052733 7.34183052733
5387 0.0 0.0
5404 0.0108915406765 0.0108915406765
5414 0.0 0.0
5446 4.0 4.0
5478 2.0 2.0
5488 1.0 1.0
5492 1.0 1.0
5493 4.54728306797 4.54728306797
5499 0.509873972209 0.509873972209
5506 1.45595190257 1.45595190257
5507 2.07115331364 2.61352251083
5512 1.40526919173 1.52785590028
5515 0.613342307118 0.895996005857
5523 2.0 2.0
5554 4.0 4.472135955
5562 1.5 1.58113883008
5573 12.0 12.0
5575 1.0 1.0
5578 2.0 2.0
5584 1.49905545835 1.89527270683
5608 4.0 4.0
5633 3.0 3.0
5652 2.0 2.0
5655 1.0 1.0
5659 6.0 6.0
5662 2.75 2.95803989155
5674 1.0 1.0
5683 1.0 1.0
5687 5.98662252099 6.30763967342
5707 1.0 1.0
5724 3.0 3.0
5729 3.16666666667 4.14326763155
5736 0.0 0.0
5749 0.753183091418 0.792592805645
5772 2.87015355164 3.12863575867
5785 1.0 1.0
5786 3.0 3.0
5815 2.0 2.0
5826 2.0 2.0
5837 0.888364794707 1.12138891678
5849 5.16780042266 7.07735977568
5865 0.388191612773 0.397028216747
5870 2.0 2.0
5891 3.0 3.0
5896 1.0 1.0
5897 5.0 5.0
5898 0.0114120239938 0.0114120239938
5911 9.0 9.0
5931 0.0 0.0
5933 3.16956798322 3.33308722286
5941 0.0 0.0
5948 3.0 4.24264068712
5956 7.0 8.60232526704
5968 1.0 1.0
5969 3.0 3.0
5974 1.75 2.15058131676
6004 0.495814031367 0.495814031367
6006 3.0 3.0
6026 1.0 1.0
6041 1.19613328498 1.46240133133
6043 2.50116708448 3.06054877306
6045 1.58601842228 1.58601842228
6077 4.0 4.0
6091 11.0 11.0
6107 7.0 7.0
6115 1.0 1.0
6154 0.330661362805 0.330661362805
6194 11.5193274063 11.5193274063
6201 2.0 2.0
6202 1.24838713146 1.24838713146
6234 1.0 1.0
6240 2.0 2.0
6280 6.0 6.0
6290 2.66227034199 2.82532700485
6297 6.0 6.0
6299 3.0 3.0
6325 1.0 1.0
6328 0.381213268618 0.564683705667
6343 0.0 0.0
6372 2.0 2.0
6375 0.677141249753 0.677141249753
6378 6.33333333333 7.4161984871
6379 1.0 1.0
6404 2.97773716872 2.97773716872
6418 1.05757401291 1.05757401291
6419 2.0 2.0
6435 6.0 6.0
6450 3.40762356275 3.77439160263
6454 4.0 4.0
6456 2.5 2.5495097568
6463 0.89299169822 0.899380314294
6484 4.0 4.0
6517 1.77461287464 2.18082816725
6521 5.5 5.7008771255
6533 0.75 0.866025403784
6549 0.890761195541 1.33944153436
6560 3.5 3.80788655293
6562 1.66666666667 2.0
6574 1.666950589 1.79542400405
6595 0.647773853021 0.647773853021
6615 0.425151941559 0.425151941559
6631 4.0 5.0
6640 2.0 2.0
6680 1.50503582631 1.50503582631
6697 1.48653393449 1.5641286417
6716 0.499402642709 0.499402642709
6736 4.33333333333 4.43471156522
6740 2.5 3.53553390593
6748 2.30383527705 2.84913691815
6766 2.33333333333 2.88675134595
6779 2.89782149907 2.90162163644
6800 1.0 1.0
6823 1.72950894321 1.88349957869
6830 2.0 2.0
6838 7.0 7.0
6839 3.0 3.41565025532
6854 1.73113532388 2.1808650753
6863 2.29109390926 2.29109390926
6878 1.0 1.0
6883 1.0 1.0
6895 2.00038572062 2.60797692214
6921 1.5 1.58113883008
6940 3.77967714371 3.77967714371
6948 2.70294244471 2.70294244471
6955 1.0 1.0
6980 2.0 2.0
6993 3.49789918909 3.49789918909
7001 2.98589385913 3.15340663457
7006 1.59803099772 1.7866570392
7013 3.62362975628 3.62362975628
7030 1.66596451704 1.69623041534
7052 2.0 2.0
7081 2.0 2.0
7094 1.1120673479 1.40608668145
7099 5.0 5.0
7109 4.0 4.0
7121 1.39562418178 1.82892694844
7125 1.0 1.0
7135 1.0 1.0
7137 1.0 1.0
7142 0.0 0.0
7159 1.61465290558 1.76394530582
7163 4.0 4.0
7166 1.0 1.0
7168 2.55206397221 2.93129294115
7171 8.5 8.86002257333
7176 0.0 0.0
7177 0.0 0.0
7181 3.0 3.0
7226 2.3161958133 2.3161958133
7251 0.327536332701 0.327536332701
7262 0.492669051669 0.492669051669
7290 5.99089426587 5.99089426587
7304 1.51560131943 1.51560131943
7310 2.15704450179 2.16275379049
7320 2.51273118678 2.51273118678
7326 0.722560064268 0.722560064268
7328 1.91170567082 2.54648302537
7334 12.0 12.0
7339 7.0 7.0
7351 1.66666666667 2.38047614285
7355 7.0 7.0
7382 0.746014962488 0.788065177213
7387 1.5005112396 2.32748333837
7407 0.0 0.0
7413 0.356656268525 0.356656268525
7420 3.0 3.0
7437 1.33333333333 1.82574185835
7442 0.504725808586 0.504725808586
7453 2.5 2.91547594742
7465 2.50296353999 2.50296353999
7466 1.0 1.52752523165
7474 4.5 4.52769256907
7493 4.0 4.0
7504 1.0 1.0
7513 1.33333333333 1.41421356237
7518 0.267340539291 0.378076616437
7553 4.0 4.08248290464
7561 1.00958998457 1.00958998457
7564 0.51406625633 0.51406625633
7568 7.0 7.0
7621 1.0 1.0
7632 1.0 1.0
2.14658182697 2.9915100053