5 1.56995797785 1.56995797785
6 0.255869616815 0.305424492883
9 1.66280844984 2.05737386425
14 1.0 1.0
15 2.30348760445 2.82997805389
22 3.35412959874 4.56600767723
24 7.06723442403 7.06723442403
25 0.597168485105 0.764906028431
35 2.02513663737 3.42656348523
55 0.153143217656 0.184030469294
57 2.4260255101 2.4260255101
58 1.0 1.0
59 7.0 7.0
66 3.48555080338 3.48555080338
68 0.859411215583 0.880985956533
69 1.01502886005 1.19049596021
76 1.49629952658 1.97861934921
81 1.63375800983 1.63375800983
83 7.17893171088 7.44045470725
85 0.528768207622 0.6935646961
89 10.4772712654 10.4772712654
95 1.33881537553 1.33881537553
97 2.11195643882 2.11195643882
122 2.77593357102 3.41376120556
126 3.66527685068 4.17757008224
134 1.06490671899 1.41965470371
136 3.1030065475 3.4116804752
151 2.1483613489 2.1483613489
156 3.91791701235 6.36574532494
161 2.74109347021 3.09412185888
164 2.13909378234 2.2439008606
171 1.14503308002 1.48435365668
172 2.53452660684 2.70908090712
186 1.66828672624 1.7971610249
189 2.02571684384 3.04400562743
196 3.33333333333 5.22812904712
205 1.62236309172 1.66573456345
219 0.310906433427 0.310906433427
221 4.0 4.0
234 0.436428534124 0.436428534124
243 2.0 2.0
259 3.35792248952 3.35792248952
274 9.52935421751 9.52935421751
276 5.0855886978 5.45084559366
291 1.36849084909 1.36849084909
299 0.714888456581 1.05497699209
303 1.0 1.0
304 0.5 0.707106781187
307 4.33333333333 4.65474668126
308 3.74736380827 4.37231121077
316 0.776057452076 1.16246178666
323 4.84364460583 4.84364460583
326 2.6684831476 2.6684831476
328 3.62331982945 3.62331982945
331 2.41584444828 3.16498584179
334 0.333333333333 0.57735026919
342 2.75074464688 3.33281274037
343 2.32360103613 2.50501132196
346 2.7796596764 2.7796596764
347 4.93298695413 4.93298695413
348 1.91659727442 2.1124639179
360 2.0 2.0
362 1.0 1.0
365 1.83753317003 2.23286973656
369 1.07406927715 1.45707235988
370 6.44182808621 6.44182808621
376 1.54351461579 1.54351461579
380 2.23502518714 2.23974149448
381 0.250504552396 0.250504552396
383 2.0 2.0
384 0.184187393893 0.285795486537
393 1.05873523461 1.05873523461
405 3.0 3.0
410 0.957782354158 1.12333705711
419 0.492337458335 0.492337458335
420 1.93804472324 2.97726578417
427 1.29397952083 1.32695401541
431 4.75458716706 6.56288115542
433 3.03267634651 3.36799746255
445 1.22170489424 1.26121768928
452 1.42827372123 1.50934666168
475 2.15874381136 2.15874381136
476 1.88094268082 2.88734877915
480 2.08304881425 2.08304881425
485 2.03933355546 2.56745627934
493 3.37197637391 4.06764044929
502 3.24831464461 3.24831464461
509 0.867539460755 1.09357709215
512 9.0 9.0
515 1.11654225492 1.17508821601
517 2.51436314044 3.07136911701
520 2.23412794391 2.23437543448
523 0.632860298475 0.89499961719
524 1.6377071946 1.6377071946
531 3.20339542625 4.18652542081
532 0.535659046902 0.632201944419
538 0.759039602445 0.86621409458
544 1.03731037498 1.34889276128
545 3.0 3.0
549 2.0 2.0
550 2.62495285424 2.62495285424
552 1.0 1.0
555 1.84450398122 2.89692025346
564 2.69488065773 2.69488065773
566 1.62140493485 1.6650189747
569 0.950634794308 0.951915666265
575 3.507276356 3.81744278945
579 3.51433523487 3.82298369847
590 1.19086699947 1.31710461388
591 0.254409900342 0.254409900342
594 3.16479387679 3.16479387679
599 0.299851493228 0.299851493228
611 0.853084507094 1.46348965277
617 2.75429457747 2.75429457747
618 2.0 2.0
621 1.63251763851 1.63251763851
625 3.13872042705 3.13872042705
626 5.60621187767 6.18239047365
638 2.62119372887 2.62119372887
643 8.81936252948 8.81936252948
649 1.34167255403 1.51512497503
650 3.55678513061 3.55678513061
652 4.816523965 4.816523965
659 3.11907639367 3.78615825847
676 1.56369133516 2.14137211825
683 2.24204865241 2.97794780345
684 0.4489860362 0.598184780844
687 0.140170924581 0.140170924581
689 1.67033035557 1.85315863667
691 4.22468100803 4.22468100803
712 0.0 0.0
714 0.261307421029 0.369544498767
723 5.82536692062 5.82536692062
725 2.67056522881 2.93528876682
745 0.62085733935 0.857563702565
758 2.0 2.0
764 3.39537507558 3.5468999945
767 0.563627133193 0.563627133193
772 1.0 1.0
777 1.03476075714 1.31919622974
779 0.11544230642 0.11544230642
783 2.61432186441 2.61432186441
785 1.83029468619 1.83029468619
806 1.29019697272 1.29019697272
809 3.0 3.0
810 2.32222691902 2.98126340516
814 2.877906259 2.877906259
817 3.44261190001 5.17902915686
831 1.8868101904 1.8868101904
845 1.0 1.0
848 2.25 2.25
853 7.86389602065 7.94436488369
860 7.72142887753 7.72142887753
878 1.32418142044 1.32418142044
881 0.735972948012 0.736315681547
886 1.6018650694 1.6018650694
888 1.81792111776 1.81792111776
924 1.21348462819 1.43137894536
928 0.760579003004 0.760616743991
936 0.779895361156 0.779895361156
950 2.39731691755 3.2172128935
954 3.2901068169 3.2901068169
961 3.02840961758 3.66639304907
963 0.353967012375 0.353967012375
978 1.58054801321 1.58054801321
986 0.977665304561 1.23503427411
988 2.17388109005 2.17388109005
992 2.0 2.0
1005 1.0 1.0
1007 1.32414636046 1.32414636046
1013 0.0968663778273 0.0968663778273
1023 1.0 1.0
1037 2.0 2.0
1040 1.28954230852 1.28954230852
1041 1.24671876281 1.65350230753
1051 2.50892209721 2.55653038247
1053 1.13357368743 1.13650635015
1056 1.29937669388 1.81216811533
1069 0.581066454327 0.584805357078
1070 1.77538415154 2.3726606599
1073 2.36688950705 2.36781571734
1074 1.78630595845 1.78630595845
1077 0.308476832318 0.308476832318
1079 2.03332968308 2.61483741608
1084 1.59960548416 1.59960548416
1088 8.14101325707 8.29870731367
1103 2.34433497537 2.34433497537
1129 0.481948859411 0.481948859411
1145 1.37048246152 1.37048246152
1148 8.5 9.19238815543
1152 0.971015892952 0.971015892952
1154 1.67243714319 1.70589621955
1165 1.77753742594 2.27788118602
1166 0.92806014163 0.92806014163
1181 1.93946759976 1.93946759976
1193 0.797502234891 1.02866709733
1211 1.36426466672 1.36426466672
1212 0.737278440788 0.737278440788
1216 1.3359179204 1.50428687491
1219 2.99233845749 3.58848570581
1221 0.253416472579 0.253416472579
1226 0.333977333441 0.333977333441
1234 0.839890632932 1.05181988839
1237 2.0 2.0
1239 0.658786830764 0.658786830764
1244 1.22903443766 1.22903443766
1261 1.15018074564 1.15018074564
1263 2.5 2.91547594742
1264 0.0 0.0
1266 2.85429494837 3.25219090144
1267 1.28464319542 1.62228289543
1269 2.0 2.0
1275 1.73318806658 1.73318806658
1283 11.4207621608 11.4207621608
1284 5.03033785873 5.03033785873
1285 0.0774983545997 0.0774983545997
1287 3.51271138593 4.57869096975
1289 1.07643558124 1.9006118378
1292 1.89114948791 2.31100899475
1295 0.666749439422 0.666749439422
1296 1.0 1.0
1297 2.54473027245 2.99133303661
1308 3.95355823007 3.95355823007
1312 0.844666159978 1.12008487566
1313 1.34364104607 1.52573603803
1325 0.572866825905 0.572866825905
1330 1.07167618443 1.51566648738
1337 3.0 3.0
1345 0.634212604385 0.634212604385
1365 1.65154720012 2.20861127924
1369 1.96315374643 2.37111810306
1374 1.25444621628 1.48146968268
1384 4.56529747286 5.98397350843
1387 4.09735838259 5.44865651285
1389 1.47457041517 2.58874042077
1391 0.88049613177 0.927552056925
1413 7.27202437994 7.27202437994
1422 1.59558365886 1.59558365886
1424 1.52900417597 1.79494713958
1426 10.4912845823 10.5657863806
1434 2.20181239837 3.08554100394
1437 0.624968876368 0.677218681346
1438 3.78980502945 4.58152482451
1443 3.0 3.0
1453 1.64394197629 1.64394197629
1455 5.85696809644 7.60882476947
1458 1.3903502035 1.64163795531
1461 1.17151222169 1.17151222169
1465 1.53333198659 1.53333198659
1479 8.02825337017 8.07785722274
1480 0.631323587441 0.698764045696
1482 2.79661509407 2.79661509407
1483 2.57139468747 2.57139468747
1496 0.802469321566 0.947794400102
1499 0.833831138262 0.917283017483
1504 0.501219482452 0.501219482452
1512 2.34136139566 3.61563549229
1513 1.53070163934 2.37076557085
1518 2.53240620566 3.28678968436
1530 1.42704889928 1.45572206795
1544 1.0 1.0
1545 1.1210004842 1.27468317992
1547 2.59025283562 3.66317069011
1569 1.0 1.0
1579 1.16673670439 1.16847565749
1585 0.756780246357 0.885960307697
1597 7.63150492831 7.65482642119
1598 0.676460901629 0.676460901629
1599 2.48826163252 2.83788798369
1602 1.55751483685 2.07998725823
1605 3.49847822464 3.60542501767
1609 0.139218505796 0.142556528583
1622 1.19548093331 1.3956978759
1627 4.5 4.5
1628 2.38760376553 2.70222494755
1629 3.82947584517 3.82947584517
1631 1.76589576759 1.88322053223
1638 3.74519251995 3.74519251995
1651 2.0977237068 2.32756623831
1653 1.33022906724 1.58910000104
1658 3.0 3.0
1662 5.37659562269 5.37659562269
1674 1.79906230639 1.96853390923
1678 1.11965002341 1.11965002341
1683 5.0 5.0
1684 2.17103108096 2.25501962752
1687 1.02614336367 1.02614336367
1691 9.52630508502 9.53182566934
1718 1.91245247986 2.28023615007
1719 0.0 0.0
1722 1.54232283858 1.6812610139
1731 1.39002992284 1.39002992284
1732 3.05394886418 3.05394886418
1754 3.42386014061 4.56411092562
1764 8.73045986812 8.73045986812
1770 2.85165822285 2.86543124441
1778 0.918943862606 0.918943862606
1789 1.35561379582 1.56079312636
1792 2.67064250752 3.47880726398
1793 0.269453285009 0.269453285009
1797 0.292791876377 0.292791876377
1802 3.60182358505 4.22097278688
1806 0.765981419788 0.765981419788
1807 1.35353297214 1.74669431135
1809 4.90413087003 4.90413087003
1811 1.77420741545 1.77420741545
1817 2.12747597724 2.12747597724
1825 0.0 0.0
1828 3.0 3.0
1831 7.2806970927 7.2806970927
1832 1.26105557347 1.26105557347
1833 1.75823492094 1.75823492094
1836 0.115576919584 0.115576919584
1837 1.0 1.0
1838 1.94074710802 1.94074710802
1839 1.0 1.0
1847 2.0 2.0
1849 0.450829847224 0.556250425662
1853 2.22346021621 2.58879402084
1855 3.0 3.0
1859 3.84066637335 3.84066637335
1867 0.292902800096 0.292902800096
1872 1.84676916684 1.84676916684
1878 0.0 0.0
1880 1.0 1.0
1888 2.5394404681 3.13709082353
1896 1.28822802812 1.28822802812
1899 1.5285517313 1.87870848247
1901 2.55294091217 3.12052779013
1902 1.17618598334 1.33352446861
1907 1.7763568394e-15 1.7763568394e-15
1918 1.35335653669 1.35335653669
1921 2.47258066935 2.98695859302
1924 1.50398920256 1.50398920256
1926 0.25607121989 0.25607121989
1939 1.0 1.0
1940 2.0 2.0
1941 3.52453912457 3.52453912457
1946 4.68277002836 5.73867143364
1955 1.51750203402 1.51750203402
1957 2.4570248069 2.8200000069
1959 3.45165879396 3.45165879396
1962 1.39818050398 1.52220084992
1965 2.93175127533 3.80812090073
1966 0.218155956278 0.218155956278
1972 1.17598185234 1.17598185234
1984 1.33012610415 1.3442224246
1989 2.05950594352 2.49221477303
2005 1.61508033119 1.82664757443
2007 3.0 3.0
2011 0.635004390532 0.635004390532
2023 2.33103846238 2.98116334285
2033 0.29701464673 0.29701464673
2040 1.83419991787 2.6741904272
2045 0.553070567059 0.553070567059
2062 2.24584359325 2.86668869541
2069 2.33127703056 3.29692359427
2071 3.0 3.0
2080 3.0 3.0
2092 2.39053031176 2.48193203324
2096 0.919132872817 1.055442371
2100 4.75393815164 5.74057954586
2103 2.30833248359 3.11090078581
2108 2.15937433492 2.75324191605
2114 1.0 1.0
2115 1.4708969866 1.94466752168
2117 1.9111339698 1.9111339698
2127 0.499490850585 0.706386735179
2142 0.0 0.0
2146 2.29211939056 2.61220479746
2149 0.833916145255 0.833916145255
2151 0.640600064133 0.640600064133
2155 2.13527220181 2.30372340805
2183 1.59602673184 1.72161800184
2186 3.2705359515 3.2705359515
2192 2.0 2.0
2195 2.29944242337 2.86267811459
2197 0.0 0.0
2202 4.10150593687 4.20863830722
2204 3.86709276926 3.86709276926
2205 3.0 3.0
2210 2.0 2.0
2211 0.350543219199 0.364577659624
2212 1.99343295344 1.99343295344
2233 3.0 3.0
2240 1.0 1.0
2242 2.58023953065 3.25037400853
2245 0.825683171378 1.00371624637
2246 1.48156681929 1.53191798967
2250 0.942549766327 0.942549766327
2254 3.26260216506 3.38448567222
2259 2.55878842553 2.55878842553
2262 0.913488081129 1.3474418335
2272 0.719709737435 0.727509824068
2278 2.67706638553 3.16482572817
2287 0.980788450242 0.980788450242
2289 1.0 1.0
2292 0.864465822111 0.952108268035
2299 4.15538105023 5.72446659824
2319 0.856337187339 1.17354044188
2320 2.44595014947 3.5360120515
2329 1.0 1.0
2332 1.55876770837 1.66498630149
2346 2.0 2.0
2355 2.33213153235 2.68577957093
2358 2.29270274569 2.29302266384
2364 1.0 1.0
2367 2.46611308121 2.46611308121
2376 1.0 1.0
2378 6.2611298847 6.2611298847
2386 2.38642426997 2.55276821622
2394 0.525168571981 0.708002057929
2402 6.47097004036 6.47097004036
2404 1.12931805537 1.12931805537
2409 2.0083542129 2.25940329213
2414 0.378367062302 0.378367062302
2422 2.89284126298 3.53301647465
2428 2.50340361805 2.50340361805
2430 0.0345135556531 0.0345135556531
2431 2.18504094036 2.68051733057
2450 2.73277511559 3.1750984514
2451 2.0 2.0
2475 6.510476447 7.41062036225
2477 1.71220011576 1.8544506864
2478 0.427019527198 0.523914827913
2484 1.77119779478 2.18758483431
2494 2.12952656624 2.94763873825
2496 1.25409764641 1.76669695315
2499 4.18713033922 4.18713033922
2505 6.48816173334 7.37761822604
2506 3.31220298045 3.66672710958
2507 2.33770752641 2.33770752641
2508 3.52783002572 3.84445695487
2518 2.0 2.0
2527 0.281085084714 0.397514338984
2530 1.59744358509 1.92833077839
2537 1.09064931395 1.09064931395
2538 1.87621216336 1.87750791499
2539 1.74722044912 1.90029410814
2541 6.0 6.0
2551 2.15586295336 2.81483432498
2554 1.03278999242 2.00107489475
2561 2.68429198695 3.3896054628
2562 2.79111185049 2.85186626516
2572 0.872281637906 1.10799754361
2580 1.0 1.0
2584 1.55101832578 1.55101832578
2585 3.88826239683 5.300344206
2586 6.11092943564 7.10573002634
2587 2.38712698664 2.38712698664
2590 1.36594963385 1.36594963385
2596 1.0 1.0
2609 1.00854664331 1.00854664331
2618 0.596550583884 0.84364992637
2627 1.78311550933 2.38969874679
2634 3.0 3.0
2636 1.48849320357 1.57392859427
2645 1.24414707079 1.2662546292
2647 9.0 9.0
2649 0.0 0.0
2669 0.746933923322 0.937412490117
2676 1.98534069789 1.98534069789
2679 1.24115506315 1.24115506315
2683 1.93269145838 2.13710132379
2685 1.32007945725 1.64299382402
2687 3.91541357604 3.91541357604
2690 1.02955200662 1.05567258494
2693 2.00154154463 2.23813628282
2699 0.370194643177 0.370194643177
2704 2.60232240861 2.60232240861
2713 2.33333333333 2.64575131106
2714 2.0 2.82842712475
2715 4.21307053751 5.23916889217
2716 6.77216407414 7.31758839379
2721 1.51120653817 1.71140976034
2733 4.41506957862 4.41506957862
2739 0.910909077561 1.30562714081
2750 0.162056014185 0.162056014185
2758 3.53152485735 3.53152485735
2761 3.0 3.0
2764 1.46002162096 1.8722599373
2765 2.19926813879 3.0337458601
2771 1.75860941779 2.18531450932
2772 0.426404137234 0.43775351849
2775 4.97835535315 4.97835535315
2777 1.36769873013 1.7322818948
2788 1.0771794541 1.0771794541
2800 1.72734820738 1.99777038458
2803 2.52525339049 3.26169709149
2805 1.0 1.0
2806 5.10152052749 5.10152052749
2838 1.13377123809 1.13377328385
2843 5.0 5.0
2846 0.44612687745 0.44612687745
2850 4.18522811455 4.42212196919
2852 3.37167476713 3.37167476713
2855 7.0 7.0
2857 7.8367496955 7.91343070349
2860 2.99430987716 2.99430987716
2861 1.33713377617 1.33713377617
2863 3.00814224659 3.93254283283
2868 4.0 4.0
2877 2.22734107997 2.22734107997
2883 0.740597553151 0.740597553151
2890 0.830707008994 0.880939546849
2895 3.992435322 3.992435322
2899 1.34673958343 1.9000537626
2907 2.35125082637 2.35125082637
2913 1.64763357206 1.93841726521
2919 0.0 0.0
2928 2.72026033176 3.53865832336
2935 0.33068078898 0.33068078898
2961 2.42093811971 2.9430460957
2964 2.43830734946 2.65672137858
2966 2.47416898438 2.47416898438
2976 1.81885717556 2.0471051878
2977 1.47854224431 1.92485132959
2981 0.990407289651 1.4006474213
2987 3.53626236156 3.53626236156
3000 1.64762030503 2.54113123471
3011 0.158453302247 0.212453792718
3014 1.0 1.0
3021 3.0 3.0
3045 1.82177787182 2.07197677197
3046 0.329136917073 0.329136917073
3050 8.52939603775 8.52939603775
3051 4.57561276071 5.32555663059
3052 0.770077255336 0.812653018691
3062 2.0 2.0
3064 1.21730808675 1.90947228745
3070 0.44262276261 0.496419477621
3074 0.0573729795333 0.0573729795333
3075 1.0 1.0
3079 3.08861751823 3.90477325451
3092 2.28569538749 2.55104815627
3097 1.1421877028 1.1421877028
3102 1.14440979708 1.38663791445
3107 1.17769468379 1.17769468379
3110 1.6151957488 2.30981592366
3115 3.87444283034 4.04005458452
3116 0.0 0.0
3118 0.652356636088 0.652356636088
3127 2.83895339943 2.83895339943
3128 0.65701347981 0.736701019484
3129 0.886106376636 1.0088371421
3138 2.44566910422 2.44566910422
3139 2.14426718393 2.23304362034
3150 1.12660366427 1.20157902007
3165 1.00972024319 1.04854160751
3169 1.71663934653 2.2437707784
3182 0.798337421965 0.798337421965
3186 2.03911282318 2.24020947668
3187 0.572080197177 0.669863617317
3188 6.59973450383 6.59973450383
3193 1.27028359264 1.27028359264
3198 0.0 0.0
3203 2.7041119156 2.7041119156
3212 2.61260489017 2.61260489017
3219 2.60415716734 3.57622995807
3224 3.68426758268 3.70160696026
3225 2.94539668444 3.61205308106
3231 1.51708836227 1.51708836227
3242 0.870709778764 0.957440693218
3243 1.09890277836 1.09890277836
3244 2.07936527312 2.52857502508
3245 1.01170506159 1.35571750157
3247 0.0 0.0
3252 1.65097565903 2.4195878448
3277 1.92394534979 1.92394534979
3278 2.44499675662 2.97241767977
3284 1.27722500429 1.56437929719
3286 1.52499895838 1.52499895838
3290 0.629427653999 0.629427653999
3293 0.241345100959 0.241345100959
3294 2.19194163922 2.30872806779
3296 0.720188592855 0.720188592855
3298 0.509090702484 0.509090702484
3300 3.81285813 4.22139385014
3321 1.37402338812 1.95663488532
3323 3.48361502254 3.48361502254
3328 2.8627349374 2.8627349374
3341 1.43800742216 1.66877094684
3345 1.26783539814 1.48028712509
3347 0.902013205502 0.907319808444
3351 1.04580323826 1.04680578418
3352 0.0103699094855 0.0103699094855
3353 0.330387518473 0.330387518473
3366 0.532133056561 0.532133056561
3368 1.95874669964 1.95874669964
3374 1.0 1.0
3381 0.455320993926 0.455320993926
3385 2.81347662682 3.5745193573
3389 1.60915667517 1.62277298854
3395 2.0059828844 2.60960337923
3398 7.84999525092 7.84999525092
3399 1.49070566442 1.49070566442
3408 0.992095017885 0.992095017885
3409 2.4651077566 2.4651077566
3410 2.62673386655 2.62673386655
3412 4.66994417474 4.85565928516
3413 1.07776331152 1.39415028357
3418 3.0 3.0
3421 0.0054544462828 0.0054544462828
3423 3.39847982327 3.98826825184
3426 0.981776210805 1.08705253473
3429 2.64508988486 3.24660548241
3431 1.67844862494 1.67844862494
3440 3.11879759243 4.22261644503
3450 0.947603692537 0.947603692537
3452 0.924090023186 1.3204327455
3468 1.56574397168 1.66481843645
3478 1.8786232123 2.03929496836
3481 0.0409824342672 0.0409824342672
3486 2.24584637098 2.24584637098
3487 3.9465689642 4.40051557452
3488 3.99585646805 5.65099441042
3495 0.0122636881627 0.0122636881627
3502 1.64107847952 2.51365146427
3510 0.950423770817 0.950423770817
3514 10.8145181171 10.8145181171
3516 1.63936894641 2.80963945745
3517 2.31009656969 2.36155865801
3522 7.86046504622 7.86046504622
3523 1.99065837556 2.66932491319
3545 1.22730382219 1.64343295156
3554 0.744044722864 0.744044722864
3565 1.0 1.0
3571 0.100253711436 0.100253711436
3573 2.50283531636 2.50283531636
3578 0.453382126707 0.453382126707
3580 2.21818944746 2.29879194036
3583 1.40355373969 1.49323504007
3587 2.98467491667 2.98467491667
3592 8.19441744202 8.19441744202
3594 5.94679840895 5.94703638176
3595 2.1989666285 3.22276024492
3597 0.104935842535 0.104935842535
3604 2.0 2.0
3608 2.52309974616 2.94717918795
3614 4.97915382129 5.21282886062
3619 0.620036914074 0.620036914074
3632 1.69907709663 1.9525447533
3636 2.45441291806 2.50023796176
3657 1.95514611452 1.96966246217
3661 1.07547603371 1.34213824544
3679 4.60338323136 4.60338323136
3683 0.0962867813735 0.0962867813735
3709 7.04706374836 7.047220904
3719 2.00584639319 3.11454521797
3722 1.10507301985 1.10507301985
3728 4.5 6.36396103068
3729 1.43847441648 1.43847441648
3730 2.93167499289 2.93167499289
3735 1.00389040229 1.00389040229
3736 2.43487106638 2.88852239018
3738 0.694519097213 0.694519097213
3743 3.0 3.0
3750 4.0 4.0
3755 3.43533262093 4.68074039526
3758 1.32980389127 1.39211111158
3760 0.972279503736 0.972279503736
3783 0.130736417219 0.130736417219
3802 0.687353655511 0.707460576808
3810 2.0 2.0
3814 0.444879153179 0.444879153179
3828 3.47626133093 3.47626133093
3831 1.89898419007 2.22220934066
3832 1.02590619884 1.02590619884
3840 2.19196452585 2.35479848556
3843 1.45260798982 1.45260798982
3849 2.0 2.0
3852 3.10113310355 3.10113310355
3857 1.0718691726 1.11275530527
3864 8.97042722346 8.97042722346
3868 2.33250499488 2.42613460735
3874 2.19251764025 2.19251764025
3876 5.48904880107 5.48904880107
3878 4.0 4.472135955
3879 1.5 1.58113883008
3882 2.95392464055 4.45481698861
3889 1.28073960864 1.81324982812
3895 2.10050376101 2.2888597376
3902 3.12381891624 3.12381891624
3912 0.876576538702 0.885223010886
3913 1.70544279028 2.27493419735
3918 1.0 1.0
3924 3.59723305332 3.59723305332
3927 2.12463103783 3.17315957011
3936 1.59698748774 2.07598973769
3953 1.69120310357 2.2282776204
3961 1.00410061744 1.73206536978
3983 1.52290661021 1.52290661021
3985 0.637363603398 0.637363603398
3993 1.02263144656 1.33150304486
3994 1.07037350929 1.07037350929
3995 1.37482449622 1.66996455722
4004 0.645163458698 0.882593609285
4023 3.1859537209 3.87188448515
4046 1.86466637978 2.18310859489
4048 8.89579359089 8.97893309265
4050 4.03055525737 4.03055525737
4053 2.73596447822 2.73596447822
4054 2.0 2.0
4064 1.16338270115 1.45359372487
4070 1.12611603821 1.12611603821
4075 0.947502271541 1.29951395166
4082 1.62614869025 3.20733122102
4091 2.12155237165 2.98611874583
4093 6.29982519252 6.72609319688
4105 1.19080083815 1.19080083815
4106 2.43237483822 2.47158294406
4113 1.87640266809 2.56580886711
4159 2.29211315567 2.29211315567
4161 0.0 0.0
4162 0.626576368251 0.626576368251
4172 0.858910124358 1.12299101858
4175 0.0 0.0
4179 1.47227695161 1.5639984137
4182 0.442927586522 0.442927586522
4186 0.0 0.0
4193 4.0 4.08248290464
4195 3.69960109151 3.76516798079
4207 0.439674611725 0.5000728389
4210 1.36020708846 1.39574361967
4212 2.30551984594 2.86648255292
4219 0.177965763736 0.251681596713
4221 2.71102132021 2.80271081569
4227 6.3474261117 7.2326230536
4240 1.60649229931 1.98175304233
4252 0.684133534202 0.684133534202
4253 0.340820722412 0.366720659373
4260 2.04173607854 3.37680185524
4271 1.76071145347 1.87549656409
4274 1.02933278579 1.02933278579
4282 1.0 1.0
4296 0.50780103447 0.591696137323
4297 0.0 0.0
4308 1.30168159524 1.30168159524
4315 1.75111736143 2.10812440899
4341 0.823243584419 0.911726753296
4349 7.0 7.0
4357 2.71828368457 2.71828368457
4362 3.66162658699 3.66162658699
4363 5.0 5.09901951359
4367 1.0 1.0
4377 2.0 2.0
4382 1.67919043543 1.87388178419
4388 1.96683056271 1.96683056271
4395 0.884987528659 1.17820237476
4399 0.343500309285 0.343500309285
4415 0.0 0.0
4416 11.4843863111 11.4843863111
4417 5.13831474545 5.13831474545
4420 1.86554205666 1.98246785774
4423 2.67781004704 4.12319597516
4426 2.40641225492 2.85617765088
4431 0.61006386397 0.61006386397
4433 0.723902583646 0.723902583646
4437 4.21125181299 4.21125181299
4442 0.0 0.0
4444 1.23410234161 1.53663732135
4447 6.44796844897 6.99048059401
4456 0.985442839514 1.09974824292
4459 1.91512074326 1.91512074326
4461 0.46698800956 0.617696232864
4462 2.76691244135 2.76691244135
4474 1.05083374023 1.05083374023
4475 1.77113835192 1.77113835192
4479 3.0 3.0
4490 6.0 6.0
4492 1.46543118276 1.46543118276
4498 1.03681086977 1.04151193397
4501 0.5 0.707106781187
4508 0.272957348088 0.272957348088
4514 1.0 1.0
4523 1.06631007893 1.58669092966
4524 2.0 2.44948974278
4525 0.940035355777 0.940035355777
4526 3.0 3.0
4531 2.74890812721 3.06783611115
4534 1.0 1.0
4538 0.975437668606 1.39468565022
4543 8.35082800436 8.45937732081
4546 5.18123979795 5.18123979795
4550 1.27856508513 1.55927912417
4553 3.66666666667 4.04145188433
4558 1.42640274067 1.43775755327
4565 0.493896828229 0.493896828229
4569 0.468185139423 0.476720502259
4570 2.36021581132 3.241338938
4582 2.52685676543 3.55655935085
4583 6.99249764212 6.99249764212
4592 2.72698009379 2.74061312503
4593 3.27126919731 3.6737271699
4595 2.10485793867 2.10729125888
4602 1.3943717475 1.98358909856
4606 2.26261838647 2.55738129038
4613 0.929949967595 1.35094835093
4616 6.87728637729 8.01834368995
4619 0.7514620584 0.889223595439
4623 2.0 2.0
4624 2.74603181063 2.74603181063
4629 1.02019181521 1.25332803818
4636 2.03867082838 2.03867082838
4637 1.20315938355 1.20315938355
4644 0.906597954323 0.906597954323
4645 0.816245086826 0.960220301031
4651 1.07453185517 1.07453185517
4656 8.91451632142 8.91451632142
4660 2.98003567366 3.55501185023
4665 5.41959370012 5.92588617209
4673 5.91384261918 5.91384261918
4675 3.20493621323 3.8941945916
4688 2.80964631641 3.11717286358
4698 0.539154267815 0.539154267815
4703 3.18064312295 3.28873055275
4709 2.67184530817 3.7979377622
4730 3.4953705847 3.4953705847
4740 2.45516109935 2.60074335112
4744 1.4405708358 1.4405708358
4748 2.18817851967 2.71357233211
4749 2.27524050828 2.27524050828
4760 1.50828715194 2.12135271791
4774 3.50517520576 4.94975287924
4781 2.36916955455 4.17218150353
4782 2.0 2.0
4790 1.16477689043 1.50908876628
4801 0.764055472264 0.764055472264
4802 1.00347559294 1.54247372344
4805 1.0 1.0
4806 3.64415088821 3.64415088821
4807 1.29512364347 1.40507267342
4810 1.34622634022 1.34622634022
4812 1.83619855855 1.83619855855
4813 1.0 1.0
4819 0.974600213978 0.974600213978
4820 2.98804301996 3.58897145967
4821 2.00135990281 2.83035031775
4827 3.46458188871 4.28927170885
4828 1.90675629408 2.19793115578
4851 2.99643500116 2.99643500116
4855 0.408557262343 0.591869286093
4861 7.78005467829 8.42766399413
4863 1.11826412603 1.43385690152
4871 7.85761830506 7.93809097116
4881 4.0 4.0
4885 0.0223124497184 0.0223124497184
4894 2.9412654786 4.02733549505
4900 0.0 0.0
4910 6.67358818545 7.06839557241
4916 0.560882613402 0.560882613402
4920 1.78877240125 2.12608290851
4929 6.0 6.0
4956 1.00547196593 1.15719664585
4960 3.12653856258 3.12653856258
4964 1.9286020277 2.67511499765
4966 2.83836400959 2.83836400959
4967 1.49902574697 2.2686078466
4971 0.0 0.0
4983 2.24222325716 3.48587390889
4988 0.43275269964 0.43275269964
4993 3.53694187811 3.53694187811
5003 1.17324153374 1.26437467028
5009 1.0 1.0
5026 1.59135144811 1.88885308355
5036 0.0908683496423 0.0908683496423
5047 2.0 2.0
5062 1.0 1.0
5065 2.25820068199 2.26511048306
5066 0.681096981331 0.865289293899
5067 2.89350452526 2.89475441969
5069 4.68512179437 6.00383350936
5077 0.575017619916 0.691590661067
5078 1.75363933619 1.75363933619
5085 2.54078239699 2.54078239699
5086 2.26501471667 3.08749622372
5096 5.36446531797 5.36446531797
5099 1.87091440853 2.06368908294
5113 2.84124965053 3.54250014158
5121 2.0216639818 2.56332686584
5124 4.81141288975 4.81141288975
5127 3.02644361814 3.17917803881
5131 3.53944991476 3.53944991476
5132 5.06120356778 5.39885871815
5151 1.71856709224 2.0576213141
5154 1.106814285 1.106814285
5157 4.0 4.0
5159 1.24297585994 1.24297585994
5167 1.8767287411 1.9555952095
5183 1.93127561427 2.30962059555
5191 4.04552279474 5.0978949902
5202 1.49594285414 1.51635944946
5204 2.50291172886 2.55179620498
5210 0.0 0.0
5211 3.50877127033 4.40745603977
5217 2.6733692584 3.05412157759
5219 1.11622878355 1.11622878355
5223 2.99082816652 3.88820656002
5228 0.943527797263 1.10498021895
5229 1.56163482317 2.18530099642
5233 1.26801769337 1.26801769337
5246 1.24876651073 1.24876651073
5251 2.68813057173 3.46266508796
5254 6.02469983008 6.02469983008
5271 4.2801263679 4.2801263679
5272 1.42388526408 2.07842655038
5280 2.00602439268 2.29181257094
5289 0.0453923388572 0.0453923388572
5291 1.22636848387 1.72673702971
5293 1.77040471803 1.77040471803
5294 2.40961770049 2.78309514686
5295 5.6404150051 5.6404150051
5300 5.5 7.77817459305
5310 3.7505287479 3.7505287479
5311 1.68145084064 2.26769133296
5321 1.59238221268 1.59238221268
5322 0.344988141233 0.344988141233
5325 8.33979042523 8.95891042767
5326 0.0 0.0
5336 1.99147802517 1.99147802517
5344 1.71197957292 1.8759165815
5356 1.0538831748 1.0538831748
5361 0.85628511083 0.85628511083
5363 4.37327628254 5.36611513526
5367 0.0 0.0
5368 0.898716165615 1.27097659014
5371 4.33141573374 5.49059372246
5372 7.10161062789 7.10161062789
5374 4.0 4.0
5381 8.0 8.0
5382 0.0 0.0
5387 1.18501578268 1.18501578268
5404 0.966645733151 1.21780317627
5414 1.98298364423 2.4518971839
5421 0.761886367091 1.16190724289
5423 2.62580912238 3.08838612379
5424 3.41969704654 3.41969704654
5446 3.65543829106 3.65543829106
5456 1.0 1.0
5459 2.0 2.0
5462 3.50360854503 3.50360854503
5475 6.0 6.0
5477 2.92288858386 4.11679072262
5478 0.951765956118 1.00612881696
5479 0.0 0.0
5482 1.14815456236 1.53738828591
5484 3.00538256632 4.17882203212
5488 1.01652679393 1.2631175998
5492 2.23885200182 3.14552368994
5493 1.5807953707 1.68411319888
5496 0.347995808538 0.537040700472
5499 0.042556736975 0.042556736975
5506 0.756812044041 0.756812044041
5507 2.56303072491 3.15916757861
5512 1.01303085744 1.19342573087
5515 1.92519229436 2.50685161215
5518 2.66379614874 2.8988332408
5519 3.0 3.0
5523 1.69618655411 1.69618655411
5545 0.977305688826 0.977305688826
5546 3.55412231644 3.55412231644
5554 2.75407275662 3.64527371514
5562 1.24299112076 1.57624468173
5565 0.735824489487 0.904854719505
5573 3.0817001952 4.98035918752
5575 0.510375133301 0.510375133301
5578 2.35143788695 2.89130190998
5581 0.0 0.0
5584 0.983071167803 1.26864287452
5600 3.0 3.0
5608 3.86405599441 3.86405599441
5617 8.09282301555 8.09282301555
5633 9.94841506807 9.94841506807
5642 2.0 2.2360679775
5646 0.263280893585 0.263280893585
5649 2.39252115102 3.18861737124
5652 2.40844849986 2.40844849986
5655 1.44782009853 1.44782009853
5659 2.31215559846 3.43618437745
5662 1.46539732613 1.78457533224
5669 0.962712810045 0.962712810045
5674 1.34326297124 1.64666783848
5683 0.221356664623 0.313045597231
5685 2.74388852673 2.74388852673
5687 4.75183452553 5.16984035235
5692 4.0 4.0
5700 2.67141999846 2.67141999846
5702 9.0 9.0
5707 1.86078581224 2.57717955813
5720 4.0 4.0
5721 3.07419348375 4.8198403371
5724 1.90073635843 2.60699200431
5725 3.0 3.0
5729 3.56674862255 4.5370697268
5736 1.81210052917 1.81210052917
5737 2.74069359507 2.89785663113
5740 5.10281625457 5.10281625457
5745 1.0 1.0
5749 0.806738378429 0.834057288599
5763 0.0827769150119 0.0827769150119
5768 2.19701703415 2.19701703415
5772 4.02706765509 4.62139742043
5785 2.82165753797 2.98133145129
5786 1.76939217013 2.10742164895
5792 1.0 1.0
5799 0.0482858522453 0.0482858522453
5815 0.623609510717 0.623609510717
5816 0.5 0.707106781187
5826 3.56669610495 4.6387275714
5827 1.64620977015 1.64620977015
5831 3.00584783922 4.24264874747
5837 1.12387667636 1.63955675739
5846 1.66666666667 2.38047614285
5849 4.1986755111 6.66617166803
5851 2.55216451829 2.59115810925
5865 0.752935645516 0.84157079757
5870 4.29176885288 4.29176885288
5891 0.742563520457 0.742563520457
5892 2.30773031707 2.30773031707
5896 1.29017744924 1.48637371677
5897 3.9525267718 4.02476030427
5898 0.115287524384 0.115287524384
5911 5.64273089015 6.96940410302
5915 1.0 1.0
5931 2.99373569937 3.43605624157
5933 2.52463770847 3.22701374301
5934 4.47527184038 4.71216352097
5936 1.81342876353 2.3266411713
5937 9.98881601021 9.98881601021
5941 0.495154353488 0.602860043584
5945 1.00244344942 1.00244344942
5948 2.87654267466 3.47629521804
5956 6.77732260806 7.83869591638
5957 1.58047281074 1.58047281074
5963 0.0 0.0
5968 2.9278068655 2.9278068655
5969 2.68292852052 2.88964054546
5974 0.927239953608 1.21714328877
5976 9.0 9.0
5992 7.86021993375 7.94075774716
6004 1.02037356942 1.02037356942
6006 2.75866950104 3.36829743289
6013 1.28685883538 1.28685883538
6018 4.02060971789 4.02060971789
6022 0.31895628094 0.31895628094
6026 1.145560449 1.42911710109
6038 1.75107286928 1.75107286928
6040 3.74967569506 3.74967569506
6041 1.71345683484 1.9515653575
6043 1.29539322086 1.86806825852
6045 2.3051525252 2.32526261486
6055 0.652983896977 0.652983896977
6061 0.871079350257 0.88056786699
6063 0.0 0.0
6065 0.014932096922 0.014932096922
6071 3.93373627036 3.93373627036
6077 1.07807290444 1.07807290444
6083 5.0 5.0
6091 8.48869193351 8.72148984903
6099 0.887812513352 0.933971393744
6103 1.07132348548 1.07132348548
6107 5.60480933014 6.0810197737
6115 0.691495724254 0.691495724254
6117 1.0 1.0
6120 3.03292892318 4.75318220896
6124 5.06927937642 5.06927937642
6148 2.91462654369 3.08643153152
6150 1.35810017254 1.78204292365
6154 0.554185227693 0.554185227693
6168 1.88051782933 1.91727500623
6183 0.0 0.0
6194 6.46811303338 7.54480327402
6201 1.52979008457 1.52979008457
6202 4.51152088317 6.47777402176
6228 1.68158250926 1.68158250926
6234 1.0019750221 1.0019750221
6240 3.31059136746 3.81801655237
6269 3.0 3.0
6276 0.0 0.0
6277 0.0 0.0
6280 3.13047979181 3.13319783975
6282 0.5 0.707106781187
6283 1.41665190517 1.46719881997
6285 2.21789892174 2.21789892174
6287 0.973282078208 1.08296265189
6290 2.67908552449 2.84330150658
6297 3.13569287952 3.79391010835
6299 2.60337248772 2.97103615061
6303 1.50693508758 1.50693508758
6325 1.31793864084 1.4047981952
6328 1.22080935195 2.35090920012
6343 1.83741009619 2.1490062541
6346 2.0 2.0
6349 2.0 2.0
6372 6.48700581233 6.48700581233
6375 0.276740832424 0.276740832424
6377 1.43524409486 2.37732268001
6378 5.78876073652 6.69245106821
6379 0.55579398723 0.55579398723
6384 3.57822802038 3.57822802038
6386 0.455583195999 0.802788816717
6400 6.51381752677 6.51381752677
6403 2.6108826257 2.6108826257
6404 1.15754118328 1.16821265847
6410 1.0 1.0
6411 4.943457516 5.55503159939
6415 1.0 1.41421356237
6418 1.01370266502 1.03417872042
6419 2.23435407032 2.29399079508
6421 1.43586163887 1.43586163887
6431 7.96382054993 7.96382054993
6435 6.65760443162 6.65760443162
6440 0.380367933499 0.380367933499
6444 0.256202972811 0.256202972811
6450 2.28714792533 2.85081818492
6454 5.32730543256 5.32730543256
6455 0.274346692695 0.274780431603
6456 1.99197260655 2.38475300539
6458 2.38092375364 2.54174138233
6463 0.626960318077 0.718542632282
6470 0.896536505268 1.3203541565
6476 11.6182424729 11.6182424729
6484 0.836684574789 1.14869991389
6488 2.54111706852 2.54111706852
6497 1.67700639692 1.67700639692
6517 1.5076877645 1.84205585603
6521 4.16514423781 4.60861784167
6526 1.01867477039 1.01867477039
6530 1.33406016415 1.88664597716
6533 1.5301446503 1.67657619858
6538 3.20781678534 3.30418564459
6549 1.13728418627 1.4620520537
6560 0.305775038081 0.335159337274
6562 1.60760182302 2.22176184127
6564 6.03941061716 6.03941061716
6574 0.98984406647 1.2537505925
6583 1.0 1.0
6591 0.0 0.0
6595 2.36404256875 2.68993626261
6614 2.30037143934 2.30037143934
6615 1.20314301413 1.20314301413
6619 0.0 0.0
6631 2.35144691119 3.25020899054
6640 2.56753432126 2.6037010301
6644 2.80608564425 4.19457669429
6651 1.67715723414 2.13927175686
6655 1.0 1.0
6657 3.1760893506 3.1760893506
6680 1.16253590584 1.16253590584
6689 7.44208964131 7.44208964131
6697 1.24250030043 1.33785316557
6703 2.0 2.0
6704 0.764414357659 0.764414357659
6716 1.39884606455 2.00859071149
6732 2.1660731613 2.1660731613
6736 2.90747435673 3.24065152124
6737 1.45317885736 2.25808260543
6738 0.680770155281 0.680770155281
6740 2.92903383256 3.58721898676
6748 1.8656244262 2.50154316975
6766 2.95763746248 4.33664352202
6770 8.91164036641 8.91164036641
6775 2.17960020209 2.17960020209
6779 2.63171439523 2.83157809513
6780 3.48818918304 3.48818918304
6800 1.38785153432 1.80025462375
6809 7.0 7.0
6816 3.85718270494 3.85718270494
6823 1.97611237668 2.37464869846
6826 2.0 2.0
6829 0.966303615373 1.00275917001
6830 2.0 2.0
6833 0.485915988874 0.485915988874
6838 5.24639103815 5.24639103815
6839 2.56500342798 3.15209474437
6844 2.87492385608 2.87492385608
6854 2.42959500952 2.96736764268
6863 1.71443000279 1.88753734462
6872 2.12186343151 2.349937262
6878 4.36554188006 5.08227950205
6883 2.7057257479 2.9993495399
6887 1.49267426102 1.49267426102
6889 1.74538354277 1.74538354277
6895 1.12593714785 1.5629784892
6902 4.45682631645 5.08913512929
6917 8.07615641866 8.07615641866
6921 0.727199892328 0.956610210212
6940 1.82313011807 1.99007668606
6941 8.0 8.0
6948 1.84729753415 1.84729753415
6955 1.01033835279 1.26622628804
6968 3.20790165455 3.30424769261
6971 1.43730941072 2.08133760465
6975 2.01682150706 3.07579407244
6980 1.19461154084 1.23071141124
6993 0.0932722741243 0.0932722741243
7001 1.76000502452 2.51862099223
7006 1.41014746177 1.71619228826
7011 1.57146157505 1.57146157505
7012 2.55173638516 2.86845742901
7013 3.43311103837 3.43311103837
7030 1.33760169779 1.33870772783
7043 0.424803317509 0.598693249794
7045 3.74234842462 3.74234842462
7052 5.31284152338 6.27344986992
7060 0.0 0.0
7063 1.00421444636 1.00421444636
7074 0.38104550128 0.38104550128
7079 1.00935218158 1.00935218158
7080 3.59578676383 4.82565972726
7081 0.0450747489661 0.0450747489661
7088 1.83422899804 1.83422899804
7094 0.606991282438 0.674158782196
7095 1.75526297323 1.75526297323
7099 3.79136894736 3.79136894736
7109 1.05688585244 1.2763139054
7112 1.89151510819 1.89151510819
7113 2.74756906476 3.1559878416
7119 1.04222645637 1.57551795118
7121 1.27110243512 1.64705448784
7123 1.0 1.0
7125 1.0 1.0
7127 11.0 11.0
7129 0.81639965995 0.81639965995
7130 1.05856066575 1.18650508107
7134 1.91395885523 2.00792087109
7135 1.8539207897 2.38640962137
7137 0.185434585241 0.185434585241
7142 2.40013427958 3.10052242722
7158 1.04672606068 1.04672606068
7159 1.40971408602 1.74307355786
7163 3.80685808385 3.82417915651
7164 1.40983230333 1.40983230333
7166 1.0799773066 1.21542582447
7168 1.78227765274 2.15386125343
7171 5.60042247489 6.54492672143
7173 0.0 0.0
7176 5.12786764327 6.9924613553
7177 0.883133356298 0.883133356298
7178 0.731934576591 0.915643522085
7181 1.55643942968 1.55643942968
7203 0.643961031899 0.735832560717
7215 2.69478410952 3.18341869298
7222 3.15692123222 3.15692123222
7226 1.43684460307 1.43684460307
7234 5.31774048553 5.31774048553
7251 0.207007851283 0.292753310801
7262 0.93327530248 1.16687017966
7263 1.02970615047 1.02970615047
7272 9.9087422938 9.9087422938
7278 3.32497079487 3.32497079487
7290 5.32914198492 5.49168178619
7293 0.594703235625 0.594703235625
7297 0.0 0.0
7304 1.67905649515 1.90820452876
7310 1.95400813216 2.0608591239
7320 2.22585016443 2.28864221381
7326 0.26974005845 0.26974005845
7328 1.6833964823 2.35194388473
7334 12.0 12.0
7335 1.0 1.0
7339 1.23195258605 1.42045612706
7342 6.85855931783 6.85855931783
7351 4.11510323463 5.89178779688
7355 7.0 7.0
7356 7.33333333333 8.20568908339
7382 1.23495998155 1.26975438865
7387 1.87688891562 2.39680945244
7389 4.99043552074 5.62589618457
7398 5.0 5.0
7407 1.74885252641 1.74885252641
7411 4.0 4.0
7413 0.290097488249 0.290097488249
7414 1.95358595805 1.95358595805
7420 1.58507769527 1.68961155581
7431 2.76563434182 3.6455204113
7436 3.34369937967 3.75679360672
7437 3.32401182458 4.56769704357
7438 0.0 0.0
7442 2.84480701164 3.07584451122
7446 0.870948755315 0.870948755315
7450 3.778601569 3.778601569
7453 1.05633652813 1.2453711826
7459 0.0 0.0
7465 0.91027117415 1.13382899407
7466 1.11051853666 1.43458507872
7474 3.00046871941 3.12904501032
7478 4.0 4.0
7484 2.15139590906 2.15139590906
7493 3.49851903134 4.36660183105
7494 4.0 4.0
7497 4.0 4.0
7498 2.0 2.0
7504 1.0 1.0
7513 0.918067111065 1.25904588868
7515 1.83637553632 1.83637553632
7518 0.758657458499 0.926220850179
7525 1.50894174453 1.50894174453
7538 0.0 0.0
7543 0.621783067002 0.621783067002
7547 5.8456431832 5.8456431832
7553 3.95978403194 4.37316255314
7557 2.38925802073 2.38925802073
7561 2.90941126886 2.90941126886
7562 6.43860524973 6.43860524973
7564 1.03040583102 1.03040583102
7568 2.47374463435 2.73252655001
7574 4.29259736701 4.34020870038
7578 3.50328220389 3.50328220389
7580 0.246091499439 0.246091499439
7585 1.0 1.0
7587 0.518986540652 0.518986540652
7591 1.38633422348 1.52177093288
7594 1.4613160287 1.4613160287
7600 2.00936940051 2.82937553062
7608 1.02912175354 1.02912175354
7611 8.94753026162 8.94753026162
7621 1.16003497865 1.16003497865
7632 1.52200037982 1.9794866289
7638 6.0 6.0
2.18632508263 3.10452022372