5 1.27593680194 1.27593680194
6 0.217237009508 0.244764339793
9 1.88270265989 2.24193368881
14 1.0 1.0
15 2.08693644543 2.58557937685
22 3.4014846551 4.56892017923
24 7.47416041365 7.47416041365
25 0.553152122834 0.695665063698
35 2.0493450409 3.46550865037
55 0.09949356047 0.110641947277
57 2.4260255101 2.4260255101
58 1.0 1.0
59 7.0 7.0
66 3.48555080338 3.48555080338
68 1.00042505183 1.02658590762
69 1.04497887071 1.2430434093
76 1.50555848301 1.9755488739
81 1.55715440943 1.55715440943
83 7.17893171088 7.44045470725
85 1.0 1.0
89 10.4772712654 10.4772712654
95 1.33881537553 1.33881537553
97 2.24320208989 2.24320208989
122 2.92157726478 3.56928666367
126 3.66527685068 4.17757008224
134 1.06490671899 1.41965470371
136 3.11343695708 3.41993982769
151 2.44168057218 2.44168057218
156 5.87687551853 7.7964139393
161 2.73954187964 3.09289106261
164 1.96905072996 2.01713014184
171 1.14503308002 1.48435365668
172 2.55563678763 2.72113403303
186 1.66828672624 1.7971610249
189 2.07475043421 3.06822729953
196 3.33333333333 5.22812904712
205 1.62236309172 1.66573456345
219 1.364873995 1.364873995
234 0.333268328474 0.333268328474
243 2.0 2.0
259 3.35792248952 3.35792248952
274 9.20721486276 9.20721486276
276 5.13330055992 5.51551805126
291 1.36849084909 1.36849084909
299 0.87055130271 1.09218909396
303 1.0 1.0
304 0.5 0.707106781187
307 5.0 5.0
308 3.55781916087 4.31535913134
316 0.803786489805 1.16729178
323 4.68949863313 4.68949863313
326 2.6684831476 2.6684831476
328 3.65702671218 3.65702671218
331 2.41584444828 3.16498584179
334 0.0 0.0
342 2.75074464688 3.33281274037
343 2.49251044664 2.54070361645
346 2.7796596764 2.7796596764
347 4.92599094058 4.92599094058
348 2.06539302396 2.20916878018
362 1.0 1.0
365 1.87742721778 2.25545796862
369 1.06648608921 1.45363527925
370 6.33249127035 6.33249127035
376 1.57985127189 1.57985127189
380 2.23502518714 2.23974149448
381 0.458809655135 0.458809655135
383 2.0 2.0
384 0.327452572161 0.518906044178
393 1.36189541287 1.36189541287
405 3.0 3.0
410 0.979355996048 1.15302604126
419 0.0 0.0
420 1.89160218569 2.93769939288
427 1.29397952083 1.32695401541
431 4.57885707629 6.41871671877
433 3.04900617095 3.3829162519
445 1.32484125315 1.40210366667
452 1.49795156254 1.54702170068
475 2.15874381136 2.15874381136
476 1.76805935913 2.85245996004
480 3.06138384891 3.06138384891
485 2.02221015635 2.59160708042
493 3.41217500449 4.15209659612
502 3.01906116434 3.01906116434
509 0.846582077583 1.06419914735
512 9.0 9.0
515 1.11654225492 1.17508821601
517 2.52507660743 3.07669518136
520 2.23412794391 2.23437543448
523 0.59246010346 0.837865113478
524 1.66643485166 1.66643485166
531 3.09571457036 4.00986389132
532 0.546096664786 0.646597785804
538 0.673750634994 0.81658876706
544 1.15129881046 1.43505324528
545 3.0 3.0
549 2.0 2.0
550 2.55995005882 2.55995005882
552 1.0 1.0
555 1.81381370211 2.89286197328
564 2.91223401772 2.91223401772
566 1.57907750666 1.63421587235
569 0.977546376868 0.977804215638
575 3.507276356 3.81744278945
579 3.62521529651 3.95125463699
590 0.862107514666 0.976161853691
591 0.254409900342 0.254409900342
594 3.16479387679 3.16479387679
599 0.320882554703 0.320882554703
611 0.917663375471 1.51183702949
617 2.60282151364 2.60282151364
618 2.0 2.0
621 1.63251763851 1.63251763851
625 3.13872042705 3.13872042705
626 5.78544346985 6.42106311031
638 2.52946896918 2.52946896918
643 10.0599691159 10.0599691159
649 1.3196163904 1.51537143703
650 3.55678513061 3.55678513061
652 4.816523965 4.816523965
659 3.33544782962 4.09972631171
676 1.56955204295 2.16102555242
683 0.946853073908 0.959574038084
684 0.402375847572 0.585285752711
687 0.208512255996 0.208512255996
689 1.6987371764 1.89677232723
691 3.56597400873 3.56597400873
712 0.0 0.0
714 0.293900892046 0.415638627526
723 5.82536692062 5.82536692062
725 2.48246204233 2.73127725069
745 0.870976444051 1.20708037359
758 2.0 2.0
764 3.33605758184 3.54091476666
767 0.172432329876 0.172432329876
772 1.0 1.0
777 1.04609657243 1.32492302178
779 0.11544230642 0.11544230642
783 2.61432186441 2.61432186441
785 1.83029468619 1.83029468619
806 1.29019697272 1.29019697272
809 3.0 3.0
810 2.18994247671 2.90665503959
814 2.83078590168 2.83078590168
817 3.42603857141 5.17675482805
831 1.8868101904 1.8868101904
845 1.0 1.0
848 2.23610979681 2.23610979681
853 7.93878207238 8.03869232698
860 7.56499381446 7.56499381446
878 1.25269322678 1.25269322678
881 0.78865983672 0.792232225056
886 1.6018650694 1.6018650694
888 1.81792111776 1.81792111776
924 1.10513488148 1.32646091806
928 1.15641309852 1.23440601711
936 0.755566766596 0.755566766596
950 2.43325556987 3.2500025051
954 3.21598299578 3.21598299578
961 2.98265919524 3.6028348609
963 0.353967012375 0.353967012375
978 1.3905808901 1.3905808901
986 0.817647824063 0.94157346478
988 2.18654004115 2.18654004115
992 2.0 2.0
1005 1.0 1.0
1007 0.498211123236 0.498211123236
1013 0.163845470863 0.163845470863
1023 1.0 1.0
1037 2.0 2.0
1040 0.855108661837 0.855108661837
1041 1.26221838901 1.65515174324
1051 2.50942068135 2.55692397695
1053 1.21096860426 1.21173436313
1056 2.08388396391 2.92156021847
1069 0.735262954261 0.777381771703
1070 1.78997036798 2.32111398166
1073 2.39227117676 2.39388797894
1074 1.58964575044 1.58964575044
1077 0.61136708103 0.61136708103
1079 2.10966604189 2.9084943806
1084 1.59960548416 1.59960548416
1088 8.07545345807 8.26781507875
1103 2.27867810701 2.27867810701
1129 0.0510072795193 0.0510072795193
1145 1.32070420101 1.32070420101
1148 8.5 9.19238815543
1152 0.971015892952 0.971015892952
1154 1.70877623821 1.76684888225
1165 1.70409991756 2.22924409566
1166 0.92806014163 0.92806014163
1181 1.89676938622 1.89676938622
1193 0.854815121098 1.1089905211
1211 1.59919941593 1.59919941593
1212 1.68420937219 1.68420937219
1216 1.34695335486 1.50347631814
1219 2.95937901198 3.55675164886
1221 0.465637081195 0.465637081195
1226 0.388016315593 0.388016315593
1234 0.949233376908 1.11269434419
1237 2.0 2.0
1239 0.755360205832 0.755360205832
1244 1.16890746872 1.16890746872
1261 1.21493102028 1.21493102028
1266 2.66915442571 2.98062663654
1267 1.28678887298 1.63345013226
1269 2.0 2.0
1275 1.65085741387 1.65085741387
1283 11.4207621608 11.4207621608
1284 5.48903897068 5.48903897068
1285 0.0774983545997 0.0774983545997
1287 3.54936126445 4.63031866882
1289 1.07643558124 1.9006118378
1292 1.85948983933 2.29750745268
1295 0.666749439422 0.666749439422
1296 1.0 1.0
1297 2.7206977071 3.06160770622
1308 3.95355823007 3.95355823007
1312 0.874567326715 1.14473461147
1313 1.2735091645 1.44159473715
1325 0.665108151231 0.665108151231
1330 0.88013756457 1.42313276493
1337 3.0 3.0
1345 0.634212604385 0.634212604385
1365 1.53034590754 2.06639805322
1369 1.96315374643 2.37111810306
1374 1.21646048881 1.44260754248
1384 4.67130937929 6.10222130288
1387 1.64603757389 2.00793094814
1389 1.34046929351 2.66935505025
1391 0.836996632012 0.895881527635
1413 7.27202437994 7.27202437994
1422 1.48100610504 1.48100610504
1424 1.00953455029 1.27710694308
1426 10.4467326929 10.5283340014
1434 2.20447097506 2.97996308432
1437 0.615952776769 0.682437631541
1438 3.74637198045 4.54074682612
1443 3.0 3.0
1453 1.64394197629 1.64394197629
1455 5.86312887059 7.61749975813
1458 1.30668455583 1.53775647363
1461 1.27998721446 1.27998721446
1465 1.53333198659 1.53333198659
1479 7.93974062049 8.03985331383
1480 0.638321807763 0.708094197944
1482 0.94418734448 0.94418734448
1483 2.57139468747 2.57139468747
1496 0.841923661802 1.04222139992
1499 0.874715869495 0.890969999259
1504 1.0 1.0
1512 1.23393012813 1.64200642855
1513 1.57869098754 2.38626118179
1518 2.52387025582 3.28487515828
1530 1.81182714157 1.94335367848
1544 1.0 1.0
1545 1.18780811894 1.31866653651
1547 2.54901380784 3.60484989772
1569 1.0 1.0
1579 1.39891019269 1.42739391543
1585 0.7484168792 0.853910789363
1597 7.64810395272 7.67104373114
1598 0.989598305469 0.989598305469
1599 2.5762925863 2.95453224619
1602 1.56485901806 2.08448510954
1605 3.73584244742 3.84256147157
1609 0.391336764757 0.539868796764
1622 1.20600778381 1.40915252897
1627 4.5 4.5
1628 2.51555394661 2.80746463815
1629 3.82947584517 3.82947584517
1631 1.31260974751 1.65860577461
1638 3.29666063089 3.29666063089
1651 2.18179953362 2.43342348789
1653 1.11108848388 1.34957924723
1658 3.0 3.0
1662 5.3230500162 5.3230500162
1674 1.79906230639 1.96853390923
1678 1.16137611832 1.16137611832
1683 5.0 5.0
1684 2.18701584453 2.28035495384
1687 1.02614336367 1.02614336367
1691 9.34808826527 9.3529670342
1718 1.52914730985 1.78186850585
1719 0.0 0.0
1722 1.48412445694 1.62547626573
1731 1.45841627401 1.45841627401
1732 3.05394886418 3.05394886418
1754 3.6875169088 4.68498929951
1764 8.01866797757 8.01866797757
1770 2.86030293581 2.87489143905
1778 0.0147053056743 0.0147053056743
1789 1.35477510601 1.56027101811
1792 2.74801404699 3.51077288268
1793 0.263699113323 0.263699113323
1797 0.0209418601607 0.0209418601607
1802 3.62178559048 4.22671697553
1806 0.295736505272 0.295736505272
1807 1.32524772825 1.70690228337
1809 4.89236308177 4.89236308177
1811 1.78904904059 1.78904904059
1817 2.29577400302 2.29577400302
1825 0.0 0.0
1831 7.42959616794 7.42959616794
1832 1.79817486621 1.79817486621
1833 2.1748035464 2.1748035464
1836 0.399949074991 0.399949074991
1837 1.0 1.0
1838 2.05555698436 2.05555698436
1839 1.0 1.0
1847 2.0 2.0
1849 0.458506027349 0.520125828689
1853 2.29447206867 2.61522676186
1855 3.0 3.0
1859 3.84066637335 3.84066637335
1867 0.0340461406268 0.0340461406268
1872 1.52493106999 1.52493106999
1878 0.0 0.0
1880 1.0 1.0
1888 2.54291167377 3.13699366434
1896 1.36762498145 1.36762498145
1899 1.47810069131 1.84478191023
1901 2.54589424688 3.11532566035
1902 1.0812479097 1.31679114919
1907 0.0 0.0
1918 1.35335653669 1.35335653669
1921 2.70403452757 3.82968932862
1924 1.44104086156 1.44104086156
1926 0.464191273689 0.464191273689
1939 1.0 1.0
1940 2.0 2.0
1941 4.0 4.0
1946 4.75974224795 5.75798719751
1955 1.67992517231 1.67992517231
1957 2.47822276265 2.84116464967
1959 3.45165879396 3.45165879396
1962 1.41298125353 1.53006765587
1965 2.67714689822 3.51823439606
1966 0.218155956278 0.218155956278
1972 1.09556911407 1.09556911407
1984 1.32740433475 1.34889760461
1989 1.80578746487 2.16495079559
2005 1.70917825709 1.98746740502
2007 3.0 3.0
2011 0.555928176004 0.555928176004
2023 2.58790679307 3.15916127702
2033 0.799496869035 0.799496869035
2040 1.69232610931 2.58006354684
2045 0.892274151192 0.892274151192
2062 2.24584359325 2.86668869541
2069 2.33127703056 3.29692359427
2071 3.0 3.0
2080 3.0 3.0
2092 2.41844598802 2.50155009273
2096 0.744454480964 0.965632327245
2100 4.58927923451 5.62180748032
2103 2.28240088336 3.1001135608
2108 2.18877844598 2.77236875492
2114 1.0 1.0
2115 1.38237466201 1.88843723012
2117 2.02834485432 2.02834485432
2127 0.499490850585 0.706386735179
2142 0.0 0.0
2146 2.14204300964 2.40640423067
2149 0.833916145255 0.833916145255
2151 0.560538253629 0.560538253629
2155 2.17629344837 2.32696060487
2183 1.58823402016 1.6922089032
2186 3.2705359515 3.2705359515
2192 2.0 2.0
2195 2.44091744972 2.94715356051
2197 0.0 0.0
2202 4.10150593687 4.20863830722
2204 3.78058664164 3.78058664164
2205 3.0 3.0
2210 2.0 2.0
2211 0.319348526885 0.333089364777
2212 1.99343295344 1.99343295344
2233 3.0 3.0
2240 1.0 1.0
2242 2.56216969794 3.25905698152
2245 0.796249388965 1.01045953193
2246 1.58159239682 1.59073616904
2250 1.13817247947 1.13817247947
2254 2.8939032476 3.03020047162
2259 2.6267936623 2.6267936623
2262 0.949165388983 1.29222018767
2272 0.714752677388 0.722645172142
2278 2.56447417981 2.95827666607
2287 1.14759892548 1.14759892548
2289 1.0 1.0
2292 0.799291465269 0.866206151435
2299 4.25468393145 5.73606243553
2319 0.995259065874 1.25144308831
2320 2.44717663701 3.53777517288
2329 1.0 1.0
2332 1.60609834693 1.69050075292
2346 2.0 2.0
2355 2.37124010611 2.73917488843
2358 2.40115216706 2.42483984328
2367 2.3071504911 2.3071504911
2376 1.0 1.0
2378 6.2611298847 6.2611298847
2386 2.3894456172 2.54217182547
2394 0.275563893127 0.275563893127
2402 5.63708055819 5.63708055819
2404 1.14554515162 1.14554515162
2409 1.9922965098 2.23832493667
2414 0.375040033479 0.375040033479
2422 2.89284126298 3.53301647465
2428 2.18344663021 2.18344663021
2430 0.278816933878 0.278816933878
2431 2.1774370528 2.67882939016
2450 2.41707967011 3.03481857024
2451 2.0 2.0
2475 6.510476447 7.41062036225
2477 1.72790045756 1.87722619104
2478 0.449809605672 0.564829663698
2484 1.97181726929 2.57247850674
2494 2.18922324132 2.97814625373
2496 0.00972743720939 0.00972743720939
2499 4.32065099757 4.32065099757
2505 6.71239990239 7.47426430168
2506 3.16189273136 3.44903927661
2507 2.29602681852 2.29602681852
2508 3.52783002572 3.84445695487
2518 2.0 2.0
2527 0.322459260158 0.456026259029
2530 1.59744358509 1.92833077839
2537 0.911978958699 0.911978958699
2538 1.73509377508 1.74681119212
2539 1.74722044912 1.90029410814
2541 6.0 6.0
2551 2.19439795652 2.84335594146
2554 1.03278999242 2.00107489475
2561 2.77153686142 3.39217979468
2562 3.09700657061 3.10277489795
2572 0.822053272854 1.06577167627
2580 1.0 1.0
2584 2.0 2.0
2585 3.88826239683 5.300344206
2586 6.218931403 7.25382278888
2587 2.38712698664 2.38712698664
2590 1.56433945601 1.56433945601
2596 1.0 1.0
2609 1.00854664331 1.00854664331
2618 0.100215513371 0.141726138169
2627 1.7128951913 2.30944574966
2634 3.0 3.0
2636 1.48849320357 1.57392859427
2645 1.9340158188 1.93514110584
2647 9.0 9.0
2649 0.0 0.0
2669 0.70214054689 0.90198415611
2676 1.98534069789 1.98534069789
2679 1.37785410217 1.37785410217
2683 1.90436360885 2.12687290935
2685 1.31523624509 1.6413803236
2687 3.91541357604 3.91541357604
2690 1.02955200662 1.05567258494
2693 1.88373526123 2.08073221399
2699 0.144387895017 0.144387895017
2704 2.60232240861 2.60232240861
2713 2.5 2.91547594742
2714 2.0 2.82842712475
2715 3.97138149977 4.79710609132
2716 6.77216407414 7.31758839379
2721 1.13581726176 1.48983552021
2733 4.42223881551 4.42223881551
2739 0.881571342146 1.28456108437
2750 0.162056014185 0.162056014185
2758 3.38038795726 3.38038795726
2761 3.0 3.0
2764 1.44274224338 1.8650719831
2765 2.29221845778 3.17479860025
2771 1.77336761325 2.19961053483
2772 0.37072610398 0.371966573321
2775 4.97835535315 4.97835535315
2777 1.26538844788 1.72029358783
2788 0.954390372351 0.954390372351
2800 1.58362362333 1.9686760159
2803 2.54713792247 3.26611715684
2805 1.0 1.0
2806 4.95046411673 4.95046411673
2838 1.1787626455 1.17923574896
2843 5.0 5.0
2846 0.431314481526 0.431314481526
2850 4.30457679684 4.48394489892
2852 4.50392919589 4.50392919589
2855 7.0 7.0
2857 7.94352734224 8.0435078712
2860 3.01686447697 3.01686447697
2861 1.33713377617 1.33713377617
2863 3.55562142291 4.46199441922
2877 2.74937501562 2.74937501562
2883 0.740597553151 0.740597553151
2890 0.840584457532 0.884772386428
2895 3.82478939518 3.82478939518
2899 1.23958404007 1.88817635789
2907 2.35125082637 2.35125082637
2913 1.64637055553 1.9304366066
2919 0.0 0.0
2928 2.72675782023 3.54989531136
2935 0.305599439247 0.305599439247
2961 2.08682313389 2.65958137668
2964 2.1961570609 2.34172521381
2966 2.47416898438 2.47416898438
2976 1.83046877591 2.05912694244
2977 1.52009784795 1.98929386501
2981 1.1147927969 1.57655509261
2987 3.84717811753 3.84717811753
3000 1.67121044893 2.54060367425
3011 0.145071646814 0.193562274402
3014 1.0 1.0
3021 3.0 3.0
3045 1.74754025174 1.97413681506
3046 0.329136917073 0.329136917073
3050 8.52939603775 8.52939603775
3051 4.56426173703 5.32827947686
3052 0.810061062145 0.863679462971
3062 2.0 2.0
3064 1.4021688002 2.31961963495
3070 0.387988250995 0.444360429919
3074 0.0573729795333 0.0573729795333
3075 1.0 1.0
3079 2.6507312821 3.65371712435
3092 2.26553367928 2.50308718017
3097 1.28324188389 1.28324188389
3102 0.591590539289 0.62924250111
3107 1.05829306938 1.05829306938
3110 1.6738058022 2.35901441142
3115 3.82781970433 4.01067356473
3116 0.0 0.0
3118 0.567375395897 0.567375395897
3127 2.83895339943 2.83895339943
3128 0.637238622449 0.728495773346
3129 0.89123178679 1.04157249297
3138 2.47259740555 2.47259740555
3139 2.59530228851 2.627243848
3150 1.1029712616 1.17950436896
3165 1.01025201265 1.03434844119
3169 1.75072047362 2.22793243452
3182 0.238572249504 0.238572249504
3186 2.103568779 2.31548685952
3187 0.573682529805 0.672327001323
3188 6.59973450383 6.59973450383
3193 1.25378385598 1.25378385598
3198 0.0 0.0
3203 3.0284419885 3.0284419885
3212 2.61260489017 2.61260489017
3219 2.66385984658 3.54265637149
3224 3.63681171362 3.66020470792
3225 3.0207863782 3.65533649763
3231 1.62674132953 1.62674132953
3242 0.945578366079 0.999328131179
3243 1.14568077274 1.14568077274
3244 2.07936527312 2.52857502508
3245 0.9494882611 1.18450975329
3252 1.51052725708 2.3879041678
3277 1.74858936999 1.74858936999
3278 2.40628174005 2.97237841024
3284 1.30706543823 1.59493902952
3286 1.52499895838 1.52499895838
3290 0.698184087597 0.698184087597
3293 0.629174728227 0.629174728227
3294 2.20399269441 2.30188115359
3296 0.346879908149 0.346879908149
3298 0.509090702484 0.509090702484
3300 3.83548198563 4.25142091422
3321 1.41289428398 1.97986075512
3323 3.48361502254 3.48361502254
3328 6.0 6.0
3341 1.30436894442 1.50481008943
3345 1.26783539814 1.48028712509
3347 0.878872205051 0.887179967944
3351 1.17485069543 1.18779077377
3352 0.0103699094855 0.0103699094855
3353 0.243710581336 0.243710581336
3366 0.818458839458 0.818458839458
3368 2.0448771619 2.0448771619
3374 1.0 1.0
3381 0.455320993926 0.455320993926
3385 2.82962547053 3.60015989617
3389 1.4862086893 1.50213737287
3395 1.97774940217 2.63342446531
3398 7.80010075768 7.80010075768
3399 1.39520757659 1.39520757659
3408 0.992095017885 0.992095017885
3409 2.4651077566 2.4651077566
3410 2.62673386655 2.62673386655
3412 3.33988834949 3.33988834949
3413 1.06198763695 1.3952375771
3418 3.0 3.0
3421 0.0054544462828 0.0054544462828
3423 3.69389362719 4.45784151195
3426 0.993834718595 1.0916949062
3429 2.63020469615 3.23447370531
3431 1.99714174884 1.99714174884
3440 3.29167937507 4.24663826422
3450 0.947603692537 0.947603692537
3452 0.910967441788 1.31159832395
3468 1.63554420996 1.75468552896
3478 1.84508468315 2.02068304319
3481 0.0258204755687 0.0258204755687
3486 2.4729753807 2.4729753807
3487 5.8931379284 5.8931379284
3488 3.5 4.94974746831
3495 0.0122636881627 0.0122636881627
3502 1.66646730117 2.49162851801
3510 0.950423770817 0.950423770817
3514 10.7362000472 10.7362000472
3516 1.74026005953 2.83681502814
3517 2.33206144302 2.37940934091
3522 7.82735889624 7.82735889624
3523 1.98144455439 2.63276755436
3545 1.27615161351 1.66578682486
3554 0.661754954689 0.661754954689
3565 1.0 1.0
3571 0.39624260653 0.39624260653
3573 2.50295260211 2.50295260211
3578 0.453382126707 0.453382126707
3580 2.10032750169 2.23634026334
3583 1.59852827951 1.68520250145
3587 2.98467491667 2.98467491667
3592 8.19441744202 8.19441744202
3594 6.0056001428 6.00560275383
3595 2.26723484334 3.30727901076
3597 0.104935842535 0.104935842535
3604 2.0 2.0
3608 2.52309974616 2.94717918795
3614 4.25891327526 4.82304044273
3619 0.400889825547 0.400889825547
3632 1.62093718871 1.96741777787
3636 1.94496503013 2.16237089247
3657 1.9354475011 1.93728220394
3661 1.41241391313 1.75471263573
3679 4.60338323136 4.60338323136
3683 0.0962867813735 0.0962867813735
3709 6.15922981498 6.21634992723
3719 1.97004052244 3.1087906197
3722 1.42255358174 1.42255358174
3728 4.5 6.36396103068
3729 1.47592130336 1.47592130336
3730 2.93167499289 2.93167499289
3735 0.949709208151 0.949709208151
3736 2.52598558871 3.0131559636
3738 0.652542885852 0.652542885852
3743 3.0 3.0
3750 4.0 4.0
3755 3.4241666043 4.65192527571
3758 1.31225825078 1.36231826276
3760 0.972279503736 0.972279503736
3783 0.130736417219 0.130736417219
3802 0.900936654143 0.906366593201
3810 2.0 2.0
3814 0.835811428465 0.835811428465
3828 3.53786752309 3.53786752309
3831 2.43740048541 3.25034073648
3832 1.02590619884 1.02590619884
3840 2.24929001613 2.41873174776
3843 1.54489089982 1.54489089982
3849 2.0 2.0
3852 5.0 5.0
3857 1.08252920249 1.10836226813
3864 8.97042722346 8.97042722346
3868 2.33250499488 2.42613460735
3874 2.19251764025 2.19251764025
3876 5.98936808939 5.98936808939
3878 4.0 4.472135955
3879 1.5 1.58113883008
3882 2.80992730222 4.20773624672
3889 1.17645444083 1.73295852202
3895 2.11675789522 2.29640098702
3902 3.12381891624 3.12381891624
3912 0.876576538702 0.885223010886
3913 1.60749679365 2.12578830216
3918 1.0 1.0
3924 3.85693748052 3.85693748052
3927 2.09110853567 3.24454528618
3936 1.59698748774 2.07598973769
3953 1.67930912349 2.21595234449
3961 1.00410061744 1.73206536978
3983 1.64080413985 1.64080413985
3985 0.637363603398 0.637363603398
3993 0.954805954076 1.32519997856
3994 1.07037350929 1.07037350929
3995 0.826109416565 0.841290528479
4004 0.66352158522 0.897709691721
4023 3.19348586723 3.87425649208
4046 0.340236380042 0.340236380042
4048 8.89579359089 8.97893309265
4050 3.64816260535 3.64816260535
4053 2.77364752608 2.77364752608
4064 1.07638177328 1.30448139826
4070 1.14309834661 1.14309834661
4075 0.872951690413 1.2338224254
4082 1.81682493358 3.23672907173
4091 2.12343605233 2.98613264059
4093 6.24387634965 6.65417017962
4105 1.00293865762 1.00293865762
4106 2.50854751301 2.56079869484
4113 1.89248485182 2.56825100713
4159 2.45628170783 2.45628170783
4161 0.0 0.0
4162 0.696042113233 0.696042113233
4172 0.860541049144 1.04924810845
4175 0.0 0.0
4179 1.42790660649 1.53824839599
4182 0.442927586522 0.442927586522
4186 0.0 0.0
4193 4.0 4.08248290464
4195 3.68078912946 3.74321819486
4207 0.428395455248 0.497967503055
4210 1.21582575947 1.22537653779
4212 1.37504977263 1.59641404031
4219 0.19302480867 0.272978302296
4221 2.73305498842 2.82965707918
4227 7.44868156525 8.03843146274
4240 1.4475161273 1.71169983465
4252 0.684133534202 0.684133534202
4253 0.340820722412 0.366720659373
4260 2.02854094652 3.36840373496
4271 1.90251672924 2.01560074638
4274 1.0338872356 1.0338872356
4282 1.0 1.0
4296 0.409292017776 0.556607224281
4297 0.0 0.0
4308 1.36357069437 1.36357069437
4315 2.04680624302 2.22721183155
4341 0.730389860195 0.855970272117
4349 7.0 7.0
4357 2.76695551561 2.76695551561
4362 3.74781792274 3.74781792274
4363 5.0 5.09901951359
4367 1.0 1.0
4377 2.0 2.0
4382 1.65465389987 1.8584352337
4388 1.96683056271 1.96683056271
4395 0.912670858254 1.204037518
4399 0.384247213081 0.384247213081
4415 0.0 0.0
4416 11.4843863111 11.4843863111
4417 4.54209775782 4.54209775782
4420 1.80596983656 1.94805697843
4423 3.20195510308 4.516638032
4426 2.48324072747 2.88147866817
4431 0.61006386397 0.61006386397
4433 0.854537831975 0.854537831975
4437 4.4049715653 4.4049715653
4442 0.0 0.0
4444 1.25951027913 1.5576708984
4447 6.72396880116 7.25591891062
4456 1.02713149609 1.15576436458
4459 2.05062033437 2.05062033437
4461 0.442816975471 0.604106289492
4462 2.69166535862 2.69166535862
4474 1.05083374023 1.05083374023
4475 2.96069926202 2.96069926202
4479 3.0 3.0
4490 6.0 6.0
4492 1.46543118276 1.46543118276
4498 0.882679775846 0.891477411365
4501 0.0 0.0
4508 0.272957348088 0.272957348088
4514 1.0 1.0
4523 1.55074497974 1.86417188191
4524 2.0 2.44948974278
4525 0.937275219231 0.937275219231
4526 3.0 3.0
4531 2.39854266774 2.75543150225
4534 1.0 1.0
4538 0.975437668606 1.39468565022
4543 8.35082800436 8.45937732081
4546 5.18123979795 5.18123979795
4550 1.40048031903 1.69627170212
4553 4.5 4.74341649025
4558 1.38042552241 1.38694902517
4565 0.493896828229 0.493896828229
4569 0.477053050011 0.487151052045
4570 4.00860427171 4.7767749278
4582 2.09755066439 3.36619114167
4583 6.98951825919 6.98951825919
4592 2.9067107998 2.90820744592
4593 3.03077919195 3.5764525917
4595 1.67399996112 1.70614301219
4602 1.36094170443 1.97185545967
4606 2.18779806522 2.52605633637
4613 0.929949967595 1.35094835093
4616 6.87728637729 8.01834368995
4619 0.830571660088 1.10300418015
4623 2.0 2.0
4624 2.74603181063 2.74603181063
4629 1.57341504429 1.66172065866
4636 1.59108574205 1.59108574205
4637 1.73461040382 1.73461040382
4644 0.930778452448 0.930778452448
4645 0.969946091154 1.10958454098
4651 1.23803991694 1.23803991694
4656 8.91451632142 8.91451632142
4660 2.98003567366 3.55501185023
4665 5.61331762728 6.2052567067
4673 5.91384261918 5.91384261918
4675 3.20493621323 3.8941945916
4688 2.84478659531 3.1259370712
4698 0.539154267815 0.539154267815
4703 3.67221332995 3.90489029063
4709 2.90025056347 3.94635824126
4730 3.4953705847 3.4953705847
4740 2.45516109935 2.60074335112
4744 1.35339747386 1.35339747386
4748 2.16497274762 2.66551561219
4749 2.97561037148 2.97561037148
4760 1.51091806969 2.12137653624
4774 0.0103504115123 0.0103504115123
4781 1.74987600396 3.16423624584
4782 2.0 2.0
4790 1.20319331865 1.5393819679
4801 0.764055472264 0.764055472264
4802 1.00347559294 1.54247372344
4805 1.0 1.0
4806 3.64415088821 3.64415088821
4807 1.31955161923 1.4355239692
4810 1.95995144112 1.95995144112
4812 1.83619855855 1.83619855855
4813 1.0 1.0
4819 0.913774852462 0.913774852462
4820 2.98804301996 3.58897145967
4821 4.00271980562 4.00271980562
4827 3.3710803534 4.14445167879
4828 0.893905078641 0.893905078641
4855 0.400816085404 0.589062898861
4861 7.8334424296 8.48884679382
4863 1.18830332408 1.46350010845
4871 7.82616767407 7.90283905064
4881 4.0 4.0
4885 0.103583806007 0.103583806007
4894 2.27281421206 3.2839840007
4900 0.0 0.0
4910 8.5 8.86002257333
4916 0.712497851663 0.712497851663
4920 1.85339802427 2.15353518954
4929 6.0 6.0
4956 0.930558414644 1.08657490553
4960 3.00900115684 3.00900115684
4964 2.06883799626 2.83676089774
4966 2.83836400959 2.83836400959
4967 1.50173357958 2.25067927493
4971 0.0 0.0
4983 2.49025232651 3.8443721072
4988 0.448751694215 0.448751694215
4993 3.53694187811 3.53694187811
5003 1.14890698987 1.26351424281
5009 1.0 1.0
5026 1.63673719605 1.92817566433
5036 0.0995908398598 0.0995908398598
5047 2.0 2.0
5062 1.0 1.0
5065 2.25820068199 2.26511048306
5066 0.782742076264 0.845533462533
5067 3.51512599224 3.55633408197
5069 4.54636314288 5.97584618402
5077 0.592291535835 0.676352783662
5078 1.67359035036 1.67359035036
5085 2.62008418386 2.62008418386
5086 2.50877615294 3.53555569065
5096 5.57288227468 5.57288227468
5099 1.84019355861 2.02292796438
5113 2.8826854732 3.57389464283
5121 2.00209441363 2.56231013287
5124 4.50434692723 4.50434692723
5127 3.26297139218 3.34517465537
5131 2.01831367665 2.01831367665
5132 5.15579033927 5.5334366297
5151 1.75619657988 2.11884096755
5154 1.05109203387 1.05109203387
5157 4.0 4.0
5159 1.24297585994 1.24297585994
5167 1.87660779059 1.95553363674
5183 1.96882443105 2.37295358318
5191 4.24466062715 5.21391809214
5202 1.86109899129 1.86478321888
5204 2.30277069425 2.30277069425
5210 0.0 0.0
5211 4.0 5.0
5217 2.52503015044 2.89405524035
5219 1.07747813968 1.07747813968
5223 2.15116433927 2.64847067987
5228 0.910895770345 1.21318617286
5229 1.56435960012 2.20422900532
5233 1.26801769337 1.26801769337
5246 1.07338758579 1.07338758579
5251 3.82172078415 4.32528812447
5254 5.88702810881 5.88702810881
5271 4.2801263679 4.2801263679
5272 1.42073174254 2.04548763165
5280 1.8258143452 2.38783919736
5289 0.0453923388572 0.0453923388572
5291 1.07136084275 1.46378210595
5293 1.8231464348 1.8231464348
5294 2.36425632101 2.74240573927
5295 5.66883991429 5.66883991429
5300 5.5 7.77817459305
5310 3.798044338 3.798044338
5311 1.66105407229 2.25821464636
5321 1.59238221268 1.59238221268
5322 0.344988141233 0.344988141233
5325 8.35165233936 8.96396398104
5326 0.0 0.0
5336 1.98938017324 1.98938017324
5344 1.80454355101 1.95080362718
5356 1.2731608108 1.2731608108
5361 0.85628511083 0.85628511083
5363 4.4612479426 5.429390336
5367 0.0 0.0
5368 0.898716165615 1.27097659014
5371 4.32021408093 5.59626838809
5372 6.95509452883 6.95509452883
5374 4.0 4.0
5387 1.23241716983 1.23241716983
5404 0.991136957523 1.22282928309
5414 2.12266662734 2.53017898704
5421 0.599670032282 0.88493152669
5423 1.0 1.0
5424 2.60644903087 2.60644903087
5446 3.69352664744 3.69352664744
5456 1.0 1.0
5459 2.0 2.0
5462 3.50360854503 3.50360854503
5475 6.0 6.0
5477 3.21753009952 4.19249546591
5478 0.960090844512 1.01671649221
5479 0.0 0.0
5482 1.06935380015 1.48845127647
5484 3.15500030034 4.39038352195
5488 0.987502712001 1.29317941163
5492 2.16549382645 3.12427154795
5493 1.54342058583 1.63629246709
5496 0.347995808538 0.537040700472
5499 0.178513939257 0.178513939257
5506 0.773584046385 0.773584046385
5507 2.56300348905 3.13692134145
5512 1.09040900785 1.27492188347
5515 1.96009458799 2.54824536407
5518 2.90083711132 3.03749295431
5519 3.0 3.0
5523 1.7833187595 1.7833187595
5545 0.977305688826 0.977305688826
5546 3.55412231644 3.55412231644
5554 2.76992074553 3.6519418089
5562 1.40954610968 1.72627130941
5565 0.917575575078 1.18749932504
5573 3.01522873306 5.22340784297
5575 0.526481138912 0.526481138912
5578 2.55322078576 2.95145262416
5581 0.0 0.0
5584 0.948952819966 1.22108651348
5600 3.0 3.0
5608 3.92654795046 3.92654795046
5617 9.49958575666 9.49958575666
5633 9.94841506807 9.94841506807
5642 2.0 2.2360679775
5646 0.187863902052 0.187863902052
5649 3.00406116241 3.79052954496
5652 2.44223785602 2.44223785602
5655 1.32184000278 1.32184000278
5659 2.44613246867 3.5121700731
5662 1.46447678399 1.78438481417
5669 0.962712810045 0.962712810045
5674 1.29855500322 1.65891637587
5683 0.307336252057 0.434639095868
5685 2.74388852673 2.74388852673
5687 4.44135907618 5.03263527097
5700 2.67141999846 2.67141999846
5702 9.0 9.0
5707 2.07870102852 2.94629903178
5720 4.0 4.0
5721 3.35280119784 4.95003958141
5724 2.32163329943 2.65885733922
5725 3.0 3.0
5729 3.45599879558 4.51593369886
5736 1.61174745572 1.61174745572
5737 2.74069359507 2.89785663113
5740 5.12729453713 5.12729453713
5749 0.915851206029 0.940817315556
5763 1.21835876035 1.21835876035
5768 2.19701703415 2.19701703415
5772 4.06127908471 4.6084957133
5785 2.82165753797 2.98133145129
5786 2.17656896337 2.37216395397
5792 1.0 1.0
5799 0.0482858522453 0.0482858522453
5815 0.623609510717 0.623609510717
5816 0.5 0.707106781187
5826 4.42226147326 5.32513454999
5827 1.75841406708 1.75841406708
5831 0.0116956784468 0.0116956784468
5837 1.16672534444 1.74830140561
5846 1.66666666667 2.38047614285
5849 4.20398914293 6.66401482137
5851 2.55216451829 2.59115810925
5865 0.739804117504 0.843644701614
5870 4.2864691969 4.2864691969
5891 1.18006901122 1.18006901122
5892 2.30773031707 2.30773031707
5896 1.45672575758 1.58000246739
5897 4.34443256889 4.34443256889
5898 0.18092857095 0.18092857095
5911 3.61879511364 5.24199584468
5915 1.0 1.0
5931 3.15153608611 3.59263371809
5933 2.75739239546 3.44322942449
5934 4.26477231507 4.44836283461
5936 2.09157702968 2.7944079721
5937 9.98881601021 9.98881601021
5941 0.495154353488 0.602860043584
5945 1.00244344942 1.00244344942
5948 2.87997841225 3.47722672146
5956 6.69603135366 7.81004823992
5957 1.58047281074 1.58047281074
5968 3.01664548696 3.01664548696
5969 2.76127496419 2.97979060344
5974 0.977809350655 1.22882895913
5992 7.86021993375 7.94075774716
6004 0.972576572828 0.972576572828
6006 2.76124597341 3.37027249528
6013 1.41951376559 1.41951376559
6018 4.02060971789 4.02060971789
6022 0.709704267897 0.709704267897
6026 0.272025569239 0.272025569239
6038 1.75107286928 1.75107286928
6040 0.00159994880164 0.00159994880164
6041 1.61761435558 1.93701785183
6043 1.5111293817 2.05910325587
6045 2.3051525252 2.32526261486
6055 0.673785609544 0.673785609544
6061 1.51794834978 1.60388206724
6063 0.0 0.0
6065 0.0278509067837 0.0278509067837
6071 3.0 3.0
6077 1.19052372622 1.19052372622
6083 5.0 5.0
6091 8.51273191217 8.76064944499
6099 0.828699834551 0.862593889451
6103 1.07132348548 1.07132348548
6107 6.93983871806 7.07705098248
6115 1.0 1.0
6117 1.0 1.0
6120 3.02438773327 4.74989493995
6124 4.64709688609 4.64709688609
6148 2.88045900428 3.13686375609
6150 1.28966820845 1.6545061387
6154 0.554185227693 0.554185227693
6168 1.66118076133 1.78252320831
6183 0.0 0.0
6194 6.76852447804 7.71439089057
6201 1.52979008457 1.52979008457
6202 4.87489802011 7.01766193711
6228 1.97181327378 1.97181327378
6234 1.00248674864 1.00248674864
6240 3.32939142424 3.82765537193
6269 3.0 3.0
6277 0.0 0.0
6280 3.13047979181 3.13319783975
6283 1.54898107689 1.63207511612
6285 2.32227510613 2.32227510613
6287 0.973282078208 1.08296265189
6290 2.445184297 2.53773612849
6297 2.55696657377 2.99369720767
6299 2.67633904686 3.08461516082
6303 1.44040448714 1.44040448714
6325 1.41101055099 1.58859787949
6328 1.40991234163 2.58643603529
6343 1.84123299414 2.14314297707
6346 2.0 2.0
6349 2.0 2.0
6372 6.48700581233 6.48700581233
6375 0.168756219646 0.168756219646
6377 2.24197600747 3.05929409672
6378 5.73828435357 6.61449656585
6379 0.738230370874 0.738230370874
6384 3.6101081721 3.6101081721
6386 0.455583195999 0.802788816717
6400 6.51381752677 6.51381752677
6403 2.6108826257 2.6108826257
6404 1.15635432106 1.16687702417
6410 1.0 1.0
6411 4.87674570799 5.3189150669
6415 1.0 1.41421356237
6418 1.06197010974 1.0692552636
6419 2.33949981501 2.36400497225
6421 1.17427338547 1.17427338547
6431 7.96382054993 7.96382054993
6435 6.77896716457 6.77896716457
6440 0.34158640971 0.34158640971
6444 0.256202972811 0.256202972811
6450 2.27616000311 2.85109963935
6454 4.26355668723 4.26355668723
6455 0.578674358876 0.644459875061
6456 2.03267935218 2.42404559641
6458 2.6740919769 2.80401722256
6463 0.822929618237 0.860897477867
6470 0.83423290228 1.28632715586
6476 12.0 12.0
6484 0.865695518112 1.18270985071
6488 5.0 5.0
6497 1.43908173069 1.43908173069
6517 1.55094675426 1.90234553016
6521 4.01454017908 4.55828291507
6526 1.01867477039 1.01867477039
6530 1.60968608888 2.27643989805
6533 1.58087751911 1.70199428214
6538 3.20781678534 3.30418564459
6549 1.09621792067 1.45261615179
6560 0.332156591062 0.370267919698
6562 1.59842423734 2.22098165851
6564 6.03941061716 6.03941061716
6574 0.919294706546 1.22697643313
6583 1.0 1.0
6595 2.03705345617 2.26943685864
6614 1.0 1.0
6615 1.11101791832 1.11101791832
6631 2.30310843986 3.18637089428
6640 2.41406803883 2.48415795778
6644 2.8588688338 4.20918017944
6651 1.64644006706 2.1214723919
6655 1.0 1.0
6657 3.20894463758 3.20894463758
6680 1.10426700308 1.10426700308
6689 7.44208964131 7.44208964131
6697 1.42324058264 1.49321322858
6703 2.0 2.0
6704 0.764414357659 0.764414357659
6716 1.45689639811 2.1134107369
6732 2.03803987893 2.03803987893
6736 2.91867642398 3.24931222894
6737 1.58765949253 2.32124564853
6738 0.370134956811 0.370134956811
6740 2.80551834793 3.56183701506
6748 1.86637489204 2.50121493417
6766 3.13157710709 4.48923097778
6770 9.17334803317 9.17334803317
6775 2.20483838985 2.20483838985
6779 2.61412621992 2.82181439927
6780 3.48818918304 3.48818918304
6800 1.12088622489 1.51118135676
6816 3.85718270494 3.85718270494
6823 1.727584029 2.25599821513
6826 2.0 2.0
6829 0.966303615373 1.00275917001
6830 2.0 2.0
6833 0.0 0.0
6838 5.44883397899 5.44883397899
6839 2.41904172837 3.08446968383
6844 3.16616949936 3.16616949936
6854 2.39879717817 2.90784753323
6863 1.71662328241 1.86807344129
6872 2.16402917206 2.39995736863
6878 4.36307486598 5.08142469062
6883 2.636802807 2.96833886711
6887 1.49267426102 1.49267426102
6889 1.95934549067 1.95934549067
6895 1.07846512709 1.52467757881
6902 6.9136526329 6.9136526329
6917 8.07615641866 8.07615641866
6921 0.722706752234 0.837664836205
6940 1.83609030491 2.00901920604
6941 8.0 8.0
6948 1.84211035689 1.84211035689
6955 1.13604717395 1.41703111812
6968 2.41580330911 2.41580330911
6971 1.56190214272 2.1249299991
6975 2.39166691468 3.7903845267
6980 0.951793226986 0.953013242248
6993 0.053068228541 0.053068228541
7001 1.74003499006 2.50308281772
7006 1.44346106359 1.83002168057
7011 1.72458483405 1.72458483405
7012 2.57823359314 2.88568322526
7013 3.37442340495 3.37442340495
7030 1.33784355323 1.34426060651
7043 0.552756572438 0.691211260695
7045 3.58360390486 3.58360390486
7052 5.17209725997 6.23212442253
7060 0.0 0.0
7063 1.00486497483 1.00486497483
7074 0.38104550128 0.38104550128
7079 1.33729202047 1.33729202047
7080 3.59578676383 4.82565972726
7081 0.0761384959849 0.0761384959849
7088 1.80265741493 1.80265741493
7094 0.649262943507 0.703055150714
7095 1.75526297323 1.75526297323
7099 5.44567155057 5.44567155057
7109 1.19665600138 1.32795857134
7112 1.73295522907 1.73295522907
7113 2.54755378992 3.03179716726
7119 1.3149350521 1.87142474009
7121 1.32718015597 1.70102548037
7123 1.0 1.0
7125 1.0 1.0
7127 11.0 11.0
7129 0.778463634722 0.778463634722
7130 0.953722115185 1.08018476674
7134 1.98216068852 2.05409751146
7135 1.68913940774 2.16691907515
7137 0.185434585241 0.185434585241
7142 2.47640588946 3.22794231619
7158 4.0 4.0
7159 1.43862636244 1.81869470765
7163 3.70489629382 3.73402858697
7164 1.40983230333 1.40983230333
7166 1.0799773066 1.21542582447
7168 2.21226807503 2.56535353472
7171 5.58031478027 6.51006628007
7173 0.0 0.0
7176 5.12999448788 6.9928123959
7177 1.01202255683 1.01202255683
7178 0.828003709437 1.04842964825
7181 1.39766187504 1.39766187504
7203 0.588079281618 0.717994373029
7215 2.69478410952 3.18341869298
7222 3.15692123222 3.15692123222
7226 1.3669282749 1.3669282749
7234 5.31774048553 5.31774048553
7251 0.221439462199 0.313162690687
7262 0.817968168315 0.973097793199
7263 1.04464693953 1.04464693953
7272 10.773341817 10.773341817
7278 2.67005336727 2.67005336727
7290 5.35747183201 5.52605318613
7293 1.35149514439 1.35149514439
7297 0.0 0.0
7304 1.68152644448 1.90356253921
7310 1.61182843049 1.63787874366
7320 2.167832599 2.24680177442
7326 0.493118260888 0.493118260888
7328 1.68607403732 2.35445885605
7334 12.0 12.0
7335 1.0 1.0
7339 1.26170044609 1.42436600532
7342 6.85855931783 6.85855931783
7351 4.06810973379 5.78210908434
7355 7.0 7.0
7356 5.0 5.38516480713
7382 1.02619168444 1.1647777238
7387 1.9229324716 2.43252457267
7389 5.09162559984 5.76253462541
7407 1.89334557103 1.89334557103
7411 4.0 4.0
7413 0.14943779039 0.14943779039
7414 2.46281504793 2.46281504793
7420 1.54216999689 1.63469771054
7431 2.91360996277 3.80702629529
7436 3.34369937967 3.75679360672
7437 3.16910703351 4.06713931438
7438 0.0 0.0
7442 2.84038705364 3.07350745534
7446 0.406446151404 0.406446151404
7450 3.778601569 3.778601569
7453 1.00095032075 1.18930669729
7459 0.0 0.0
7465 0.938363804306 1.26939144434
7466 1.11500439812 1.44646513239
7474 2.99021557598 3.12928562696
7478 4.0 4.0
7484 2.15139590906 2.15139590906
7493 3.62718871923 4.37883753223
7494 4.0 4.0
7497 4.0 4.0
7498 2.0 2.0
7504 1.0 1.0
7513 0.869235825265 1.21409637495
7515 1.0 1.0
7518 0.689775323559 0.881152104689
7525 3.0 3.0
7538 0.0 0.0
7543 0.621783067002 0.621783067002
7547 5.99508432383 5.99508432383
7553 4.19264318864 4.60975067343
7557 2.25267976349 2.25267976349
7561 2.95749095097 2.95749095097
7562 6.46284683288 6.46284683288
7564 1.03230167361 1.03230167361
7568 2.40770160299 2.6918125429
7574 4.29259736701 4.34020870038
7578 3.50328220389 3.50328220389
7580 0.971327535124 0.971327535124
7585 1.0 1.0
7587 0.518986540652 0.518986540652
7591 1.34581342606 1.49822260954
7594 1.0 1.0
7600 1.92984962928 2.71691870348
7608 1.02912175354 1.02912175354
7611 8.94753026162 8.94753026162
7621 1.08984780613 1.08984780613
7632 1.78218093935 2.1600826064
7638 6.0 6.0
2.18848360739 3.10487264593