5 1.57593593114 1.57593593114
6 0.255625287458 0.291164196464
9 2.05103763884 2.58355371781
14 1.0 1.0
15 2.11316921601 2.61258457861
19 0.0 0.0
22 2.38067676713 3.54128580195
24 7.71858649943 7.71858649943
25 0.686404208652 0.74712019146
35 3.67294213956 5.67339135372
55 0.139619264937 0.165319521541
57 2.36886747041 2.36886747041
58 1.0 1.0
59 7.0 7.0
66 3.48555080338 3.48555080338
68 0.943672276082 1.05291749768
69 1.03401816289 1.17394603784
76 1.4573921121 1.90926419707
81 1.25161764989 1.25161764989
83 7.12748020958 7.44500784268
85 0.167853062856 0.189476339467
89 9.63749605475 9.63749605475
95 1.91958207615 1.91958207615
97 2.13655629504 2.13655629504
119 5.0 5.0
122 2.78820790598 3.4372124198
126 2.95201684674 3.28460005966
134 0.957180829386 1.2133369854
136 2.61176777986 2.79177523908
151 1.92944099464 1.92944099464
155 0.516013095153 0.516013095153
156 3.70506332792 5.4895988371
161 3.17221967529 3.77363991935
164 1.42607556717 1.43187785342
171 1.22941628707 1.68025702085
172 2.56164712673 2.77687170978
186 2.44291453482 2.44291545814
189 2.24511163542 3.10894867984
196 4.05054676321 5.98626210894
205 0.907528635504 1.07724664706
219 0.573312156981 0.573312156981
221 4.49682346065 4.49682346065
234 0.10262502838 0.10262502838
243 2.44596239402 2.44596239402
259 4.35408351573 4.35408351573
274 9.53655641397 9.53655641397
276 4.02644994219 4.52293570007
291 2.29378143928 2.29378143928
299 0.524773261226 0.76651780602
303 0.0138064337981 0.0138064337981
304 1.43259373838 1.50794873973
307 4.48902327067 4.72886291679
308 2.27619668038 2.89233161148
316 0.915819688177 1.19434385805
323 4.47027652251 4.49494518268
326 1.56476005447 1.56476005447
328 3.53182387428 3.53182387428
331 2.70304740283 3.14792068783
334 1.62704911314 3.01074175389
342 2.65153231351 2.97546718281
343 1.96955534357 2.15882071361
346 1.14418399144 1.61812051855
347 4.54236354439 4.54236354439
348 2.23545139428 2.43548598075
360 2.0 2.0
362 4.56063207972 5.71214641423
365 2.16728784229 2.89950806344
369 1.08804714196 1.46740577342
370 6.48996107832 6.48996107832
373 1.0 1.0
376 1.44266777853 1.44266777853
380 2.1469617153 2.15507783466
381 0.779236189891 1.16539785576
383 2.0 2.0
384 0.824005572149 1.21886026664
391 5.0 5.0
393 0.740753511443 0.740753511443
405 3.0 3.0
410 0.900093581873 0.940500270112
419 0.492337458335 0.492337458335
420 2.5242246785 3.74673211489
427 0.930364960735 0.981232066223
431 4.76697447244 6.48132162847
433 2.64988553302 2.9212161868
445 0.904877348223 0.914888962837
452 1.48003893448 1.56002338322
475 2.13197872155 2.13197872155
476 1.57941296424 2.77116676687
480 3.007336089 3.007336089
485 2.17848589094 3.00895746067
488 8.0 8.0
493 2.72015702897 3.58739843684
502 2.65029525928 2.65029525928
509 0.955436174332 1.1645150108
512 7.08326394671 7.08326394671
515 0.545717170727 0.717500364082
517 2.42373314854 2.89876545499
520 3.83940036881 4.13348870394
523 0.789101220482 0.852734723156
524 1.63511806808 1.63511806808
531 3.06172402548 4.13684728785
532 1.5440786886 1.69743159661
538 0.763622904783 0.866882153627
544 1.24554317304 1.92563373138
545 2.14941956247 2.14941956247
549 2.0 2.0
550 2.25269358582 2.26682210151
552 1.0 1.0
553 3.0 3.0
555 1.54713487099 2.6108352788
564 2.09744032887 2.1808692945
566 1.24666871153 1.359854046
569 0.927171049953 0.930026995219
575 2.78320593834 2.89130538634
579 3.49558802581 3.8654453077
590 1.45412696082 1.5666856272
591 0.231199519391 0.326965495937
594 3.36312431357 3.36312431357
599 0.300611412033 0.300611412033
611 1.19973736152 1.65618851539
617 3.01291441199 3.01291441199
618 2.0 2.0
621 2.62155452873 2.62155452873
625 3.13872042705 3.13872042705
626 4.52399256321 5.96150379084
638 2.39684914941 2.39684914941
643 8.25336118538 8.25336118538
649 1.79408203397 2.0064378869
650 2.48681524172 2.48681524172
652 4.84997076082 4.84997076082
659 3.10037888625 3.79783507821
676 1.4852837759 2.14703417602
683 1.38188868169 2.30819250798
684 0.659781319418 0.943544033593
687 0.269999734242 0.269999734242
689 1.76090780731 1.94393218635
691 3.62362847852 3.62362847852
712 1.92031253037 1.92031253037
714 0.350269733691 0.495356207875
723 5.80682122368 5.80682122368
725 3.32437128124 3.96973827286
732 0.503694490283 0.503694490283
745 0.759094315027 0.812102085604
758 0.0573819820576 0.0573819820576
764 2.3938651312 2.4342847398
767 0.851832801445 0.851832801445
772 1.0 1.0
777 0.997747114093 1.31944150333
779 0.731708888429 0.731708888429
783 2.61432186441 2.61432186441
785 2.12070645554 2.12070645554
795 1.0 1.0
806 1.29019697272 1.29019697272
809 4.37278622303 4.37278622303
810 1.9911225052 2.7102496207
814 2.80904415629 2.80904415629
817 3.40584059575 4.85098338038
831 1.84283343589 1.84283343589
845 1.0 1.0
848 2.19025925765 2.19025925765
851 2.0 2.2360679775
853 8.4487025052 8.54941794524
860 8.07033744435 8.07033744435
869 1.0 1.0
878 1.54012922854 1.54012922854
881 0.841895776814 0.841904283635
886 1.57659555229 1.57659555229
888 1.9562025893 1.9562025893
924 1.13808306255 1.34561867355
928 0.526058723265 0.553314757089
936 0.886881176825 0.886881176825
943 1.68288815812 2.13702975102
950 2.30558662322 3.13075584494
954 3.36391848152 3.36391848152
961 3.1124438803 3.76790070554
963 0.507929568289 0.507929568289
978 1.43297454581 1.43297454581
986 1.32883703314 2.34778860781
988 2.19848259623 2.19848259623
992 0.850935165398 0.850935165398
993 7.99692691591 7.99692691591
1005 1.93174294393 1.93174294393
1007 0.646799224504 0.646799224504
1013 0.0742066510789 0.0742066510789
1023 0.989197008981 0.989197008981
1037 0.389936147714 0.389936147714
1040 1.12590604583 1.12590604583
1041 0.882179755709 1.00112122512
1051 3.05265178296 3.21525818142
1053 1.09998511551 1.11098495991
1056 0.875153830135 1.09695036252
1069 0.522408949262 0.525578673084
1070 1.12707938992 1.34715231083
1073 2.16673031013 2.1671096162
1074 1.5104297038 1.5104297038
1077 0.397491135643 0.397491135643
1079 2.4269586471 3.3150608498
1084 1.59960548416 1.59960548416
1088 8.66532657221 8.75597881275
1103 2.42444728446 2.42444728446
1112 3.0 3.0
1129 0.326620818122 0.326620818122
1145 1.42101273178 1.48206912936
1148 8.5 9.19238815543
1152 2.18244007905 2.18244007905
1154 1.7348682147 1.74429447545
1165 1.47713312914 1.99640054232
1166 0.557566465554 0.557566465554
1181 1.6959820795 1.6959820795
1193 0.807648071089 1.07297177028
1211 1.71612026648 1.71612026648
1212 0.411323407515 0.411323407515
1216 1.44148509986 1.63121502253
1219 3.05966472617 3.58791938828
1221 0.492791539673 0.492791539673
1226 0.39459512102 0.39459512102
1230 7.0 7.0
1234 1.05957159821 1.34533141992
1235 0.0 0.0
1237 2.0 2.0
1239 0.570534849696 0.570534849696
1244 1.28466614251 1.28466614251
1256 2.0 2.0
1261 1.65782282198 1.65782282198
1263 2.40378255973 2.61863930244
1264 0.0 0.0
1266 2.4732880211 3.15979370958
1267 1.31007915696 1.63145535852
1269 3.0 3.16227766017
1275 1.66307606686 1.66307606686
1283 10.6866888691 10.6866888691
1284 4.77051848078 4.77051848078
1285 0.569687556542 0.569687556542
1287 3.84480915373 4.52370619009
1289 1.09054394919 1.7769437184
1292 2.10241649679 2.45991653359
1295 0.72161336557 0.72161336557
1296 1.0 1.0
1297 2.67906996702 3.04643487922
1308 3.51357798556 3.51357798556
1312 0.340693888128 0.444611389037
1313 1.32469134564 1.52720285992
1325 0.448091689094 0.448091689094
1330 1.04816892314 1.3495482489
1337 2.52250156367 2.52250156367
1345 1.33420927731 1.33420927731
1365 1.91300921345 3.21545845361
1369 1.98768824233 2.29595470031
1374 1.33388792801 1.55067895814
1384 4.42627670651 5.93517440052
1387 4.30255807885 5.44578695848
1389 1.27034891022 2.07268751076
1391 0.903898801691 1.02076083969
1408 3.0 3.0
1413 9.13601218997 9.32422486275
1422 1.11466639321 1.11466639321
1424 1.70039956492 2.05871417069
1426 9.28071430288 9.33292103749
1434 3.24064056392 4.21257173808
1437 0.56861736263 0.66318247779
1438 3.24393133329 4.2210052692
1443 5.37659022312 5.37659022312
1453 1.42327438149 1.53777679981
1455 5.94167141594 7.72810297538
1458 1.46796566533 1.7630954934
1461 1.14887520554 1.14887520554
1465 1.83039660514 1.83823748293
1474 1.47356886412 1.47356886412
1479 8.4387591345 8.54045798502
1480 0.440557431244 0.620483100917
1482 2.61495663659 2.61495663659
1483 1.28949015096 1.28949015096
1487 2.0 2.0
1496 0.767996697208 0.768242520738
1499 0.950380191757 0.962128661976
1504 0.588649205193 0.588649205193
1510 1.0 1.0
1512 2.09112415525 3.38651145378
1513 1.31073305237 1.94225576872
1518 3.34959328744 4.00947765239
1530 1.36343282962 1.43506026118
1539 4.0 4.0
1544 0.5 0.707106781187
1545 1.70735322125 2.3525537417
1547 2.66074571532 3.76286267663
1565 0.499124373927 0.499124373927
1569 1.0 1.0
1579 1.38093563563 1.41131582292
1585 0.813712581428 0.969891190526
1597 7.7290704583 7.77282097252
1598 2.08455508355 2.08455508355
1599 1.90424991992 2.29915533468
1602 1.37494274591 2.00950078352
1605 3.47008621038 3.60052031065
1609 0.298884873705 0.312749912826
1622 1.50774868941 1.85571772915
1627 2.67032021989 3.1496951779
1628 2.25527355344 2.45593116
1629 4.71524934289 4.71524934289
1631 2.27951191435 2.40518099504
1638 3.28900238034 3.28900238034
1651 1.87958765544 2.22713187227
1653 1.34916475719 1.51803037381
1658 2.46098246709 2.46098246709
1662 5.23675051467 5.23675051467
1674 1.40941642172 1.46767723162
1678 0.96972454222 0.96972454222
1683 5.0 5.0
1684 2.06354374052 2.19346577501
1687 0.0740190301475 0.0740190301475
1691 9.59779525916 9.59905676136
1718 1.99707691665 2.3261694169
1719 0.0 0.0
1722 1.4576767972 1.58650944765
1731 1.35612596817 1.35612596817
1732 2.36734794045 2.46490508938
1752 0.0 0.0
1754 3.2973660788 4.48893794798
1764 7.92133340635 7.92133340635
1770 1.82720006065 2.24214192358
1778 0.264020570558 0.264020570558
1789 1.17655871741 1.23159335316
1792 2.56533986886 3.38861053735
1793 2.64472655414 3.54145331057
1797 0.279367638422 0.279367638422
1802 3.6383452375 4.25489873593
1806 0.765981419788 0.765981419788
1807 1.53650724391 1.90187402885
1809 4.90546005362 4.90546005362
1811 2.07770392885 2.07770392885
1817 2.29065664045 2.29065664045
1825 1.27309348852 1.27309348852
1828 3.0 3.0
1831 7.31302167165 7.31302167165
1832 1.89596890738 1.89596890738
1833 1.61362114741 1.61362114741
1836 0.224717813107 0.224717813107
1837 0.593997385368 0.593997385368
1838 2.03961261111 2.03961261111
1839 1.25968275765 1.46111952599
1842 3.52406331325 3.52406331325
1843 2.9920143387 2.9920143387
1847 0.25147397725 0.25147397725
1849 3.00756077577 4.64281407368
1853 1.717464774 2.41575675668
1855 3.0 3.0
1859 4.16425331704 4.16425331704
1867 0.0173880431633 0.0173880431633
1872 1.84676916684 1.84676916684
1878 0.00296375329718 0.00296375329718
1880 1.0 1.0
1888 1.7904549534 2.22272058595
1896 1.13242040835 1.13242040835
1899 1.32933601388 1.73707259836
1901 2.47675479095 2.97333952037
1902 1.28863184526 1.46031507055
1907 0.226239573253 0.226239573253
1918 1.24036199019 1.24036199019
1921 2.49844065479 2.88107416969
1924 1.42579925609 1.42579925609
1926 0.0538814811684 0.0538814811684
1939 1.0 1.0
1940 3.53291037223 3.68357261273
1941 3.36037849172 3.36037849172
1946 4.78154302465 5.76381982706
1955 2.24512183779 2.24512183779
1957 2.45826856588 2.83699650338
1959 3.19806183944 3.19806183944
1962 1.34598171286 1.49646473105
1965 2.91809095485 3.61279432773
1966 3.18800863445 4.25096394871
1972 0.9978224133 0.9978224133
1984 1.19293092883 1.24289123515
1989 1.77812991003 2.06226888112
2005 1.37689132423 1.68620590498
2007 1.72484241217 1.74665195301
2011 1.98053317336 2.22751526626
2023 3.11605991615 3.73770383749
2033 0.892991699426 0.892991699426
2040 1.9651671544 2.7806606967
2045 0.271805509398 0.271805509398
2058 3.0 3.0
2062 1.41697772533 1.74965086753
2069 2.70467845533 3.33894630602
2071 3.0 3.0
2080 3.0 3.0
2091 1.0 1.0
2092 1.99869534793 2.01207891749
2096 0.626790571715 0.707823915174
2100 4.61766561327 5.56855842713
2103 2.2834289197 3.06301713294
2108 2.12680803615 2.55516695472
2114 2.0 2.2360679775
2115 1.72301865457 1.97206628928
2117 1.95855872845 1.95855872845
2127 0.996375755163 1.13208115872
2142 0.185850426335 0.185850426335
2146 2.29067028228 2.65495371164
2149 0.990099663389 0.990099663389
2151 0.372743502832 0.557013348089
2155 1.04583472466 1.06394210302
2181 3.0 3.0
2183 1.97115536465 2.06275288064
2186 3.19650643269 3.19650643269
2192 1.06446507746 1.06446507746
2195 1.78563563399 2.27748153478
2197 0.0 0.0
2202 4.10150593687 4.20863830722
2204 3.79340737957 3.79340737957
2205 3.0 3.0
2210 1.0 1.41421356237
2211 0.891390446151 1.5111474963
2212 1.42428685141 1.42428685141
2216 1.0 1.0
2233 3.0 3.0
2240 1.43240796437 1.49773602383
2242 2.54673210744 3.31345322414
2245 0.812411480713 1.00547426693
2246 1.4788946381 1.57333132618
2250 0.371961430662 0.371961430662
2254 2.51555121249 2.7548683725
2259 2.50165012962 2.50165012962
2262 0.616827452054 1.05657794678
2272 0.62646160409 0.673164755214
2278 2.98461640466 3.59966208054
2287 0.402228701907 0.568837285413
2289 0.571843561753 0.571843561753
2292 1.02116507989 1.27416940641
2299 4.33793239164 5.88693303165
2301 4.0 4.0
2319 0.817235686596 1.05354479462
2320 2.46806922135 3.51693091984
2329 1.0 1.0
2332 1.71720437875 1.80547332086
2346 2.0 2.0
2355 3.21482761541 3.23330732317
2358 1.90857166719 1.9359106471
2364 1.34234071939 1.84054911607
2366 4.01398503601 4.01398503601
2367 1.86674216561 1.86674216561
2376 0.0323135638368 0.0323135638368
2378 6.614798516 6.614798516
2386 2.57219041461 2.76638435658
2394 0.501102614299 0.707108500526
2402 7.3224358819 7.3224358819
2404 1.13071105181 1.13071105181
2409 1.92322247886 2.17589148174
2414 0.329366861188 0.329366861188
2422 2.93710224588 3.56587686701
2428 2.44861858796 2.44861858796
2430 0.187580392926 0.187580392926
2431 2.28293230558 2.91599120339
2450 2.31607913497 2.95283005329
2451 2.0 2.0
2466 2.9349885456 2.9349885456
2475 6.21973598069 7.30185003357
2477 1.82300668741 2.01993317611
2478 0.493887009774 0.606912565927
2484 1.20501272377 1.63505951837
2494 1.90613222492 2.57359598256
2496 0.81034936589 1.13914949304
2499 3.86624426431 3.86624426431
2505 5.37232980766 5.63399463883
2506 2.28925774568 2.61902883352
2507 1.78165111704 1.78165111704
2508 2.91242998275 3.05201193934
2518 2.0 2.0
2527 1.44452927912 2.28490117405
2530 1.68778118915 1.97664877365
2537 0.669695282312 0.669695282312
2538 1.97057479727 1.97103421114
2539 1.54466584772 1.85769841444
2541 6.0 6.0
2551 2.28909025786 2.8786788885
2554 1.73830053839 2.45650777861
2561 2.64088771189 3.24706376836
2562 2.65679133119 3.02316589464
2572 0.895477259972 1.17315497935
2580 1.0 1.0
2584 0.0528930035767 0.0748020030129
2585 3.56809019264 5.08581126649
2586 3.18490498786 4.49422292789
2587 2.48222220789 2.48892906915
2590 1.4221846294 1.4221846294
2596 0.531351065936 0.531351065936
2609 1.00854664331 1.00854664331
2618 0.562292158533 0.700428272019
2627 1.66224923928 2.11983151863
2634 3.0 3.0
2636 1.18855438149 1.31237230477
2645 1.53692298212 1.59056084308
2647 9.0 9.0
2649 0.0 0.0
2654 3.24909966147 4.25724104118
2669 0.779471686189 1.11003909375
2672 0.990164149417 0.990164149417
2676 2.21156203372 2.21156203372
2679 1.80228840999 1.81310048966
2683 1.931040797 2.08833489146
2685 1.58997990594 2.01116051726
2687 2.42026365761 2.42026365761
2690 1.02955200662 1.05567258494
2693 1.11630283328 1.56347738372
2699 0.0822720842925 0.0822720842925
2704 2.60232240861 2.60232240861
2713 2.32461083646 2.64249564845
2714 2.0 2.82842712475
2715 3.70089473415 5.1251490746
2716 4.15842629032 5.20911359827
2721 1.48210992637 1.71096296295
2733 4.39708487068 4.39708487068
2739 0.80276161221 1.05717935585
2743 1.0 1.0
2750 0.767987111843 0.767987111843
2758 3.81012925555 3.81012925555
2761 3.0 3.0
2764 1.59448461531 2.05318455939
2765 2.414660164 3.1249382413
2771 1.5247908671 2.07956726054
2772 0.510974202437 0.560267365729
2775 5.95902077469 5.95902077469
2777 1.27562167947 1.55325820124
2788 0.654492653754 0.654492653754
2800 1.64804871068 1.89339262931
2803 2.47241192637 3.17233728347
2805 1.0 1.0
2806 4.72715541214 4.72715541214
2838 1.03429299941 1.03752513728
2843 2.63421047843 2.63421047843
2846 0.341040044795 0.341040044795
2850 4.58384678753 4.7157283722
2852 2.92246223025 2.92246223025
2855 7.0 7.0
2857 8.44487611897 8.54684804927
2860 2.91948957607 2.91948957607
2861 1.7126502838 1.7126502838
2863 3.61060765849 4.62504370589
2867 2.0 2.0
2868 3.33333333333 3.33333333333
2877 1.91390625414 1.91390625414
2883 1.28433446234 1.28433446234
2890 2.27124746399 3.47121346568
2895 3.68029875099 3.68029875099
2899 1.15563935504 1.63364661181
2907 2.24315614114 2.24315614114
2913 1.63632388599 1.97190299996
2919 2.60742679374 2.60742679374
2928 2.63472421881 3.32314419685
2935 0.419132327883 0.419132327883
2961 2.33876211602 2.81672856965
2964 2.29013583723 2.68034683727
2966 2.63942131863 2.63942131863
2976 1.30876162034 1.64042937644
2977 1.20474557992 1.57496704202
2981 1.40362720377 1.68009410958
2987 3.91440273012 3.91440273012
3000 1.73908251737 2.39237970947
3011 0.310276473975 0.40035469638
3014 0.520242095462 0.520242095462
3021 3.48070770566 3.48070770566
3045 1.97858675938 2.2006091724
3046 0.156395182923 0.156395182923
3050 8.55454873321 8.55454873321
3051 3.97959727241 4.92853414006
3052 0.684400968422 0.706151529653
3062 2.0 2.0
3064 0.85774613985 1.3025929474
3070 0.54270398987 0.696243115943
3074 1.0539322782 1.0539322782
3075 1.0 1.0
3079 3.14991699619 3.84774441393
3092 2.19603373187 2.59011666405
3097 1.13783249127 1.13783249127
3098 1.40394079846 1.40394079846
3102 1.05842901586 1.39901590028
3107 1.34027274709 1.34027274709
3110 1.62740623233 2.29724136548
3115 3.48548194851 3.60159619457
3116 0.68238763231 0.68238763231
3118 0.781632779185 0.781632779185
3127 2.78125269691 2.78125269691
3128 0.722461337478 0.770501970948
3129 0.832151831801 0.940884019728
3138 2.19120445729 2.19120445729
3139 2.99433531993 3.31968349722
3150 1.07278332759 1.10798551034
3165 1.22583333198 1.25733119403
3169 1.84380111595 2.28345426713
3182 0.304507062897 0.304507062897
3186 1.97289418759 2.15044235707
3187 2.24263202074 3.65229600528
3188 6.42863018995 6.42863018995
3193 1.23759517084 1.23759517084
3198 0.0 0.0
3203 2.89314172701 2.89314172701
3212 2.97599938812 2.97599938812
3215 1.16831679084 1.75641442326
3219 2.91646314374 3.67814346557
3224 3.64868346981 3.74854371134
3225 2.80139254796 3.39413994424
3231 1.3405007713 1.3405007713
3242 0.715666992037 0.775070295181
3243 0.981288906481 0.981288906481
3244 1.82905964606 2.3161403182
3245 1.07414370784 1.32230774174
3247 0.0 0.0
3252 2.12559351589 2.67856428512
3276 1.0 1.0
3277 2.26171314542 2.26171314542
3278 2.41660524351 2.91183835872
3284 1.42123016253 1.72846552067
3286 0.100723888314 0.100723888314
3287 1.0 1.0
3290 0.517443480017 0.517443480017
3293 0.187802118383 0.187802118383
3294 1.95377157552 2.06221493074
3296 1.16741638975 1.16741638975
3297 2.0 2.0
3298 0.661707242586 0.661707242586
3300 4.1739498589 4.4686803171
3321 1.08737280231 1.54754834094
3323 1.69859279452 1.69859279452
3328 1.71455567257 1.71455567257
3332 3.0 3.0
3341 1.38039681206 1.58431864923
3345 1.13305267667 1.35017166563
3347 0.788536545931 0.816398601588
3351 1.84519662485 2.19050244859
3352 0.404058247935 0.417462815623
3353 0.183859376419 0.183859376419
3366 0.303789888869 0.303789888869
3368 1.65626809943 1.65626809943
3374 1.0 1.0
3381 0.15193781502 0.15193781502
3385 2.66463591336 3.45879776114
3389 1.68720587993 1.6884549275
3395 1.85991631167 2.39136914342
3398 7.3582821552 7.3582821552
3399 1.57249824304 1.57249824304
3408 0.992095017885 0.992095017885
3409 2.67341177367 2.67341177367
3410 2.4929365083 2.4929365083
3412 3.21680030871 3.83077994971
3413 0.413304760548 0.538219204919
3418 3.0 3.0
3421 0.0054544462828 0.0054544462828
3423 2.3949697006 3.08495053073
3426 1.37641178087 1.51515149424
3429 2.97629075058 3.65798403551
3431 1.72071521608 1.72071521608
3440 3.45523054663 4.63562377079
3450 1.29042031317 1.29042031317
3452 0.860150642799 1.28062846931
3457 3.0 3.0
3468 1.47811253487 1.55351480899
3478 1.88290979301 2.0950322233
3481 0.0271967962494 0.0271967962494
3486 2.41174772995 2.41174772995
3487 3.96624757404 4.42687805807
3488 4.70080550042 6.64794289277
3495 0.00230937548713 0.00230937548713
3502 1.62903858927 2.47865402436
3510 0.968246410098 0.968246410098
3514 10.6474205062 10.6474205062
3516 1.57550702971 2.79425503999
3517 1.86602591884 2.08843026338
3522 8.27850497254 8.27850497254
3523 2.01092804679 2.64993662277
3545 1.55166064055 1.91980833394
3554 0.668064261406 0.668064261406
3565 1.0 1.0
3571 0.158515576341 0.158515576341
3573 2.59607007041 2.59607007041
3578 0.887542381416 0.887542381416
3580 2.0903194496 2.30247574524
3583 1.7625528466 1.86221558228
3587 2.04379384453 2.04379384453
3592 4.260404764 4.44293471955
3594 5.95230152326 5.95249263489
3595 1.9085954179 2.78250689494
3597 0.104935842535 0.104935842535
3604 1.55669635494 1.55669635494
3607 1.93367829855 2.25230135332
3608 2.71135193809 3.20626804684
3614 3.67687174197 3.74310028189
3619 0.242221710345 0.242221710345
3632 1.47550656574 1.83317931664
3636 1.53128835347 2.13392501869
3657 1.93884153379 1.95324992793
3661 1.01124971135 1.33213176337
3679 4.60338323136 4.60338323136
3683 0.297554492143 0.297554492143
3709 5.35615141761 5.44178603184
3719 2.18338712255 3.64942970418
3722 1.18344187913 1.18344187913
3728 4.5 6.36396103068
3729 1.75436809689 1.75436809689
3730 2.88764448964 2.88764448964
3733 1.49861388334 1.49861388334
3735 1.12987497905 1.12987497905
3736 2.52865108124 2.9692394198
3738 0.75039472067 0.75039472067
3743 3.0 3.0
3748 12.0 12.0
3750 4.0 4.0
3755 3.41437215529 4.59355644463
3758 1.49463924934 1.8485892842
3760 1.85416387933 1.85416387933
3783 0.226534839348 0.226534839348
3802 1.52387845502 1.66220662314
3810 2.25773181384 2.25773181384
3814 0.606367064632 0.606367064632
3828 3.99968270553 3.99968270553
3831 1.90064791709 2.18916538227
3832 0.22168942314 0.22168942314
3840 2.11327961074 2.55289635395
3843 1.38349930833 1.38349930833
3849 2.0 2.0
3852 2.57001312288 2.57001312288
3857 1.26051860159 1.37033840637
3864 9.50283722117 9.50283722117
3868 2.33060694648 2.42483314871
3874 1.13423456904 1.60404991045
3876 4.65025318029 4.65025318029
3878 3.23410740375 4.13060403421
3879 1.5 1.58113883008
3882 3.80113488432 5.02587071292
3889 0.895786986965 1.24561407209
3895 1.75749133524 2.2202256575
3902 3.18052691845 3.18052691845
3912 0.902558734589 0.913018000805
3913 2.28573517404 3.3587531137
3918 1.0 1.0
3924 3.23572719681 3.23572719681
3927 1.64521686373 2.36621562072
3936 1.80641161717 2.37105681239
3953 1.7707591359 2.128438338
3961 1.81756138961 2.20899787945
3983 1.96552154852 1.96552154852
3985 0.637363603398 0.637363603398
3993 1.00094095267 1.21830009758
3994 0.637231305271 0.897614075545
3995 0.864080988249 0.909230168059
4004 1.43620267446 1.93034149048
4023 3.10020247097 3.7306749836
4046 1.34824977215 1.34888193825
4048 8.03986262423 8.13746865029
4050 4.25122108405 4.25122108405
4053 1.74772057182 1.74772057182
4054 0.525421574443 0.525421574443
4064 1.11462461069 1.59759995935
4070 3.53936602359 4.62057084571
4075 0.965947904647 1.13221688343
4082 1.75979572577 3.13029456284
4091 2.18406388525 3.07899827663
4093 6.24383018343 7.04740222644
4105 1.89528482843 1.89528482843
4106 2.112637708 2.14396289256
4113 1.87640266809 2.56580886711
4130 0.0 0.0
4144 1.0 1.0
4159 1.17525915943 1.17525915943
4161 0.0 0.0
4162 0.582857331727 0.582857331727
4172 0.787013461491 0.913042192695
4175 0.0 0.0
4179 1.26659135135 1.31204298001
4182 0.442927586522 0.442927586522
4186 0.245509250943 0.245509250943
4192 0.0 0.0
4193 3.6075067785 3.65657696947
4195 2.37035852103 2.73158094875
4207 0.504795873602 0.559079576416
4210 1.35159295208 1.48814287669
4212 2.28934754044 2.90647769604
4219 0.136545831453 0.193104966726
4221 2.64937660529 2.72779881445
4227 7.69524983994 8.23966286362
4240 1.42229306597 1.78313002331
4247 0.5 0.707106781187
4252 0.984840318016 0.984840318016
4253 1.14520494942 1.57852677312
4260 2.39053549024 3.61053424001
4271 2.63390913592 3.50000829846
4274 1.44227064168 1.44227064168
4282 2.33333333333 3.0
4286 4.0 4.0
4296 0.94080511004 1.21027519632
4297 0.0 0.0
4308 1.32405578979 1.32405578979
4315 1.97618208827 2.63278789234
4341 1.03186939624 1.05564291272
4349 5.0 5.38516480713
4357 2.83689495412 2.83689495412
4362 2.89657060691 2.89657060691
4363 5.63602817395 5.86867972916
4367 2.33333333333 3.0
4377 2.0 2.0
4382 1.71858924317 1.85934238097
4388 2.15153232663 2.52427232907
4395 1.11200566479 1.32705928479
4399 0.138320733492 0.138320733492
4415 1.7763568394e-15 1.7763568394e-15
4416 11.1324987435 11.1324987435
4417 5.43687014821 5.43687014821
4418 1.26959526863 1.46470584683
4420 2.25855854888 2.37624161468
4423 2.20601870703 3.26830538664
4426 1.92196008224 2.15152626517
4431 0.148231556138 0.148231556138
4433 0.807625816983 0.807625816983
4437 3.70853535667 3.70853535667
4442 3.38232722252 3.96675879385
4444 0.99670890017 1.37648390936
4447 6.26787054281 6.87668332462
4456 1.01737776505 1.14192667554
4459 1.68583309217 1.68583309217
4461 0.473184771106 0.602245941925
4462 2.79840379944 2.79840379944
4474 1.18681929889 1.18681929889
4475 2.89606133071 2.89606133071
4479 2.06161863347 2.06161863347
4490 2.75476974944 2.75476974944
4492 1.46543118276 1.46543118276
4498 1.33461159515 1.39784595022
4501 1.10105127191 1.5571216416
4508 0.220885872621 0.220885872621
4510 1.33239911885 1.33239911885
4514 1.0 1.0
4523 1.34429060084 2.02451382508
4524 1.77976273137 2.17540646408
4525 1.09242311688 1.09242311688
4526 3.0 3.0
4531 2.4155318851 2.73367759041
4534 1.0 1.0
4538 1.51757112006 1.80666372886
4543 8.42048799609 8.53946158955
4546 5.18123979795 5.18123979795
4550 0.947389069382 1.16274911755
4553 2.67977958087 2.90065766815
4558 1.56650817937 1.57005633897
4565 0.00323095513496 0.00323095513496
4569 0.770694482749 0.786705758911
4570 2.2720161982 2.9627539976
4576 2.95435779341 2.95435779341
4582 2.43163604074 3.47628621409
4583 7.57056404485 7.57056404485
4592 2.52310050821 2.56777516535
4593 2.96510583817 3.53134923474
4595 1.46454116031 1.51561376965
4602 1.923710483 2.51076964225
4606 2.15495541709 2.40732557724
4610 1.0 1.0
4613 0.901934668965 1.41073097802
4616 6.99880652165 7.90439260228
4619 0.7827035142 1.0038336346
4623 2.01301490206 2.01301490206
4624 2.51159598233 2.51159598233
4629 1.01545600583 1.2577017863
4636 1.80686207193 1.80686207193
4637 1.22631571191 1.22631571191
4638 1.0 1.0
4644 0.999954276517 0.999954276517
4645 0.927527696925 0.939431584429
4651 1.15734755645 1.15734755645
4656 8.30865650431 8.30865650431
4660 3.10902676058 3.47427232074
4665 5.21963681851 5.74583959797
4673 5.91384261918 5.91384261918
4675 3.16549898778 3.6275935676
4688 3.14078131423 3.63953585592
4698 0.297833754825 0.297833754825
4703 1.63893153765 1.65709842955
4709 2.61316315603 3.70088885966
4730 3.4953705847 3.4953705847
4740 2.11399697074 2.11743906051
4744 1.25291945661 1.25291945661
4747 0.502923862617 0.502923862617
4748 2.14670487779 2.68204168156
4749 2.18813130203 2.18813130203
4760 1.63386241612 1.86217279946
4774 3.7634102094 4.96374554916
4781 2.53330657438 4.25979995671
4782 1.52693557348 1.52693557348
4790 1.1932140848 1.32291824234
4801 0.837578480083 0.837578480083
4802 0.763557753633 1.36701558037
4805 1.0 1.0
4806 2.65597031748 2.65597031748
4807 1.42481253361 1.53356168182
4810 1.34622634022 1.34622634022
4812 1.19640248155 1.21241611365
4813 0.534913441016 0.534913441016
4819 1.00016832183 1.000168336
4820 3.95344334966 4.08500986289
4821 2.24787159562 2.85173963583
4827 3.44178475048 4.26604185588
4828 1.51486001243 2.12142443654
4851 3.49135593529 3.49135593529
4855 0.464091944017 0.505414979732
4861 7.23130702075 7.90061458701
4863 0.713980154964 0.956160476342
4871 8.1274020745 8.18533638084
4881 4.0 4.0
4885 0.385386337974 0.385386337974
4894 2.95252316 4.11971920414
4900 0.0 0.0
4910 6.62410841735 7.0382667918
4916 0.847431347838 0.847431347838
4920 1.82913723141 2.14680262442
4929 8.5 8.86002257333
4948 1.02883506344 1.02883506344
4956 0.880086373202 1.08567737068
4960 3.02774471494 3.02774471494
4964 1.90465783529 2.6229216853
4966 2.47856119766 2.53281741054
4967 2.03881511403 2.69551267704
4971 1.24828026137 1.24828026137
4983 2.13210907284 2.71036965198
4988 0.55437709686 0.55437709686
4993 2.99796423234 2.99796423234
5003 1.56698201227 1.70575284725
5009 1.0 1.0
5026 1.26591833492 1.57940541797
5036 0.159588593589 0.159588593589
5045 7.2759353962 7.2759353962
5047 1.53246676584 1.53246676584
5062 1.93532445565 1.93532445565
5065 2.44406659494 2.49952482362
5066 0.783190875864 1.02694966897
5067 2.67286746285 2.70457203345
5069 4.4604491389 5.67581333116
5077 0.64056779538 0.765275872083
5078 1.59644678249 1.59644678249
5085 2.71541178046 2.71541178046
5086 1.44311216076 2.00662043387
5096 5.62549650718 5.62549650718
5099 2.06603339471 2.1494095028
5103 5.0 5.0
5113 1.72465204762 2.04156901892
5119 1.0 1.0
5121 1.96242867216 2.37363822317
5124 4.85026582753 4.85026582753
5127 3.09268161223 3.22302749157
5131 4.7538283926 4.7538283926
5132 4.32725841377 4.8230116313
5150 2.50617264899 2.50617264899
5151 1.53243878915 1.91557748171
5154 1.11196600947 1.11196600947
5157 4.0 4.0
5159 1.08199006445 1.08199006445
5167 1.25739493699 1.43492216419
5182 3.0 3.0
5183 1.44313041284 1.90568673612
5191 4.3797729078 5.21660317073
5202 1.06578045383 1.44475020779
5204 1.63377260798 1.6900793527
5210 0.0 0.0
5211 3.83030530743 4.48043265349
5217 2.41706564105 2.80509036542
5219 1.26602670126 1.26602670126
5223 2.63359620385 3.61644388416
5228 1.84264776084 3.31818243915
5229 1.62635617202 2.28617142394
5233 2.18044079454 2.18044079454
5246 1.67376719306 1.67376719306
5251 2.69952731397 3.50754540037
5254 5.71346373387 5.71346373387
5256 0.0 0.0
5271 4.36234884487 4.36234884487
5272 1.42949022907 2.16071572325
5280 2.02180132358 2.22735361692
5289 0.837968583948 0.837968583948
5291 1.55048229047 1.8448575765
5293 1.78673633525 1.78673633525
5294 2.50256780358 2.81505995238
5295 5.78379014247 5.78379014247
5300 5.5 7.77817459305
5310 3.67654542129 3.67654542129
5311 1.77025250051 2.36679503572
5320 2.0 2.0
5321 1.09823637897 1.09823637897
5322 2.444699891 2.444699891
5325 8.29685084308 8.95519605372
5326 0.0 0.0
5336 1.70775901275 1.70775901275
5344 1.80746221076 1.94218256416
5356 0.80416230568 0.80416230568
5361 2.05791978083 2.05791978083
5363 4.29991961328 5.37668959494
5367 0.0 0.0
5368 0.31993392804 0.452454900098
5371 4.64806066212 5.88688893788
5372 7.42410630712 7.42410630712
5374 1.08575207476 1.08575207476
5381 8.0 8.0
5382 0.0 0.0
5387 1.23898886633 1.23898886633
5404 0.678485837435 0.84797102313
5414 2.13674115245 2.51363306806
5421 0.854896850362 0.978034791525
5423 1.51372061115 1.59851773682
5424 3.59255109643 3.59255109643
5446 1.80762554492 2.55186875688
5456 2.60144486921 2.63179816852
5459 2.0 2.0
5462 3.50360854503 3.50360854503
5463 8.0 8.0
5475 2.44566534364 2.44566534364
5477 2.72958276554 4.09734921394
5478 0.883671834775 0.943472501485
5479 1.7763568394e-15 1.7763568394e-15
5481 3.93017978705 3.93017978705
5482 0.888578941844 1.32879679516
5484 3.02069784609 4.00415722469
5488 1.10106086673 1.35492186866
5492 2.18981995799 3.13019196366
5493 1.67374469537 1.67823778804
5496 1.17491000819 1.84903121931
5499 0.14464729858 0.14464729858
5506 0.62861268805 0.62861268805
5507 2.6947751307 3.19162195888
5509 3.0 3.0
5512 1.09967007106 1.36778657983
5515 1.93682663551 2.3667963986
5518 3.224125545 3.23821354463
5519 3.0 3.0
5521 1.0 1.0
5523 1.62357418742 1.62357418742
5545 0.729368029038 1.03148215863
5546 3.04180125404 3.04180125404
5554 2.18521910331 2.95847986594
5562 1.26511935499 1.4707994714
5565 0.772465245291 0.914755852475
5573 3.37477328326 4.75201306837
5575 0.215934895032 0.215934895032
5578 0.428018973712 0.514106099005
5581 0.0 0.0
5584 0.891126163987 1.16455680733
5600 3.0 3.0
5608 4.2558814214 4.2558814214
5613 4.0 4.0
5617 7.29463488647 7.29463488647
5633 10.1523740731 10.1523740731
5642 2.0 2.2360679775
5646 0.185262906764 0.185262906764
5649 2.07055936443 2.96042625322
5652 2.2818249515 2.2818249515
5655 1.42733008075 1.42733008075
5659 2.80700610644 3.60969435586
5662 1.35085238866 1.68319879179
5669 1.13448323883 1.14242634805
5674 1.21052299565 1.66633529355
5683 0.221888188559 0.31379728559
5685 2.78927254442 2.78927254442
5687 4.90923010773 5.45412020299
5692 3.0097713504 3.0097713504
5700 2.51848808378 2.56465544447
5702 9.0 9.0
5707 1.75955118587 2.15170149357
5720 4.0 4.0
5721 2.65070309563 4.41086753814
5723 2.0 2.0
5724 1.9353540317 2.65592480304
5725 3.0 3.0
5729 3.49845099343 4.52859569215
5736 1.44507840068 1.44507840068
5737 2.65035963887 2.76188179244
5740 5.47563498063 5.47563498063
5745 1.0 1.0
5749 0.874229879195 0.88737582987
5763 0.0548987125446 0.0548987125446
5768 3.70730495937 3.70730495937
5772 4.21345908419 4.78002194744
5785 2.62380226807 2.77856793572
5786 1.44037608659 2.01662881897
5792 1.64521006265 1.64521006265
5799 1.12696413358 1.12696413358
5815 0.656218223454 0.656218223454
5816 0.745531113962 0.787763324766
5826 3.44400663589 4.26334611691
5827 1.54015682099 1.54015682099
5831 2.12985080342 2.85208357603
5835 0.0 0.0
5837 1.14058257263 1.57773271941
5846 1.2105116823 1.31835573474
5849 3.86632411164 6.2240192203
5851 2.92373989092 3.07834364965
5865 0.614049427813 0.710796159078
5870 3.89067450829 3.89067450829
5891 0.635320341885 0.635320341885
5892 2.72236496765 2.72236496765
5896 1.20118877937 1.47537102902
5897 1.90846200132 3.20184576159
5898 0.279435689489 0.279435689489
5911 5.05599012878 6.15476881373
5915 1.0 1.0
5931 2.34076551433 3.03759856959
5933 1.88022754119 2.82960802542
5934 4.26275940843 4.44586089501
5936 1.48061754347 1.51884846648
5937 10.4819159695 10.4819159695
5941 0.806940111639 0.96169998904
5945 1.95256572543 1.95256572543
5948 2.5200612029 3.08911257229
5956 6.81835860981 7.89370066757
5957 0.199998437543 0.282840502826
5963 0.0 0.0
5964 1.0 1.0
5968 3.78069951158 3.78069951158
5969 2.00811837372 2.10140847024
5974 0.948305308383 1.22551967442
5976 7.53403830444 7.53403830444
5992 8.13166257021 8.19005846456
6004 0.955262664051 0.955262664051
6006 2.76145435571 3.26655053857
6013 1.55881224077 1.55881224077
6018 0.933377513472 0.933377513472
6022 1.06742076459 1.06742076459
6026 1.05495774699 1.41634766491
6038 1.82642152797 1.82642152797
6040 3.52186917412 3.52186917412
6041 0.914270411617 1.17986157579
6043 1.22697087125 1.6796340155
6045 2.24357857103 2.26986912506
6055 0.779677155709 0.779677155709
6061 0.552700851774 0.711023740501
6063 0.665629962943 0.665629962943
6065 0.0129191682874 0.0129191682874
6071 3.73957791927 3.73957791927
6077 0.939674149618 0.939674149618
6083 5.0 5.0
6091 7.90797177084 8.29491397612
6099 1.07402692761 1.30490620317
6103 1.42032972731 1.42032972731
6107 5.81049380845 6.09730790888
6115 0.273085247692 0.273085247692
6117 1.0 1.0
6120 3.42293771627 5.35022212249
6124 5.9232915304 5.9232915304
6148 3.05567178602 3.29214896887
6150 1.83697830994 1.95454280546
6154 0.539371503729 0.539371503729
6168 1.17726966041 1.34339129914
6183 0.0 0.0
6194 5.84337137969 6.59873158758
6198 8.9650764825 8.9650764825
6201 1.23900252639 1.23900252639
6202 4.00767574158 5.88756541753
6215 0.0 0.0
6228 1.66666666667 1.66666666667
6234 1.04083063481 1.04083063481
6240 3.26513121107 3.79576247493
6269 2.18343376123 2.67818410491
6276 0.0 0.0
6277 0.0 0.0
6280 2.84563304376 2.86527947607
6282 2.1860830457 2.78731397309
6283 1.63544878039 1.72332073741
6285 1.93405426354 1.93405426354
6287 1.09379842357 1.24535767175
6290 2.41709220256 2.47805669456
6297 2.86523477474 3.4188698541
6299 2.77127776407 3.29416664691
6303 0.735958472424 1.04080245304
6325 1.05471286681 1.12448421974
6328 1.15371146357 2.2979478358
6343 1.85357697955 2.05048545591
6346 2.61194193208 2.61194193208
6349 1.68791416013 1.68791416013
6372 6.65814144607 6.65814144607
6375 0.504331795656 0.504331795656
6377 2.21143897367 2.75327053562
6378 5.56372401483 6.80773447119
6379 0.233892687503 0.233892687503
6384 1.90444236156 2.5803234262
6386 0.48963193691 0.822533068909
6397 3.00888869136 3.00888869136
6400 3.96072674482 5.60131347937
6403 2.55973908551 2.55973908551
6404 0.917060196338 0.991682906932
6410 1.0 1.0
6411 5.3250674213 5.79271290644
6415 1.35626925653 1.82354919629
6418 0.922651520343 0.970711436429
6419 2.34995110841 2.43430336862
6421 1.58344510103 1.58344510103
6431 8.07305454705 8.07305454705
6435 6.69862669613 6.69862669613
6440 0.458404588291 0.458404588291
6444 1.3140507432 2.06552898571
6450 2.17014364191 2.72954351217
6454 4.16365271628 4.32320385662
6455 0.828447277553 1.02291123337
6456 1.76771686449 2.17355343885
6458 3.56694597407 4.5498334347
6463 0.531264500374 0.642120439189
6470 1.60292740574 2.33136857068
6476 11.7221877362 11.7221877362
6484 1.18432668368 1.52190389214
6488 3.01174457233 3.01174457233
6497 1.37883422309 1.37883422309
6517 1.58233404606 1.94866763771
6521 3.77827880902 4.32065391383
6526 0.549444783589 0.549444783589
6530 3.46090814901 3.55873159664
6533 1.15187246654 1.28754416645
6538 2.08001827797 2.60580101361
6549 1.29893482973 1.68243729969
6560 0.3012864355 0.380235175413
6562 1.3480934044 1.99057630566
6564 5.94579015721 5.94579015721
6574 0.73517531538 0.970941389956
6583 1.1564684582 1.1564684582
6591 0.0 0.0
6595 2.21764298761 2.63859909337
6614 2.37637720514 2.37637720514
6615 1.26393656269 1.26393656269
6619 0.0 0.0
6631 2.25939009446 3.2783191214
6640 1.74223138477 1.75012813811
6644 2.9644610587 4.27832573556
6651 1.9621172582 2.45624296895
6655 1.0 1.0
6657 3.89206541972 3.89206541972
6680 1.29916014216 1.29916014216
6689 7.77006610522 7.77006610522
6697 1.11118676403 1.27720538048
6703 3.81236556679 3.81236556679
6704 1.46518901465 1.46518901465
6716 2.32710976849 3.22228852473
6732 1.92607758252 1.92607758252
6736 2.71320326603 3.25375327905
6737 1.78210225166 2.35925984162
6738 1.03203474397 1.03203474397
6740 2.71268502888 2.85470012615
6748 1.76327345243 2.43888272787
6766 2.66734157235 4.10984259997
6770 9.58008731733 9.58008731733
6775 1.91313534486 1.91313534486
6779 2.59889238382 2.83731504245
6780 4.60215169382 4.60215169382
6800 1.64282956358 2.27016425002
6809 3.80345634772 3.80345634772
6814 4.0 4.0
6816 3.98752105821 3.98752105821
6823 1.71347155225 2.20442383616
6824 2.0 2.0
6826 2.0 2.0
6829 0.896930982923 0.91864456579
6830 2.07197501032 2.26799683043
6833 0.485915988874 0.485915988874
6838 5.45729829083 5.45729829083
6839 2.32153951234 3.01206897529
6844 2.21943962694 2.23026142133
6854 2.44349954281 3.13054531558
6863 1.49479256173 1.67166379118
6872 1.32852002881 1.98508041167
6878 3.62676053952 4.19530109061
6883 1.99545636089 2.58958076136
6887 0.931684514593 0.931684514593
6889 1.50794473664 1.50794473664
6895 0.845034747172 1.3462245698
6902 4.45682631645 5.08913512929
6917 6.18956383215 6.1924659772
6921 0.90040484037 1.01938447755
6940 2.08574803646 2.23793338715
6941 8.0 8.0
6948 1.58058523402 1.58058523402
6955 0.829752976978 0.940630047159
6968 2.08520588731 2.33532346052
6971 1.35320585597 2.04188022307
6975 1.13545451779 1.82986274104
6980 1.80262343247 2.14423270921
6983 1.0 1.0
6993 0.963494401419 0.963494401419
7001 1.5530076499 2.21368038204
7005 0.0 0.0
7006 1.31686711782 1.58404938802
7011 1.74250120127 1.74250120127
7012 1.70353854526 1.87746556346
7013 3.27078127507 3.27078127507
7030 1.25923560885 1.25934780739
7043 0.844925776831 1.11112698014
7045 3.7549361735 3.7549361735
7052 5.69243808821 6.9783399482
7060 1.0 1.41421356237
7063 0.618656028106 0.874911745391
7074 0.38104550128 0.38104550128
7079 2.0569640954 2.82957414045
7080 3.60682314803 4.8042844006
7081 0.0891041853936 0.0891041853936
7088 1.47879708469 1.47879708469
7094 1.36652384124 1.80662461638
7095 1.8285189237 1.8285189237
7099 4.13881927409 4.5380412821
7109 0.56589202701 0.781859075258
7112 1.9779394746 1.9779394746
7113 2.85425094706 3.18412157771
7119 1.22299413574 1.97659479681
7121 1.15939981076 1.36447851331
7123 0.0254700892561 0.0254700892561
7125 0.684393913191 1.08311560765
7127 7.12962362854 7.12962362854
7129 0.870519776736 1.20747737237
7130 0.918528581984 0.968213437853
7134 1.91714166995 2.00999646592
7135 1.8732967979 2.38941720058
7137 0.353052201832 0.353052201832
7142 2.35628512558 2.98287205099
7158 0.700648547817 0.700648547817
7159 1.34011883589 1.66376800794
7163 2.6506306557 2.90499970627
7164 1.40983230333 1.40983230333
7166 0.998549106693 1.08509985212
7168 1.89828943123 2.16371786034
7171 4.59737784215 5.80848678035
7173 0.0 0.0
7176 5.19221575384 7.02120656702
7177 0.785660008261 0.785660008261
7178 0.940945746396 1.14824051519
7181 1.00189108632 1.00189108632
7203 0.684645789153 0.753782551472
7215 2.35591594156 3.14268844302
7222 3.2623067607 3.2623067607
7226 2.72149321333 3.00684301449
7234 5.01582433317 5.01582433317
7251 0.332338950575 0.469998251208
7262 0.441332620664 0.572055365083
7263 0.670008410069 0.670008410069
7272 10.0408770511 10.0408770511
7275 4.97872379227 4.97872379227
7278 3.2861286663 3.2861286663
7290 4.69804729021 5.14562823898
7293 1.79274033096 2.09308791975
7294 5.0 5.0
7297 0.0 0.0
7304 1.13835868222 1.49467049748
7310 1.72804191822 1.84668698158
7313 0.99636376859 0.99636376859
7320 2.63833466908 2.70303944675
7326 0.655673746647 0.655673746647
7328 1.76782737595 2.42690632318
7334 11.6473477407 11.6473477407
7335 1.0 1.0
7339 1.31496667598 1.58234770792
7342 6.82134316707 6.82134316707
7345 8.0 8.0
7351 4.27246663359 5.97826468763
7355 6.23873837003 6.23873837003
7356 5.17056797283 6.32073339042
7357 7.0 7.0
7382 1.34137144594 1.53734733379
7387 1.6874728464 2.32091328211
7389 4.51882607759 5.53738620633
7398 5.98662000099 5.98662000099
7407 1.68165489285 1.68165489285
7411 3.26228048631 3.26228048631
7413 0.406485792693 0.406485792693
7414 1.92238001727 1.92238001727
7420 5.03785536639 7.05849751849
7431 3.16304887243 3.86555139162
7436 3.19352701206 3.60188207335
7437 2.93537077774 4.2411865604
7438 0.0 0.0
7442 2.86110498679 3.09656817461
7444 0.0 0.0
7446 0.60367505556 0.60367505556
7450 2.44586173251 2.44586173251
7453 1.36340860473 1.72806148177
7459 0.315673873934 0.315673873934
7465 0.783930016549 1.04948598825
7466 1.14996939459 1.43181337526
7474 2.53450743922 2.86671503032
7478 4.0 4.0
7484 1.99449695629 1.99449695629
7491 3.53002353845 3.53002353845
7493 2.63835067252 3.65435214858
7494 4.0 4.0
7497 2.09125128322 2.09125128322
7498 2.0 2.0
7504 1.0 1.0
7513 0.872389359519 1.14699313936
7515 1.69199655059 1.69199655059
7518 0.716306366347 1.05827369049
7525 1.16421323533 1.16421323533
7538 0.449174979906 0.449174979906
7543 1.11180669847 1.11180669847
7547 6.53567719953 6.53567719953
7553 3.31207351345 3.89102745839
7557 2.06061602461 2.06061602461
7561 3.00965713501 3.00965713501
7562 6.50368647048 6.50368647048
7564 1.06014518549 1.06014518549
7568 2.51992964252 2.69960714892
7574 3.95002220534 3.96128732236
7578 2.79744521311 2.79744521311
7580 0.911168537511 0.911168537511
7585 1.48612683403 1.48612683403
7587 0.518986540652 0.518986540652
7591 0.868770815578 1.10233956212
7594 1.4613160287 1.4613160287
7600 2.3160387606 3.09039664735
7608 1.56194038504 1.74522554232
7611 8.97357674049 8.97357674049
7621 0.94999125012 0.94999125012
7632 1.31325620723 1.57508778705
7638 6.0 6.0
2.15434736373 3.0667165094