5 1.5694095617 1.5694095617
6 0.23958516305 0.295955966555
9 2.00141047142 2.57679460289
14 1.0 1.0
15 2.17107646942 2.72644752144
19 0.0 0.0
22 2.24574269845 3.40013288852
24 7.51834289547 7.51834289547
25 0.821560278024 0.864626138088
35 3.22993093039 5.27841013862
52 1.0 1.0
55 0.121455835298 0.148531346922
57 2.55403485262 2.55403485262
58 1.0 1.0
59 7.0 7.0
66 3.48555080338 3.48555080338
68 0.715606460555 0.736398973642
69 1.07068553237 1.27776788816
76 1.41524764385 1.88295310074
81 1.15393850014 1.15393850014
83 7.17187549571 7.54540154886
85 1.20941836008 1.48230675534
89 9.73254949284 9.73254949284
95 1.98973114344 1.98973114344
97 1.79325914945 1.79325914945
119 5.0 5.0
122 2.94319357302 3.58672338528
126 2.74292254409 3.2308876
134 0.904424321433 1.16227098565
136 2.669817067 2.86746568995
146 0.0 0.0
151 1.75497071495 1.75497071495
155 0.0393228971613 0.0393228971613
156 4.02669787352 5.70846129957
161 3.21091164214 3.94594947266
164 1.48144295855 1.48195518581
171 1.20157276511 1.6442484927
172 2.77924731103 2.89848272259
186 2.26622597394 2.27293927965
189 2.46081546693 3.31837558356
196 4.67285987701 6.31395035889
205 0.889404443179 1.05222748394
219 0.0898522733524 0.0898522733524
221 3.5298744616 3.5298744616
222 4.0 4.0
234 0.530681594912 0.530681594912
243 2.26817063543 2.26817063543
259 4.47393189754 4.47393189754
274 9.53655641397 9.53655641397
276 3.97985994822 4.43695190203
288 10.0 10.0
291 2.34797206198 2.34797206198
299 0.852863982538 1.09895311216
303 0.955853728688 0.955853728688
304 1.83293579333 1.84963680551
307 4.44579400715 4.82570128679
308 1.85669696487 2.22888358312
316 0.414228711252 0.469454516237
323 4.53376450336 4.56507668249
326 1.56476005447 1.56476005447
328 3.05369824611 3.05369824611
331 2.7541772232 3.13977544499
334 1.69359516676 2.8324587244
342 2.72643514484 2.90634491429
343 1.74929157835 2.17737582443
346 1.06472579924 1.39217030241
347 4.49030196082 4.49030196082
348 2.12332893329 2.4032546344
360 2.0 2.0
362 2.84324630021 3.25374961072
365 1.93924684783 2.70790031443
369 1.02434210333 1.42310431936
370 6.55938592678 6.55938592678
373 1.0 1.0
376 1.38166479931 1.38166479931
380 1.8376417973 1.88715746224
381 0.785013987121 1.17113918143
383 0.0894136109413 0.0894136109413
384 0.840297468972 1.2427706355
391 5.0 5.0
393 0.902545596288 0.902545596288
405 3.25278449018 3.25278449018
406 1.0 1.0
410 0.69703650947 0.809600621361
419 0.492337458335 0.492337458335
420 2.57235407332 3.67391208015
427 0.930135876655 0.975069550044
431 4.80726224195 6.44103138893
433 2.73491663215 2.9375701613
445 1.03059205895 1.04354542235
452 1.57242929085 1.65378770695
475 1.89143068844 1.89143068844
476 1.18613119107 2.21607428227
480 4.21336010436 4.21336010436
485 2.19706451015 3.04360661294
488 8.0 8.0
493 2.62591203326 3.49352664193
502 2.28662605318 2.28662605318
509 0.930283041784 1.12187217697
512 7.08326394671 7.08326394671
515 0.906600238836 0.987409254697
516 1.0 1.0
517 2.45894484334 2.88354749906
520 3.59519342226 3.97884913692
523 0.794010387359 0.859142548602
524 1.60088573795 1.60088573795
531 2.98330404187 3.91925041911
532 1.7328764711 1.95127395855
535 0.0 0.0
538 0.732955944356 0.831119041358
544 1.39837009835 1.95788746433
545 2.28902766102 2.28902766102
549 2.32447954374 2.40776085649
550 1.97936741676 2.03227713695
552 1.0 1.0
553 3.0 3.0
555 1.2261241885 2.09668646392
564 1.54956051467 1.81474074521
566 0.93770402353 1.24126245398
569 0.93070096763 0.933277368758
575 3.01488682222 3.18112209963
579 3.38827883662 3.73126102081
590 1.51445090432 1.63965205806
591 0.500809181702 0.708251136925
594 3.65733543944 3.65733543944
599 0.212733653246 0.212733653246
611 1.33755146232 1.77617359749
617 3.49542101817 3.49542101817
618 1.40569699362 1.40569699362
621 2.79496197219 2.79496197219
625 3.11451511267 3.11451511267
626 3.03567994972 4.9217402328
638 2.35637643763 2.35637643763
643 8.21792935262 8.21792935262
649 1.53721430696 1.80229851762
650 2.48681524172 2.48681524172
652 4.47607601815 4.47607601815
659 3.07889635554 3.74761168826
676 1.42038089752 2.13880735352
681 3.0 3.0
683 1.34574431147 2.28954131668
684 0.447658678081 0.585634564644
687 0.25426084796 0.25426084796
689 1.77480540497 1.91574801799
691 4.340261886 4.340261886
712 1.92031253037 1.92031253037
714 0.577199893686 0.591341410798
723 6.00852105779 6.00852105779
725 2.49025004654 3.29312114577
732 1.96544457053 1.96544457053
745 0.643238098627 0.704404925614
758 0.924398474821 0.924398474821
764 2.06152416521 2.06518659175
767 0.843063763856 0.843063763856
772 1.0 1.0
777 1.00338482949 1.31542804129
779 0.425315229389 0.425315229389
783 2.48162488201 2.48162488201
785 2.10134062682 2.10134062682
795 1.0 1.0
806 1.12867944101 1.12867944101
809 4.67973306791 4.67973306791
810 2.08982126368 2.7902534664
814 2.34337236303 2.34337236303
817 3.45283398149 4.79011927166
831 2.18885054493 2.18885054493
845 1.0 1.0
848 2.10779716421 2.10779716421
851 2.0 2.2360679775
853 8.4213766737 8.51522612664
860 8.84138074855 8.84138074855
869 1.0 1.0
878 1.65105354655 1.65105354655
881 1.08651005958 1.08661035984
886 1.8811110524 1.8811110524
888 2.1044971434 2.1044971434
912 1.0 1.0
924 1.06708345664 1.30158202556
928 0.533959814711 0.579199659429
936 0.962411582332 0.962411582332
943 1.68288815812 2.13702975102
950 2.29883844343 3.11863675238
954 3.3979843894 3.3979843894
961 3.11170278192 3.7659212433
963 1.1523950997 1.1523950997
978 0.897106375095 0.897106375095
986 1.16896913542 2.22024901981
988 1.94445031132 1.94445031132
992 0.967458893656 0.967458893656
993 6.9435459315 6.9435459315
1005 1.20246725445 1.20246725445
1007 0.650910690929 0.650910690929
1013 0.0444472553666 0.0444472553666
1023 0.989197008981 0.989197008981
1037 0.131155747709 0.131155747709
1040 1.16174784191 1.16174784191
1041 0.82659961085 0.916616347653
1046 11.0 11.0
1051 2.94319739748 3.24410961674
1053 1.0281009041 1.03564057439
1056 0.895670819486 1.10132398927
1069 0.5051051663 0.511590497659
1070 1.00778946768 1.24985704023
1073 2.19373834709 2.19905799767
1074 1.87123820997 1.87123820997
1077 0.2927905849 0.2927905849
1079 2.32405521603 3.22526621436
1084 0.79980274208 1.13109188507
1088 8.86542017265 8.91579925984
1103 2.53353907001 2.53353907001
1112 3.0 3.0
1129 0.448701752127 0.448701752127
1145 1.49892734267 1.57978215963
1148 8.5 9.19238815543
1152 2.18244007905 2.18244007905
1154 1.43630471568 1.48780087378
1165 1.28295235969 1.75859593222
1166 0.171678643684 0.171678643684
1168 4.0 4.0
1181 1.6592470522 1.6592470522
1193 1.187983866 1.2443821465
1211 1.71612026648 1.71612026648
1212 0.139589308053 0.139589308053
1216 1.15172741186 1.48659922709
1218 3.0 3.0
1219 3.12145184599 3.64632408245
1221 0.8964583666 0.8964583666
1226 0.419627047079 0.419627047079
1230 7.0 7.0
1234 1.10026554499 1.32458001224
1235 1.47000074998 1.47000074998
1237 2.0 2.0
1239 0.465249204136 0.465249204136
1244 1.29573345745 1.29573345745
1256 2.0 2.0
1261 1.60519658617 1.60519658617
1263 1.63998290844 1.67993588361
1264 0.0 0.0
1266 2.74240052776 3.17585634679
1267 1.38998472233 1.68885716657
1269 1.3776859619 1.37768874257
1273 1.0 1.0
1275 1.87275014535 1.87275014535
1283 10.631733553 10.631733553
1284 5.15582545323 5.15582545323
1285 1.08653044387 1.08653044387
1287 4.44651351973 4.78256051671
1289 1.18622611048 1.73134781916
1292 2.24239206172 2.89389440126
1295 0.568828733109 0.568828733109
1296 1.0 1.0
1297 3.01807489998 3.32647026114
1308 3.24534402313 3.24534402313
1312 0.315008712089 0.396617669841
1313 1.4367391153 1.64830095335
1325 0.285597015292 0.285597015292
1330 1.13842581858 1.50625425841
1337 2.52250156367 2.52250156367
1345 1.494582464 1.494582464
1365 1.78968589972 2.9245190279
1369 2.14706425599 2.390986872
1374 1.71545093589 2.18286555468
1384 4.44823495257 5.93358370586
1387 4.14421853399 5.39886082464
1389 1.21741270031 2.00417211928
1391 0.896684168729 1.03092732364
1406 1.0 1.0
1408 3.0 3.0
1413 9.17106041698 9.35165061207
1422 0.897229198973 0.897229198973
1424 2.77967373248 3.22693637828
1426 9.33472752701 9.38383973836
1434 3.17053631865 4.17629828501
1437 0.508057912645 0.582794104298
1438 3.33304577414 4.27876380796
1443 5.37659022312 5.37659022312
1453 0.651742260863 0.904009064341
1455 5.91229141568 7.68672861083
1458 1.35857934739 1.71499333819
1461 1.10259174761 1.10259174761
1465 1.97691757249 2.04134217514
1474 1.32209763076 1.32209763076
1479 8.48241912218 8.57974149586
1480 0.711475621248 0.796211685292
1482 2.13092742251 2.13092742251
1483 1.62354406944 1.62354406944
1487 1.68208025664 1.68208025664
1496 0.937849018228 1.13101152585
1499 1.05030308432 1.07606741119
1504 0.588649205193 0.588649205193
1510 1.0 1.0
1512 2.06750885621 3.29441547575
1513 1.29636035597 1.94069598637
1518 3.34959328744 4.00947765239
1526 1.0 1.0
1530 1.62718501023 1.68298069369
1539 4.0 4.0
1544 0.5 0.707106781187
1545 1.58969229508 2.01858482114
1547 2.93645441167 3.8638001704
1565 0.33411900581 0.33411900581
1569 0.558136154875 0.558136154875
1579 1.43100132152 1.43858032664
1585 0.971948832056 1.21808576841
1597 7.92806952376 7.99363865905
1598 2.20859420863 2.20859420863
1599 1.89671128633 2.29837040195
1602 1.32946968044 1.76317728283
1605 3.54764472131 3.68547794425
1609 0.425611661296 0.436228534742
1622 1.45351673072 1.83377401277
1627 2.67032021989 3.1496951779
1628 2.23166723159 2.50020562328
1629 4.49707336728 4.49707336728
1631 1.67236972422 1.76424587509
1638 3.00322564597 3.00322564597
1651 2.1056918977 2.25759993866
1653 1.31190209835 1.47834877362
1658 2.46098246709 2.46098246709
1662 5.13900898237 5.13900898237
1674 1.67382889803 1.80436929804
1678 0.958320560155 0.958320560155
1683 5.0 5.0
1684 1.79261700089 2.04140354489
1687 0.386406749652 0.386406749652
1691 9.43558308387 9.43621088622
1718 1.86264717153 2.20709341225
1719 0.0 0.0
1722 1.35222623111 1.52201739928
1731 1.33734979611 1.33734979611
1732 2.36734794045 2.46490508938
1752 0.487283144142 0.487283144142
1754 3.09422820364 4.2850775074
1764 8.39837731486 8.39837731486
1770 2.29481352648 2.38096540755
1778 0.0505694560485 0.0505694560485
1789 1.28055381584 1.96531305684
1792 2.54756010909 3.36769313963
1793 2.62901360152 3.54023855393
1797 0.286987813334 0.352448567946
1802 3.91565906215 4.6361893359
1806 0.765981419788 0.765981419788
1807 1.57848039594 1.91920285062
1809 2.47813599652 3.50461353568
1811 2.30350462362 2.30350462362
1817 2.15438218798 2.15438218798
1825 1.6492287181 1.6492287181
1828 3.0 3.0
1830 0.0 0.0
1831 7.25935183661 7.25935183661
1832 1.76143570977 1.76143570977
1833 1.91196911291 1.91196911291
1836 0.122561809 0.122561809
1837 0.406696336162 0.406696336162
1838 2.03818882899 2.03818882899
1839 1.02092945379 1.41452327095
1842 3.52406331325 3.52406331325
1843 2.02553532995 2.02553532995
1847 1.3120616708 1.3120616708
1849 2.94866997767 4.63356850179
1853 1.64545929565 2.31670274675
1855 5.413068997 5.413068997
1859 4.10930255092 4.10930255092
1862 3.0 3.0
1867 0.305459254485 0.305459254485
1872 1.84676916684 1.84676916684
1878 0.155688951429 0.155688951429
1880 0.545221777789 0.545221777789
1888 1.91517849988 2.23241313414
1896 2.07010185704 2.26936825015
1899 1.36299089782 1.7777400882
1901 2.38659573663 2.9791206442
1902 1.338219165 1.51996898524
1907 2.41041179681 3.11199131349
1918 1.09202072798 1.09202072798
1921 2.330273217 2.62429642115
1924 1.46899036071 1.46899036071
1926 0.328905364152 0.328905364152
1939 1.0 1.0
1940 3.44307258774 3.57249506944
1941 3.22589082263 3.22589082263
1946 4.71855750264 5.74740374162
1955 2.69043556562 2.69043556562
1957 2.44538428647 2.82682843319
1959 2.81911420416 2.81911420416
1962 1.6241659151 1.76693292142
1965 2.93415145658 3.68237578971
1966 1.9052186843 2.26325546884
1972 1.08402313158 1.08402313158
1984 1.13692554189 1.18147106325
1989 1.75077468742 2.05288048183
2000 0.0 0.0
2005 1.46660609736 1.72531165095
2007 2.09916434187 2.19734261731
2011 1.63011080219 1.89672452702
2023 2.93334101583 3.49478582718
2033 2.44057907766 2.44057907766
2040 2.03534623154 2.99323093847
2045 0.191046454349 0.191046454349
2058 1.5 2.12132034356
2062 1.50905714673 1.81264983255
2069 2.34896362412 3.29701847396
2071 1.5 2.12132034356
2080 3.0 3.0
2091 1.0 1.0
2092 1.8583922294 1.89525663198
2096 0.983770357895 1.61980042797
2100 4.27927792328 5.26552611246
2103 2.25639551949 3.04551555271
2108 2.04843981096 2.52506457101
2114 1.87800448064 2.07311183908
2115 1.65186734774 1.88581402651
2117 2.00410373949 2.00410373949
2127 0.996375755163 1.13208115872
2142 0.123341672944 0.123341672944
2146 2.30357219885 2.6266453349
2149 1.12166712021 1.12166712021
2151 0.637123972091 0.862176134411
2155 1.18128983192 1.24625662115
2181 3.0 3.0
2183 1.75292894477 1.82033580708
2186 3.51138288642 3.51138288642
2192 2.2082785307 2.2082785307
2195 1.33337972667 1.83668062846
2197 0.0 0.0
2200 10.0 10.0
2202 4.10150593687 4.20863830722
2204 3.63888272803 3.63888272803
2205 3.0 3.0
2210 0.69440724029 0.982040137028
2211 1.05685864809 1.7187104087
2212 1.42428685141 1.42428685141
2216 1.0 1.0
2233 3.0 3.0
2240 1.08285098588 1.27526660697
2242 2.51400461215 3.23878916593
2245 0.967403685815 1.08501568667
2246 1.647204089 1.70512430458
2250 0.480439751603 0.480439751603
2254 2.35632036964 2.66790553561
2259 2.54737449775 2.54737449775
2262 0.678754880204 1.0294647034
2272 0.9053665839 0.908781929169
2278 2.86072281853 3.5356290807
2287 0.543172298153 0.768161630754
2289 0.139909423977 0.139909423977
2292 1.63953154114 1.98502982077
2299 4.36484668311 5.88708915227
2301 4.0 4.0
2319 0.970200024692 1.18609576556
2320 2.47888450223 3.53186643953
2329 2.04507642653 2.04507642653
2332 1.70001452096 1.79138377275
2346 2.0 2.0
2355 3.3681294688 3.40481942544
2358 1.83741832557 1.86066661571
2364 1.34234071939 1.84054911607
2366 2.11028600838 2.11028600838
2367 1.836945363 1.836945363
2376 0.209365635702 0.209365635702
2378 6.24301329738 6.24301329738
2386 1.76105528846 1.99704928925
2394 1.51088433809 2.08026011735
2402 8.20113186251 8.20113186251
2404 1.19863880852 1.19863880852
2409 1.9404861878 2.18290358689
2414 0.366297079394 0.366297079394
2422 2.95282668441 3.43316302745
2428 2.23432456019 2.23432456019
2430 0.0680264170312 0.0680264170312
2431 2.23892409864 3.04787891948
2450 2.06881431269 2.56412285664
2451 2.0 2.0
2466 3.71224405443 3.71224405443
2475 6.50091698 7.40417141468
2477 1.8517207504 2.04924261577
2478 1.09517097818 1.11279226969
2484 1.3470486256 1.82025208346
2494 1.57240220811 2.2209761558
2496 1.95079057871 2.04014510943
2499 3.9058619317 3.9058619317
2505 3.86779639218 4.96549948457
2506 2.08126166044 2.44916928527
2507 1.74908918218 1.74908918218
2508 3.31446860746 3.33703851581
2518 2.0 2.0
2527 1.99373607272 2.53675572012
2530 1.66304687468 1.97169115529
2537 0.953916361248 0.953916361248
2538 2.07416161788 2.07851831658
2539 1.54772121153 1.86193647906
2541 6.0 6.0
2551 2.25363450588 2.93824465224
2554 1.76869777996 2.20964458505
2561 2.40890608274 3.09436041841
2562 1.65847138954 2.06980736449
2572 0.860286239901 1.04517467533
2580 2.26961419087 2.26961419087
2584 0.0405591860871 0.0573593510431
2585 3.39465956346 4.89672750284
2586 3.60057008842 4.61015038494
2587 2.31659690476 2.35617529605
2590 1.46344388088 1.46344388088
2596 0.528877906842 0.528877906842
2609 1.00854664331 1.00854664331
2618 0.841399455993 0.880922600728
2627 1.55122213744 2.07921324491
2634 4.41680898192 5.58415483326
2636 1.18855438149 1.31237230477
2645 1.31862779263 1.56227980275
2647 9.0 9.0
2649 0.952188641242 0.952188641242
2654 3.24909966147 4.25724104118
2669 1.13092944499 1.42257111874
2672 0.990164149417 0.990164149417
2676 2.31902592039 2.31902592039
2679 1.83010224165 1.83797156213
2683 1.86883961968 2.02469208621
2685 1.32672256961 1.53904170583
2687 2.22739322734 2.22739322734
2690 0.80008179816 0.808531017427
2693 1.98794195197 1.9882805408
2699 0.209459166738 0.209459166738
2704 2.60232240861 2.60232240861
2713 2.47397378647 2.87134371413
2714 2.0 2.82842712475
2715 3.69889483152 5.22536514911
2716 4.22571671287 5.33274597818
2721 1.32618079999 1.60489747996
2733 4.34795497359 4.34795497359
2738 1.0 1.0
2739 0.937879443597 1.48489426539
2743 1.0 1.0
2750 1.45746838529 1.45746838529
2758 3.53868599577 3.53868599577
2761 3.0 3.0
2764 1.56795150591 2.00852481737
2765 2.45227239158 3.1585094776
2771 1.53390005205 2.08721491746
2772 0.412899813515 0.426399214934
2775 6.34882975082 6.34882975082
2777 1.03346079193 1.26875335512
2788 0.918470743563 0.918470743563
2800 1.67375953274 1.97477955986
2803 2.12977783081 2.68645148724
2805 1.0 1.0
2806 4.72594487347 4.72594487347
2821 2.0 2.0
2838 1.04269270413 1.04686366316
2843 2.12179659344 2.12179659344
2846 0.338777110008 0.338777110008
2850 4.48730009917 4.65174429651
2852 3.3330388755 3.3330388755
2855 10.080999243 10.080999243
2857 8.44435334352 8.53899698013
2859 2.0 2.0
2860 2.81875631033 2.81875631033
2861 1.65838303512 1.65838303512
2863 4.07199029471 4.94173293655
2867 2.0 2.0
2868 3.33333333333 3.33333333333
2877 2.09124572731 2.09124572731
2883 1.10727197604 1.10727197604
2890 1.30460184483 2.12159828969
2895 3.55707382249 3.55707382249
2899 1.17147253319 1.61228106894
2907 2.20267338787 2.20267338787
2911 3.0 3.0
2913 1.58175054201 1.92915595344
2919 2.60742679374 2.60742679374
2928 2.28579471439 2.93535233805
2935 0.373772114573 0.373772114573
2961 2.29384095666 2.77607448726
2964 1.87725958089 2.55474420883
2966 1.97913640503 1.97913640503
2976 1.70050864725 2.03371125315
2977 1.19609385936 1.57167725142
2981 1.39597526924 1.66949746978
2987 4.15770626323 4.15770626323
3000 1.67577869868 2.34402777387
3011 0.600627628196 0.675949209355
3014 0.520242095462 0.520242095462
3016 0.0 0.0
3021 3.48070770566 3.48070770566
3045 1.9904158633 2.19206724053
3046 0.156395182923 0.156395182923
3050 8.2530595344 8.2530595344
3051 3.34477354487 4.33138392173
3052 0.643021814622 0.656781458352
3058 0.0 0.0
3062 2.31811298068 2.31811298068
3064 0.868777116567 1.23821855083
3070 0.289826493417 0.340075566804
3074 0.862682156627 0.862682156627
3075 1.5 1.58113883008
3079 3.2301290298 3.8652201435
3092 2.25152670307 2.61440394682
3097 1.1051095333 1.1051095333
3098 0.529813870154 0.529813870154
3102 1.29302709991 1.6909010611
3107 1.58228241012 1.58228241012
3110 1.64449865851 2.29843086683
3115 3.17981100999 3.22804791807
3116 0.166668931067 0.166668931067
3118 0.887753467488 0.887753467488
3127 2.87309696599 2.87309696599
3128 0.244733151811 0.32661532061
3129 0.915528774308 1.18455200011
3138 2.27715786257 2.27715786257
3139 2.63529901149 2.95241962059
3150 1.21565978272 1.26225648897
3165 1.34827960621 1.35837985395
3169 1.91337387292 2.37117120135
3182 0.492104791802 0.492104791802
3186 1.93902768688 2.14927233466
3187 2.41080685937 3.70024643644
3188 6.66422585745 6.66422585745
3193 1.22861279342 1.22861279342
3198 0.0 0.0
3203 3.20731084199 3.20731084199
3212 3.07275908081 3.07275908081
3215 0.893324408423 1.2252731444
3219 3.07628958049 3.8730076379
3224 3.57529104803 3.65083254405
3225 2.26113450763 3.26267497536
3231 1.49093996269 1.49093996269
3242 0.706852169779 0.805152153741
3243 1.05734017118 1.05734017118
3244 1.92563052873 2.36717487552
3245 1.05080167859 1.29915729593
3247 0.317133032818 0.317133032818
3252 2.13758625042 2.65892218047
3269 1.0 1.0
3276 1.0 1.0
3277 2.26194225181 2.26194225181
3278 2.45606778391 2.95725217018
3284 2.25994453893 3.12232247601
3286 0.100723888314 0.100723888314
3287 1.0 1.0
3290 0.506933975762 0.506933975762
3293 0.0560983387934 0.0560983387934
3294 1.9076872248 2.04045492344
3296 1.37923104801 1.37923104801
3297 2.0 2.0
3298 0.507202708218 0.507202708218
3300 4.30348357333 4.56696604215
3321 1.0720954267 1.49690080842
3323 1.69859279452 1.69859279452
3328 1.71455567257 1.71455567257
3332 3.0 3.0
3341 1.3708099621 1.54484515165
3345 1.0061499411 1.15182794941
3347 0.724772106338 0.775270920115
3351 1.71747263065 1.92278931609
3352 0.447617501394 0.451806226518
3353 0.201502846209 0.201502846209
3366 0.662043395601 0.662043395601
3368 1.73795191215 1.73795191215
3374 1.0 1.0
3381 0.315832793435 0.315832793435
3385 2.70800869046 3.49497246636
3389 1.6469188067 1.65198792305
3395 1.81435705909 2.34942603111
3398 7.24639931374 7.24639931374
3399 1.59382596684 1.59382596684
3408 0.687670801285 0.687670801285
3409 2.58150040706 2.58150040706
3410 2.4929365083 2.4929365083
3412 3.15069974171 3.86793769198
3413 0.41274641142 0.488486584145
3418 3.39892728155 3.39892728155
3421 0.0054544462828 0.0054544462828
3423 2.31402192358 2.95984719244
3426 1.74410230491 2.018226047
3429 3.03075657516 3.73887619754
3431 1.86575072409 1.86575072409
3440 3.0051973261 4.69346108614
3450 0.75497112373 0.75497112373
3452 0.878296930943 1.29727920296
3457 0.78855244192 0.78855244192
3464 1.0 1.0
3468 1.53079609257 1.62021022367
3478 1.90077554877 2.12364839887
3481 0.111704681834 0.111704681834
3486 2.34047223582 2.34047223582
3487 4.72348812804 5.23055494412
3488 5.49784678118 6.88612431709
3495 0.350002118554 0.350002118554
3499 1.5 1.58113883008
3502 1.62579561471 2.44835585892
3510 0.153778574958 0.153778574958
3514 10.6819086818 10.6819086818
3516 1.96998359824 2.85227450046
3517 1.4848170349 1.57268174112
3522 8.27426193211 8.27426193211
3523 2.0481187746 2.67984772383
3545 1.59955110281 1.93117219463
3554 0.629379959462 0.629379959462
3565 1.0 1.0
3571 0.215911664926 0.215911664926
3573 2.60293351667 2.60293351667
3578 0.83300973168 0.83300973168
3580 2.20656402141 2.35220761615
3583 1.73543778406 1.93319652943
3587 2.04379384453 2.04379384453
3592 5.34673960592 5.38083050651
3594 5.46640261717 5.49238415808
3595 1.96949567907 2.76212005769
3597 0.204983971191 0.204983971191
3604 1.68242105574 1.68242105574
3607 1.44100591217 1.90252814887
3608 2.44764194823 2.84369800032
3614 3.26541022529 3.30899627446
3615 1.0 1.0
3619 0.18228280458 0.18228280458
3632 1.49517550427 1.82428357504
3636 1.44760891098 2.01559840035
3657 1.95170879252 1.96086503615
3661 0.790794069973 1.09779884304
3679 2.6942549397 2.6942549397
3683 0.132466186371 0.132466186371
3709 5.337682276 5.46774255471
3719 2.14798249696 3.44243779988
3721 8.0 8.0
3722 0.946599946885 0.946599946885
3728 4.5 6.36396103068
3729 1.82150579983 1.82150579983
3730 2.86759863903 2.86759863903
3733 1.20817356045 1.20817356045
3735 1.21431852317 1.21431852317
3736 2.71101602044 3.1363408866
3738 1.52087919684 1.52087919684
3743 3.0 3.0
3748 12.0 12.0
3750 4.0 4.0
3755 3.3727506433 4.54321196162
3758 1.6013513768 1.87232801447
3760 2.25767755689 2.25767755689
3783 0.226534839348 0.226534839348
3802 0.761016839934 0.761248935441
3810 1.82569106307 1.82569106307
3814 0.306620906951 0.306620906951
3828 3.84134056518 3.84134056518
3831 2.0200525024 2.52805736621
3832 0.14417392179 0.14417392179
3840 2.20145197199 2.64739917146
3843 1.3650960156 1.3650960156
3849 2.0 2.0
3852 2.43910166892 2.43910166892
3857 1.20562876769 1.27908566873
3864 9.09854914971 9.09854914971
3868 2.19084343988 2.27574512421
3874 1.12318355984 1.58842142336
3876 4.72369469287 4.72369469287
3878 3.49401720663 3.91428793333
3879 1.32382838745 1.55212991622
3882 3.84282478547 5.08956196528
3889 1.07853884349 1.49656391372
3895 1.67799893964 1.99862319717
3902 3.01712473216 3.01712473216
3912 0.858467266293 0.881492527885
3913 2.28270064691 3.23736087894
3918 1.0 1.0
3924 3.31508174372 3.31508174372
3927 1.85828829416 2.50788203139
3936 2.08651312734 2.76607311267
3953 1.82409429979 2.14147686408
3961 1.81756138961 2.20899787945
3983 2.04098718906 2.04098718906
3985 0.760998497123 0.760998497123
3993 1.23272898845 1.35149907612
3994 0.507859048547 0.549284522705
3995 0.881403990141 0.900654064951
4004 1.46487202625 1.94735023458
4023 3.06204885819 3.6968595014
4046 1.22386464673 1.22613507296
4048 8.21846711688 8.33480675338
4050 4.37008731252 4.37008731252
4053 1.36982221337 1.36982221337
4054 0.560126675073 0.560126675073
4064 1.24198877326 1.56082564402
4070 3.0014483402 3.73882148064
4075 0.784690753193 0.91880333618
4082 1.43034233526 2.52133691119
4091 2.43050751087 3.14476420823
4093 6.3793204242 7.14654406204
4105 1.91988393571 1.91988393571
4106 1.81508105505 1.90706593467
4113 1.87640266809 2.56580886711
4130 0.0 0.0
4144 1.0 1.0
4159 0.657979948155 0.657979948155
4161 1.21053141836 1.21053141836
4162 0.546288530792 0.546288530792
4172 0.718963852695 0.893752165947
4175 0.470790879882 0.470790879882
4179 1.11189976691 1.21793713243
4182 0.0859017970656 0.0859017970656
4186 0.417287268161 0.417287268161
4192 0.0 0.0
4193 3.37347765762 3.69929331266
4195 2.20551616807 2.5073585529
4207 0.300145823336 0.410094667144
4210 1.25649055703 1.38622010905
4212 2.30182048132 2.91515247165
4219 0.208423834773 0.294755813858
4221 2.23496189507 2.3437795039
4227 7.48565671639 8.22346426743
4240 1.39553404059 1.80034406915
4247 0.5 0.707106781187
4252 0.984840318016 0.984840318016
4253 1.30189692347 1.76960240607
4260 2.55987077441 3.36191357038
4271 2.46018525871 3.19991523095
4274 1.1700692343 1.1700692343
4282 2.73140557337 3.11078853416
4286 2.70385828682 2.70385828682
4296 1.00740416357 1.32205504341
4297 0.0 0.0
4298 12.0 12.0
4301 0.0 0.0
4308 1.26277759743 1.26277759743
4315 2.16360957114 2.78326610536
4317 0.00941154325781 0.00941154325781
4341 1.08375285932 1.09329234286
4349 5.0 5.38516480713
4357 2.84334661963 2.84334661963
4362 2.92143966171 2.92143966171
4363 6.05963471081 6.40009905943
4367 2.33333333333 3.0
4377 2.0 2.0
4382 2.21215251129 2.75818570263
4388 2.60382897022 2.80564116677
4395 1.14833660724 1.35751202736
4399 0.393065128378 0.393065128378
4415 0.24281541782 0.24281541782
4416 10.544453886 10.544453886
4417 5.44053691695 5.44053691695
4418 0.804247018547 0.846798798482
4420 2.39325922669 2.52219433012
4423 2.10367690271 3.20102148408
4426 1.74970454052 1.93412438349
4431 0.693801684669 0.693801684669
4433 1.13888489803 1.13888489803
4437 3.57790570854 3.57790570854
4442 3.91541602024 4.2493146466
4444 0.9690864642 1.34396266391
4447 6.27614542423 6.87941064757
4456 0.766363351661 1.02762410486
4459 1.61207390251 1.61207390251
4461 0.668194767118 1.00621536746
4462 2.59729751457 2.59729751457
4474 1.10778786754 1.10778786754
4475 2.57358661592 2.57358661592
4479 2.06161863347 2.06161863347
4490 2.75476974944 2.75476974944
4492 1.3349513974 1.3349513974
4498 1.25580530206 1.3434407932
4501 1.82246019516 1.8671366042
4508 0.264250650848 0.264250650848
4510 1.25052808571 1.25052808571
4514 1.0 1.0
4523 1.46930014042 2.15444406439
4524 1.78739739685 2.22536899598
4525 1.18173272533 1.18173272533
4526 3.0 3.0
4531 2.33088212891 2.70799284626
4534 1.31934383154 1.35744194298
4538 1.51663356496 1.91366638777
4543 8.42048799609 8.53946158955
4546 5.18123979795 5.18123979795
4550 0.936541715188 1.08550840023
4553 2.22397433043 2.86666197835
4558 1.48555392396 1.4941336441
4565 0.175651352813 0.175651352813
4569 0.820310550573 0.82821218396
4570 2.30302990368 2.95768395441
4576 2.95435779341 2.95435779341
4582 2.20686826495 3.12556403417
4583 7.63609819084 7.63609819084
4592 2.44076931859 2.50401553941
4593 2.6935035093 3.2759531686
4595 1.33433363311 1.40684588074
4602 1.69510197529 2.41972383526
4606 2.05483903092 2.3067560851
4610 1.0 1.0
4613 1.16815050881 1.47438646127
4616 7.05527414722 7.92851312953
4619 1.05818634022 1.46750915059
4623 2.38039612419 2.38039612419
4624 2.4466657732 2.4466657732
4629 1.13210175184 1.36490386903
4636 1.80686207193 1.80686207193
4637 1.07879876494 1.07879876494
4638 1.0 1.0
4644 1.01149928854 1.01149928854
4645 1.06843758039 1.07980940857
4651 1.31645615035 1.31645615035
4656 8.34976751316 8.34976751316
4660 3.02605816352 3.38005248967
4665 5.20325860555 5.81060307811
4673 4.2735694206 4.2735694206
4675 3.30676964141 3.61390618275
4688 3.12683254829 3.74527208553
4698 3.106545961 4.24531554582
4703 1.70317475409 1.7337573232
4709 2.84867606757 3.84015752716
4730 3.90017427203 3.90017427203
4740 2.86556228452 2.86773526113
4744 1.13819458491 1.14655338141
4747 0.502923862617 0.502923862617
4748 2.29150884184 2.866237775
4749 2.37601348612 2.37601348612
4760 1.01751956814 1.10520176539
4774 3.70921411341 4.95858256869
4781 3.09616508523 4.8662689982
4782 1.52693557348 1.52693557348
4790 1.18592703949 1.22471193763
4801 0.161348103617 0.161348103617
4802 0.773405189304 1.37062406666
4805 0.799614533242 0.824340789394
4806 2.45413305636 2.45413305636
4807 1.53624796497 1.64324625391
4810 1.34622634022 1.34622634022
4812 1.10031581079 1.1048792447
4813 0.767456720508 0.801914081863
4819 0.950956082773 0.952219920596
4820 2.99316778214 3.23195428146
4821 2.49540763524 2.91531288972
4827 3.4147600739 4.18199893885
4828 1.53748298391 2.12198255133
4851 3.49135593529 3.49135593529
4855 0.486341045912 0.5000589465
4861 7.00235730581 7.73296015612
4863 0.693921053347 0.913676185488
4871 8.45120992355 8.54645072682
4881 4.0 4.0
4885 0.0993692457475 0.0993692457475
4894 3.04793091517 4.18016507395
4900 1.1192758742 1.1192758742
4910 4.0952236501 5.53257513335
4916 0.792968656107 0.792968656107
4920 1.68387453503 1.93481187365
4929 8.27529611333 8.71232099003
4948 0.869890288501 0.869890288501
4956 0.891222954223 1.07756917283
4960 3.04625792597 3.04625792597
4964 1.98142998765 2.73722051594
4966 2.44745483958 2.50905188191
4967 1.74084499688 2.16674042041
4971 0.955147485621 0.955147485621
4983 2.05180977677 2.668537068
4988 0.605369591571 0.605369591571
4993 2.81734530583 2.81734530583
4999 2.0 2.0
5003 1.52254326752 1.70898794782
5009 0.59413438206 0.59413438206
5026 1.06917945508 1.31506248054
5036 0.0633495887426 0.0633495887426
5045 8.0734366473 8.0734366473
5047 1.53246676584 1.53246676584
5062 1.93532445565 1.93532445565
5065 2.36188695915 2.40157860726
5066 0.856484783572 1.04964784676
5067 2.64092259511 2.658166462
5069 4.77027323914 5.73693949857
5077 0.562111308397 0.733594876049
5078 2.00511013808 2.06748826007
5085 2.49926939639 2.49926939639
5086 1.35491713717 1.82846261123
5096 5.56758682167 5.56758682167
5099 1.23422350634 1.65539213756
5103 5.0 5.0
5113 1.89424353799 1.9998786165
5119 1.0 1.0
5121 1.68410008891 2.09663608399
5124 5.00807289478 5.00807289478
5127 3.01563053979 3.17222489535
5131 5.02664815876 5.02664815876
5132 4.24052618175 4.76754760444
5150 2.83298539712 2.83790418053
5151 1.52164785497 1.87701929291
5154 1.22973901513 1.22973901513
5157 3.8403963717 3.8403963717
5159 1.06994833644 1.06994833644
5167 1.42655216293 1.67049370722
5182 3.0 3.0
5183 1.49594263379 1.85190629479
5191 4.30002982732 5.14151416652
5202 1.05476422515 1.47226035014
5204 1.72938535608 1.77695028458
5210 0.0 0.0
5211 3.84920788878 4.48683775105
5217 2.50436453231 2.89462736287
5218 0.0 0.0
5219 1.27410862696 1.27410862696
5223 2.82910588535 3.70840104057
5224 3.0 3.0
5228 1.52881752302 2.99171957038
5229 1.35510992875 1.9813649364
5233 2.20778399639 2.20778399639
5246 1.91962165955 1.91962165955
5250 1.0 1.0
5251 2.60662032101 3.4939456109
5254 5.59281212053 5.59281212053
5256 0.0 0.0
5271 4.36234884487 4.36234884487
5272 1.41895032659 2.17436849826
5280 2.07027678355 2.30316902676
5289 0.388006176819 0.388006176819
5291 3.86487950462 4.68982581598
5293 1.68534382775 1.68534382775
5294 2.50736622999 2.86634105573
5295 5.88140925888 5.88140925888
5300 4.27985232239 6.05262519928
5310 3.43455105468 3.43455105468
5311 1.69042912604 2.27979866164
5320 2.0 2.0
5321 0.828111183163 0.828111183163
5322 2.19309831987 2.19309831987
5325 8.25762635724 8.88894349788
5326 0.0 0.0
5336 1.79379724908 1.79379724908
5344 1.90564431516 2.05090599142
5356 0.835806115206 0.835806115206
5361 2.32416414616 2.32416414616
5363 4.32878569287 5.35717387137
5367 0.0 0.0
5368 0.309946971343 0.43833121049
5371 4.73596278525 5.94288363527
5372 7.27815026423 7.27815026423
5374 0.596213739099 0.596213739099
5381 8.0 8.0
5382 0.0 0.0
5387 1.34341567921 1.34341567921
5404 0.78428317592 0.922692447717
5414 1.15179917989 1.17538287326
5421 1.07906831845 1.14300336382
5423 2.14344401211 2.65969858723
5424 3.64494334524 3.64494334524
5446 2.56405538454 2.95641823353
5456 2.82200845816 2.82761608549
5459 2.0 2.0
5462 3.50360854503 3.50360854503
5463 8.0 8.0
5475 2.52162103694 2.52162103694
5477 2.82653094423 4.10972332628
5478 0.780820006211 0.91642937435
5479 1.7763568394e-15 1.7763568394e-15
5481 3.93017978705 3.93017978705
5482 1.41861645634 1.794652669
5484 2.96391042235 4.00984135055
5488 1.02788746322 1.21751057938
5492 2.92044320246 4.14853684077
5493 1.71015340643 1.75515326996
5496 0.941460176771 1.37450897476
5499 0.0427810686606 0.0427810686606
5506 2.38137543934 2.8793913335
5507 2.6477607558 3.20807196243
5509 3.0 3.0
5512 1.14006964247 1.41941325896
5515 1.89168089088 2.31903448603
5517 1.0 1.0
5518 2.91011253743 2.94322782285
5519 3.0 3.0
5521 1.0 1.0
5523 1.52361575352 1.52361575352
5545 0.743928946014 1.0520744049
5546 3.04180125404 3.04180125404
5554 2.1885713052 2.94900297305
5562 1.20219557154 1.44235813264
5565 0.812559057857 0.928787113199
5573 3.07659375663 4.45707066166
5575 0.153693090102 0.153693090102
5578 0.387120346451 0.448100231067
5581 0.0 0.0
5584 0.87215654933 1.15978762563
5600 3.0 3.0
5608 3.97642838112 3.97642838112
5613 4.0 4.0
5617 7.87004405286 7.87004405286
5633 10.0818246375 10.0818246375
5642 2.0 2.2360679775
5646 0.00388745290858 0.00388745290858
5649 2.32083792129 3.17685840476
5652 1.69909400357 1.69909400357
5655 1.47898875754 1.47898875754
5659 2.98362156418 3.79755183797
5662 1.32912793224 1.67502936783
5669 1.56088284177 1.612326227
5674 1.3867080845 1.74003160032
5683 0.828451251495 1.18821550613
5685 2.42670700537 2.42670700537
5687 4.99707764197 5.58616588749
5692 3.63920005345 3.63920005345
5700 2.24965842995 2.37241810402
5702 9.0 9.0
5707 1.55551684203 1.86508533277
5720 4.56881631655 4.56881631655
5721 2.75604838835 4.41727292279
5723 0.417064231778 0.417064231778
5724 2.58363748369 2.8652193626
5725 3.0 3.0
5729 3.18619950007 4.14735705888
5736 1.56236980609 1.56236980609
5737 2.81554592941 2.85740147604
5740 7.1888591861 7.1888591861
5745 1.0 1.0
5749 0.829686273024 0.843157019013
5763 0.146956414802 0.146956414802
5768 4.25126857307 4.25126857307
5772 4.24685349572 4.75635206836
5785 2.11919260424 2.24999406559
5786 1.53556657084 1.88928246816
5792 1.64521006265 1.64521006265
5797 3.0 3.0
5799 2.18002012667 2.32913175783
5815 0.589819623236 0.589819623236
5816 0.745531113962 0.787763324766
5826 3.45294868966 4.26580043844
5827 1.59730895069 1.59730895069
5831 2.20180805963 2.85976672449
5835 0.977848802253 0.977848802253
5837 1.09857374907 1.57856666479
5846 0.807407158534 0.86622232187
5849 3.76917957984 6.10093035875
5851 3.09295574739 3.16097469229
5865 0.570752064019 0.673735075625
5870 4.01387396986 4.01387396986
5891 0.759383522509 0.759383522509
5892 2.09344438246 2.09344438246
5896 1.25509191324 1.58010700403
5897 1.86414921598 3.14754563831
5898 0.337978953746 0.337978953746
5911 5.44143642663 6.4323056499
5915 1.89066041112 1.89066041112
5931 2.12204592337 2.83253642706
5933 1.82507414591 2.67886292136
5934 4.32106691846 4.51849943199
5936 1.15959648265 1.19236322455
5937 10.3665728465 10.3665728465
5941 0.929943247377 1.07721428165
5945 1.59657854429 1.59657854429
5948 2.14918014494 2.75764890098
5956 7.07492297282 8.19463479668
5957 0.806840629405 1.14104496078
5963 0.0 0.0
5964 1.0 1.0
5968 3.88727105266 3.88727105266
5969 1.9675067843 2.07631581035
5974 0.943475765235 1.21785274846
5976 6.12512642983 6.12512642983
5992 8.46813952897 8.56429921958
6004 1.08314974462 1.08314974462
6006 2.70696563032 3.11639381627
6013 1.67971174599 1.67971174599
6018 0.957118839111 0.957118839111
6022 0.617626504019 0.617626504019
6026 1.05180592263 1.41611006184
6038 2.07204424476 2.07204424476
6040 3.87546435474 3.87546435474
6041 0.799163322673 1.03136570696
6043 1.27415676303 1.68901056902
6045 1.82019325273 1.90551052449
6053 2.0 2.0
6055 0.960804145105 0.960804145105
6061 0.942004403054 0.943787997719
6063 0.105868966541 0.105868966541
6065 4.0494431558 5.65728638583
6071 4.15265591469 4.15265591469
6077 0.738296061158 0.738296061158
6083 5.0 5.0
6091 7.79649238002 8.26711404848
6099 1.02852948759 1.25816863675
6103 1.81879069744 1.81879069744
6107 5.5057158968 5.7953112021
6115 0.220459197004 0.220459197004
6117 0.89397845835 0.89397845835
6120 3.07393520038 5.002880683
6124 5.83854022881 5.83854022881
6148 2.23216087692 2.68799735838
6150 1.69728540316 1.99784845328
6154 0.57099658351 0.57099658351
6168 1.61258698079 1.64747307288
6182 2.0 2.0
6183 0.500993996263 0.646269005148
6194 5.82019205796 6.62038800888
6198 9.94562776294 9.94562776294
6201 1.11398260794 1.11398260794
6202 4.06869064013 5.88808620156
6215 0.0 0.0
6228 1.89769761156 1.89769761156
6234 1.0 1.0
6240 2.13483350065 2.9598255634
6269 4.0897609885 4.91092874674
6276 0.0 0.0
6277 1.42762672419 1.42762672419
6280 1.99608995856 2.11124432199
6282 1.99201763848 2.70961362528
6283 1.95664058287 1.9727028493
6285 2.41575424207 2.41575424207
6287 1.09379842357 1.24535767175
6290 2.54011183474 2.60778373556
6297 2.86699264112 3.42130213899
6299 2.7867228445 3.35357850893
6303 0.952014479454 1.34635178842
6325 1.05852538539 1.09174385033
6328 1.12599928742 2.07303696155
6343 1.86392136196 2.10633637693
6344 1.0 1.0
6346 2.61194193208 2.61194193208
6349 1.68791416013 1.68791416013
6372 6.75949549912 6.75949549912
6375 0.540713118477 0.540713118477
6377 2.27853332309 2.7414180716
6378 5.56802463814 6.85516731399
6379 0.609907171361 0.723988378797
6384 1.98508952313 2.62528725734
6386 0.519455619998 0.838069460039
6397 2.02089505459 2.02089505459
6400 3.97916713907 5.62739213502
6403 3.45045268231 3.45045268231
6404 0.919992235924 0.995511444518
6410 1.0 1.0
6411 5.17765321854 5.602727393
6415 1.2848632449 1.67104813795
6418 1.17964208021 1.2956986456
6419 2.35090310265 2.43547090349
6421 1.37295634645 1.37295634645
6431 7.51356079423 7.51356079423
6435 6.78877537356 6.78877537356
6440 0.164845431422 0.164845431422
6444 1.66658711407 2.28520660309
6450 2.16232621114 2.7276791066
6454 2.91452340499 3.47612968537
6455 0.62496981492 0.776120805775
6456 1.55300356579 1.99479067447
6458 4.14174294894 5.03947975505
6463 0.761160699725 0.896112989553
6470 1.67714214983 2.49463379208
6476 11.7532749662 11.7532749662
6484 1.18621421255 1.50067817113
6488 2.29246786452 2.29246786452
6497 1.48191209395 1.48191209395
6517 1.58879457822 1.97839543534
6521 3.97767607235 4.44414785907
6526 0.565923233569 0.565923233569
6530 3.51637096605 3.5917168099
6533 1.28470224782 1.59248318381
6538 3.46105193673 3.49228718962
6549 1.68125390769 2.44722361561
6560 0.37765642875 0.404725891648
6562 1.63133571869 2.27004835035
6564 6.21250377021 6.21250377021
6574 0.738212623349 0.952289227493
6583 0.361170023817 0.361170023817
6591 0.0 0.0
6595 2.27322138063 2.81900426455
6614 1.86640780251 1.86640780251
6615 1.29354129715 1.29354129715
6619 0.0 0.0
6631 2.365860572 3.36817454334
6640 2.12482537124 2.12605342691
6644 2.65625499392 3.96163203615
6651 2.16612705731 2.66813401057
6655 1.0 1.0
6657 4.34086937688 4.34086937688
6680 1.31089117368 1.31089117368
6689 7.18553648382 7.18553648382
6696 2.0 2.0
6697 1.01580746436 1.23528305342
6703 2.41004974624 2.41004974624
6704 2.10160215314 2.10160215314
6716 2.33769555143 3.27012044465
6732 1.82524572466 1.82524572466
6736 2.75891586007 3.32323539468
6737 1.84326038537 2.7827476731
6738 0.896228096104 0.896228096104
6740 3.07441098791 3.35406434842
6748 1.75522170344 2.43597216008
6755 8.0 8.0
6766 2.75547512382 4.13163912196
6770 9.77739512417 9.77739512417
6775 1.94420025752 1.94420025752
6779 2.40806789768 2.52326617896
6780 6.04148665282 6.04148665282
6800 1.54671254046 2.10424334648
6809 3.12185288057 3.12185288057
6814 4.0 4.0
6816 3.32586411477 3.32586411477
6823 1.60861592846 2.07949213019
6824 2.0 2.0
6826 2.0 2.0
6829 0.374088935337 0.512903274993
6830 1.71903599928 1.94273290714
6833 0.485915988874 0.485915988874
6838 5.2887819056 5.2887819056
6839 2.31052187272 3.03530550727
6844 2.19062236481 2.19890045959
6854 2.46156813144 3.16548368062
6863 1.42878420159 1.59545600836
6872 1.55036463423 2.12603562943
6878 2.58848683853 3.72996975383
6883 1.96682406941 2.51294552332
6887 1.00770637317 1.00770637317
6889 1.51488347422 1.51488347422
6895 1.16053431416 1.69375328108
6902 4.29102618217 5.68662093305
6917 6.11042516317 6.11142286144
6921 1.05592192905 1.40397150322
6940 2.11173323873 2.25905261663
6941 8.0 8.0
6948 1.5737179469 1.5737179469
6955 0.610118983242 0.653358377118
6968 1.50686807255 1.5830668301
6971 1.45028007212 2.02667475101
6975 1.44691733024 1.83298505701
6980 1.45538478431 1.643572798
6983 1.0 1.0
6993 1.11172592088 1.11172592088
7001 1.58621834262 2.2256681751
7005 0.660317762646 0.660317762646
7006 1.36511880994 1.64319687296
7011 1.65006913875 1.65006913875
7012 1.57701119019 1.74709845417
7013 3.29372085741 3.29372085741
7030 1.22991057342 1.23001288688
7043 0.918711174681 1.19052217788
7045 3.82633529038 3.82633529038
7052 5.86945825634 7.23524050165
7060 0.912909056189 1.08664908145
7063 0.648913639797 0.917702470209
7074 0.38104550128 0.38104550128
7079 2.02840783558 2.82871242975
7080 3.65341226886 4.52457175276
7081 1.07991214401 1.41872192537
7088 1.6681191881 1.6681191881
7094 1.53708377066 1.96813592802
7095 2.0770236953 2.0770236953
7099 4.17208695827 4.55495067762
7109 0.591788513789 0.754794631436
7112 1.83931151481 1.83931151481
7113 2.95742183546 3.30412075321
7119 1.1384307575 1.93468048391
7121 1.09574503477 1.36731989808
7123 0.0254700892561 0.0254700892561
7125 0.38825142112 0.483425077262
7127 7.12962362854 7.12962362854
7129 0.842089283199 1.19400695832
7130 0.851628844576 0.88870012459
7134 1.71297648085 1.75318824571
7135 1.19813572603 1.50623694212
7137 0.428258616192 0.428258616192
7142 2.36436709787 2.94749957713
7158 0.740843324852 0.740843324852
7159 1.30244269899 1.58435957838
7163 2.52425981112 2.7458875078
7164 1.40983230333 1.40983230333
7166 0.95497770902 1.07590463673
7168 2.02911355915 2.25712760013
7171 4.83907337316 5.85475509524
7173 0.0 0.0
7176 5.27896217489 7.16225821907
7177 1.01617315262 1.01617315262
7178 1.02057704108 1.27297712873
7181 1.2565654321 1.2565654321
7203 0.672921791703 0.748200435774
7215 2.42984588812 3.01394503177
7222 3.21008897139 3.21008897139
7226 2.76176439461 3.02664335292
7234 4.76704971602 4.76704971602
7251 0.36500029166 0.516188362736
7262 0.58435107396 0.693558691786
7263 0.687028656817 0.687028656817
7272 10.2630173949 10.2630173949
7275 3.62928410425 3.62928410425
7278 2.14000392353 2.35912981916
7290 3.19664400729 4.21571237087
7293 1.78891866194 2.09240770032
7294 5.0 5.0
7297 0.0 0.0
7304 1.19898471595 1.53422165969
7310 2.01256459793 2.25806835459
7313 1.30653367335 1.30653367335
7320 2.65630230498 2.69554659823
7326 0.773844972498 0.773844972498
7328 1.74062621149 2.36595512977
7334 11.6473477407 11.6473477407
7335 1.31818319547 1.31818319547
7339 1.40941824075 1.79714404971
7342 6.68296677471 6.68296677471
7345 8.0 8.0
7351 4.21589529999 5.96528341039
7355 5.43123393745 5.43123393745
7356 5.04277597864 6.24820402565
7357 7.0 7.0
7382 1.39232971078 1.50687428109
7384 1.0 1.0
7385 5.0 5.0
7387 1.61215061685 2.00372929493
7389 2.9467318376 4.40752660056
7398 6.48248444831 6.48248444831
7407 1.55050332315 1.55050332315
7411 3.43656122235 3.43656122235
7413 0.300408186929 0.300408186929
7414 1.91101491487 1.91101491487
7420 4.78272803792 7.02858937488
7431 3.22719953408 3.93939361132
7436 3.01575637059 3.57150526767
7437 2.7122947588 3.942058679
7438 0.0 0.0
7442 2.51477261948 2.83148852517
7444 0.0 0.0
7446 0.550923259484 0.550923259484
7450 2.11831909835 2.11831909835
7453 1.48449286305 1.94598199421
7459 0.185792834944 0.185792834944
7464 2.0 2.0
7465 0.95451098965 1.22805619844
7466 1.18644755515 1.46073106347
7474 2.42050759798 2.72989441766
7478 3.58856130728 3.58856130728
7484 1.88564740915 1.88564740915
7491 3.53002353845 3.53002353845
7493 3.96795387345 4.91670279957
7494 4.0 4.0
7497 2.09125128322 2.09125128322
7498 2.0 2.0
7504 1.0 1.0
7513 0.967054874 1.25521895184
7515 1.10534496157 1.10534496157
7518 0.743771101173 1.01574626834
7525 1.00256713486 1.00256713486
7538 0.449174979906 0.449174979906
7543 0.897231886973 0.897231886973
7547 7.46910873018 7.48795237456
7553 3.27476153522 3.78326991152
7557 1.97278701792 1.97278701792
7561 2.97104292173 2.97104292173
7562 3.67703041909 4.54830128373
7564 1.48901013971 1.57424960965
7568 2.52884661664 2.67915901983
7574 3.57241905593 3.6713892525
7578 1.91829992071 1.91829992071
7580 1.14674396414 1.15609494
7585 1.48612683403 1.48612683403
7587 0.518986540652 0.518986540652
7591 0.687667738573 0.907054535022
7594 1.63088208982 1.63088208982
7595 0.663382675304 0.663382675304
7600 2.51968903098 3.3293097588
7607 3.0 3.0
7608 1.23545009026 1.57321268221
7611 8.52874268368 8.52874268368
7621 0.800922059947 0.800922059947
7632 1.30274298232 1.62098631893
7638 6.0 6.0
2.15240052279 3.06421389141