5 1.30595404099 1.30595404099
6 0.495385966751 0.660436831106
9 1.22158513184 1.68861764773
14 1.0 1.0
15 1.94081163678 2.7505496859
22 3.68221302443 4.79621749606
24 8.0 8.0
25 0.963499534493 0.964881298882
35 0.765376888012 1.01630876386
55 0.0 0.0
68 0.484977676692 0.485093022523
69 1.60765298635 2.02039939386
76 1.56775621298 2.03102949535
81 1.67020642702 1.67020642702
83 7.65654661868 8.23183553385
85 1.0 1.0
89 12.0 12.0
95 2.0 2.0
97 2.87885688328 2.87885688328
122 3.48459317244 3.51423256786
126 8.02572264557 8.02572264557
134 1.0 1.0
136 3.73263648354 3.90857203051
151 6.0 6.0
161 2.40768874016 2.89479876452
164 3.0 3.60555127546
171 1.12307641761 1.41671312445
172 2.32362058268 2.40877104264
186 3.0 3.0
189 2.01569958968 2.25714210725
196 9.0 9.0
234 0.537245377059 0.537245377059
243 2.0 2.0
274 9.9817640265 9.9817640265
276 7.22067917174 7.35128989907
291 2.0 2.0
299 1.14475129317 1.43040319828
304 1.0 1.0
308 0.524752066798 0.524752066798
316 1.13301431794 1.28887098849
323 4.38475421631 4.38475421631
328 4.0 4.0
331 2.82928718411 3.51971486574
334 0.0 0.0
342 7.0 7.0
346 4.0 4.0
347 7.0 7.0
348 1.76509551343 2.29148674404
365 2.31571643369 2.68222532957
369 1.0509838106 1.53450810627
370 5.39386014832 5.39386014832
380 3.29943082994 3.31153904999
381 0.055548135093 0.055548135093
384 0.225295392641 0.390223066765
393 1.0 1.0
405 3.0 3.0
410 1.7099003481 1.7099003481
420 2.28093804472 3.8681355188
427 1.99031707188 1.99031707188
431 4.50808816593 5.33204960524
433 3.07160395391 3.4991648116
445 0.99859927324 1.07806073385
452 1.02472959805 1.10287497328
475 1.0 1.0
476 0.236924390374 0.236924390374
480 5.0 5.0
485 1.56353725222 2.21362241509
493 3.86297762066 4.79828900394
502 3.99347840264 3.99347840264
509 0.846799572316 0.960257688132
517 2.83067209852 3.42776928987
520 0.0 0.0
523 0.600595678449 0.849370553965
524 2.23399161366 2.23399161366
531 3.06225945212 4.58511258709
532 2.43929452126 2.89585209443
538 0.258788719191 0.258788719191
544 1.1074917872 1.61899020282
550 2.73773720326 2.73773720326
555 0.606000432115 0.710737633445
564 1.0 1.0
566 1.62101388567 1.66472715254
569 0.738887066703 0.738887066703
579 3.59505014431 4.08529027973
590 0.0 0.0
591 0.0 0.0
594 1.65071307465 1.65071307465
599 0.486709085079 0.486709085079
611 1.2 1.54919333848
617 1.83090263656 1.83090263656
625 2.05649045609 2.05649045609
626 9.27871800974 9.27871800974
643 10.0599691159 10.0599691159
649 0.948050851207 1.00423176768
650 4.0 4.0
652 2.7552181173 2.7552181173
659 2.76604276094 4.24926348857
676 1.90826597671 2.34303252104
683 3.5 3.53553390593
684 0.586984416341 0.657892481117
687 0.345732294538 0.345732294538
689 1.43484886729 1.54945961804
691 6.0 6.0
714 0.212035852899 0.212035852899
723 5.03988263111 5.03988263111
725 1.02741061095 1.02741061095
745 1.3014390504 1.4970113762
767 1.26760537948 1.26760537948
777 1.11023139279 1.34690824556
779 2.0 2.0
783 0.0 0.0
785 2.81014846451 2.81014846451
806 0.937415751974 0.937415751974
810 2.11163732742 2.70024976206
814 4.0 4.0
817 4.33081161146 5.75247809365
831 2.29381596072 2.29381596072
848 2.01985713049 2.01985713049
853 7.5007704053 7.62592500197
860 7.0 7.0
878 1.0 1.0
881 1.0 1.41421356237
886 1.98113272272 1.98113272272
888 1.29498741445 1.29498741445
924 0.898692768489 1.21326094084
928 0.970459944942 0.970459944942
936 0.884443581858 0.884443581858
950 2.59963537875 3.28611667716
954 3.15573707528 3.15573707528
961 2.28926797375 3.23751381639
963 3.0 3.0
978 0.484180552626 0.484180552626
986 0.877517197236 0.984275302579
988 0.675977341542 0.675977341542
992 2.0 2.0
1013 0.869646294877 0.869646294877
1037 2.0 2.0
1040 2.0 2.0
1041 1.20277122501 1.63689425826
1051 1.87872506973 2.18789061813
1053 0.651351087562 0.808239717833
1056 6.0 6.0
1069 1.5 1.58113883008
1070 0.835540463622 1.30987982785
1073 2.1890237612 2.18908187118
1074 1.62481935098 1.62481935098
1077 1.40735386889 1.40735386889
1079 1.45569517307 1.96115136826
1088 7.49298189709 7.89681812183
1103 3.02191938202 3.02191938202
1129 0.297477903695 0.297477903695
1145 1.74541290778 1.74541290778
1148 8.5 9.19238815543
1154 3.0 3.0
1165 2.56791443729 2.57776613655
1166 0.878656288406 0.878656288406
1181 2.04353661574 2.04353661574
1193 0.668033314847 0.818229577443
1211 0.0789247294855 0.0789247294855
1212 2.0 2.0
1216 1.39264108267 1.71416787182
1219 2.86954679571 3.55465436192
1221 1.60669542825 1.60669542825
1226 0.764536854512 0.764536854512
1234 1.02731278033 1.48371802274
1239 0.970097403311 0.970097403311
1244 1.71025169865 1.71025169865
1261 1.0 1.0
1266 1.37186567201 1.37229823934
1267 1.37244327814 1.65898794641
1275 1.0 1.0
1283 12.0 12.0
1284 5.48903897068 5.48903897068
1285 0.732865285694 0.732865285694
1287 4.03453613604 4.51849744072
1289 0.25 0.5
1292 1.83193707176 2.39762582299
1295 1.0 1.0
1297 2.64536882682 2.8651226296
1308 3.0 3.0
1312 1.5 1.58113883008
1313 1.52991964914 1.67418691182
1325 2.0 2.0
1330 1.91399844272 2.87488751514
1345 3.52745779163 3.52745779163
1365 2.00369433479 2.51333919167
1369 2.78859674125 2.89795731604
1374 2.6946314118 2.73924586064
1384 5.27241100493 6.64274200579
1387 4.0 4.0
1389 1.92643053172 3.13790345156
1391 0.784325525705 0.903766802732
1413 7.20738384195 7.20738384195
1422 2.66239323088 2.66239323088
1426 9.6478007155 9.74209944268
1434 0.293501379843 0.293501379843
1437 0.38975106106 0.43059453948
1438 4.76518389448 5.12344442725
1455 5.50565594407 7.11429426302
1458 1.37087120743 1.53919690111
1461 1.40049214112 1.40049214112
1479 7.5015877385 7.62665646984
1480 0.544531518833 0.621605919933
1482 0.0 0.0
1483 1.74518075192 1.74518075192
1496 1.50339552809 1.50339552809
1499 1.23779823387 1.45364920117
1512 1.65044077501 2.16536150657
1513 0.990776586561 1.16008088613
1518 1.0 1.0
1530 1.0 1.0
1545 0.998123938563 1.21733055176
1547 5.53880799624 5.53880799624
1579 0.491713012412 0.491713012412
1585 0.642336228156 0.897209562985
1597 7.69399824155 7.70008090978
1598 0.0157842936993 0.0157842936993
1599 2.61005569378 2.92599482
1602 1.69040643513 2.21163481288
1605 2.78383098879 3.10492971428
1609 0.189797111594 0.245077571634
1622 2.06137672315 2.11592339434
1628 3.17809268894 3.51192357704
1629 2.42057728964 2.42057728964
1631 1.7884956367 1.94444205343
1638 4.0 4.0
1651 2.64524997791 3.10301162072
1653 1.36660361456 1.63502542376
1662 6.05027858058 6.05027858058
1674 1.51298680216 1.59758709394
1678 0.595046356692 0.595046356692
1684 2.67332532921 2.8551876693
1691 10.0053823589 10.0386453645
1718 1.46274242665 1.53419228265
1722 1.25133803131 1.66073337691
1731 1.7383278687 1.7383278687
1732 4.0 4.0
1754 3.98060703694 5.00727176947
1770 3.03483196367 3.0700651109
1778 0.0 0.0
1789 1.33333333333 1.41421356237
1792 2.75021848809 3.4722778358
1793 0.0838885322157 0.0838885322157
1797 1.0 1.0
1802 1.7586149522 2.11180765351
1806 2.0 2.0
1807 2.8185826532 2.8185826532
1809 3.95978350118 3.95978350118
1811 1.3456833695 1.3456833695
1817 3.53130478337 3.53130478337
1831 6.62814587622 6.62814587622
1832 3.0 3.0
1833 1.67714124975 1.67714124975
1836 0.00226496718629 0.00226496718629
1837 1.0 1.0
1838 1.9535937241 1.9535937241
1847 2.0 2.0
1849 0.138654466909 0.139063290438
1853 3.23417128106 3.31501496708
1855 3.0 3.0
1859 4.4563033559 4.4563033559
1867 1.0 1.0
1872 0.0 0.0
1888 2.53918996775 3.26454607075
1896 1.40284403863 1.40284403863
1899 2.08107871177 2.29691742267
1901 1.8239881059 2.40955917503
1902 0.971307666086 1.20399729738
1921 0.835553758282 0.835553758282
1924 1.91529635881 1.91529635881
1926 0.126336548239 0.126336548239
1941 4.0 4.0
1946 5.59129767116 6.08805852111
1957 2.3512827823 2.9297593301
1959 3.0 3.0
1965 2.71573481843 3.55619288402
1966 0.304754648699 0.304754648699
1972 2.47544300813 2.47544300813
1984 1.17151343313 1.21638025476
1989 1.99809196085 2.23521614233
2005 1.53404092175 1.62434025244
2011 1.75999720008 1.75999720008
2023 3.42466299984 3.87918841627
2033 2.0 2.0
2040 1.91036535914 2.44153456008
2045 0.688514338286 0.688514338286
2069 4.04599502572 4.04599502572
2092 5.64365845514 6.11581770774
2096 0.717374315131 0.795261902646
2100 3.97295238808 4.79838406518
2103 2.31134166142 3.18343471992
2108 2.36210038327 3.24006330703
2115 1.85676037863 2.29813115383
2117 2.84630769 2.84630769
2142 0.0 0.0
2146 1.85334895584 1.85431038581
2149 1.0 1.0
2151 0.471928828247 0.471928828247
2155 2.03298553845 2.25125457654
2183 1.68348901651 1.71058252051
2186 0.0 0.0
2192 2.0 2.0
2195 3.24961686411 3.90492868611
2202 4.10150593687 4.20863830722
2204 5.09037637387 5.09037637387
2211 0.936151134022 1.24547138376
2240 1.0 1.0
2242 2.72069983985 3.34105323063
2245 0.995421113112 1.45355525452
2246 1.3243677138 1.33890394864
2250 1.53608920502 1.53608920502
2259 2.13965890828 2.13965890828
2262 0.846397984262 0.89426209212
2272 0.710695013027 0.740818222073
2278 1.95663413333 2.39437864388
2287 0.974726961339 0.974726961339
2289 1.0 1.0
2292 0.247680976587 0.350273796231
2299 1.20588315144 1.44387525226
2319 1.3632555059 1.50298217286
2320 2.37806412197 3.33282789905
2329 1.0 1.0
2332 1.84795195484 2.10823653754
2355 2.94072199959 3.52338583731
2358 3.0211439064 3.09070300016
2367 2.70164670567 2.70164670567
2378 4.0 4.0
2386 1.66666666667 1.73205080757
2394 0.493523483848 0.493523483848
2402 6.00864650109 6.00864650109
2404 0.905539715999 0.905539715999
2409 2.08713337404 2.38976336472
2414 0.434588771553 0.434588771553
2422 3.18967729339 3.93724795336
2428 2.31522497661 2.31522497661
2430 1.0 1.0
2431 1.0 1.0
2450 2.5 3.53553390593
2451 2.0 2.0
2475 6.10314793657 6.86013892763
2477 2.39189789706 2.45830156482
2478 0.359549089002 0.579133085628
2484 4.02474339394 4.02474339394
2494 1.00514329926 1.1214764571
2499 4.27101454572 4.27101454572
2505 4.29204196814 4.29204196814
2506 1.75092192234 2.10682880716
2507 1.96314969598 1.96314969598
2508 4.0 4.472135955
2530 0.5 0.707106781187
2537 1.31276403854 1.31276403854
2538 2.86652754458 2.99463689775
2539 1.99800799789 1.99800799789
2541 6.0 6.0
2551 2.14965910827 2.70663461816
2554 2.0 2.82842712475
2561 2.61593552108 3.22977004994
2562 3.60996011547 3.60996011547
2572 1.03625530309 1.21788021859
2584 2.0 2.0
2585 2.99090950411 2.99090950411
2587 3.48527369883 3.48527369883
2590 1.16777936332 1.16777936332
2609 1.00854664331 1.00854664331
2618 0.0 0.0
2627 1.0 1.73205080757
2634 3.0 3.0
2636 1.0 1.0
2645 2.48051984193 2.48051984193
2647 9.0 9.0
2669 1.03913119757 1.24553245666
2679 0.906042582536 0.906042582536
2683 2.19670391741 2.46515836414
2685 1.32590908149 1.41673635339
2687 8.0 8.0
2690 1.0 1.41421356237
2699 0.442304352141 0.442304352141
2704 4.0 4.0
2715 3.17658195501 3.48042729233
2716 8.74488708532 8.74488708532
2721 2.52980609964 2.67780674126
2733 4.58836009629 4.58836009629
2739 1.10379906296 1.72206339389
2750 2.0 2.0
2758 4.73991061553 4.73991061553
2761 3.0 3.0
2764 1.29905618713 1.51639064325
2765 1.92837266747 2.48094972496
2771 1.71429504254 2.30226581019
2772 1.09235440901 1.42023190843
2777 0.226049594788 0.303998727762
2788 1.82098437244 1.82098437244
2800 1.18535106444 1.5477539422
2803 2.00893900734 2.31838629829
2806 5.43158182813 5.43158182813
2838 1.18068672752 1.19025052134
2846 0.497561094581 0.497561094581
2850 3.85419474934 3.85419474934
2857 7.50718383384 7.63205905945
2860 2.86156725109 2.86156725109
2861 1.0 1.0
2863 8.0 8.0
2883 0.740597553151 0.740597553151
2890 0.583267562725 0.716845153436
2895 3.99191527205 3.99191527205
2899 1.72396428001 2.33814483457
2907 2.02112638862 2.02112638862
2913 1.43645640807 1.65254122065
2928 3.08929144589 3.98432918286
2935 0.226452471492 0.226452471492
2961 2.21965329056 3.48493080335
2964 2.0 2.0
2966 1.99212613925 1.99212613925
2976 1.06569641472 1.3023826468
2977 1.67489375358 2.14942029319
2981 2.28116257655 2.28116257655
2987 4.00165765318 4.00165765318
3000 1.59654654787 2.51506533042
3011 0.123271701196 0.174332511688
3045 2.08758250089 2.3114689724
3050 12.0 12.0
3051 3.9670772653 5.17955461541
3052 0.929152343877 0.929152343877
3064 1.22056615349 1.22056615349
3070 0.0122063435428 0.0122063435428
3074 0.0 0.0
3079 2.41888755287 2.61509497447
3092 2.24593847292 2.55112553612
3097 1.42657300309 1.42657300309
3102 0.0118560097336 0.0118560097336
3107 2.0 2.0
3110 1.56354590988 2.22868882126
3115 3.74987481535 3.96856388686
3116 0.0 0.0
3118 0.165248043768 0.165248043768
3127 2.32159766267 2.32159766267
3128 0.26547066619 0.26547066619
3129 2.0 2.2360679775
3138 2.22539236161 2.22539236161
3139 2.50973434099 2.92883325621
3150 0.994444560183 1.28239521838
3165 1.44040262147 1.44236509594
3169 1.98751109211 2.41123426198
3182 0.00255750115088 0.00255750115088
3186 2.088800936 2.66716129855
3187 0.513010468605 0.883554196351
3188 5.66169178979 5.66169178979
3193 2.59488474408 2.59488474408
3198 0.0 0.0
3203 3.64030652592 3.64030652592
3212 2.33441909198 2.33441909198
3219 3.27484509797 3.90446834236
3224 6.38635747334 6.58706338068
3225 4.11424264092 4.43035979366
3231 2.25933665676 2.25933665676
3242 0.719205130063 1.01710964906
3243 0.400757757341 0.400757757341
3244 1.15884726214 1.17108499101
3245 0.92184291431 1.15658563966
3252 1.16770691134 2.08860491728
3277 1.84963635825 1.84963635825
3278 0.287541734889 0.382272254669
3284 0.415967841714 0.585988810968
3286 2.0 2.0
3290 0.886680937879 0.886680937879
3293 0.833333333333 0.833333333333
3294 2.81129089566 2.81815038636
3296 2.00859354859 2.00859354859
3300 4.60964153109 4.64978040789
3321 1.52171320445 2.12984909405
3328 6.0 6.0
3341 1.14979015344 1.33117916308
3345 1.80601738336 2.22463301847
3347 1.0 1.0
3352 0.0 0.0
3353 0.57123059177 0.57123059177
3366 1.0 1.0
3368 1.71071413697 1.71071413697
3381 0.0110130137112 0.0110130137112
3385 2.99215409108 3.91491126967
3389 1.77929639361 1.780385776
3395 1.89166060711 2.40333142756
3398 6.72156377983 6.72156377983
3399 1.64482871576 1.64482871576
3409 2.9085844299 2.9085844299
3410 2.98477805229 2.98477805229
3413 0.913734525863 0.921842854184
3418 3.0 3.0
3423 2.54124179156 3.53029901203
3426 0.781091258277 0.781091258277
3429 3.55214374425 4.17671035939
3431 2.0 2.0
3440 0.705997688616 0.705997688616
3450 2.0 2.0
3452 1.24641790901 1.46100989029
3468 1.67437660299 1.80508194033
3478 1.90344665623 2.15067775016
3481 0.355925389596 0.355925389596
3486 2.13632104185 2.13632104185
3488 0.0 0.0
3495 0.0236785545153 0.0236785545153
3502 1.84009494383 2.71531225452
3510 2.0 2.0
3514 10.7674425583 10.7674425583
3516 1.0 1.0
3517 2.40410790112 2.47110121034
3522 8.55457948083 8.55457948083
3523 2.59526682759 3.19918756575
3545 0.996410355337 1.01735889741
3565 1.0 1.0
3571 0.202167992304 0.202167992304
3573 2.37565590871 2.37565590871
3578 4.0 4.0
3580 1.67112519466 1.80085214361
3583 2.85922050261 4.10031751741
3594 6.16182107526 6.16394557276
3595 2.08877623068 3.36072160768
3597 3.0 3.0
3604 2.0 2.0
3608 6.99823642488 6.99823642488
3614 5.0 5.38516480713
3619 0.513884759303 0.513884759303
3632 2.4290623043 2.61821872173
3636 3.96189644196 3.96189644196
3657 1.59996802715 1.70762417102
3661 2.26699061361 2.85351852552
3679 4.60338323136 4.60338323136
3683 0.027082769109 0.027082769109
3709 3.0 3.0
3719 3.00239670598 4.59680512152
3722 1.43083772802 1.43083772802
3728 0.0 0.0
3729 1.99416353767 1.99416353767
3730 2.66025653353 2.66025653353
3735 0.0 0.0
3736 2.15258699611 2.56332044331
3738 0.649946021395 0.649946021395
3755 2.78154242454 3.73195670047
3758 1.56431024748 1.62385101251
3760 0.495895044498 0.495895044498
3783 0.0538268844585 0.0538268844585
3802 1.16905867394 1.16905867394
3814 3.0 3.0
3831 1.33333333333 1.63299316186
3840 4.0 4.0
3843 1.55419958762 1.55419958762
3849 2.0 2.0
3857 0.719489857008 0.850051714356
3864 8.0 8.0
3868 1.0 1.0
3874 2.16730980513 2.16730980513
3876 7.28859513701 7.28859513701
3882 3.0 3.16227766017
3889 2.96521524246 3.30666908278
3895 1.40279730563 1.52462826251
3902 2.5066513622 2.5066513622
3912 1.0 1.0
3913 1.11987172701 1.30033674621
3924 7.0 7.0
3927 1.38024204816 1.43791431066
3936 1.0 1.0
3953 2.09348046515 2.49262446478
3983 1.38452550751 1.38452550751
3985 0.637363603398 0.637363603398
3993 1.04865830217 1.27063057512
3994 3.0 3.0
3995 1.24999141573 1.31375402541
4004 0.904327838867 1.10992215981
4023 3.27230487232 4.13144495167
4048 8.77381954484 8.84628345179
4050 2.4739234938 2.4739234938
4053 3.24481675226 3.24481675226
4064 1.33333333333 1.490711985
4075 1.45772034552 1.78130337065
4082 1.21569694916 1.52767146717
4091 2.99120395991 3.88528249578
4093 6.00091705609 6.72463495858
4105 1.0 1.0
4106 3.10066701979 3.41036384897
4113 4.0 4.0
4159 2.04491375875 2.04491375875
4162 0.490515890852 0.490515890852
4172 1.52263516761 2.1215618543
4179 1.64108958373 1.64108958373
4182 0.0 0.0
4193 5.0 5.0
4195 3.97111965488 3.97111965488
4207 0.605432575853 0.722656250303
4210 2.34712332604 2.37321362488
4212 2.06115629949 2.1271983196
4219 1.32467556562 1.32467556562
4221 5.24404538781 5.24404538781
4227 7.73167842872 8.45762873769
4240 1.56336632049 1.9086104378
4252 1.0 1.0
4253 0.529333347302 0.74859039877
4260 0.710668536931 0.936113667223
4271 2.06869380061 2.25813140365
4274 5.0 5.0
4296 0.241466803353 0.310695983159
4308 1.5158508409 1.5158508409
4315 1.69845281887 1.83645809049
4341 1.1076408835 1.11805252398
4349 7.0 7.0
4357 2.59971117319 2.59971117319
4362 5.0 5.0
4363 6.0 6.0
4382 1.64897579164 1.96358331355
4388 1.0 1.0
4395 0.899776390437 1.42157960199
4416 11.3301060843 11.3301060843
4417 4.53747646295 4.53747646295
4420 0.275343748955 0.275343748955
4423 3.1378041125 4.20994496246
4426 1.76513951647 1.92383886858
4431 0.0219687230476 0.0219687230476
4433 2.01374546829 2.01374546829
4437 3.0 3.0
4444 1.58823378654 1.93583868228
4447 7.469205992 7.48338979927
4456 2.99629360573 2.99629360573
4459 1.69964209921 1.69964209921
4461 0.00388162880538 0.00548945210067
4462 2.57113353528 2.57113353528
4474 1.99365777346 1.99365777346
4475 2.0 2.0
4498 1.59460862252 1.70186253059
4514 1.0 1.0
4524 3.0 3.0
4525 0.632949925823 0.632949925823
4531 3.24289116251 3.29067394286
4538 0.5 0.707106781187
4543 8.50098615439 8.63248081567
4546 4.0 4.0
4550 1.50010600437 1.97690666081
4553 3.0 3.0
4558 2.0 2.0
4569 0.188323327 0.266329403154
4570 2.0 2.0
4582 2.28282043744 2.78194604433
4592 3.13531140332 3.13822987872
4593 4.49960223702 4.74291336213
4595 1.96072276215 2.05531260078
4602 1.20337101031 1.87758895474
4606 2.07745920746 2.57398449223
4613 2.47091111448 2.47091111448
4616 2.68053060538 2.68053060538
4619 1.16669236142 1.3337721495
4629 1.80215384229 1.87676971156
4644 0.699186198711 0.699186198711
4645 1.40120691101 1.51885985481
4651 0.533624995013 0.533624995013
4656 8.0 8.0
4660 3.34234328093 3.65860410902
4665 5.21863976685 5.90514828847
4673 5.0 5.0
4675 0.560624298684 0.712285484326
4688 2.9436273989 3.76426407914
4698 1.0 1.0
4709 3.33314886446 4.09173794067
4740 2.0 2.0
4744 2.0 2.0
4748 1.71902104456 2.03662996225
4749 1.0 1.0
4760 1.0 1.0
4781 1.36531557698 3.40354275214
4790 2.01688267837 2.82852789445
4801 1.0 1.0
4802 0.938612142699 1.52490908417
4806 3.0 3.0
4807 1.39964122293 1.73059544255
4810 1.95995144112 1.95995144112
4812 1.0 1.0
4813 1.0 1.0
4819 0.947299080603 0.947299080603
4827 2.55448196707 2.7721097521
4828 0.727129818511 0.727129818511
4855 0.473158148549 0.626088069032
4861 8.25 9.26012958873
4863 0.74887296505 0.74887296505
4871 7.4973718835 7.62250173204
4885 0.0604091399615 0.0604091399615
4894 3.4567331917 3.78558803889
4900 0.0 0.0
4910 6.0 6.0
4920 1.97859903783 2.20931783596
4956 1.00204913834 1.15648467513
4960 3.3473538672 3.3473538672
4964 3.43587274716 4.40480685672
4966 4.0 4.0
4967 2.34034415033 2.85638560877
4983 3.25 4.33012701892
4988 0.0879563152927 0.0879563152927
4993 3.63040441997 3.63040441997
5003 1.51182044988 1.73902265422
5026 1.84572237879 2.27898825276
5036 1.0 1.0
5062 1.0 1.0
5065 1.0 1.41421356237
5066 1.30484026972 1.30630527727
5067 1.96296479186 1.96296479186
5069 7.5 8.27647267862
5077 1.43303858499 1.49708400631
5085 2.6691343542 2.6691343542
5086 2.76241455863 3.55495749639
5096 6.53729267799 6.53729267799
5099 2.47551381495 2.47551381495
5113 1.78021331351 1.78966035604
5121 1.87182743504 2.40727759576
5124 4.80499308378 4.80499308378
5132 4.01805845626 4.44365819897
5151 1.70532775029 2.14623697701
5154 0.83422871912 0.83422871912
5159 1.00943373977 1.00943373977
5183 2.28167266025 3.13391546319
5191 6.0 7.21110255093
5202 2.24837401018 2.24837401018
5204 2.00268329115 2.00268329115
5217 3.1397358806 3.5292799529
5219 1.03363040188 1.03363040188
5223 1.97793503055 2.50538645437
5228 1.11500754163 1.29704764526
5229 1.73939455405 2.02414370719
5233 1.50649339405 1.50649339405
5246 0.440922793802 0.440922793802
5251 4.05237073977 4.05237073977
5254 5.53629522088 5.53629522088
5272 1.13109389798 1.75551133369
5280 1.0 1.0
5289 0.689531988437 0.689531988437
5291 0.716619405802 0.765061186799
5293 1.96961199788 1.96961199788
5294 2.86422011558 3.55642904583
5295 3.70604342136 3.70604342136
5310 4.40326402168 4.40326402168
5311 1.35923000508 2.20329433137
5321 2.08040587982 2.08040587982
5325 8.07720858427 8.68086382187
5336 2.10188254837 2.10188254837
5344 1.23851356342 1.52103877341
5356 0.968291716211 0.968291716211
5361 4.0 4.0
5363 7.12765772936 7.17931553758
5368 3.0 3.0
5371 4.37785513603 5.78210079671
5372 6.63483886053 6.63483886053
5387 0.324184179877 0.324184179877
5404 0.0758350615954 0.0758350615954
5414 0.899694975151 1.08262329574
5421 1.0 1.0
5423 1.0 1.0
5446 3.4253394177 3.4253394177
5459 2.0 2.0
5462 3.0 3.0
5475 6.0 6.0
5477 4.58053429462 5.18026145322
5478 0.878691671589 1.24265767911
5482 2.00908794179 2.04849902037
5484 3.3303862784 4.06474758993
5488 0.896753881565 1.07955551985
5492 0.898679448125 1.15488382124
5493 2.05790361346 2.31389873108
5496 0.5 0.707106781187
5499 0.753295544424 0.753295544424
5506 1.17236488167 1.17236488167
5507 2.73555511864 3.48555704997
5512 0.94610560297 1.22508757916
5515 1.44065858279 2.11432196833
5518 3.43071770012 3.43071770012
5523 1.43563821259 1.43563821259
5545 0.0342731570618 0.0342731570618
5554 3.35832099418 4.17494633584
5562 1.2 1.26491106407
5565 3.0 3.0
5573 3.78235354945 6.22301210401
5575 0.712265602262 0.712265602262
5578 3.5 3.80788655293
5581 0.0 0.0
5584 1.16477059267 1.56714659031
5608 3.8088098989 3.8088098989
5617 9.0 9.0
5633 6.97301017516 6.97301017516
5646 1.04508135135 1.04508135135
5649 2.67083457451 3.23884700854
5652 1.42307530513 1.42307530513
5655 0.298056726943 0.298056726943
5659 3.56400503494 4.39047306202
5662 1.92619655649 2.268472768
5669 1.4957082466 1.4957082466
5674 1.49607323908 1.84091607396
5683 1.0 1.0
5687 5.15012827302 5.40087134797
5700 3.0 3.0
5702 9.0 9.0
5707 0.654950933822 0.736070195347
5721 0.751406313762 0.790593968001
5724 2.03427008124 2.25350274367
5729 2.5229848675 3.52460861868
5736 1.25168218785 1.25168218785
5737 4.66882382402 5.21845746013
5740 2.0 2.0
5749 0.914817251577 0.933064105497
5763 0.0 0.0
5768 2.0 2.0
5772 4.25754543833 4.74065528275
5785 2.0 2.2360679775
5786 1.89145724771 2.11776432809
5792 1.0 1.0
5799 1.0 1.0
5815 0.773642317998 0.773642317998
5826 5.0 5.44671154612
5827 1.0 1.0
5837 1.89973593432 3.00480178034
5849 4.64950559242 6.72654259837
5851 2.0 2.82842712475
5865 0.463319779631 0.605416347755
5870 4.32262833714 4.32262833714
5891 3.94813385614 3.94813385614
5896 1.10528635 1.28141991071
5897 4.15217099416 4.15217099416
5898 0.338151012221 0.338151012221
5911 9.33286908725 9.33286908725
5931 2.93871682754 3.14334727819
5933 2.79472080096 3.15540981656
5934 3.0 3.0
5936 2.60804305094 3.3166461178
5941 0.168395438664 0.288911509724
5948 2.11543899191 3.46986721397
5956 7.09261199166 8.62482474771
5957 2.0 2.0
5968 2.46129094692 2.46129094692
5969 2.00106324726 2.23654393105
5974 0.169865998836 0.170416109166
5992 7.49600258066 7.62134047407
6004 0.53584646284 0.53584646284
6006 1.50328682794 1.73395988098
6013 0.0 0.0
6022 1.0 1.0
6026 0.464227028758 0.464227028758
6041 0.960610874365 1.18800898735
6043 1.62907227296 2.09927148872
6045 2.21457970662 2.22495117418
6055 0.450980096426 0.450980096426
6061 3.0 3.0
6063 0.0 0.0
6065 0.0864560572335 0.0864560572335
6077 1.02125398512 1.02125398512
6091 9.53282365223 9.68826823657
6099 1.0 1.41421356237
6103 0.479720846969 0.479720846969
6107 7.50012424807 7.5001242735
6115 1.0 1.0
6120 3.4868231369 5.17796654675
6124 8.0 8.0
6150 1.89058827871 1.89717781113
6154 0.425817095126 0.425817095126
6168 1.32749582618 1.62585942428
6194 6.46735698069 7.35990844862
6201 2.46201480539 2.46201480539
6202 5.08958135427 7.05699889034
6228 1.95557165608 1.95557165608
6234 0.836257239188 0.836257239188
6240 1.68979948056 1.68979948056
6269 3.0 3.0
6280 6.0 6.0
6283 1.48396200402 1.57112648844
6287 1.0 1.0
6290 2.69299252201 2.8042206489
6297 3.5 4.30116263352
6299 2.93755183347 3.23209731455
6325 1.41498129055 1.61482647325
6328 1.81087166128 3.06698454853
6343 1.43180490727 1.59105401348
6346 2.0 2.0
6372 4.74138376925 4.74138376925
6375 0.177523865363 0.177523865363
6377 4.29629703114 4.87146263817
6378 6.66337792195 7.33129620927
6379 0.952459795741 0.952459795741
6384 3.70249593096 3.70249593096
6386 0.75 1.11803398875
6400 7.0 7.0
6404 1.4451425317 1.4451425317
6411 1.0 1.0
6418 1.37026526106 1.44151162233
6419 2.5 2.5495097568
6431 8.0 8.0
6435 6.93016198711 6.93016198711
6440 1.0 1.0
6450 2.15270025229 2.81136136361
6454 3.50493086921 3.50493086921
6455 0.71695593517 0.71695593517
6456 2.32849854103 2.3515562394
6463 0.918077770747 0.940464528858
6470 2.79664925258 3.79338173504
6484 1.58426118169 1.8049698022
6497 0.0 0.0
6517 1.68201485462 2.22872097999
6521 3.32876451159 3.56432705094
6533 1.45369394417 1.60195153983
6538 4.5 4.52769256907
6549 1.19249689782 1.66274190086
6560 1.06625047474 1.41731374466
6562 1.9650849306 2.43534906569
6564 4.93570437549 4.93570437549
6574 0.901640944319 1.09614320762
6583 1.0 1.0
6595 2.41836767823 2.88964756127
6615 1.25686514868 1.25686514868
6631 3.96725605763 4.99366162718
6640 2.0 2.0
6644 2.53112253609 3.9507611416
6651 2.74022736478 2.75251300318
6657 3.49053513522 3.49053513522
6680 0.92140989864 0.92140989864
6689 5.0 5.0
6697 2.25089132683 2.47706143728
6704 0.495161446405 0.495161446405
6716 0.754240440307 1.17728880723
6732 2.48369590534 2.48369590534
6736 2.76128830187 3.06929983716
6737 2.05683710105 2.07537886378
6738 0.701752965467 0.701752965467
6740 2.5 3.53553390593
6748 2.00534947971 2.68593636059
6766 3.09633183609 4.76928943698
6770 11.0 11.0
6775 1.25747704871 1.25747704871
6779 2.78898438503 2.90475264457
6800 1.58483604477 1.9533389544
6816 4.0 4.0
6823 2.53255260824 2.91463338797
6829 1.5 1.58113883008
6830 2.0 2.0
6838 5.12791969108 5.12791969108
6839 2.53239855545 3.27354854334
6844 4.34355781176 4.34355781176
6854 2.24365719259 2.84559390124
6863 1.99077476056 2.18532199861
6872 1.0 1.58113883008
6878 1.873900882 1.873900882
6883 0.72262594643 0.72262594643
6889 1.98650643228 1.98650643228
6895 0.726419240348 0.875749013717
6902 5.0 5.0
6917 9.0 9.0
6921 1.48162235715 1.64980391724
6940 2.7674330756 2.95142583169
6948 1.70366642137 1.70366642137
6955 1.05589567577 1.41642107198
6971 0.5 0.707106781187
6975 0.0 0.0
6980 0.509776023067 0.509776023067
6993 0.125150153384 0.125150153384
7001 1.62098935123 1.92665294669
7006 0.779833446924 1.25376786583
7011 0.993818808678 0.993818808678
7012 2.49878258281 2.97775148606
7013 3.7787185161 3.7787185161
7030 1.60608123958 1.609550835
7043 0.508661144531 0.508661144531
7045 2.96428745353 2.96428745353
7052 2.25029593117 2.25029593117
7063 1.33105223989 1.33105223989
7074 1.0 1.0
7080 5.73710620192 6.35658225249
7081 0.373985250448 0.373985250448
7088 3.0 3.0
7094 0.650918656954 0.73571582502
7095 2.0 2.0
7099 5.0 5.0
7109 2.57281154039 2.942146516
7112 1.48180305709 1.48180305709
7113 3.0 4.24264068712
7119 0.962087798652 0.962087798652
7121 1.22192232647 1.73145145004
7125 1.0 1.0
7130 1.87134887666 1.87144295218
7134 2.78826057335 3.04018247199
7135 0.00259732670149 0.00259732670149
7137 0.541409772706 0.541409772706
7142 2.01652921305 2.36769460474
7159 1.17754231887 1.59557762368
7163 4.27259002123 4.33406861583
7164 2.02830055186 2.02830055186
7166 0.934709025618 0.934709025618
7168 2.2629599233 2.57262742032
7171 6.64766074297 6.66345761675
7176 1.56850505506 2.25304393441
7177 0.0 0.0
7178 0.722446776213 1.15873534303
7181 4.41998757613 4.41998757613
7203 1.0 1.0
7215 1.0 1.0
7222 3.0 3.0
7226 0.918326737953 0.918326737953
7234 7.63807438508 7.63807438508
7251 0.201568860178 0.285061415815
7262 1.10090032565 1.10090032565
7263 3.0 3.0
7272 12.0 12.0
7278 3.46199815207 3.46199815207
7290 6.71235955545 6.71235955545
7293 1.5 1.5
7304 3.2990286216 3.36867218244
7310 1.20746137725 1.37065638999
7320 2.03989925438 2.03989925438
7326 0.891514454192 0.891514454192
7328 1.28897404777 1.84103116834
7334 12.0 12.0
7335 1.0 1.0
7339 1.96135381661 1.96173451859
7342 7.8154139612 7.8154139612
7351 3.44980917178 5.12247038342
7355 7.0 7.0
7382 1.32092879303 1.35935579097
7387 1.27708207292 1.28476501496
7389 6.0 6.0
7407 1.88409095058 1.88409095058
7413 0.116682202436 0.116682202436
7414 2.53889726261 2.53889726261
7420 2.3015588383 2.3015588383
7431 2.64800092229 3.81422038266
7436 2.26549781683 2.38159060612
7437 1.33333333333 1.82574185835
7442 2.90068181958 3.08293895579
7446 1.0 1.0
7453 2.00343286292 2.08821213453
7465 1.59521130794 2.11364381696
7466 1.20578050473 1.5014513875
7474 2.79002251531 3.0751635386
7493 3.47777210819 4.37129175144
7504 1.0 1.0
7513 1.70925107437 1.91706652167
7515 1.0 1.0
7518 0.945787170379 0.946967639294
7538 0.0 0.0
7543 0.0 0.0
7547 8.52959905283 8.52959905283
7553 3.45199797753 3.52447443646
7557 1.50861496835 1.50861496835
7561 2.6473581929 2.6473581929
7562 8.99539191742 8.99539191742
7564 1.0040232625 1.0040232625
7568 2.33787272651 3.04175964987
7580 1.0 1.0
7591 1.62225559858 1.7492243211
7600 2.67617433712 2.67617433712
7611 7.0 7.0
7621 0.486202637267 0.486202637267
7632 2.07375559595 2.55117222659
2.21904282204 3.14010665289