5 0.340418679549 0.340418679549
6 0.481734175136 0.598797297185
9 0.829660720532 1.18871128459
14 1.0 1.0
15 1.94069906689 2.75326895787
19 3.0 3.0
22 2.17250142234 2.92383031374
24 3.8213592233 3.8213592233
25 1.21477787864 1.24056598544
35 1.06030786488 1.35173918692
55 0.0 0.0
57 5.0 5.0
68 3.21865319971 4.20392714861
69 1.61520041218 1.85518816366
76 1.60846665173 2.09117947803
81 1.50488888889 1.50488888889
83 3.51246480823 3.80452224153
85 1.0 1.0
89 6.0426742532 6.0426742532
95 0.0382513661202 0.0382513661202
97 3.21902748414 3.21902748414
122 4.9032013692 5.07275817636
126 9.12858312858 9.12858312858
134 0.653944020356 0.653944020356
136 3.67234848485 3.87592880764
151 8.87425149701 8.87425149701
156 6.5 7.90569415042
161 3.41383687222 4.04725293013
164 1.65765352887 2.1330047516
171 1.04188640047 1.40344318335
172 4.17797627787 4.47926297716
186 3.23539823009 3.32451764529
189 2.50376088678 2.92063612639
196 6.0 8.48528137424
234 0.139675469297 0.139675469297
243 2.0 2.0
259 10.0 10.0
274 10.0239520958 10.0239520958
276 7.42885987243 7.53369208745
291 0.658423493045 0.658423493045
299 0.269176698163 0.352387335492
304 1.0 1.0
308 2.0 2.0
316 3.20550908867 3.31779085724
323 3.96457142857 3.96457142857
328 7.0 7.0
331 1.77944862155 2.89335318297
334 0.0 0.0
342 6.5 6.5192024052
343 6.22384155456 7.84524653483
346 4.0 4.0
347 7.0 7.0
348 1.88761877099 2.28454032987
362 0.5 0.707106781187
365 1.86128767601 2.26389609137
369 1.05066196368 1.52130966716
370 3.45646221249 3.45646221249
380 3.96459393306 4.97451983324
381 0.0476311767702 0.0476311767702
384 0.963035655872 1.26366018637
393 1.0 1.0
405 3.0 3.0
410 1.16646989374 1.17828869066
420 3.8876778809 5.11269271793
427 1.98903027644 1.98903027644
431 3.57618639572 3.90355269264
433 3.47643105388 3.97693131119
445 1.70868845177 1.84093690879
452 1.5158232496 1.6042471423
475 5.88550247117 5.88550247117
476 1.15988779804 1.43217604222
480 5.0 5.0
485 1.73396218499 2.28973837882
489 3.0 3.0
493 3.75452898551 4.61175455068
502 7.0 7.0
509 0.880543347188 0.959026192702
515 1.0 1.0
517 3.08420818611 3.84811234272
520 2.5715408805 3.6367079894
523 0.66492386718 0.940344350912
524 3.67974633373 3.67974633373
531 3.50719018525 5.04435012156
532 1.05016779967 1.05136540536
538 0.403301886792 0.403301886792
544 1.28042969391 1.71882987676
550 2.3470444553 2.3470444553
555 0.316540312235 0.370939206416
564 1.0 1.0
566 1.5171314741 1.59212120236
569 0.907177752725 0.907177752725
575 0.0 0.0
579 3.4101560273 3.85771831874
590 0.0 0.0
591 0.0 0.0
594 1.62392730944 1.62392730944
599 2.23153392671 2.23153392671
611 1.73833780161 2.21939486041
617 2.06140035907 2.06140035907
621 4.0 4.0
625 2.15996074583 2.15996074583
626 10.0085968683 10.0085968683
638 9.0 9.0
643 10.0045696877 10.0045696877
649 0.559677137474 0.653570880345
650 4.0 4.0
652 4.60802469136 4.60802469136
659 1.89382407429 3.13169828634
676 1.89637048903 2.31852180298
683 3.5 3.53553390593
684 1.14831344438 1.2778555277
687 0.550588636751 0.550588636751
689 2.04743341719 2.0624678995
691 6.0 6.0
712 12.0 12.0
714 0.257038581856 0.363507448514
723 5.57531760436 5.57531760436
725 1.03336703741 1.03336703741
745 1.74089037189 2.10269391026
764 3.0 3.0
767 0.243845931074 0.243845931074
777 1.00230949495 1.27351207841
779 2.0 2.0
783 1.50487012987 1.50487012987
785 2.75971731449 2.75971731449
795 9.0 9.0
806 0.935461956522 0.935461956522
809 0.00736377025037 0.00736377025037
810 2.31192774887 2.76134940297
814 4.0 4.0
817 3.07351890462 3.82398548497
831 2.30051813472 2.30051813472
848 2.01601830664 2.01601830664
853 7.21564216429 7.43894346142
860 5.89361702128 5.89361702128
878 1.0 1.0
881 1.0 1.41421356237
886 1.0 1.0
888 1.30095036959 1.30095036959
924 0.756213646644 1.15895362032
928 2.40350950715 3.1914809969
936 1.1420436056 1.1420436056
950 2.22861946765 2.97904307779
954 3.00381704949 3.00381704949
961 4.13813738935 4.13813738935
963 0.314095449501 0.314095449501
978 0.742583732057 0.742583732057
986 1.24526047369 1.73492353502
988 1.0 1.0
993 2.0 2.0
1013 0.869643934822 0.869643934822
1023 5.49630844955 5.49630844955
1037 2.0 2.0
1040 2.0 2.0
1041 1.35199087958 1.8250098121
1051 2.14122702209 2.26730004295
1053 0.497862738206 0.695278427044
1056 5.22428174235 5.67807617005
1069 4.75896860987 6.06445605472
1070 0.814080901723 1.13987059271
1073 2.9512866633 2.96701672744
1074 1.88510638298 1.88510638298
1077 1.02310732746 1.02310732746
1079 2.04109953763 2.81769902909
1088 7.58566108007 8.01423092023
1103 3.01628853985 3.01628853985
1129 1.1519280951 1.1519280951
1145 2.44068541301 2.44068541301
1148 8.5 9.19238815543
1154 3.1264656823 3.31165040832
1165 2.25702870322 2.89592368138
1166 3.0 3.0
1181 2.10924030172 2.10924030172
1193 1.44417813041 2.00829463953
1211 1.41510652034 1.41510652034
1216 1.11610748669 1.38218413653
1219 2.91484401838 3.59935119059
1221 1.58608695652 1.58608695652
1226 0.180769230769 0.180769230769
1234 0.886179978872 1.15570835973
1239 0.339974565494 0.339974565494
1244 1.65123859192 1.65123859192
1261 0.692179700499 0.692179700499
1266 1.1152602136 1.11760170927
1267 1.39445382355 1.71104588447
1275 1.50088339223 1.50088339223
1283 12.0 12.0
1284 1.13001215067 1.13001215067
1285 4.0 4.0
1287 3.94650444187 4.40042916679
1289 1.25 2.06155281281
1292 1.85655331793 2.30117675076
1295 0.750807319699 0.750807319699
1297 1.90763665798 2.09498404836
1308 3.0 3.0
1312 1.25228832952 1.45852624331
1313 1.01768333779 1.05316431687
1325 2.0 2.0
1330 2.87509355509 4.81956379874
1337 3.0 3.0
1345 3.35140562249 3.35140562249
1365 2.80526353845 3.52883906305
1369 1.85906571655 2.36617408823
1374 4.01677917068 4.74363602387
1384 6.77074370006 6.81447108022
1387 6.58857979502 7.92906122692
1389 1.27758873364 2.67897519174
1391 1.2911444216 1.55986760855
1413 6.72319688109 6.72319688109
1422 2.39966777409 2.39966777409
1424 4.7336400818 4.7336400818
1426 9.1951107499 9.2858445224
1434 0.358607714017 0.358607714017
1437 0.451032998088 0.473798556722
1438 4.51482289766 5.06748738278
1455 5.26440460948 6.77488764228
1458 1.47353248444 1.69290396178
1461 1.08285577841 1.08285577841
1479 7.21548950054 7.43887849403
1480 0.706536675693 0.851237337626
1482 0.0 0.0
1483 3.14216478191 3.14216478191
1496 2.06114239743 2.06114239743
1499 1.23085585586 1.45140926426
1512 2.85593631014 4.13884983874
1513 1.09321759393 1.26930999142
1518 1.0 1.0
1530 2.5 3.2403703492
1545 1.19478796675 1.41904536121
1547 5.57327030511 5.57327030511
1569 1.0 1.0
1579 2.7214694194 2.7305408283
1585 0.659571408526 0.883491515738
1597 7.74394669701 7.77847829431
1598 2.63184806428 2.63184806428
1599 2.30980140446 2.43219644709
1602 1.94432119443 2.47833936979
1605 4.55002640232 5.42799909993
1609 0.511537158276 0.699283332444
1622 3.53232133694 4.87692835126
1628 4.04389261332 4.82532559828
1629 4.07459677419 4.07459677419
1631 1.25298479238 1.68925782324
1638 8.24087591241 8.24087591241
1651 3.32586094515 3.43461913761
1653 1.38228890947 1.71008411256
1662 3.36802304645 3.36802304645
1674 2.67182748134 3.15177239302
1678 0.767424356465 0.767424356465
1684 2.929918619 3.17897918872
1691 10.6666666667 10.677078252
1712 7.0 7.0
1718 2.60182039344 3.12301617424
1722 1.28578367876 1.72331771859
1731 1.83717557252 1.83717557252
1732 4.0 4.0
1754 3.99120603574 4.79732324491
1764 8.33178922988 8.33178922988
1770 4.23401469412 4.58178511306
1778 4.85865724382 4.85865724382
1789 1.98483194177 2.32607935769
1792 2.79476095389 3.53003957273
1793 0.588019879676 0.588019879676
1797 1.25381903643 1.27925223446
1802 1.66534681686 2.07918738885
1806 0.281622911695 0.281622911695
1807 2.64807059527 2.64807059527
1809 3.2448840382 3.2448840382
1811 2.07474912963 2.07474912963
1817 3.52038834951 3.52038834951
1831 6.5501618123 6.5501618123
1832 0.490014265335 0.490014265335
1833 1.67886178862 1.67886178862
1836 0.00944206008584 0.00944206008584
1837 1.0 1.0
1838 2.13327120224 2.13327120224
1847 1.5283171521 1.5283171521
1849 0.146981420361 0.152485315341
1853 1.54656148174 1.54683464216
1855 3.0 3.0
1859 5.99585062241 5.99585062241
1867 1.0 1.0
1872 0.0 0.0
1888 2.9525318414 3.99119905894
1896 1.2626151821 1.2626151821
1899 2.47525957806 2.61740991241
1901 2.32858401143 2.71611143528
1902 1.24806156128 1.51780100688
1921 1.89612124027 2.19404286056
1924 2.6822954823 2.6822954823
1926 1.6149068323 1.6149068323
1940 3.0 3.0
1941 4.0 4.0
1946 0.0 0.0
1957 2.64813913293 3.38310293223
1959 3.0 3.0
1962 9.0 9.0
1965 3.41932488875 4.26739604067
1966 2.62672372801 2.62672372801
1972 2.32786885246 2.32786885246
1984 1.21342696615 1.24733811866
1989 1.80219037317 2.16394039735
2005 1.52873316136 1.6175858044
2011 1.60427807487 1.60427807487
2023 2.56700014722 3.29077268987
2033 3.68921568627 3.68921568627
2040 1.28063393571 1.53888222721
2045 1.36389223965 1.36389223965
2058 6.0 6.0
2062 3.66666666667 3.87298334621
2069 6.11016042781 6.11016042781
2092 1.64022179569 1.64022179569
2096 3.14449604294 5.0762452155
2100 3.96903124093 4.94700281292
2103 2.65766033879 3.46699460347
2108 2.93108283439 3.60336386836
2115 3.55316956965 3.64482120923
2117 2.42107678189 2.42107678189
2127 1.5 2.12132034356
2142 5.0 5.0
2146 2.49444054938 2.54170270423
2149 1.0 1.0
2151 0.707096013558 0.707096013558
2155 1.05349439172 1.05349439172
2183 1.39327619445 1.39468010847
2186 3.77477477477 3.77477477477
2192 4.55434782609 4.55434782609
2195 3.01013324103 3.47359274451
2202 4.10144927536 4.20856689227
2204 5.10364963504 5.10364963504
2211 0.936150234742 1.24547080003
2212 6.0 6.0
2240 6.34333070245 6.34333070245
2242 2.60557192702 3.23256063683
2245 0.835294456388 1.20621665073
2246 1.30580661534 1.30721846807
2250 1.39221140473 1.39221140473
2254 7.0 7.0
2259 3.29418088967 3.29418088967
2262 0.698916870929 0.720409396793
2272 0.708478355513 0.739360484698
2278 2.15908775328 2.48639905544
2287 0.490100859171 0.490100859171
2289 1.0 1.0
2292 0.0 0.0
2299 3.80002071062 4.00468947017
2319 0.965872728238 0.99263465299
2320 2.05685249493 2.9433673247
2329 1.0 1.0
2332 1.0585411987 1.29829380841
2355 2.48047799337 2.88869973595
2358 3.11322840302 3.15358284426
2367 4.48101265823 4.48101265823
2378 4.49864498645 4.49864498645
2386 3.18962536023 3.7347551304
2394 0.493421052632 0.493421052632
2402 4.92522596549 4.92522596549
2404 1.1795639162 1.1795639162
2409 2.17804547077 2.27832852125
2414 1.33118216486 1.33118216486
2422 3.61240583804 4.00884305862
2428 5.97805907173 5.97805907173
2430 1.0 1.0
2431 1.9752888148 2.1702101054
2450 2.49371069182 3.1215107493
2451 2.0 2.0
2475 4.73555730917 5.72269477352
2477 2.26535020092 2.30126157404
2478 0.367389060888 0.580355676349
2484 2.48620401338 2.89655187516
2494 1.06808833894 1.10135702709
2499 3.80786778871 3.80786778871
2505 5.52852529602 5.52852529602
2506 5.65370387921 6.96192087992
2507 1.96551724138 1.96551724138
2508 6.1832460733 6.18596080867
2530 1.69891576314 1.83706233269
2537 1.32502651113 1.32502651113
2538 2.0902863142 2.61980922865
2539 0.495375508694 0.495375508694
2541 6.0 6.0
2551 3.21677735836 4.27955116746
2554 2.0 2.82842712475
2561 1.8593464337 2.25516111797
2562 3.67161410019 3.67161410019
2572 1.40428080732 1.47174278876
2584 2.0 2.0
2585 3.03837953092 3.03837953092
2586 5.5 7.10633520178
2587 6.26006631928 6.26006631928
2590 2.98958750501 2.98958750501
2609 1.01910828025 1.01910828025
2618 2.00017891986 2.5035455358
2627 1.0 1.73205080757
2634 3.0 3.0
2636 1.5 1.58113883008
2645 1.68288288288 1.68288288288
2669 1.3483633516 1.55662540003
2676 1.74796084829 1.74796084829
2679 1.78361774744 1.78361774744
2683 2.47534942212 2.86389068798
2685 1.69047771278 1.85115148991
2687 8.0 8.0
2690 1.00165016502 1.41421548786
2699 1.99445531637 1.99445531637
2704 4.0 4.0
2715 3.27956415074 3.28601805249
2716 9.16621376812 9.16621376812
2721 2.37530329586 2.58982928974
2733 3.97717416115 3.97717416115
2739 1.25138344456 2.14945251339
2750 2.0 2.0
2758 4.74962742176 4.74962742176
2761 3.0 3.0
2764 1.5616587302 1.81201359672
2765 2.49579271642 3.26500030863
2771 1.0689488479 1.56597624879
2772 1.38687179004 1.52110044873
2775 7.0 7.0
2777 4.06903060895 5.23831040381
2788 3.15292144255 3.15292144255
2800 2.37735849057 2.97057481016
2803 1.8752719303 2.31779757618
2806 4.0054894785 4.0054894785
2838 0.862594914348 1.160843714
2846 1.42222222222 1.42222222222
2850 3.31585328888 3.31585328888
2857 7.22308836811 7.44524127812
2860 2.1006508079 2.1006508079
2861 1.0 1.0
2863 4.5094004065 4.89536593419
2877 3.0 3.0
2883 0.74263479711 0.74263479711
2890 1.16047144152 1.18245343827
2895 1.35446685879 1.35446685879
2899 1.71895313033 2.34537440693
2907 2.6674584323 2.6674584323
2913 1.65706768122 2.02020376011
2919 0.0 0.0
2928 3.03203184636 4.00794646611
2935 0.0818828373573 0.0818828373573
2961 2.12708974362 3.0120728362
2964 2.0 2.0
2966 1.0 1.0
2976 1.12837690013 1.25862600087
2977 1.91609129484 2.28398220274
2981 2.91503946822 2.91503946822
2987 2.66874783212 2.66874783212
3000 1.41255513622 1.97050959994
3011 0.216736279619 0.217745959533
3045 2.12907859883 2.33305320788
3046 0.510050251256 0.510050251256
3050 12.0 12.0
3051 3.93493253316 5.14995918203
3052 1.00298337832 1.00298337832
3064 1.09201213347 1.09201213347
3070 3.03109452736 3.03109452736
3074 1.48558951965 1.48558951965
3075 11.0 11.0
3079 1.96164376672 2.36783748077
3092 1.83330150399 1.94912833836
3097 1.36558419819 1.36558419819
3102 1.49709907894 1.80137126898
3107 5.71983020012 5.71983020012
3110 1.61667798617 2.29401029045
3115 3.74813153961 3.96768699912
3116 0.0 0.0
3118 1.7575547065 1.7575547065
3127 2.89799710923 2.89799710923
3128 0.337218237705 0.337218237705
3129 0.923588039867 0.926743575665
3138 2.57506053269 2.57506053269
3139 2.51799927619 2.71751559852
3150 1.41062360427 1.71585031397
3165 0.839182752405 0.843632586702
3169 1.84623441005 2.2247918001
3182 1.56749894202 1.56749894202
3186 2.01223291016 2.64115301528
3187 1.26058850916 1.27413313596
3188 3.97044334975 3.97044334975
3193 1.68337891218 1.68337891218
3198 0.0 0.0
3203 3.51496779083 3.51496779083
3212 2.40588637919 2.40588637919
3219 2.5701139393 3.1149816359
3224 5.99027754884 6.14203316167
3225 5.07309397163 6.02589820894
3231 0.70992078461 0.70992078461
3242 0.769792935445 1.08865160952
3243 0.734757147778 0.734757147778
3244 2.11729899628 2.50388395904
3245 1.14852998989 1.40231538338
3252 1.86627724607 2.87246025373
3277 0.0581081081081 0.0581081081081
3278 2.76400571463 3.51889707118
3284 1.26912993565 1.72410400892
3286 2.0 2.0
3290 1.97047636298 1.97047636298
3293 3.41136103698 3.41136103698
3294 2.70589754606 2.73773722126
3296 2.14029850746 2.14029850746
3300 4.64527629234 4.68987988392
3321 1.6692520042 2.23300013609
3328 6.0 6.0
3341 1.03604439288 1.12208327845
3345 1.33894020794 1.59406489094
3347 2.5 2.5
3351 6.0 6.0
3352 0.473002159827 0.473002159827
3353 0.741055341055 0.741055341055
3366 1.0 1.0
3368 2.02685025818 2.02685025818
3374 1.0 1.0
3381 1.11453879047 1.11453879047
3385 3.24983320305 4.37037281753
3389 2.93028607002 2.9585458447
3395 2.7430789568 3.85507441798
3398 6.50418675463 6.50418675463
3399 2.41982182628 2.41982182628
3409 0.736175115207 0.736175115207
3410 2.47144152312 2.47144152312
3412 0.0 0.0
3413 1.23469236591 1.37153394547
3418 3.0 3.0
3423 3.04934341065 4.10341306158
3426 1.05679308689 1.05831804446
3429 2.96666531111 3.72652979675
3431 1.68309859155 1.68309859155
3440 4.07261193558 5.0290307465
3450 2.0 2.0
3452 1.68865286491 1.99525507272
3464 11.0 11.0
3468 1.6379069303 1.75774411222
3478 2.0444237426 2.155027533
3481 0.468142720612 0.468142720612
3486 1.78285626347 1.78285626347
3487 5.0 5.0
3488 0.0 0.0
3495 0.0326086956522 0.0326086956522
3502 1.81690405066 2.6621753453
3510 2.0 2.0
3514 10.6952253458 10.6952253458
3516 3.54925982494 3.59527888925
3517 2.33945131376 2.41220107633
3522 6.11295194508 6.11295194508
3523 2.12350088838 2.69073634336
3545 0.650957223452 0.682481382355
3565 1.0 1.0
3571 2.41423749616 2.41423749616
3573 2.36535303777 2.36535303777
3578 2.82327586207 2.82327586207
3580 2.25767082105 2.27352636216
3583 1.58745984939 1.94794337781
3587 1.00881834215 1.00881834215
3594 6.0 6.0
3595 2.7067548828 3.56457864338
3597 4.48532289628 4.48532289628
3604 2.0 2.0
3607 9.0 9.0
3608 4.82479338843 4.82479338843
3614 6.50282977797 6.52180752176
3619 0.776611328125 0.776611328125
3632 2.28420020347 2.44666195816
3636 3.98604427334 3.98604427334
3657 2.14694146382 2.17064684205
3661 2.40965608151 2.65069888488
3679 9.0 9.0
3683 1.3552238806 1.3552238806
3709 3.0 3.0
3719 2.44062347983 3.23238978229
3722 2.46693794507 2.46693794507
3728 0.0 0.0
3729 3.52161383285 3.52161383285
3730 4.93446414803 4.93446414803
3735 1.10579345088 1.10579345088
3736 2.41083940074 2.87300137833
3738 0.512174643157 0.512174643157
3750 4.0 4.0
3755 2.44152027555 3.49432456462
3758 1.61526525787 1.66045255129
3760 0.332596685083 0.332596685083
3783 0.0520833333333 0.0520833333333
3802 0.957726701648 0.957726701648
3814 2.55288461538 2.55288461538
3828 3.01899827288 3.01899827288
3831 2.03214877047 2.33940965911
3840 6.5 6.96419413859
3843 2.29218445875 2.29218445875
3849 2.0 2.0
3852 5.0 5.0
3857 1.07287157374 1.19006324728
3864 9.53206650831 9.53206650831
3868 1.66833166833 1.66833166833
3874 2.14224137931 2.14224137931
3876 7.28972783143 7.28972783143
3882 2.82577745964 3.7919834002
3889 3.63242654792 4.26491546603
3895 0.623809192434 0.665910661466
3902 3.37773666358 3.37773666358
3912 1.0 1.0
3913 2.19299747292 2.9231274575
3924 5.08811748999 5.08811748999
3927 3.08716000948 4.02677358633
3936 0.514261019879 0.514261019879
3938 0.0 0.0
3953 2.11873374585 2.50594505106
3961 3.75 5.17204021639
3983 5.45021156559 5.45021156559
3985 0.637168141593 0.637168141593
3993 1.86420077579 2.31462681611
3994 2.05072463768 2.05072463768
3995 0.960752532886 0.964560373109
4004 1.55435005726 1.91599153174
4023 2.97264007502 3.66122500932
4048 8.93147476466 9.02779493409
4050 3.46621237933 3.46621237933
4053 3.19028062971 3.19028062971
4064 0.532637075718 0.532637075718
4070 1.57322175732 1.57322175732
4075 1.28215880692 1.57792157482
4082 1.07769116535 1.47549778414
4091 2.22104703614 2.80581045856
4093 6.71110053313 7.70825185578
4105 1.0 1.0
4106 1.82785928372 1.83538848178
4113 4.0 4.0
4141 3.0 3.0
4159 0.396784565916 0.396784565916
4162 0.621384297521 0.621384297521
4172 2.10405536668 2.28686811426
4175 0.0 0.0
4179 0.189033189033 0.189033189033
4182 0.0 0.0
4186 0.0 0.0
4193 4.66666666667 4.69041575982
4195 3.98035604665 3.98035604665
4207 0.508 0.707197285063
4210 1.09903320462 1.41972123385
4212 1.86748858914 1.89563167719
4219 1.00281690141 1.00281690141
4221 2.13780173424 2.13780173424
4227 7.21157751121 7.91206211388
4240 2.55893465396 3.55015504207
4252 1.0 1.0
4253 0.529582673006 0.748942998563
4260 2.53372294372 2.5394254075
4271 1.57789694264 1.80963568304
4274 5.0 5.0
4282 7.0 7.0
4296 0.427830233915 0.574235035968
4308 2.18140307181 2.18140307181
4315 0.63697566028 0.733160734777
4341 1.05683898017 1.28561827119
4349 7.0 7.0
4357 2.82819929708 2.82819929708
4362 0.929292929293 0.929292929293
4382 2.56207358212 3.72506229058
4388 1.0 1.0
4395 1.40114024783 1.84308390364
4399 3.80983606557 3.80983606557
4416 11.328994614 11.328994614
4417 4.21459227468 4.21459227468
4420 0.294981916817 0.294981916817
4423 3.92436305732 3.92436305732
4426 1.14024390244 1.14883615421
4431 0.294249022892 0.294249022892
4433 1.37759815242 1.37759815242
4437 3.49331352155 3.49331352155
4444 2.81155709144 3.0694284009
4447 8.45517749126 8.50065788702
4456 3.0022172949 3.0022172949
4459 1.04923076923 1.04923076923
4461 0.341000267451 0.482247203002
4462 1.80186992988 1.80186992988
4474 1.0 1.0
4475 5.50962861073 5.50962861073
4498 0.78164556962 0.811571594977
4501 12.0 12.0
4508 0.0 0.0
4514 1.0 1.0
4524 3.0 3.0
4525 0.760034158839 0.760034158839
4526 1.6267281106 1.6267281106
4531 3.15584280442 3.22284075627
4538 1.01797268152 1.73233052615
4543 8.49796747967 8.62898359344
4546 4.0 4.0
4550 1.97307632151 2.81031805427
4553 5.0 5.38516480713
4558 1.33527357392 1.49158195844
4569 0.945114309541 0.946007556365
4570 2.0 2.0
4582 2.21761402553 2.88487148093
4592 5.32378854626 5.8088482243
4593 2.4524691358 3.30736547146
4595 2.15023342173 2.17869755532
4602 1.31079725931 1.90838158389
4606 2.34247061569 2.70216925948
4613 4.25160476845 5.4647049892
4616 3.91003911343 3.91003911343
4619 1.23166464139 1.42542896191
4624 12.0 12.0
4629 1.88824979705 2.06946041473
4637 8.98427947598 8.98427947598
4644 1.78978433598 1.78978433598
4645 1.05103424168 1.10797105883
4651 0.178854777509 0.178854777509
4656 3.20418848168 3.20418848168
4660 2.9567627361 3.5901437161
4665 5.52157696437 6.23624785846
4673 5.0 5.0
4675 1.06781706925 1.13462651782
4688 2.51101644294 3.35341642106
4698 1.0 1.0
4709 3.57446491954 4.29212045346
4740 2.22843450479 2.54459656423
4744 2.0 2.0
4748 2.91142242024 3.68866007687
4749 5.96350364964 5.96350364964
4760 1.0 1.0
4774 0.0 0.0
4781 1.31159726196 3.0446346432
4790 3.20031341143 3.94540800761
4801 2.37485515643 2.37485515643
4802 0.938875332097 1.52492132193
4806 3.0 3.0
4807 1.0948506333 1.32887976815
4810 1.96144278607 1.96144278607
4812 1.0 1.0
4813 1.0 1.0
4819 0.950345092025 0.950345092025
4820 4.97920277296 4.97920277296
4827 2.25706538837 2.53076707594
4828 0.735109717868 0.735109717868
4855 2.30395916148 2.97543858819
4861 7.95170227571 8.78379361491
4863 1.18793252595 1.43897090611
4871 7.20895501352 7.43391232141
4885 0.0604815032296 0.0604815032296
4894 2.25476362759 3.06119379323
4900 0.0 0.0
4910 6.0 6.0
4920 2.69497131828 4.15409286101
4956 0.925330531915 1.10578340897
4960 3.54321184148 3.54321184148
4964 3.68306832653 4.55979913447
4966 4.39993416722 4.39993416722
4967 2.36193995494 2.86482507076
4983 3.25 4.33012701892
4988 0.240647268409 0.240647268409
4993 5.93595890411 5.93595890411
5003 2.03652201311 2.25614287188
5009 1.0 1.0
5026 2.341291806 2.50588228726
5036 1.0 1.0
5045 0.0 0.0
5062 1.0 1.0
5065 0.248251748252 0.35108098926
5066 0.764970266754 0.808009906264
5067 6.98798076923 8.59954719742
5069 6.50993534244 7.40743176364
5077 1.6212213227 1.97727059893
5085 2.73887640449 2.73887640449
5086 2.17764575872 2.45669897583
5096 5.29283216783 5.29283216783
5099 3.44369721614 3.44369721614
5113 3.5055428571 3.99487492394
5121 1.87194064115 2.40747427596
5124 5.07127583749 5.07127583749
5131 3.0 3.0
5132 3.76654727237 4.04472894046
5151 1.79219474565 2.18853984508
5154 0.619954303123 0.619954303123
5159 1.49339735894 1.49339735894
5167 3.48888888889 3.8020787037
5183 1.1669213508 1.94435110901
5191 10.0 10.0
5202 2.03846630634 2.20931596439
5204 2.01735159817 2.01735159817
5210 0.0 0.0
5217 3.5339584359 4.12306988116
5219 2.15521732053 2.15521732053
5223 1.39903808282 1.69908393021
5228 1.36884668571 1.4759043182
5229 1.67698747186 1.94576433019
5233 2.0 2.0
5246 0.507132553294 0.507132553294
5251 2.30550332205 2.6494687188
5254 6.16883550217 6.16883550217
5271 5.0 5.0
5272 1.76496513424 2.18015374844
5280 1.51125703565 1.5883222321
5289 1.32514779445 1.32514779445
5291 0.71332017871 0.760667234583
5293 2.53094178232 2.53094178232
5294 3.42587924539 4.03513219872
5295 3.24374495561 3.24374495561
5300 0.0 0.0
5310 2.88147540984 2.88147540984
5311 1.63088610278 2.20761242984
5321 2.05800464037 2.05800464037
5322 1.0 1.0
5325 7.6874629373 8.34668131986
5336 3.07205123643 3.07205123643
5344 1.14357855001 1.4470006708
5356 1.18099797459 1.18099797459
5361 4.0 4.0
5363 4.52148657731 5.24075587865
5367 0.0 0.0
5371 4.56109764413 5.17102699594
5372 6.85348550278 6.85348550278
5374 10.0 10.0
5387 0.727936701156 0.727936701156
5404 0.802727598995 0.802727598995
5414 1.29041734117 1.30762829267
5421 1.0 1.0
5423 5.5 7.10633520178
5424 3.11229946524 3.11229946524
5446 2.11251244607 2.11251244607
5459 2.0 2.0
5462 3.98283931357 3.98283931357
5475 4.02577873255 4.02577873255
5477 4.42243436754 5.1187664847
5478 0.712327909887 0.754140384627
5481 5.0 5.0
5482 1.84297822538 1.85711911011
5484 3.14753359351 3.99955326966
5488 0.656273017056 0.746264573169
5492 0.897619047619 1.15482697461
5493 2.72963703915 2.72963703915
5496 0.262755102041 0.371591828889
5499 1.33277254374 1.33277254374
5506 1.17693522907 1.17693522907
5507 2.67253634749 3.22854994601
5512 0.841809950067 1.21799646021
5515 1.41768181986 2.02931977994
5518 5.09331651955 5.09331651955
5523 1.43480215827 1.43480215827
5545 1.4257475925 1.4257475925
5554 2.2494270513 3.08651425307
5562 1.45099295324 1.73066203474
5565 3.0 3.0
5573 3.4992537563 5.49296862729
5575 0.485575549843 0.485575549843
5578 7.24312063237 7.28852160122
5581 0.0 0.0
5584 1.13930606997 1.49576607724
5608 3.67969151671 3.67969151671
5617 9.49749582638 9.49749582638
5633 5.26445152481 5.26445152481
5646 2.82815507286 2.82815507286
5649 2.17091835266 2.44514932022
5652 0.0575056011949 0.0575056011949
5655 1.0 1.0
5659 3.67841584232 4.83236603152
5662 1.37753986427 1.70268217571
5669 2.45655877342 2.45655877342
5674 1.37766284794 1.7465890723
5683 0.5 0.707106781187
5687 4.25555587918 4.79064944406
5700 3.0 3.0
5707 0.658465638044 0.737608695723
5720 4.0 4.0
5721 2.83438189785 4.09272191403
5724 2.38663598491 2.53118303491
5729 3.89455366139 5.10284871147
5736 1.74305216967 1.74305216967
5737 4.75095379398 5.25640283743
5740 2.0 2.0
5749 0.777924254059 0.806014232162
5763 2.24888888889 2.24888888889
5768 2.0 2.0
5772 2.93859900486 3.73160124524
5785 1.0 1.0
5786 2.44371085153 2.89307499435
5799 4.44981132075 4.44981132075
5815 0.765883376849 0.765883376849
5826 5.0 5.44671154612
5827 3.39503386005 3.39503386005
5837 2.38441246177 3.26173738544
5846 4.0 4.0
5849 5.09009470976 6.82382543369
5851 3.25 3.33541601603
5865 0.746543355581 0.94384243598
5870 6.07112970711 6.07112970711
5891 6.98208640674 6.98208640674
5892 1.0 1.0
5896 1.65001652704 1.90423518685
5897 2.99585348998 2.99585348998
5898 0.753783231084 0.753783231084
5911 8.53361198189 8.53361198189
5931 4.11687538863 4.92197230281
5933 2.10876991475 2.52864637894
5934 10.7817579771 10.8503649111
5936 2.50234429308 3.28168330679
5937 12.0 12.0
5941 0.173741033886 0.300001518153
5945 0.0 0.0
5948 3.11441527446 3.57896637471
5956 7.23674821611 7.73694484546
5957 2.97625329815 2.97625329815
5968 1.0361094933 1.0361094933
5969 2.12278938907 2.29689643786
5974 3.4165145293 5.77448455984
5992 7.20881139919 7.4335400054
6004 1.25470198675 1.25470198675
6006 1.60279153534 1.79042509869
6013 4.03287671233 4.03287671233
6022 1.0 1.0
6026 0.500763825237 0.500763825237
6038 2.0 2.0
6040 5.48306332842 5.48306332842
6041 1.12878858355 1.23126480358
6043 2.02166658142 2.69342985142
6045 2.2387755102 2.25147274675
6055 1.25805028672 1.25805028672
6063 4.47674418605 4.47674418605
6065 0.992067426872 0.992067426872
6071 6.0 6.0
6077 0.926224426534 0.926224426534
6091 7.04103943701 7.96946385861
6099 1.0 1.41421356237
6103 1.56952841596 1.56952841596
6107 5.69277421636 5.94881493581
6115 1.0 1.0
6120 2.69571492007 2.71283400527
6124 8.78062157221 8.78062157221
6150 2.10749782598 2.66981904123
6154 0.45533217947 0.45533217947
6168 1.51832131528 1.85982015676
6183 0.0 0.0
6194 4.544142099 6.15579529504
6201 2.46532045654 2.46532045654
6202 2.81519528633 3.75135740595
6228 1.46922300706 1.46922300706
6234 0.996017766886 0.996017766886
6240 1.69052631579 1.69052631579
6269 0.0148409893993 0.0148409893993
6280 7.5 7.64852927039
6283 2.3916093929 2.3937267287
6285 4.0 4.0
6287 1.0 1.0
6290 3.22510939964 3.35451206881
6297 1.14423076923 1.15328512001
6299 2.00947531638 2.4559196188
6303 6.28868360277 6.28868360277
6325 1.46793114668 1.69912758172
6328 2.55467043192 3.48343489002
6343 1.72158280143 1.85444578558
6346 2.0 2.0
6349 12.0 12.0
6372 10.1067472306 10.1067472306
6375 0.277569887739 0.277569887739
6377 4.30709677419 4.88608003903
6378 4.57294729837 4.95235418634
6379 0.447773279352 0.447773279352
6384 3.38035877166 3.38035877166
6386 0.59253875969 0.940592295101
6400 6.0 6.0
6403 5.0 5.0
6404 1.47000813339 1.54331835915
6411 4.48778004073 5.14309428435
6418 1.36508740816 1.43754412574
6419 2.5 2.5495097568
6421 1.48221343874 1.48221343874
6431 8.0 8.0
6435 6.70170660857 6.70170660857
6440 1.0 1.0
6444 1.0 1.0
6450 2.08399388764 2.65222884985
6454 2.18049372724 2.18049372724
6455 1.59390884598 1.82688710745
6456 1.56940789474 1.81573715123
6463 0.937465398926 0.989769799179
6470 0.905362999144 1.26802394702
6476 0.0 0.0
6484 1.96195015173 2.55420770115
6488 4.0 4.0
6497 0.0 0.0
6517 3.30530460079 3.334455076
6521 3.09687353398 3.33104796913
6526 2.08280254777 2.08280254777
6533 1.50348850644 1.6596697451
6538 2.80603842635 3.56192630985
6549 1.13629580217 1.64040989431
6560 2.98431100494 4.11188020694
6562 1.57789773006 2.10482098882
6564 5.21096654275 5.21096654275
6574 0.393439881514 0.540521045927
6583 1.0 1.0
6595 0.814515379193 0.814976737608
6615 1.35377221089 1.35377221089
6619 0.0 0.0
6631 3.59366826156 4.19390787667
6640 1.0 1.41421356237
6644 1.27631513116 1.91407804242
6651 3.24870706046 3.32216865701
6657 3.48347107438 3.48347107438
6680 0.934159061278 0.934159061278
6689 5.99924528302 5.99924528302
6697 1.53472274015 1.70641253997
6704 7.37713675214 7.37713675214
6716 1.02175064526 1.28625968886
6732 1.62105825762 1.62105825762
6736 2.99459865818 3.25391220657
6737 2.80529798889 4.55718837908
6738 0.504140786749 0.504140786749
6740 2.5 3.53553390593
6748 2.4170373981 3.1562474323
6766 3.73424357598 5.03065102449
6770 3.86242100146 3.86242100146
6775 1.25697598962 1.25697598962
6779 2.81028968745 2.95951318835
6780 2.0 2.0
6800 2.38046639178 4.19755106097
6809 1.0 1.0
6816 4.0 4.0
6823 1.27905165213 1.33169936327
6829 0.836382113821 0.852235796595
6830 4.5 5.14781507049
6838 5.34915677701 5.34915677701
6839 2.53149276956 3.2814093827
6844 3.80166051661 3.80166051661
6854 2.24790964585 2.83348797202
6863 1.20932640653 1.32934643979
6872 2.68718718034 4.20164360561
6878 2.87419112114 2.87419112114
6883 0.276919991979 0.276919991979
6889 0.376364559533 0.376364559533
6895 1.77719318099 3.23510268553
6902 5.0 5.0
6917 11.0 11.0
6921 1.09203904148 1.31052365197
6940 3.92435246492 4.56515992261
6948 0.232644768033 0.232644768033
6955 0.319118443303 0.440931459414
6968 3.53697183099 3.53697183099
6971 0.5 0.707106781187
6975 0.0 0.0
6980 0.0444705487498 0.0444705487498
6993 0.100238095238 0.100238095238
7001 0.94704391515 1.10325921976
7005 12.0 12.0
7006 2.42976475505 3.87713075819
7011 1.32443531828 1.32443531828
7012 3.16353950264 3.26203949668
7013 3.72729352551 3.72729352551
7030 0.985422202292 1.08313880591
7043 0.754731861199 0.79358467867
7045 1.04520697168 1.04520697168
7052 6.47992783747 7.14610632878
7060 0.0 0.0
7063 1.568 1.568
7074 1.0 1.0
7079 4.0 4.0
7080 7.0 7.0
7081 1.37310195228 1.37310195228
7088 1.5141509434 1.5141509434
7094 0.985309958219 1.05499744775
7095 1.50168350168 1.50168350168
7099 5.0 5.0
7109 1.61484041144 1.69196168812
7112 4.19476744186 4.19476744186
7113 2.62636212289 3.54426740072
7119 1.50917863027 2.08115278931
7121 1.40099062814 1.78992972758
7125 1.0 1.0
7129 3.49317738791 3.49317738791
7130 1.9382981883 1.93889710373
7134 1.94259619789 2.02572488373
7135 0.951831210191 0.951831210191
7137 0.539755351682 0.539755351682
7142 1.17708314133 1.53674878988
7159 1.06256212342 1.50665356683
7163 4.73323397914 4.74074551217
7166 1.96735395189 2.2218999601
7168 2.23180176315 2.50561209165
7171 6.33519553073 7.39687336152
7176 1.62712636631 2.68050881461
7177 0.331460674157 0.331460674157
7178 1.01412845572 1.46850379435
7181 2.76115760112 2.76115760112
7203 1.0 1.0
7222 3.0 3.0
7226 0.973571936478 0.973571936478
7234 5.4109277177 5.4109277177
7251 0.177604405691 0.251170559265
7262 1.32687551525 1.36654536531
7263 3.41463414634 3.41463414634
7272 6.57348138472 6.57348138472
7278 3.36122047244 3.36122047244
7290 3.68984044285 4.56619799195
7293 1.48025276461 1.48025276461
7304 3.48292382297 3.61712984382
7310 2.11691749343 2.78643938586
7320 3.32116369138 4.6709515409
7326 0.530756364988 0.530756364988
7328 1.4701094505 1.97490795546
7334 12.0 12.0
7335 1.0 1.0
7339 1.16532101313 1.17368190491
7342 7.40965250965 7.40965250965
7351 2.86750310434 4.36386431859
7355 7.0 7.0
7356 1.26611418048 1.46343210095
7382 0.917944287932 0.989862355702
7385 5.0 5.0
7387 2.55634021999 2.97195827807
7389 5.1661971831 5.29618817684
7407 1.80803267529 1.80803267529
7413 0.558712497516 0.558712497516
7414 2.53889789303 2.53889789303
7420 1.62564305501 1.62564305501
7431 3.41024904422 4.76637340994
7436 1.66638001638 1.67197358228
7437 0.333333333333 0.57735026919
7442 2.68500995674 2.8219171344
7446 1.0 1.0
7450 5.0 5.0
7453 1.12497134274 1.49668611399
7459 0.49621785174 0.49621785174
7465 1.60896869742 2.11008952403
7466 1.31477125808 1.58111584744
7474 2.89384695661 3.02701658126
7484 3.0 3.0
7493 3.43249691682 3.81163683045
7504 1.0 1.0
7513 2.37437037037 2.81993353296
7515 1.0 1.0
7518 2.74468418682 2.96190224741
7538 0.0 0.0
7543 4.9815498155 4.9815498155
7547 2.49217002237 2.49217002237
7553 4.44074294818 4.76133386305
7557 3.37737961926 3.37737961926
7561 2.91217410517 2.91217410517
7562 5.99523431295 5.99523431295
7564 1.00535117057 1.00535117057
7568 0.881144373037 0.883127747132
7574 6.0 6.32455532034
7578 7.97072710104 7.97072710104
7580 1.008 1.008
7587 2.0 2.0
7591 3.51408340158 3.99974087742
7600 3.27615780446 3.27615780446
7611 5.63257575758 5.63257575758
7621 0.855151816824 0.855151816824
7632 3.02198334724 3.44671594063
2.43990646341 3.4090132763