5 1.45313966778 1.45313966778
6 0.214932426049 0.309967290478
9 1.58175568208 1.87047559609
14 1.0 1.0
15 1.96531596602 2.54209213172
22 3.44699256551 4.57560332227
24 8.02324567776 8.02324567776
25 0.580633964565 0.705339357308
35 1.93010398248 3.42449484551
55 0.0255462021313 0.0361277855212
57 1.77113661542 1.77113661542
58 1.0 1.0
59 7.0 7.0
66 3.48555080338 3.48555080338
68 0.639853003828 0.671126995897
69 1.28069393733 1.36555989629
76 1.50879053619 1.94804936958
81 1.57267813546 1.57267813546
83 7.16887237402 7.50031377061
85 1.0 1.0
89 9.92823429888 9.92823429888
95 1.33881537553 1.33881537553
97 2.27331663115 2.27331663115
122 2.97403984794 3.61866186214
126 3.37771443012 3.9143357094
134 1.31202047262 1.50511998063
136 3.08013104294 3.38105104333
151 2.44168057218 2.44168057218
156 5.87687551853 7.7964139393
161 2.6308818402 3.0134020386
164 1.31831345295 1.31961455735
171 1.20491426097 1.49481961945
172 2.59249500821 2.75718028204
186 1.50987414948 1.59364098704
189 2.19416714912 3.19965601651
196 3.33333333333 5.22812904712
205 1.35714089498 1.50169878396
219 1.0 1.0
234 0.77184787023 0.77184787023
243 2.0 2.0
259 4.0 4.0
274 9.20721486276 9.20721486276
276 5.32777767477 5.62734948426
291 1.34331001284 1.34331001284
299 0.734341995009 0.78539946254
304 0.5 0.707106781187
307 5.0 5.0
308 3.2175773451 4.25378417438
316 0.799619181569 1.1680246726
323 4.65567945125 4.65567945125
326 2.6684831476 2.6684831476
328 3.59362949736 3.59362949736
331 2.35782170844 3.1251270708
334 0.0 0.0
342 2.79263149381 3.51991359942
343 2.49251044664 2.54070361645
346 2.7796596764 2.7796596764
347 4.64072178709 4.64072178709
348 1.78302808771 1.97533560183
365 1.93703419808 2.31199764802
369 1.03933148338 1.44010323254
370 6.10611311627 6.10611311627
376 3.0 3.0
380 2.17768000242 2.17945442086
381 0.339176506004 0.339176506004
384 0.343872324856 0.539253194342
393 1.78333415029 1.78333415029
405 3.0 3.0
410 0.992810776771 1.12835233081
419 0.0 0.0
420 1.89836969066 2.93798990983
427 1.41568982826 1.47545780121
431 5.2782215865 7.04081800572
433 2.96587629872 3.32521744896
445 1.48556781939 1.53786274862
452 1.51921310079 1.55249792625
475 2.15874381136 2.15874381136
476 1.79064152842 2.85301925785
480 3.06138384891 3.06138384891
485 1.91333999932 2.48604464053
493 3.41217500449 4.15209659612
502 3.01906116434 3.01906116434
509 0.866664953435 1.06837708309
512 9.0 9.0
515 1.11654225492 1.17508821601
517 2.51276611478 3.08274653311
520 1.78698145971 1.8117587953
523 0.62140380364 0.878797686818
524 1.66643485166 1.66643485166
531 3.07511151249 4.2145794658
532 0.580808676159 0.694583789256
538 0.673750634994 0.81658876706
544 1.19629896194 1.49511198945
545 3.0 3.0
550 2.64300761157 2.64300761157
552 1.0 1.0
555 0.474987371362 0.591994543243
564 1.95367973625 1.95367973625
566 1.67103612292 1.7031086156
569 0.957593956545 0.958532450225
575 3.507276356 3.81744278945
579 3.62328140209 3.95036705218
590 1.05766368254 1.24323908637
591 0.254409900342 0.254409900342
594 3.16479387679 3.16479387679
599 0.38241697896 0.38241697896
611 1.01689281238 1.48372060562
617 2.19596520297 2.19596520297
618 2.0 2.0
621 3.00054258477 3.00054258477
625 3.5530397161 3.5530397161
626 5.9550855813 6.64797526119
638 3.03853490299 3.03853490299
643 10.0599691159 10.0599691159
649 1.87872751905 1.88677107373
650 4.0 4.0
652 4.92305697965 4.92305697965
659 3.48039798595 4.39340312883
676 1.54363297077 2.15066405839
683 1.25106554567 1.34461351865
684 0.397798902746 0.586632134425
687 0.178931846836 0.178931846836
689 1.85684212924 2.09280927974
691 4.09294722841 4.09294722841
714 0.279876429757 0.395805042751
723 6.32001210693 6.32001210693
725 2.31982096987 2.60170347317
745 1.25419946825 1.54968585299
758 2.0 2.0
764 3.83061519833 4.18342030245
767 0.172432329876 0.172432329876
772 1.0 1.0
777 1.10866497113 1.38566559745
779 0.236473898911 0.236473898911
783 2.61432186441 2.61432186441
785 1.7798961359 1.7798961359
806 1.29019697272 1.29019697272
809 3.0 3.0
810 2.1873499495 2.89233563642
814 4.0 4.0
817 3.40068943603 5.08035915596
831 1.98853019686 1.98853019686
845 1.0 1.0
848 2.23610979681 2.23610979681
853 7.87302733327 7.96288232323
860 8.07414706479 8.07414706479
878 1.25269322678 1.25269322678
881 0.76363170502 0.765274857712
886 1.6018650694 1.6018650694
888 1.81792111776 1.81792111776
924 1.1037845045 1.32489890084
928 1.77525403313 2.15674049563
936 0.845634047157 0.845634047157
950 2.42115032316 3.23319388684
954 3.22231132983 3.22231132983
961 2.9826157702 3.60277455254
963 0.353967012375 0.353967012375
978 1.3905808901 1.3905808901
986 0.814839485399 1.00011369615
988 1.73919948309 1.73919948309
992 2.0 2.0
1005 1.0 1.0
1013 0.168616208672 0.168616208672
1023 1.0 1.0
1037 2.0 2.0
1040 0.855108661837 0.855108661837
1041 1.31129101462 1.76109643026
1051 2.54611917653 2.58625804262
1053 0.835322693818 1.02651023433
1056 2.55654103059 3.0027586576
1069 0.875727731247 0.882853777119
1070 1.78031503329 2.31973508831
1073 2.3352353527 2.34494787897
1074 1.70527728086 1.70527728086
1077 0.24084832643 0.24084832643
1079 2.03047886531 2.79814044882
1084 1.59960548416 1.59960548416
1088 8.11506282539 8.36291832128
1103 2.27867810701 2.27867810701
1129 0.0549069848341 0.0549069848341
1145 1.34893761754 1.34893761754
1148 8.5 9.19238815543
1152 0.971015892952 0.971015892952
1154 1.61607965452 1.66359940257
1165 1.67542769548 2.18396368346
1166 0.92806014163 0.92806014163
1181 1.93175635638 1.93175635638
1193 0.809528837609 1.1001179681
1211 1.30366332528 1.30366332528
1212 1.68420937219 1.68420937219
1216 1.32279480365 1.47306433168
1219 2.93464667926 3.54403228011
1221 0.810668401713 0.810668401713
1226 0.321852285445 0.321852285445
1234 0.863785188332 1.07318797819
1239 0.845848382619 0.845848382619
1244 1.14376032783 1.14376032783
1261 1.21493102028 1.21493102028
1266 2.37703677013 3.16239201484
1267 1.30688066367 1.63745551533
1269 2.0 2.0
1275 1.65085741387 1.65085741387
1283 11.5913950416 11.5913950416
1284 5.48903897068 5.48903897068
1285 0.100763959338 0.100763959338
1287 3.57637734447 4.668378376
1289 1.33333333333 2.08166599947
1292 1.97983809028 2.33694291564
1295 0.304512049276 0.304512049276
1297 2.69688089312 2.9769395146
1308 3.95355823007 3.95355823007
1312 0.777595048582 1.07488634334
1313 1.27937674229 1.4510959424
1325 0.599580720113 0.599580720113
1330 1.01572918344 1.56386829787
1337 3.0 3.0
1345 0.634212604385 0.634212604385
1365 1.53667677037 2.04564865093
1369 2.01096635328 2.37901129648
1374 1.41795091382 1.55717049259
1384 4.69199596687 6.13629594096
1387 1.33448682931 1.88724937282
1389 1.34658181797 2.6700179535
1391 0.870004840283 0.921076207614
1413 7.27202437994 7.27202437994
1422 1.27932325992 1.27932325992
1424 1.1601452654 1.421155068
1426 10.5850824792 10.6686381636
1434 1.93487162616 2.57330023908
1437 0.457842292939 0.503719184806
1438 3.83976927819 4.63007629544
1443 3.0 3.0
1453 1.64394197629 1.64394197629
1455 5.81643305027 7.55174951623
1458 1.23430239878 1.55064576253
1461 1.15762193068 1.15762193068
1465 3.0 3.0
1479 7.72860375852 7.80160421988
1480 0.591535945135 0.685702034537
1482 0.94418734448 0.94418734448
1483 2.57139468747 2.57139468747
1496 1.0137341145 1.41434693474
1499 0.862628390189 0.881515178171
1512 1.21112345951 1.62782807991
1513 1.54682743353 2.37812006722
1518 1.16089258917 1.43240107878
1530 1.7828016157 1.91134087114
1545 1.23158247762 1.37954914658
1547 2.57729663907 3.64484786123
1569 1.0 1.0
1579 1.81431232895 1.81908392818
1585 0.892368847578 1.0017269331
1597 7.65533652419 7.67813293994
1598 0.989598305469 0.989598305469
1599 2.52457513648 2.94433161388
1602 1.58205268168 2.08875516754
1605 3.75250921133 3.86504999419
1609 0.426129759451 0.50605709838
1622 1.3703920254 1.53730886408
1627 4.5 4.5
1628 2.4933392171 2.78679990309
1629 4.06823875569 4.06823875569
1631 1.34896247423 1.71301757966
1638 3.29666063089 3.29666063089
1651 2.12165712373 2.40073268398
1653 1.42689104258 1.60683272339
1658 3.0 3.0
1662 5.6010950011 5.6010950011
1674 1.79906230639 1.96853390923
1678 1.28893152625 1.28893152625
1684 2.20118556285 2.27900439103
1687 1.49642579149 1.49642579149
1691 8.97727393554 8.97899722009
1718 1.54561941455 1.79656745796
1719 0.0 0.0
1722 1.43451380916 1.54448290883
1731 1.39076843201 1.39076843201
1732 3.05394886418 3.05394886418
1754 3.70587796657 4.68896762868
1764 8.01866797757 8.01866797757
1770 2.83392096153 2.84608674166
1778 0.310127463514 0.310127463514
1789 1.25632903471 1.51394871611
1792 2.74795228136 3.52877327037
1793 0.22986747977 0.22986747977
1797 0.555281248182 0.555281248182
1802 3.59260285809 4.20910284214
1806 0.295736505272 0.295736505272
1807 1.33414698446 1.71942081866
1809 4.91196764792 4.91196764792
1811 1.60435178173 1.60435178173
1817 2.87168498605 2.87168498605
1825 0.0 0.0
1831 7.37992717078 7.37992717078
1832 2.0521034253 2.0521034253
1833 2.1748035464 2.1748035464
1836 0.151263276138 0.151263276138
1837 1.0 1.0
1838 2.06518075756 2.06518075756
1847 2.0 2.0
1849 0.425332998318 0.442006426991
1853 2.68131570754 2.8183328287
1855 3.0 3.0
1859 3.58203965944 3.58203965944
1867 0.0340461406268 0.0340461406268
1872 1.52493106999 1.52493106999
1878 0.0 0.0
1888 2.52480457751 3.12955273738
1896 1.41193047851 1.41193047851
1899 1.62763094937 1.99366857781
1901 2.53145313894 3.11294649654
1902 1.00111740076 1.23889308989
1907 3.5527136788e-15 3.5527136788e-15
1918 1.35335653669 1.35335653669
1921 3.60260451583 4.42163479298
1924 1.48913795609 1.48913795609
1926 0.0618826997142 0.0618826997142
1939 1.0 1.0
1941 4.0 4.0
1946 4.85964560032 5.78601599689
1955 1.99908677467 1.99908677467
1957 2.55876477182 2.9345057215
1959 3.0 3.0
1962 1.61188630961 1.65795347093
1965 2.71378651041 3.54034587297
1966 0.469725983873 0.469725983873
1972 0.996086160306 0.996086160306
1984 1.44721152847 1.45397813334
1989 1.78703509288 2.15980978077
2005 1.79356513905 2.19047620173
2007 3.0 3.0
2011 0.727371058353 0.727371058353
2023 2.64241166906 3.22078050841
2033 1.53301074057 1.53301074057
2040 1.70344422553 2.58643967552
2045 0.700700686673 0.700700686673
2062 3.19173130706 3.71173131422
2069 2.33127703056 3.29692359427
2071 3.0 3.0
2092 2.94143696134 3.13917904173
2096 0.777230934094 0.986450291276
2100 4.56494013239 5.70471455247
2103 2.27138892959 3.08999364524
2108 2.17605800375 2.7683321614
2114 1.0 1.0
2115 1.44656661681 1.96764569612
2117 2.02834485432 2.02834485432
2127 0.499490850585 0.706386735179
2142 0.0 0.0
2146 2.02326529796 2.20576957424
2149 0.833916145255 0.833916145255
2151 0.495675439238 0.495675439238
2155 2.03298553845 2.25125457654
2183 1.55720959642 1.64878915198
2186 3.2705359515 3.2705359515
2192 2.0 2.0
2195 2.39063547145 2.91419694169
2197 0.0 0.0
2202 4.10150593687 4.20863830722
2204 3.74721524488 3.74721524488
2210 2.0 2.0
2211 0.939757520076 1.02986340138
2212 1.99343295344 1.99343295344
2233 3.0 3.0
2240 1.0 1.0
2242 2.73600249482 3.36350631857
2245 0.827025440771 1.04932214531
2246 1.4143036518 1.43083480505
2250 1.38174198092 1.38174198092
2254 2.39623964161 2.77334627423
2259 2.43654269762 2.43654269762
2262 0.926985723881 1.23914698475
2272 0.880031023974 0.884452741814
2278 2.56375922633 2.95758029516
2287 0.848814418497 0.848814418497
2289 1.0 1.0
2292 0.799291465269 0.866206151435
2299 4.32841482898 5.81623481402
2319 1.22381740663 1.34703344986
2320 2.40348427678 3.49895357647
2329 1.0 1.0
2332 1.5694942293 1.6920746238
2346 2.0 2.0
2355 2.35709109589 2.71984828196
2358 2.42734767737 2.44730580476
2367 2.55246060319 2.55246060319
2378 5.20875652062 5.20875652062
2386 3.17891002934 3.64899316429
2394 0.00418165091578 0.00418165091578
2402 5.72459239317 5.72459239317
2404 1.11561391802 1.11561391802
2409 2.00695246737 2.24860376604
2414 0.529618460186 0.529618460186
2422 2.89284126298 3.53301647465
2428 2.18344663021 2.18344663021
2430 0.989199962691 0.989199962691
2431 2.03334743594 2.37885462402
2450 2.47118612324 3.06014087031
2451 2.0 2.0
2475 6.36792397797 7.21751485223
2477 1.65610767788 1.7752322939
2478 0.473865319284 0.58811963036
2484 2.04978622562 2.58450247572
2494 2.23545823469 2.97225528065
2496 0.00972743720939 0.00972743720939
2499 4.46313299024 4.46313299024
2505 6.75041735669 7.49185703582
2506 3.01883205435 3.30499470099
2507 2.77805525374 2.77805525374
2508 3.52783002572 3.84445695487
2518 2.0 2.0
2527 0.29032344772 0.41057935724
2530 1.62964792873 1.97306650212
2537 1.0067074351 1.0067074351
2538 2.01174630816 2.01179921272
2539 1.77273517979 1.93383289757
2541 6.0 6.0
2551 2.57865574415 3.23699619252
2554 1.25 2.06155281281
2561 2.74223775984 3.34145967657
2562 2.3334688729 2.49454299016
2572 0.749283560881 0.903892191062
2580 1.0 1.0
2584 2.0 2.0
2585 3.93992852102 5.3124297332
2586 6.218931403 7.25382278888
2587 2.38712698664 2.38712698664
2590 1.57941351327 1.57941351327
2596 1.0 1.0
2609 1.00854664331 1.00854664331
2618 0.123889895384 0.175206770293
2627 1.68245696715 2.27647220456
2634 3.0 3.0
2636 1.26545809258 1.46319376633
2645 1.9340158188 1.93514110584
2647 9.0 9.0
2649 0.0 0.0
2669 0.888775744958 1.26859132417
2676 1.98187749184 1.98187749184
2679 1.1896816951 1.1896816951
2683 1.88385555693 2.11442522903
2685 1.53356934608 1.7322238135
2687 3.91541357604 3.91541357604
2690 1.1209544433 1.12991023091
2693 2.76747052246 2.76747052246
2699 0.0922728618208 0.0922728618208
2704 3.38748574715 3.38748574715
2713 4.0 4.0
2714 2.0 2.82842712475
2715 3.98810286619 4.80225633201
2716 9.41528180147 9.41528180147
2721 1.20237769642 1.53697001849
2733 4.2896627116 4.2896627116
2739 0.992937651421 1.39069170324
2750 2.0 2.0
2758 3.76967755944 3.76967755944
2761 3.0 3.0
2764 1.43228635856 1.85985896508
2765 2.29267715208 3.17506767005
2771 1.79059367736 2.2254711019
2772 0.331423923938 0.332222973806
2775 4.0 4.0
2777 1.26538844788 1.72029358783
2788 1.2596908827 1.2596908827
2800 1.64759324903 2.10055062431
2803 2.12800962255 2.62198842378
2805 1.0 1.0
2806 5.19435954815 5.19435954815
2838 1.3098254725 1.31184153228
2843 5.0 5.0
2846 0.340753043508 0.340753043508
2850 4.33496314779 4.51069615668
2852 4.50392919589 4.50392919589
2855 7.0 7.0
2857 7.7341110252 7.80706158499
2860 3.04592331286 3.04592331286
2861 1.33713377617 1.33713377617
2863 3.55562142291 4.46199441922
2877 2.6710417299 2.6710417299
2883 0.740597553151 0.740597553151
2890 0.825373661698 0.879047641207
2895 3.82478939518 3.82478939518
2899 1.40767374976 1.91398791473
2907 2.60102487143 2.60102487143
2913 1.70291400277 1.97568565567
2919 0.0 0.0
2928 2.71661635556 3.53304852074
2935 0.270286219834 0.270286219834
2961 2.0544860444 2.63406504708
2964 2.1961570609 2.34172521381
2966 2.23164464023 2.23164464023
2976 1.8449977727 2.07990700152
2977 1.73107304774 2.20757704628
2981 1.08293992801 1.53150833343
2987 3.84717811753 3.84717811753
3000 1.84577343151 2.61830301338
3011 0.229033429438 0.229179559989
3021 3.0 3.0
3045 1.73527199036 1.96677009354
3046 0.482850509208 0.482850509208
3050 8.52939603775 8.52939603775
3051 3.99987974348 5.33664511995
3052 0.868830109809 0.939826555865
3064 1.05384522613 1.52387236806
3070 0.490111867668 0.690565673724
3074 0.0573729795333 0.0573729795333
3075 1.0 1.0
3079 2.84381657239 4.03145182567
3092 2.1612724273 2.45529152124
3097 1.3542024114 1.3542024114
3102 0.578605995167 0.621593014172
3107 1.70018792857 1.70018792857
3110 1.67880290654 2.35596281029
3115 3.79607564759 3.99284290344
3116 0.0 0.0
3118 0.574716733173 0.574716733173
3127 3.38525016232 3.38525016232
3128 0.136774749083 0.192405192058
3129 0.905063005757 1.24956625217
3138 2.60980268889 2.60980268889
3139 2.65335363792 2.68686093345
3150 1.08978915333 1.16784116124
3165 1.19568966896 1.19931505565
3169 1.74382252121 2.20426079886
3182 0.238572249504 0.238572249504
3186 2.03142647061 2.23689353431
3187 0.641608201318 0.778607370556
3188 6.62825156404 6.62825156404
3193 1.25531918975 1.25531918975
3198 0.0 0.0
3203 3.0284419885 3.0284419885
3212 2.61260489017 2.61260489017
3219 2.5554219417 3.47675658493
3224 3.79444406364 3.80303810388
3225 3.06096672247 3.66913752125
3231 1.82220565084 1.82220565084
3242 0.302856127824 0.329344320915
3243 0.995927086259 0.995927086259
3244 2.00767241789 2.46618870829
3245 0.974889805245 1.24884591141
3252 1.55665107881 2.43609333477
3277 1.77823394385 1.77823394385
3278 2.54450222827 3.129183039
3284 1.18148272983 1.49973429235
3286 1.52499895838 1.52499895838
3290 0.571784636743 0.571784636743
3293 0.629174728227 0.629174728227
3294 2.48518494448 2.5752074977
3296 0.262026221018 0.262026221018
3298 0.509090702484 0.509090702484
3300 3.79000527259 4.24349793656
3321 1.31211222955 1.68149293846
3323 2.0 2.0
3328 6.0 6.0
3341 1.2513738434 1.47816933084
3345 1.13083765754 1.43183525709
3347 0.862477697404 0.873372865522
3351 1.14166008897 1.14166008897
3352 0.0103699094855 0.0103699094855
3353 0.281032925711 0.281032925711
3366 1.32182512037 1.32182512037
3368 2.08088109513 2.08088109513
3374 1.0 1.0
3381 0.413976473424 0.413976473424
3385 2.82791065436 3.61753624065
3389 1.35911224511 1.4154356992
3395 1.98740175126 2.53872590819
3398 7.64062797968 7.64062797968
3399 1.59478377309 1.59478377309
3408 0.0 0.0
3409 2.4651077566 2.4651077566
3410 2.62673386655 2.62673386655
3412 3.50702358168 3.50702358168
3413 1.10842402719 1.41874500248
3418 3.0 3.0
3421 1.0 1.0
3423 2.6214736041 3.21245977463
3426 1.8328899654 2.39782343424
3429 2.6862939257 3.28128736534
3431 1.99646471788 1.99646471788
3440 3.93751906261 5.00508789341
3450 0.947603692537 0.947603692537
3452 0.938984200883 1.35756230124
3468 1.62239725775 1.73768558963
3478 1.8228589993 2.01515760772
3481 0.0573329263305 0.0573329263305
3486 2.49271772665 2.49271772665
3487 5.0 5.0
3488 3.5 4.94974746831
3495 0.0122636881627 0.0122636881627
3502 1.72644083637 2.53237195713
3510 0.950423770817 0.950423770817
3514 10.7995986503 10.7995986503
3516 1.84993229433 2.9106966098
3517 2.34688416531 2.39206432707
3522 7.75606690821 7.75606690821
3523 1.94593517236 2.55373810041
3545 1.27059273017 1.66232664087
3554 0.661754954689 0.661754954689
3565 1.0 1.0
3571 0.256769783041 0.256769783041
3573 2.40609631916 2.40609631916
3578 0.0090018453783 0.0090018453783
3580 2.12981553406 2.22529227272
3583 1.54030175734 1.59816134581
3587 2.98467491667 2.98467491667
3592 10.0 10.0
3594 6.0056001428 6.00560275383
3595 2.41393122305 3.38621750828
3597 0.594652680341 0.594652680341
3604 2.0 2.0
3608 2.73740074662 3.24220977143
3614 4.4142619856 4.8918257448
3619 0.575501023379 0.575501023379
3632 1.57467963294 1.9237260188
3636 2.20898994469 2.5181924593
3657 1.92548695225 1.92555291585
3661 1.95588788859 2.51480395449
3679 4.60338323136 4.60338323136
3683 0.118382689381 0.118382689381
3709 6.15922981498 6.21634992723
3719 1.98307129955 3.10896381555
3722 1.42255358174 1.42255358174
3728 4.5 6.36396103068
3729 1.64285677973 1.64285677973
3730 2.98496163067 2.98496163067
3735 1.00819156671 1.00819156671
3736 2.43566218597 2.85755691082
3738 0.652542885852 0.652542885852
3743 3.0 3.0
3750 4.0 4.0
3755 3.2623345497 4.68705768159
3758 1.39650612958 1.49928983267
3760 0.972279503736 0.972279503736
3783 0.321721064272 0.321721064272
3802 0.90483485389 0.909825542535
3810 2.0 2.0
3814 0.835811428465 0.835811428465
3828 3.31313852786 3.31313852786
3831 2.43058139355 3.22386767207
3832 2.0 2.0
3840 2.35709774051 2.5451157179
3843 1.52743753701 1.52743753701
3849 2.0 2.0
3852 5.0 5.0
3857 1.02469168692 1.0377113041
3864 8.97042722346 8.97042722346
3868 2.33250499488 2.42613460735
3874 2.26213882647 2.26213882647
3876 6.13328788967 6.13328788967
3878 6.0 6.0
3879 1.5 1.58113883008
3882 2.5853348576 3.82296884308
3889 1.18167280149 1.84385180688
3895 1.94748702445 2.11335749657
3902 3.53981758036 3.53981758036
3912 0.766476898252 0.801261427129
3913 1.54472504269 2.0557059875
3918 1.0 1.0
3924 3.85693748052 3.85693748052
3927 1.11032872877 1.27923625748
3936 1.63825659467 2.08217977729
3953 1.75202006472 2.23962879076
3961 0.00615092615374 0.00869872318777
3983 1.42695392393 1.42695392393
3985 0.637363603398 0.637363603398
3993 0.976765747631 1.33648765305
3994 1.07037350929 1.07037350929
3995 0.884804365969 0.917123174046
4004 1.20304379036 1.70508776941
4023 3.20506576422 3.89888321768
4046 0.340236380042 0.340236380042
4048 8.9393247422 9.0106888708
4050 3.44346919371 3.44346919371
4053 3.25656456084 3.25656456084
4064 1.05537907129 1.2981015815
4070 1.19686420255 1.19686420255
4075 1.18121214705 1.48424532312
4082 1.85593104054 3.35761777916
4091 2.2137447029 2.98958493854
4093 6.26858969038 6.57359101893
4105 1.00384609045 1.00384609045
4106 2.50854751301 2.56079869484
4113 2.52811967197 2.9722878305
4159 2.22921785491 2.22921785491
4161 0.0 0.0
4162 0.696042113233 0.696042113233
4172 0.87533873377 1.05311951437
4175 0.0 0.0
4179 1.42790660649 1.53824839599
4182 0.442927586522 0.442927586522
4186 0.0 0.0
4193 4.0 4.08248290464
4195 4.36157825892 4.36157825892
4207 0.660506583781 0.717024837091
4210 1.14006239239 1.15010432806
4212 1.39581077574 1.62644385163
4219 0.19302480867 0.272978302296
4221 2.74562830262 2.84507229114
4227 7.45261696993 8.05319833101
4240 1.40378287469 1.68948018532
4252 0.684133534202 0.684133534202
4253 0.380818962035 0.392579958493
4260 2.53026597566 3.75286877889
4271 1.92611417714 2.03040685894
4274 1.0338872356 1.0338872356
4282 1.0 1.0
4296 0.426779747301 0.571739920692
4297 0.0 0.0
4308 1.44143155324 1.44143155324
4315 0.835985231631 0.899764226939
4341 0.872539236929 1.09235000853
4349 7.0 7.0
4357 2.84390386596 2.84390386596
4362 3.80060319522 3.80060319522
4363 6.0 6.0
4367 1.0 1.0
4377 2.0 2.0
4382 1.6593528712 1.8660485994
4388 1.0 1.0
4395 0.922090384384 1.29205933133
4399 0.436435874498 0.436435874498
4415 0.0 0.0
4416 11.4843863111 11.4843863111
4417 4.55383519339 4.55383519339
4420 2.4862034984 2.9108053325
4423 3.20217968683 4.516638546
4426 2.65233085027 2.93929133753
4431 0.61006386397 0.61006386397
4433 0.854537831975 0.854537831975
4437 3.7944745797 3.7944745797
4442 0.0 0.0
4444 1.03548258429 1.2732285139
4447 6.60088443498 7.10639765735
4456 0.892789639302 1.26259521625
4459 2.15316394267 2.15316394267
4461 0.757691932231 0.823617793776
4462 2.55783318521 2.55783318521
4474 1.3602758918 1.3602758918
4475 2.96069926202 2.96069926202
4479 3.0 3.0
4492 1.0 1.0
4498 0.658859065329 0.722505706481
4508 1.7763568394e-15 1.7763568394e-15
4514 1.0 1.0
4523 0.826117469606 0.844218696763
4524 2.0 2.44948974278
4525 0.774282310096 0.774282310096
4526 3.0 3.0
4531 2.39854266774 2.75543150225
4534 1.0 1.0
4538 1.01831049 1.41440587004
4543 8.50098615439 8.63248081567
4546 5.18123979795 5.18123979795
4550 1.4383455627 1.76391075527
4553 4.5 4.74341649025
4558 1.91245654854 1.95096771366
4565 0.0 0.0
4569 0.390691384639 0.390885339593
4570 2.02036730699 2.16994141908
4582 2.12330725233 3.38154173701
4583 6.98951825919 6.98951825919
4592 3.18314264453 3.18840686294
4593 2.73216013164 3.59238971175
4595 1.67399996112 1.70614301219
4602 1.35673376573 1.97100795838
4606 2.17400707998 2.54412397802
4613 0.929949967595 1.35094835093
4616 7.14708911544 8.11947074066
4619 0.887789898341 1.11582474808
4623 2.0 2.0
4624 2.66487650575 2.66487650575
4629 1.57963484309 1.66961505215
4636 3.0 3.0
4637 1.73461040382 1.73461040382
4644 0.998282384566 0.998282384566
4645 0.987372356255 1.11660612803
4651 0.972502673047 0.972502673047
4656 9.15723934946 9.15723934946
4660 3.37305687988 3.65146331134
4665 5.58887041436 6.2296671912
4673 5.0 5.0
4675 2.88962519525 3.56845091684
4688 2.65111360857 3.13228913063
4698 0.539154267815 0.539154267815
4703 4.25 4.31566912541
4709 2.86103820656 3.78611396079
4730 3.4953705847 3.4953705847
4740 2.36227144386 2.57916181547
4744 1.74875801964 1.74875801964
4748 2.16346266929 2.64681415492
4749 2.97561037148 2.97561037148
4760 1.75663338916 2.15214344152
4774 0.0103504115123 0.0103504115123
4781 1.76213482605 3.15913300853
4782 2.0 2.0
4790 1.16580810357 1.57239985381
4801 0.764055472264 0.764055472264
4802 1.00347559294 1.54247372344
4805 1.0 1.0
4806 3.47697078872 3.47697078872
4807 1.24287271208 1.44392894552
4810 1.95995144112 1.95995144112
4812 1.83619855855 1.83619855855
4813 1.0 1.0
4819 0.970906805031 0.970906805031
4820 2.49859946593 2.91355447013
4821 5.0 5.0
4827 3.20992863833 3.88831332399
4828 0.994650841548 0.994650841548
4855 0.40495853133 0.590528441565
4861 7.60685850196 8.32981724097
4863 1.22487959111 1.48400920549
4871 7.74515932506 7.8377075016
4885 0.315917643393 0.315917643393
4894 3.16607211793 4.03361425742
4900 0.0 0.0
4910 6.0 6.0
4916 0.712497851663 0.712497851663
4920 1.75482260369 1.9571865807
4929 6.0 6.0
4956 0.930572638123 1.08658800185
4960 3.0312157273 3.0312157273
4964 2.1854601334 2.98604682435
4966 2.83836400959 2.83836400959
4967 2.07009730714 2.67977403237
4971 0.0 0.0
4983 2.75332129257 3.89923965721
4988 0.503296019789 0.503296019789
4993 3.53694187811 3.53694187811
5003 1.16618268675 1.27992517294
5009 1.0 1.0
5026 1.60365578538 1.91856277029
5036 0.25267002037 0.25267002037
5047 2.0 2.0
5062 1.0 1.0
5065 2.15484229771 2.16568002944
5066 1.03597229272 1.05033472362
5067 4.70951364968 4.88312132113
5069 4.73435553566 6.21701615699
5077 0.550078387041 0.657242015756
5078 2.0 2.0
5085 2.74825707929 2.74825707929
5086 2.51143021365 3.53557085908
5096 6.31570353322 6.31570353322
5099 2.61088987176 2.61088987176
5113 2.86165489149 3.55157562898
5121 2.02317284664 2.57524099911
5124 4.50434692723 4.50434692723
5127 3.5 3.53553390593
5131 2.01831367665 2.01831367665
5132 5.25965053975 5.69780443926
5151 1.78273080378 2.13437358309
5154 0.93459129548 0.93459129548
5157 4.0 4.0
5159 1.24297585994 1.24297585994
5167 1.91403157916 1.97590704148
5183 1.908815316 2.31776377169
5191 4.34368580946 5.09497423856
5202 0.84543705526 1.19562854968
5204 1.82518197915 1.82518197915
5210 0.0 0.0
5211 4.0 5.0
5217 2.31048653645 2.70732290118
5219 1.05099647276 1.05099647276
5223 1.88927336203 2.30358392287
5228 0.837481886108 1.27576559047
5229 1.59925046932 2.2087182563
5233 1.97929030846 1.97929030846
5246 1.07839320312 1.07839320312
5251 3.53018878128 3.9613001492
5254 5.97808834778 5.97808834778
5271 4.35982931013 4.35982931013
5272 1.74959271681 2.8017074938
5280 1.42835104063 1.82839774551
5289 0.0453923388572 0.0453923388572
5291 1.17177955552 1.46142945732
5293 1.83625683757 1.83625683757
5294 2.28107537341 2.68535175073
5295 5.43345029043 5.43345029043
5300 0.0 0.0
5310 4.11232305471 4.11232305471
5311 1.58780842326 2.15530738257
5321 1.59238221268 1.59238221268
5322 0.507283508423 0.507283508423
5325 8.35736251503 8.97055456205
5336 1.75796775041 1.75796775041
5344 1.76427392227 1.93049674961
5356 1.05995670885 1.05995670885
5361 0.85628511083 0.85628511083
5363 4.44721967294 5.2525657517
5367 0.0 0.0
5368 0.898716165615 1.27097659014
5371 4.38191360359 5.6119325679
5372 7.08743483906 7.08743483906
5374 4.0 4.0
5387 1.11757927549 1.11757927549
5404 0.173237242744 0.235688943369
5414 2.07306004816 2.51717773075
5421 0.599670032282 0.88493152669
5423 1.0 1.0
5424 2.60644903087 2.60644903087
5446 3.76498048545 3.76498048545
5456 1.0 1.0
5459 2.0 2.0
5462 3.66314689081 3.66314689081
5475 6.0 6.0
5477 3.1887344505 4.1814269071
5478 1.04919830574 1.13151262894
5482 0.829927307992 1.06314887965
5484 3.09436519238 4.30464430845
5488 0.874493332261 1.11615389942
5492 0.998240739675 1.17966480749
5493 1.54342058583 1.63629246709
5496 0.418267040633 0.602706552025
5499 0.136836041706 0.136836041706
5506 0.785167177638 0.785167177638
5507 2.47697197896 3.06256494207
5512 1.11963533897 1.30055000407
5515 2.0050724408 2.56675135216
5518 2.92600339803 3.0690353824
5519 3.0 3.0
5523 1.60020161127 1.60020161127
5545 0.74545468918 0.74545468918
5546 3.55412231644 3.55412231644
5554 2.79278656634 3.66613370133
5562 1.40954610968 1.72627130941
5565 1.00599288537 1.41754260989
5573 2.99795735099 5.22125785575
5575 0.58168077961 0.58168077961
5578 2.83196464602 3.07643451861
5581 0.0 0.0
5584 0.954629035977 1.17586198583
5600 3.0 3.0
5608 4.116265436 4.116265436
5617 9.49958575666 9.49958575666
5633 9.94841506807 9.94841506807
5642 3.0 3.0
5646 0.758337817956 0.758337817956
5649 2.73489836226 3.61615384955
5652 2.59385726266 2.59385726266
5655 1.36337036339 1.36337036339
5659 2.38244556539 3.39148359488
5662 1.36474061392 1.66649177971
5669 1.07294294905 1.07294294905
5674 1.00704648175 1.41204904781
5683 0.307336252057 0.434639095868
5685 2.66412225394 2.66412225394
5687 4.35785120356 4.90813598086
5700 2.04886476676 2.04886476676
5702 9.0 9.0
5707 2.10331806011 2.94865519276
5720 4.0 4.0
5721 3.40608017478 4.95461907455
5724 2.32996227518 2.67019156113
5725 3.0 3.0
5729 3.34374526704 4.4335303645
5736 1.61174745572 1.61174745572
5737 2.74069359507 2.89785663113
5740 2.0 2.0
5749 0.859607994067 0.869856569864
5763 1.21835876035 1.21835876035
5768 2.24176159603 2.24176159603
5772 4.00931451647 4.55325946815
5785 2.93925543834 3.13145903262
5786 2.17656896337 2.37216395397
5792 1.0 1.0
5799 0.0482858522453 0.0482858522453
5815 0.641087315966 0.641087315966
5816 1.0 1.0
5826 4.42226147326 5.32513454999
5827 2.23215026485 2.23215026485
5831 0.0116956784468 0.0116956784468
5837 1.18231231224 1.75729251658
5846 4.0 4.0
5849 4.196880601 6.66177759826
5851 2.55216451829 2.59115810925
5865 0.726240872269 0.857832865562
5870 4.59652977547 4.59652977547
5891 1.18006901122 1.18006901122
5892 2.30773031707 2.30773031707
5896 1.48998852332 1.59815339356
5897 4.34443256889 4.34443256889
5898 0.154142229319 0.154142229319
5911 8.96501080549 8.96501080549
5915 1.0 1.0
5931 3.11869544638 3.56121961426
5933 2.87645213895 3.4644204566
5934 3.66150677756 3.72078259226
5936 2.09157702968 2.7944079721
5937 9.0 9.0
5941 0.500049424552 0.577437651873
5945 1.00244344942 1.00244344942
5948 2.82493921265 3.46976287944
5956 6.6213004772 7.78511730627
5957 3.32467554955 3.32467554955
5968 2.9108668685 2.9108668685
5969 2.82783632595 2.98663328362
5974 1.00101790651 1.23352536225
5992 7.86845306928 7.95864324095
6004 0.882179513257 0.882179513257
6006 2.36890241335 2.7964851907
6013 0.0 0.0
6018 4.02060971789 4.02060971789
6022 0.709704267897 0.709704267897
6026 0.327570158357 0.327570158357
6038 1.75107286928 1.75107286928
6040 1.0 1.0
6041 1.59610773902 1.91602401192
6043 1.47089538902 2.04791070156
6045 2.13318069249 2.13733407863
6055 0.699877665581 0.699877665581
6061 3.0 3.0
6063 0.0 0.0
6065 0.0904633687063 0.0904633687063
6071 3.0 3.0
6077 1.15262452071 1.15262452071
6083 5.0 5.0
6091 9.16974696338 9.29946414782
6099 0.470243842894 0.491927293637
6103 1.07132348548 1.07132348548
6107 6.88080076525 7.01056078059
6115 1.0 1.0
6120 3.11100605382 4.75702422791
6124 4.09766578767 4.09766578767
6148 2.88045900428 3.13686375609
6150 1.23969505248 1.54381777963
6154 0.554185227693 0.554185227693
6168 1.51141363151 1.69737126035
6183 0.0 0.0
6194 5.42885748929 6.26378528172
6201 1.52979008457 1.52979008457
6202 5.04656661863 7.04694146695
6228 1.96584412309 1.96584412309
6234 1.00255589471 1.00255589471
6240 3.32843155695 3.8271571229
6269 3.0 3.0
6277 0.0 0.0
6280 4.5 4.74341649025
6283 1.87785608142 1.88182427431
6285 1.9967664356 1.9967664356
6287 0.973282078208 1.08296265189
6290 2.42333156344 2.52468887416
6297 2.55696657377 2.99369720767
6299 2.72258377287 3.21801552576
6303 1.98810785657 1.98810785657
6325 1.29105649724 1.54133415363
6328 1.33126502983 2.57378012973
6343 1.87957787109 2.14857987366
6346 2.0 2.0
6349 2.0 2.0
6372 6.48700581233 6.48700581233
6375 0.112598405379 0.112598405379
6377 2.3009046566 3.15920958281
6378 5.81474921397 6.6729620016
6379 0.656652532431 0.656652532431
6384 3.71529763524 3.71529763524
6386 0.51305448579 0.870872173766
6400 6.51381752677 6.51381752677
6403 2.6108826257 2.6108826257
6404 1.16789803563 1.17990489956
6410 1.0 1.0
6411 4.73074893379 5.24685485563
6415 1.0 1.41421356237
6418 1.26791977149 1.28853540228
6419 2.33949981501 2.36400497225
6421 1.48484940307 1.48484940307
6431 7.96382054993 7.96382054993
6435 6.46633733936 6.46633733936
6440 0.266020386874 0.266020386874
6444 0.503401283418 0.503401283418
6450 2.1678569534 2.76281531592
6454 4.26355668723 4.26355668723
6455 0.516263649054 0.561676588757
6456 2.03645511345 2.42150328575
6458 3.0 3.10912635103
6463 0.841124338915 0.894885440559
6470 1.05237631576 1.49980755
6476 12.0 12.0
6484 0.838197487124 1.05221585578
6488 5.0 5.0
6497 1.75862935958 1.75862935958
6517 1.51904647983 1.92651224725
6521 4.01106733555 4.55416039215
6526 1.5 1.5
6530 1.48388505806 2.09853037411
6533 1.74855788837 1.92140563303
6538 3.77586157353 3.78250824939
6549 1.15365348289 1.56180090474
6560 0.275265857893 0.29523154262
6562 1.6136802893 2.24472390082
6564 6.03941061716 6.03941061716
6574 0.99844918171 1.32030226083
6583 1.0 1.0
6595 1.95003594342 2.23272702639
6614 1.0 1.0
6615 1.25845035445 1.25845035445
6631 2.87355499682 4.0981794751
6640 2.41406803883 2.48415795778
6644 2.85529763477 4.20819973746
6651 1.62955093426 2.05383942811
6657 3.72500043103 3.72500043103
6680 1.18689652734 1.18689652734
6689 7.57832699034 7.57832699034
6697 1.45425823407 1.51333334809
6703 2.0 2.0
6704 0.971417357769 0.971417357769
6716 1.48442229163 2.13034536946
6732 2.596048007 2.596048007
6736 2.84343549031 3.14018335492
6737 1.85784915523 2.3127294014
6738 0.370134956811 0.370134956811
6740 2.84534759445 3.5691077207
6748 1.92153145898 2.52440122793
6766 3.09286262743 4.45625954411
6770 9.03994645588 9.03994645588
6775 2.2657391159 2.2657391159
6779 2.45523942759 2.59902785728
6780 3.48818918304 3.48818918304
6800 1.12206948056 1.50545979995
6816 3.85718270494 3.85718270494
6823 1.79970869803 2.31598321102
6826 2.0 2.0
6829 0.939122584839 0.969488737556
6830 2.0 2.0
6833 0.0 0.0
6838 5.44427655201 5.44427655201
6839 2.24096637191 2.95861244581
6844 3.4304252937 3.4304252937
6854 2.36430570581 2.86260651732
6863 1.58911862898 1.73364160815
6872 2.20503646507 2.48992855602
6878 4.15152671709 4.75529610728
6883 2.63343198347 2.96689604728
6887 1.0 1.0
6889 1.81677500153 1.81677500153
6895 1.130379805 1.57969036609
6902 5.0 5.0
6917 9.0 9.0
6921 0.987122332794 1.22824469461
6940 1.92164565101 2.08832498576
6941 8.0 8.0
6948 1.82417121498 1.82417121498
6955 0.801975279937 1.06929011856
6968 3.52380833041 3.52380833041
6971 1.58215764304 2.12767467279
6975 2.39166691468 3.7903845267
6980 0.939691767256 0.941625031732
6993 0.071612347156 0.071612347156
7001 1.60288683192 2.40395756526
7006 2.05670335868 2.69029425189
7011 1.72458483405 1.72458483405
7012 2.53368375088 2.90189578165
7013 3.23631696502 3.23631696502
7030 1.30045581096 1.3033896582
7043 0.502887048177 0.647748963708
7045 3.64175696434 3.64175696434
7052 5.17209725997 6.23212442253
7060 0.0 0.0
7063 1.00486497483 1.00486497483
7074 0.54782331459 0.54782331459
7079 1.015872456 1.015872456
7080 3.45767432123 4.6306509055
7081 0.0939145868104 0.0939145868104
7088 2.23217593721 2.23217593721
7094 0.623006641737 0.696265181078
7095 1.75526297323 1.75526297323
7099 5.44567155057 5.44567155057
7109 1.19665600138 1.32795857134
7112 1.73295522907 1.73295522907
7113 2.51413336782 2.94081104891
7119 1.32507749889 1.87250869411
7121 1.28896759415 1.69371569086
7125 1.0 1.0
7127 11.0 11.0
7129 0.778463634722 0.778463634722
7130 0.976923819417 1.11943793567
7134 2.00270475685 2.06868648981
7135 3.14507468976 4.24759853696
7137 0.0929843139281 0.0929843139281
7142 1.75725779334 2.22298767437
7158 4.0 4.0
7159 1.30602488482 1.65429113282
7163 4.2031618068 4.20316444685
7164 1.40983230333 1.40983230333
7166 1.19644490156 1.43709053078
7168 2.17122175699 2.50532820084
7171 5.44312265364 6.45629235303
7176 5.09936797906 6.98819289236
7177 1.01013756146 1.01013756146
7178 0.968463739146 1.29301941616
7181 1.24854749496 1.24854749496
7203 0.020471634975 0.020471634975
7215 2.28617248068 2.62313252839
7222 3.15692123222 3.15692123222
7226 1.2613124745 1.2613124745
7234 5.39935052736 5.39935052736
7251 0.134665768331 0.19044615596
7262 1.02172470978 1.02218653318
7263 1.05273105573 1.05273105573
7272 10.5902183414 10.5902183414
7278 2.61097065036 2.61097065036
7290 5.33280552321 5.49589472393
7293 1.5 1.5
7297 0.0 0.0
7304 1.79370975705 1.92365678064
7310 1.57788927562 1.60835150124
7320 2.39611403911 2.42332864159
7326 0.392852864924 0.392852864924
7328 1.73925012722 2.54040947915
7334 12.0 12.0
7335 1.0 1.0
7339 1.26170044609 1.42436600532
7342 6.39978001538 6.39978001538
7351 4.14533923169 5.75784046523
7355 7.0 7.0
7356 5.0 5.38516480713
7382 0.72718783916 1.01596111537
7387 1.74684393887 2.18211612619
7389 5.08224777177 5.74985838123
7407 2.01075830835 2.01075830835
7411 4.0 4.0
7413 0.0810373512013 0.0810373512013
7414 2.2720584419 2.2720584419
7420 1.58054319907 1.68378953854
7431 3.00072018249 3.91306907271
7436 3.52880317636 3.84523752386
7437 3.11031485751 4.12789801493
7438 0.0 0.0
7442 2.82642335094 3.04199469763
7446 0.314064011206 0.314064011206
7450 3.778601569 3.778601569
7453 1.14786248119 1.38092796997
7459 0.0 0.0
7465 1.26305489923 1.58242185793
7466 1.10261464857 1.44021005375
7474 3.07289214646 3.18143514996
7478 4.0 4.0
7484 1.98795202228 1.98795202228
7493 3.9834230329 4.59672730461
7498 2.0 2.0
7504 1.0 1.0
7513 1.50673666848 1.69504519442
7515 1.0 1.0
7518 0.746057298109 0.962795361183
7525 3.0 3.0
7538 0.0 0.0
7543 0.0 0.0
7547 5.99508432383 5.99508432383
7553 4.17710836063 4.60103276091
7557 2.26946963856 2.26946963856
7561 2.82322149397 2.82322149397
7562 6.68730678214 6.68730678214
7564 0.96272812327 0.96272812327
7568 2.30077967358 2.57139087427
7574 2.82574470693 2.94392382201
7578 3.50328220389 3.50328220389
7580 0.971327535124 0.971327535124
7585 1.0 1.0
7587 2.0 2.0
7591 1.34581342606 1.49822260954
7594 1.0 1.0
7600 1.86765512771 2.62896333173
7608 2.34730516105 2.34730516105
7611 8.94753026162 8.94753026162
7621 0.982326709274 0.982326709274
7632 1.70082702931 2.15973835331
2.19531489481 3.10313785016