5 0.498683055312 0.498683055312
6 0.423539606773 0.652530478817
9 1.0 1.41421356237
14 1.0 1.0
15 1.81769734587 2.40532072489
22 1.20593303791 1.3393625032
24 0.0 0.0
25 1.68692271683 1.72368501768
35 1.0092891711 1.69561201413
55 0.0 0.0
57 5.0 5.0
68 4.04772876893 5.06682926846
69 2.17080925318 2.60273892383
76 1.58831102529 2.08473373361
81 2.0 2.0
83 2.5 2.91547594742
85 1.0 1.0
95 0.0382513661202 0.0382513661202
97 3.67660401815 3.67660401815
122 4.18741224054 4.21434234478
126 10.5887850467 10.5887850467
136 1.8570212766 1.8570212766
151 8.87425149701 8.87425149701
156 6.5 7.90569415042
161 2.93062200957 3.23410203816
164 5.0 5.0
171 1.12960412576 1.22239240486
172 3.77397355293 4.32549832202
189 4.0 4.0
196 6.0 8.48528137424
234 1.24022609515 1.24022609515
243 2.0 2.0
276 8.09365372766 8.31512999137
291 0.0 0.0
299 1.74865694551 2.15026987913
304 1.0 1.0
316 4.56525370072 4.56527388615
323 3.24839857651 3.24839857651
328 7.0 7.0
331 0.252293577982 0.356796999681
334 0.0 0.0
342 6.5 6.5192024052
343 11.0 11.0
347 7.0 7.0
348 2.03042328042 2.73928864926
365 2.14804345842 2.46320527542
369 1.14042906969 1.65839043665
370 2.90194805195 2.90194805195
380 3.4915921288 4.92800021381
381 0.566812705367 0.566812705367
384 0.591297130662 0.836220421574
393 1.0 1.0
405 3.0 3.0
410 1.51475409836 1.51475409836
420 7.20174367916 7.24388596194
427 1.49742268041 1.49742268041
431 5.50952380952 6.0462653153
433 3.06658877453 3.54013396248
445 0.0 0.0
452 1.31864229847 1.63100556194
475 5.83550295858 5.83550295858
476 1.35153583618 1.35153583618
485 1.59435684852 2.24655681139
489 3.0 3.0
493 1.51811594203 1.60409480481
509 0.940941193088 0.998356878545
517 3.20065778856 3.71624128629
520 0.0 0.0
523 1.41561904762 1.41561904762
524 4.07158590308 4.07158590308
531 4.0 5.12695955569
532 1.26083170041 1.26083170041
538 1.0 1.0
544 1.29500786183 1.84326621266
550 3.30589430894 3.30589430894
555 1.20669714004 1.30108219484
566 1.76276664512 1.77865845789
569 0.786851566513 0.786851566513
579 2.44419030192 2.65242209072
590 0.0 0.0
591 0.0 0.0
594 0.495160089352 0.495160089352
599 0.394632206759 0.394632206759
611 2.0 2.2360679775
617 1.2854767184 1.2854767184
625 5.0 5.0
626 9.10452961672 9.10452961672
638 9.0 9.0
649 2.5 2.91547594742
652 6.23779724656 6.23779724656
659 1.70064782811 2.12030117567
676 2.29480007369 3.01583253181
683 3.5 3.53553390593
684 0.857225300092 0.880684077854
687 0.260853432282 0.260853432282
689 1.99968344413 2.16010042719
691 6.0 6.0
712 12.0 12.0
714 0.429171668667 0.429171668667
723 5.53164556962 5.53164556962
725 2.0 2.0
745 0.287551392909 0.39725617769
767 2.0 2.0
777 1.0854141333 1.42497912888
779 2.0 2.0
783 1.50487012987 1.50487012987
785 2.75971731449 2.75971731449
795 9.0 9.0
806 0.527559055118 0.527559055118
810 2.58929495954 2.90652186344
814 4.0 4.0
817 3.50420421164 4.33824454564
831 1.0 1.0
848 2.6828901154 2.6828901154
853 7.0 7.28010988928
860 3.94520547945 3.94520547945
878 1.0 1.0
888 1.30095036959 1.30095036959
924 1.18550596 1.52888370829
928 0.408345752608 0.408345752608
936 0.710358565737 0.710358565737
950 2.26096864035 2.94516732726
954 2.89899156885 2.89899156885
961 4.29685080021 4.29685080021
963 3.0 3.0
986 0.97078644739 1.12732640659
988 1.0 1.0
993 2.0 2.0
1013 1.01405975395 1.01405975395
1037 2.0 2.0
1040 2.0 2.0
1041 1.0369157314 1.40762211246
1051 1.50146627566 1.5820672714
1053 0.229237656177 0.397051267506
1056 6.0 6.0
1069 1.0 1.0
1070 0.83606957508 1.2929842674
1073 3.48108765867 3.48531032505
1074 1.0 1.0
1077 1.65541327125 1.65541327125
1079 3.15641881372 4.49248955541
1088 7.33015554441 7.69160614997
1103 3.47426067908 3.47426067908
1129 0.0207756232687 0.0207756232687
1145 1.88254172015 1.88254172015
1148 5.0 5.0
1154 3.94742813918 4.05953310036
1165 2.03504043127 2.87798177788
1166 3.0 3.0
1181 2.15962298571 2.15962298571
1193 1.54635792987 2.1739365647
1211 0.971916971917 0.971916971917
1216 0.879966576536 1.07352502074
1219 3.12560606073 3.72637094579
1221 0.0575427682737 0.0575427682737
1226 0.430751511661 0.430751511661
1234 0.832081230068 1.19297240034
1239 0.675431388661 0.675431388661
1244 2.18317757009 2.18317757009
1261 1.0 1.0
1266 1.47822303423 1.47832140107
1267 1.57770383692 1.82358339269
1283 12.0 12.0
1284 0.365272631022 0.365272631022
1285 4.0 4.0
1287 3.77102154274 4.16618779949
1289 0.333333333333 0.57735026919
1292 2.0 2.0
1295 1.0 1.0
1297 1.69561173371 1.89999438382
1308 3.0 3.0
1312 2.0 2.0
1313 1.61583522298 2.00428505847
1330 4.79553085562 6.22225719528
1345 6.49352331606 6.49352331606
1365 3.66458669815 4.97188141206
1369 2.0 2.0
1374 3.0 3.10912635103
1384 6.6546275395 6.6546275395
1387 4.0 4.0
1389 1.59841893535 2.92542607512
1391 1.26194732833 1.31252920025
1413 7.26123595506 7.26123595506
1422 1.57647058824 1.57647058824
1424 11.0 11.0
1426 7.75033025099 7.75033025099
1434 0.324390243902 0.324390243902
1437 0.221895501353 0.296395440416
1438 5.11159617966 5.38873173667
1455 10.1446088795 10.1446088795
1458 2.20462579929 2.41977791716
1461 1.35849056604 1.35849056604
1479 7.48840356324 7.75161528553
1480 0.417066941163 0.456380028601
1482 0.0 0.0
1483 7.0 7.0
1496 2.06114239743 2.06114239743
1499 0.293943870015 0.293943870015
1512 0.220433812901 0.272974578439
1513 1.6082522994 2.49731463456
1518 1.0 1.0
1530 6.0 6.0
1545 1.02627373778 1.35310499843
1547 4.9847169156 4.9847169156
1579 0.494791666667 0.494791666667
1585 2.0966029724 2.28295208302
1597 7.73230593607 7.73693836093
1598 4.32853717026 4.32853717026
1599 2.35029458546 2.68586514495
1602 1.98087779818 2.44675813877
1605 4.20299706969 5.26217888304
1609 0.525041274287 0.702216401736
1622 3.32498142479 4.72824409456
1628 3.67543700779 4.18177923082
1629 2.35652173913 2.35652173913
1631 1.83062904951 2.00425806695
1638 4.0 4.0
1651 3.48197067759 3.51516934636
1653 1.47691196747 1.90506417647
1662 2.79793814433 2.79793814433
1674 3.00400320256 3.61110288927
1678 2.0780615206 2.0780615206
1684 2.62230585143 2.80362644067
1691 11.0 11.0
1712 7.0 7.0
1718 1.64435503536 1.76609651319
1722 2.2243852459 2.53909608967
1731 1.82705172132 1.82705172132
1754 4.6741958768 5.47152694005
1770 2.96865957007 3.00811493704
1789 4.0 5.0
1792 3.12928377829 3.90605536451
1793 0.999120879121 0.999120879121
1802 1.72646228604 2.07874948698
1806 2.0 2.0
1807 1.85566119274 1.85566119274
1809 1.60434782609 1.60434782609
1811 2.26208869814 2.26208869814
1817 3.52038834951 3.52038834951
1831 6.42403314917 6.42403314917
1832 0.490014265335 0.490014265335
1833 2.0 2.0
1836 1.0 1.0
1837 1.0 1.0
1838 2.19109947644 2.19109947644
1847 1.5283171521 1.5283171521
1849 0.990629278811 0.993563302421
1853 3.0 3.0
1855 3.0 3.0
1859 7.99657142857 7.99657142857
1867 1.0 1.0
1888 3.28661087866 4.64796967885
1896 1.32631578947 1.32631578947
1899 3.03071329209 3.30337695394
1901 2.61040326172 3.38448396695
1902 1.43823427218 1.78288531782
1921 1.00975609756 1.00975609756
1924 2.75618073316 2.75618073316
1926 2.86458333333 2.86458333333
1946 0.0 0.0
1957 2.3842941201 2.94974317385
1962 9.0 9.0
1965 1.89406343373 2.68246777763
1966 1.31646932185 1.31646932185
1972 2.0 2.0
1984 1.56242397069 1.61811399537
1989 1.53567110036 1.53567110036
2005 1.69274700171 1.82901361947
2011 3.0 3.0
2023 2.70716870171 3.26420022656
2033 3.68921568627 3.68921568627
2040 1.0 1.0
2045 1.21915103653 1.21915103653
2069 6.11016042781 6.11016042781
2092 2.79271137026 2.79271137026
2096 1.87538530279 2.23393552174
2100 3.83333333333 4.45346307196
2103 2.57102025351 3.3252701859
2108 2.55597271759 3.24903078507
2115 5.17610706673 5.17643518917
2117 2.36923835346 2.36923835346
2146 2.97787513599 3.17712972644
2151 0.312405901837 0.312405901837
2155 1.05349439172 1.05349439172
2183 1.59153311604 1.69005047739
2192 7.0 7.0
2195 3.75 4.27200187266
2204 6.0 6.0
2211 3.0 3.0
2212 6.0 6.0
2240 11.0 11.0
2242 2.94143784424 3.61260950085
2245 1.23429084381 1.78553927024
2246 1.0463696882 1.09425867405
2250 1.49735449735 1.49735449735
2254 7.0 7.0
2259 1.90015440041 1.90015440041
2262 0.854928333409 0.895666147319
2272 0.926675094817 0.929571553499
2278 2.01587403227 2.35051255704
2287 1.81597717546 1.81597717546
2289 1.0 1.0
2292 0.0 0.0
2299 3.45344827586 3.74684092065
2319 1.25311426496 1.45864040662
2320 2.01998652514 2.76301750716
2332 2.07327971403 2.230114125
2355 4.86656346749 4.86656346749
2358 3.11922336329 3.12150101721
2367 6.62601626016 6.62601626016
2386 1.5 1.58113883008
2394 0.0 0.0
2402 4.87096774194 4.87096774194
2404 0.745989847716 0.745989847716
2409 2.35561440135 2.63529031904
2414 0.188756281407 0.188756281407
2422 3.5 4.30116263352
2430 1.0 1.0
2431 3.0 3.41565025532
2450 0.0 0.0
2475 4.7615963281 5.76478591403
2477 1.84244633455 1.94828492435
2478 1.0 1.0
2484 2.24229346486 2.56342993573
2494 1.0 1.0
2499 4.16774312604 4.16774312604
2505 1.0 1.0
2506 0.986562589107 1.10672523249
2507 1.0 1.0
2508 2.0 2.0
2530 0.0 0.0
2537 1.32502651113 1.32502651113
2538 3.68764215315 3.68764215315
2539 0.323514973 0.323514973
2551 3.75013479764 5.12791287823
2554 4.0 4.0
2561 2.75 2.95803989155
2562 3.67882689557 3.67882689557
2572 1.05273329799 1.21751618941
2584 2.0 2.0
2585 3.03837953092 3.03837953092
2587 3.0 3.0
2590 2.20347826087 2.20347826087
2609 1.01910828025 1.01910828025
2618 3.5 4.94974746831
2627 1.5 2.12132034356
2634 3.0 3.0
2636 1.0 1.0
2645 2.0 2.0
2669 1.34691891892 1.82589349025
2679 2.11786148238 2.11786148238
2683 2.49577667036 2.93584628068
2685 2.6492966387 3.41081789358
2687 8.0 8.0
2690 1.00165016502 1.41421548786
2699 3.23939986954 3.23939986954
2704 4.0 4.0
2715 4.7191011236 4.7191011236
2716 9.83557760454 9.83557760454
2721 2.191976227 2.45026476692
2733 4.35429056924 4.35429056924
2739 1.20637927394 1.7563362989
2758 4.99015748031 4.99015748031
2764 1.13417597929 1.56705197866
2765 2.27279018188 3.15545595489
2771 0.985309952315 1.44647272036
2772 2.60938682816 2.67959920983
2777 0.245843828715 0.245843828715
2788 3.45331139449 3.45331139449
2800 2.0 2.58198889747
2803 2.11522435142 2.40342647936
2806 4.49230769231 4.49230769231
2838 1.52207598201 1.96058972638
2846 3.02036659878 3.02036659878
2850 4.86203264876 4.86203264876
2857 7.49422585811 7.75741226443
2860 1.43964448119 1.43964448119
2863 3.48484848485 3.79998066787
2883 0.500539374326 0.500539374326
2890 1.78698928996 1.78698928996
2895 3.67350993377 3.67350993377
2899 1.81826529232 2.38986103918
2907 3.0 3.0
2913 1.90409902085 2.20013521987
2928 2.00740857372 2.89030501518
2935 0.162555836085 0.162555836085
2961 2.16666666667 3.47610893577
2964 2.0 2.0
2976 0.918277864645 1.175457995
2977 1.81859134493 2.37354850902
2981 2.49555403557 2.49555403557
3000 1.92322176722 2.34390081775
3011 1.09330406147 1.54616543153
3045 2.0449778599 2.29338989304
3051 3.86008230453 4.94840524044
3052 0.691095132743 0.691095132743
3064 0.847764572722 0.847764572722
3070 9.0 9.0
3079 2.4963592233 2.54523247677
3092 1.89035087719 1.89352828578
3097 1.67060285892 1.67060285892
3102 0.280007832387 0.280007832387
3107 12.0 12.0
3110 1.3421446419 1.90075616427
3115 3.25113029182 3.51541270987
3116 0.0 0.0
3118 2.40996168582 2.40996168582
3127 3.24747866563 3.24747866563
3128 0.65053411816 0.65053411816
3129 5.0 6.40312423743
3138 2.36205744823 2.36205744823
3139 6.50130095403 6.50130095403
3150 1.73955507325 2.46010237709
3165 1.58733645187 1.62157916798
3169 1.96065724641 2.3327900289
3182 6.0 6.0
3186 2.22295417508 2.78495050636
3187 0.941465594281 1.20116937763
3193 1.10835629017 1.10835629017
3203 4.47594374537 4.47594374537
3212 2.26658217153 2.26658217153
3219 2.73579555297 3.55058009592
3224 6.56552525893 6.72040472802
3225 5.5 5.52268050859
3231 0.651744568795 0.651744568795
3242 2.45672191529 2.45672191529
3243 0.458923512748 0.458923512748
3244 1.73846153846 1.75802471188
3245 1.31440202753 1.59517695008
3252 2.0209675041 3.06676720827
3277 1.02990430622 1.02990430622
3278 0.533644278607 0.533714286527
3284 1.43832865715 1.82271745881
3290 1.31360619469 1.31360619469
3293 3.0436312456 3.0436312456
3294 2.72081504787 2.74886496564
3296 4.03515625 4.03515625
3300 4.64527629234 4.68987988392
3321 1.80039430852 2.38840344252
3328 6.0 6.0
3341 1.32524545001 1.41755231686
3345 1.5 2.12132034356
3347 2.5 2.5
3352 0.0 0.0
3353 0.683673469388 0.683673469388
3366 1.0 1.0
3368 2.60648148148 2.60648148148
3374 1.0 1.0
3381 0.0133037694013 0.0133037694013
3385 5.20348481089 5.81929738856
3389 3.28809669818 3.45976523992
3395 2.1860275937 2.72994333698
3398 4.68400770713 4.68400770713
3399 1.88436830835 1.88436830835
3409 0.59627016129 0.59627016129
3410 1.98576512456 1.98576512456
3412 0.0 0.0
3413 1.0 1.0
3418 3.0 3.0
3423 2.7671901528 3.59138254057
3426 0.649853943525 0.649853943525
3429 3.33031152911 3.99512314711
3431 2.0 2.0
3440 1.73062122045 1.73062122045
3450 2.0 2.0
3452 0.90535664179 1.12883738756
3468 1.6083032491 1.71949765453
3478 2.26019738448 2.66155862708
3481 0.418024609245 0.418024609245
3486 2.43946346629 2.43946346629
3488 0.0 0.0
3495 1.0 1.0
3502 1.79005225954 2.84306034149
3510 2.0 2.0
3514 10.9554455446 10.9554455446
3516 8.0 8.0
3517 2.32637182637 2.37171731297
3522 6.35985927291 6.35985927291
3523 2.43697357413 3.05625963217
3545 1.20739608281 1.21052208626
3565 1.0 1.0
3571 2.19873291097 2.19873291097
3573 2.48214830638 2.48214830638
3580 2.81311923471 2.81311923471
3583 0.320433436533 0.320433436533
3594 6.0 6.0
3595 2.90130694882 3.80227730596
3597 4.48532289628 4.48532289628
3608 5.77893175074 5.77893175074
3614 6.99150382328 6.99150898562
3619 0.454723309111 0.454723309111
3632 1.69392832341 1.89726470542
3636 3.98604427334 3.98604427334
3657 2.12464426078 2.21444890216
3661 2.618957621 2.76770503535
3679 9.0 9.0
3683 1.3552238806 1.3552238806
3709 3.0 3.0
3719 2.66666666667 3.26598632371
3722 1.43776824034 1.43776824034
3728 0.0 0.0
3729 8.0 8.0
3730 2.0 2.0
3735 0.0 0.0
3736 2.90015173989 3.11631797403
3738 0.655913978495 0.655913978495
3755 2.08100372532 2.88771900982
3758 0.746946890088 0.746946890088
3783 1.0 1.0
3802 1.39011682981 1.39011682981
3814 2.55288461538 2.55288461538
3831 2.0 2.0
3840 6.5 6.96419413859
3843 2.15070537168 2.15070537168
3857 1.13466993876 1.16157840555
3864 11.0 11.0
3874 2.19200930954 2.19200930954
3876 7.09900990099 7.09900990099
3882 2.0 2.0
3889 2.36870503597 2.87608880376
3895 1.39527866525 1.52068749137
3902 2.99477221807 2.99477221807
3912 1.0 1.0
3913 1.08689833603 1.18646894728
3924 7.0 7.0
3927 2.22185888345 2.65279014354
3936 1.0 1.0
3938 0.0 0.0
3953 2.59705228031 2.95176944405
3983 1.0 1.0
3985 0.0 0.0
3993 2.30622276989 2.99470984514
3994 3.0 3.0
3995 1.35624664739 1.46597061872
4004 1.57060814501 1.91918340215
4023 1.56247226616 2.43077395057
4048 9.47918303221 9.80864053492
4050 1.50836120401 1.50836120401
4053 3.00975081257 3.00975081257
4064 0.532637075718 0.532637075718
4070 5.0 5.0
4075 1.5 1.87082869339
4082 0.79349138762 0.990150107137
4091 3.10569351908 3.75223632395
4093 0.0 0.0
4105 1.0 1.0
4106 3.25234042553 3.48512191824
4113 4.0 4.0
4141 3.0 3.0
4159 3.0 3.0
4162 1.01289198606 1.01289198606
4172 2.09621778886 2.28275081941
4179 0.475468331847 0.475468331847
4182 0.0 0.0
4195 3.0 3.0
4207 0.752789400279 0.792341442679
4210 2.78283530229 2.89084821985
4212 2.19044502618 2.19870842103
4219 0.0 0.0
4221 0.0893550893551 0.0893550893551
4227 9.3734682219 9.76824851173
4240 1.30738655184 1.81203186417
4252 1.0 1.0
4253 1.19265367316 1.6866669998
4260 2.55971896956 2.55971896956
4271 2.25815089596 2.43928863309
4282 7.0 7.0
4296 0.616354053967 0.621579155765
4308 1.57448325018 1.57448325018
4315 3.0 3.0
4341 0.666666666667 0.816496580928
4349 7.0 7.0
4357 2.33287950987 2.33287950987
4362 0.0 0.0
4382 1.98327472141 2.29420668358
4395 0.980736041908 1.5159080844
4399 7.0 7.0
4416 11.328994614 11.328994614
4417 3.1107266436 3.1107266436
4420 0.0331775700935 0.0331775700935
4423 4.05873261206 4.05873261206
4426 4.0 4.0
4431 1.0 1.0
4433 2.01861252115 2.01861252115
4437 3.0 3.0
4444 2.99131752215 3.57727525268
4447 7.32441439546 7.43639684057
4459 1.94759825328 1.94759825328
4461 0.324012158055 0.324012158055
4462 3.29850354424 3.29850354424
4474 1.0 1.0
4475 9.0 9.0
4498 0.620720720721 0.727424899782
4514 1.0 1.0
4525 0.890526315789 0.890526315789
4526 4.0 4.0
4531 4.33333333333 4.50924975282
4538 1.0 1.0
4543 7.0 7.0
4546 4.0 4.0
4550 2.63474394301 3.67860105512
4558 2.0 2.0
4569 0.596555323591 0.843656629328
4570 2.0 2.0
4582 3.22552175533 4.13639825209
4592 4.31290322581 4.50830889753
4593 5.52179034158 5.52179034158
4595 2.73831009024 2.7507860257
4602 1.97774067891 2.56497871617
4606 2.12103286232 2.53880347288
4613 5.72038678485 6.59383710819
4616 3.0 3.0
4619 1.88240510393 2.11067338572
4624 12.0 12.0
4629 2.16957931936 2.22224493295
4644 2.0 2.0
4645 0.513406940063 0.707360934802
4651 0.0586956521739 0.0586956521739
4656 8.0 8.0
4660 3.19813654618 3.42597647906
4665 5.19565763692 6.16162605326
4675 0.117922321011 0.117922321011
4688 2.78222037009 3.87826404246
4709 3.5 3.53553390593
4748 2.09178396468 2.48190058884
4749 1.0 1.0
4781 1.32331666597 3.24259039486
4790 6.0 6.32455532034
4801 1.63490725126 1.63490725126
4802 1.25183377613 1.76082747141
4807 1.06876777418 1.41165682275
4810 1.52473498233 1.52473498233
4812 1.0 1.0
4819 1.01703017628 1.01703017628
4827 2.70929025295 2.718330719
4828 0.0569185475957 0.0569185475957
4855 2.94014962594 4.1579994764
4861 7.0755186722 8.26326977549
4863 1.64833333333 1.64833333333
4871 7.0 7.28010988928
4885 0.0604815032296 0.0604815032296
4894 1.42870985604 1.42870985604
4900 0.0 0.0
4910 6.0 6.0
4920 2.97537995716 4.26348975708
4956 1.33333333333 1.63299316186
4960 3.49631310267 3.49631310267
4964 3.4117404192 4.71752821835
4966 4.0 4.0
4967 2.39620787114 2.86538471108
4983 2.0 2.2360679775
4988 0.273271774395 0.273271774395
4993 5.01451612903 5.01451612903
5003 3.3862332696 4.36997763772
5026 2.95486028182 3.29022095151
5036 1.0 1.0
5065 0.0 0.0
5066 1.27707145989 1.46749350519
5067 1.0 1.0
5069 6.9393263373 7.6128878061
5077 2.25234855847 2.28044592542
5085 2.0 2.0
5086 5.6902502157 5.6902502157
5096 6.01331360947 6.01331360947
5099 1.79689403167 1.79689403167
5113 2.07943037136 2.39408593226
5121 1.90268198324 2.65040291024
5124 7.30470914127 7.30470914127
5132 2.94976287016 3.70207622219
5151 1.82208793594 2.27632290151
5154 0.478674273295 0.478674273295
5159 3.0 3.0
5183 2.51363243069 2.91789878565
5202 0.59328358209 0.839029688124
5204 2.0 2.0
5210 0.0 0.0
5217 5.26713455606 5.54593434946
5219 2.32916952642 2.32916952642
5223 1.4690084102 1.94649739716
5228 1.43276094276 1.4976692988
5229 2.10820081073 2.265963847
5233 2.0 2.0
5246 1.60160353884 1.60160353884
5251 2.40862308762 2.40862308762
5254 7.2273262662 7.2273262662
5272 0.894424649717 1.0223346879
5291 1.33333333333 1.41421356237
5293 2.42563940638 2.42563940638
5294 2.71428571429 3.52541790836
5295 1.99572284003 1.99572284003
5310 2.96885113269 2.96885113269
5311 1.55495537641 1.9173292232
5321 3.0 3.0
5325 10.1022245763 10.2067327131
5336 2.8219037871 2.8219037871
5344 1.36074887795 1.76375867387
5356 1.70679236161 1.70679236161
5363 5.5845375626 5.58502430213
5371 5.02347874358 5.72230636944
5372 6.81344902386 6.81344902386
5374 10.0 10.0
5387 0.329336530775 0.329336530775
5404 0.094674556213 0.094674556213
5414 1.00184388341 1.11969793112
5421 1.0 1.0
5424 6.0 6.0
5446 2.8186701241 2.8186701241
5475 5.02109704641 5.02109704641
5477 4.73915592028 5.25081086972
5478 1.70052083333 1.70052083333
5482 2.0 2.0
5484 3.26112920738 3.9683332773
5488 0.921191815845 1.00899065514
5492 1.19274376417 1.33346058905
5493 4.5897606383 4.5897606383
5496 0.5 0.707106781187
5499 2.66703176342 2.66703176342
5506 1.74170812604 1.74170812604
5507 3.04112189867 3.72696206998
5512 0.908913049099 1.08738881965
5515 0.68980477268 0.993230547859
5518 5.48543023654 5.48543023654
5523 2.0 2.0
5545 3.53151862464 3.53151862464
5554 3.83963803874 4.40840448517
5562 1.33333333333 1.41421356237
5573 5.77335196832 7.24905918972
5575 0.598744292237 0.598744292237
5578 7.82462072155 7.91180988485
5581 0.0 0.0
5584 1.19207399212 1.64079661416
5608 4.0 4.0
5633 7.22875 7.22875
5646 3.07105263158 3.07105263158
5649 3.5 3.80788655293
5652 0.044957472661 0.044957472661
5655 1.0 1.0
5659 6.0726744186 6.37118187553
5662 1.95877659574 2.27621355412
5674 0.961569646386 1.0268021322
5683 1.0 1.0
5687 4.88187893082 5.03866676735
5700 3.0 3.0
5707 0.737867850809 0.780036356441
5721 0.998970487303 0.998971017797
5724 3.07205527528 3.0729001899
5729 3.84929196732 5.02064772143
5736 0.0 0.0
5737 5.0 5.38516480713
5740 2.0 2.0
5749 0.719177402358 0.719492647629
5763 0.0 0.0
5768 2.0 2.0
5772 3.28830844706 3.93848766175
5785 1.0 1.0
5786 3.0 3.0
5815 2.0 2.0
5826 5.0 5.44671154612
5827 1.0 1.0
5837 2.07691718535 2.4717441937
5849 5.20046749479 7.08593384077
5851 0.0 0.0
5865 0.775266298832 0.975628791066
5870 7.28022922636 7.28022922636
5891 6.98208640674 6.98208640674
5896 1.18034844061 1.32749061903
5897 3.25062972292 3.25062972292
5898 0.361775331154 0.361775331154
5911 9.0 9.0
5931 4.04633789972 5.21405383325
5933 1.97135759078 2.59253063399
5934 9.77259684362 10.023221732
5936 1.0 1.0
5941 0.499241274659 0.706033781519
5948 3.25355341586 4.08829897381
5956 6.25 6.49037749287
5957 2.0 2.0
5968 1.47450980392 1.47450980392
5969 2.00158227848 2.23677660131
5974 0.515871322313 0.526608706693
5992 7.0 7.28010988928
6004 1.85277947465 1.85277947465
6006 1.75 1.9364916731
6022 1.0 1.0
6026 0.228511530398 0.228511530398
6040 5.03966005666 5.03966005666
6041 0.98702125359 1.19019708766
6043 2.23503350862 3.08874182356
6045 2.47755102041 2.47755102041
6055 0.335877862595 0.335877862595
6065 0.0432276657061 0.0432276657061
6077 4.0 4.0
6091 7.05023580823 8.11404347047
6103 1.92631578947 1.92631578947
6107 4.50560119492 5.14999684723
6115 1.0 1.0
6120 0.0 0.0
6124 9.88117573483 9.88117573483
6150 4.24760076775 4.24760076775
6154 0.632513408544 0.632513408544
6168 0.666666666667 1.15470053838
6194 5.06514710454 6.66900851043
6201 2.0 2.0
6202 3.26106391577 3.94170862594
6228 1.44330855019 1.44330855019
6234 0.991088180113 0.991088180113
6240 1.69052631579 1.69052631579
6280 6.0 6.0
6283 0.0 0.0
6287 1.0 1.0
6290 2.60290971173 2.76001445973
6297 3.5 4.30116263352
6299 2.14685164283 2.47785891744
6303 11.0 11.0
6325 1.0 1.0
6328 2.5110078591 4.06628256521
6343 1.08976597364 1.23723205318
6349 12.0 12.0
6372 12.0 12.0
6375 0.572380952381 0.572380952381
6377 6.61419354839 6.61419354839
6378 5.91328059604 6.81345494031
6379 0.447773279352 0.447773279352
6384 2.49675090253 2.49675090253
6386 0.75 1.11803398875
6404 2.01102060374 2.01102060374
6418 1.49865025375 1.55326201697
6419 2.0 2.0
6421 1.0 1.0
6431 8.0 8.0
6435 6.3298379409 6.3298379409
6440 1.0 1.0
6450 2.60048750384 3.31277397063
6454 2.00131578947 2.00131578947
6455 1.17672151127 1.43612707832
6456 2.25183374083 2.26587189165
6463 1.04178330741 1.04512957987
6470 1.78510028653 1.9501193535
6484 3.42929235259 5.14898837269
6497 0.0 0.0
6517 4.93525652657 4.95624528626
6521 3.39089385031 3.78942155897
6533 1.43856188614 1.89637517616
6538 4.0 4.0
6549 1.24139861211 1.7077970092
6560 3.4948402772 4.25658426423
6562 1.22571579578 1.61715599587
6564 4.95555555556 4.95555555556
6574 1.11508185927 1.44937393014
6583 1.0 1.0
6595 1.39462025316 1.52034545036
6615 1.28138663335 1.28138663335
6631 3.86429774765 4.53350842724
6640 2.0 2.0
6644 1.66644095341 1.90021324169
6651 1.5 2.12132034356
6657 3.0 3.0
6680 1.27206418673 1.27206418673
6697 1.14298941418 1.27853821718
6704 10.490015361 10.490015361
6716 1.35128897953 2.27440060016
6732 1.0 1.0
6736 3.13279006831 3.23834818681
6737 6.03177106805 6.72254752381
6738 0.501984126984 0.501984126984
6740 2.5 3.53553390593
6748 2.39616342632 3.19345544693
6766 4.21887951917 5.78307923252
6770 0.512857142857 0.512857142857
6775 0.534351145038 0.534351145038
6779 2.96198735225 3.03010447888
6800 1.49136278721 1.83426144205
6809 1.0 1.0
6816 4.0 4.0
6823 1.23903057945 1.28367622375
6829 1.0 1.0
6830 4.5 5.14781507049
6838 4.22987551867 4.22987551867
6839 2.12712816357 3.17168728235
6854 2.13081269758 2.62721558714
6863 0.839679582712 1.1788243778
6872 4.63378856854 5.17788824438
6878 3.2733349248 3.2733349248
6883 1.0 1.0
6889 2.15946724262 2.15946724262
6895 1.33712490006 1.71909991653
6921 1.59241653974 1.69683620364
6940 6.54606641724 6.72167391875
6948 0.672181023008 0.672181023008
6955 2.90669593853 2.90669593853
6968 4.0 4.0
6971 1.0 1.0
6975 0.0 0.0
6980 1.30892857143 1.30892857143
6993 1.28350334154 1.28350334154
7001 1.26626124819 1.39445769105
7005 12.0 12.0
7006 2.87807429626 5.09560422209
7011 1.0 1.0
7012 2.66666666667 3.16227766017
7013 3.87924041298 3.87924041298
7030 0.734335882149 0.948381949173
7043 1.0 1.0
7045 0.773255813953 0.773255813953
7052 1.99039615846 1.99039615846
7060 0.0 0.0
7063 4.8453364817 4.8453364817
7080 7.0 7.0
7081 0.550173010381 0.550173010381
7094 1.02310640487 1.21608025333
7099 5.0 5.0
7109 2.37817089453 2.87854589175
7112 5.83448275862 5.83448275862
7119 0.00684505289359 0.00684505289359
7121 1.44412068156 1.89970066654
7125 1.0 1.0
7130 0.745377503852 1.05412297504
7134 1.0 1.0
7135 1.49293119698 1.49293119698
7137 1.0 1.0
7142 1.55539012711 1.94765266825
7159 1.30799160471 1.43855860898
7163 4.5 4.52769256907
7166 1.0 1.0
7168 2.27543031514 2.68616540303
7171 7.25 8.67467578645
7176 1.39053323054 2.07802001435
7177 0.0 0.0
7178 0.832678711705 1.18996358374
7181 3.0 3.0
7203 1.0 1.0
7222 3.0 3.0
7226 1.10579345088 1.10579345088
7234 7.02081051479 7.02081051479
7251 0.0123784261715 0.0123784261715
7262 1.28625472888 1.28625472888
7263 5.10315186246 5.10315186246
7272 6.17955112219 6.17955112219
7278 4.50726744186 4.50726744186
7290 5.62018592297 5.62018592297
7293 1.0 1.0
7304 4.04881684367 4.26642902524
7310 1.77762855369 2.16420984248
7320 2.50980392157 2.50980392157
7326 0.811362518446 0.811362518446
7328 1.44566102986 2.13214804078
7334 12.0 12.0
7339 1.65258215962 1.68870570264
7342 8.49952606635 8.49952606635
7351 2.16273084128 3.01790091089
7355 7.0 7.0
7356 1.19525065963 1.19525065963
7382 1.36034575905 1.40726317732
7385 5.0 5.0
7387 2.5041183538 2.7653485683
7407 0.0 0.0
7413 0.145778114351 0.145778114351
7414 4.0 4.0
7420 1.53227633069 1.53227633069
7431 3.19064327485 5.2214888518
7436 2.5 2.5495097568
7437 0.5 0.707106781187
7442 2.88811317206 3.08653980028
7450 5.0 5.0
7453 0.555300368697 0.835885376828
7465 2.08860074309 2.12930731297
7466 1.28987239032 1.58675325947
7474 2.01109688434 2.45409111306
7493 3.21287031177 3.76236594788
7504 1.0 1.0
7513 2.39737597376 2.82750532715
7518 2.66859451187 2.74577546556
7538 0.0 0.0
7547 2.89711934156 2.89711934156
7553 2.93631404253 3.11053026631
7557 2.0 2.0
7561 2.74309884239 2.74309884239
7562 6.41142857143 6.41142857143
7564 1.28287777205 1.28287777205
7568 2.20654089639 2.85445599923
7574 8.0 8.0
7578 7.97072710104 7.97072710104
7580 1.50473933649 1.50473933649
7591 1.5 1.73205080757
7600 2.79242174629 2.79242174629
7611 3.29053318825 3.29053318825
7621 0.467298578199 0.467298578199
7632 2.25318332482 2.38091154521
2.43155636245 3.40922875646