5 0.498683055312 0.498683055312
6 0.241640543365 0.483281086729
14 1.0 1.0
15 1.87686915888 2.5106222497
22 1.26020506868 1.36740144068
24 0.0 0.0
25 1.52273663865 1.60852105314
35 1.83366713637 2.43091798774
55 0.0 0.0
68 10.0 10.0
69 2.50322580645 2.91658931566
76 1.59279369748 2.09842986685
81 2.0 2.0
83 4.0 4.0
85 1.0 1.0
95 2.0 2.0
97 4.39707419018 4.39707419018
122 4.26922493614 4.28832269359
126 12.0 12.0
136 2.29764829765 2.29764829765
151 11.0 11.0
156 6.5 7.90569415042
161 5.0 5.0
171 1.00348443619 1.39586390576
172 3.78841898276 4.42485350086
189 4.0 4.0
196 6.0 8.48528137424
234 0.501858736059 0.501858736059
243 2.0 2.0
276 6.6316680779 6.6316680779
299 1.74865694551 2.15026987913
304 1.0 1.0
316 5.18702343698 5.18704513748
323 2.42447916667 2.42447916667
328 7.0 7.0
331 0.0 0.0
342 6.5 6.5192024052
343 11.0 11.0
347 7.0 7.0
348 2.0 2.16024689947
365 1.87508061859 2.19120275061
369 1.13544454418 1.58358836601
370 2.25255102041 2.25255102041
380 4.23071590455 5.03968458627
381 0.310869565217 0.310869565217
384 0.768875502008 1.08735416272
393 1.0 1.0
405 3.0 3.0
410 3.0 3.0
420 8.99099099099 9.0474315792
431 6.5 6.67083203206
433 2.83261007895 3.49002593109
452 1.26017715858 1.57444765927
475 10.0 10.0
476 1.51371571072 1.51371571072
485 1.55337011739 2.25477106362
489 3.0 3.0
493 2.51162790698 2.51162790698
509 0.577899054505 0.582036776359
517 1.55654304171 1.74603227944
520 0.0 0.0
523 1.57694341618 1.57694341618
524 3.16754916793 3.16754916793
531 4.66666666667 5.53774924195
532 1.22040259297 1.22040259297
544 1.82395549942 2.33264632867
550 3.22183507549 3.22183507549
555 1.51233762663 1.51241976532
566 1.79911699779 1.8102972
569 0.835971223022 0.835971223022
579 1.84598698482 2.03021541529
590 0.0 0.0
591 0.0 0.0
594 0.495160089352 0.495160089352
599 0.497965825875 0.497965825875
617 0.517656500803 0.517656500803
625 5.0 5.0
626 11.0 11.0
649 2.5 2.91547594742
652 3.0 3.0
659 0.0946256779657 0.154554979822
676 2.86227916565 3.96295395665
683 3.5 3.53553390593
684 0.744171392565 0.827458527224
687 1.0 1.0
691 6.0 6.0
714 1.00445434298 1.00445434298
725 2.0 2.0
745 1.5067294751 2.1213416914
767 2.0 2.0
777 0.903366570122 1.15026177362
785 2.75971731449 2.75971731449
806 1.0 1.0
810 2.95194945656 3.29562553145
814 4.0 4.0
817 3.38435820274 4.26291181404
831 1.0 1.0
848 4.0 4.0
853 7.0 7.28010988928
888 0.980754426482 0.980754426482
924 1.61980440098 2.24886913314
928 0.987060998152 0.987060998152
936 0.743416610398 0.743416610398
950 2.23582982713 2.87909413585
954 3.00737152485 3.00737152485
961 4.97382198953 4.97382198953
986 1.14891132441 1.59544097631
993 2.0 2.0
1013 2.0 2.0
1040 2.0 2.0
1041 0.579549454417 0.71600016159
1051 1.50146627566 1.5820672714
1053 0.283231381688 0.490571143381
1056 6.0 6.0
1069 1.0 1.0
1070 0.975674311717 1.43633454952
1073 3.4942494564 3.49598556857
1074 1.0 1.0
1077 1.65541327125 1.65541327125
1079 3.41664737975 4.87851582059
1088 7.01548672566 7.29926302713
1103 3.0 3.0
1129 1.0 1.0
1145 3.02466793169 3.02466793169
1154 3.94742813918 4.05953310036
1165 2.06040515654 2.91385291636
1166 3.0 3.0
1181 1.8281938326 1.8281938326
1193 0.783476228228 0.967768972816
1211 0.0 0.0
1216 1.29313319531 1.40850296344
1219 3.35142697565 3.89210932844
1221 0.0575427682737 0.0575427682737
1226 0.264748902974 0.264748902974
1234 1.16919703104 1.43980595669
1239 2.0 2.0
1244 4.0 4.0
1261 1.0 1.0
1266 1.85131636497 1.88524177748
1267 2.04149157341 2.12811431643
1283 12.0 12.0
1284 2.0 2.0
1285 4.0 4.0
1287 3.48756798757 3.79156814333
1289 0.0 0.0
1297 1.89748715164 2.05631767523
1308 3.0 3.0
1312 2.0 2.0
1313 1.12690179806 1.37075771965
1330 4.78102329133 6.22140651135
1345 6.49352331606 6.49352331606
1365 3.16955117111 4.37798088037
1374 3.0 3.10912635103
1384 4.84068058778 4.84068058778
1387 4.0 4.0
1389 1.71544804838 3.17279707189
1391 1.18472593629 1.23374686671
1413 7.26123595506 7.26123595506
1422 4.0 4.0
1426 7.59958289885 7.59958289885
1434 0.494553376906 0.494553376906
1437 0.299201345762 0.386806084987
1438 5.05489514873 5.32280915526
1455 10.1673189824 10.1673189824
1458 1.38943735419 1.74722930287
1461 0.336257309942 0.336257309942
1479 7.0 7.28010988928
1480 0.572693780724 0.575411477104
1482 0.0 0.0
1483 7.0 7.0
1496 6.0 6.0
1499 1.0 1.0
1512 1.98191056911 2.22811031891
1513 1.48665511249 2.41133466278
1518 1.0 1.0
1530 6.0 6.0
1545 1.54523249534 1.68983782164
1547 4.50410677618 4.50410677618
1585 2.11410658307 2.29221591277
1597 7.5 7.51664818919
1598 3.0 3.0
1599 2.15704777517 2.38005925899
1602 2.01613990918 2.46576722384
1605 3.72123726896 4.69242839961
1609 0.0293685756241 0.0415334379552
1622 2.94382591093 4.6260430105
1628 4.04995916962 4.54190097394
1629 1.0 1.0
1631 2.13953591816 2.41723353057
1651 4.85199738048 4.85199738048
1653 1.33626760563 1.63300897927
1662 2.79793814433 2.79793814433
1674 3.00400320256 3.61110288927
1678 1.18425841674 1.18425841674
1684 2.63496030025 2.83577324332
1712 7.0 7.0
1718 1.66737348035 1.79597374292
1722 3.0 3.0
1731 2.12842198976 2.12842198976
1754 5.14684830221 5.82781554159
1770 2.74152542373 2.75368312548
1792 3.21212846133 4.13424280964
1793 1.74008207934 1.74008207934
1802 1.02462194397 1.24958412274
1807 1.40376850606 1.40376850606
1809 4.38095238095 4.38095238095
1811 2.39443254818 2.39443254818
1817 3.52038834951 3.52038834951
1831 7.01761252446 7.01761252446
1833 2.0 2.0
1838 1.65365025467 1.65365025467
1847 1.5283171521 1.5283171521
1849 0.283255642623 0.378731600334
1853 3.0 3.0
1855 3.0 3.0
1859 6.60535117057 6.60535117057
1867 1.0 1.0
1888 5.0 7.07106781187
1896 1.46743020759 1.46743020759
1899 2.4720830823 3.17331516255
1901 2.04591806296 2.54609854881
1902 2.12794590095 2.31614388895
1921 1.15085714286 1.15085714286
1924 3.44310998736 3.44310998736
1926 4.75675675676 4.75675675676
1946 0.0 0.0
1957 2.43488412382 2.81671683999
1962 9.0 9.0
1965 1.89365467886 2.81056481181
1966 1.31646932185 1.31646932185
1972 2.0 2.0
1984 1.23101265823 1.51287558243
1989 0.319189360355 0.319189360355
2005 1.83412887828 2.01489447062
2023 3.09155048319 3.28683427811
2033 4.50436046512 4.50436046512
2045 2.83908045977 2.83908045977
2069 4.00917431193 4.00917431193
2092 2.74313583815 2.74313583815
2096 2.04229439524 2.23556941661
2100 4.0 4.69041575982
2103 2.66712145899 3.36437395872
2108 3.26688365893 4.24432080285
2115 7.00789975484 7.2855420087
2117 3.27156432749 3.27156432749
2146 1.92164562994 1.96256258702
2151 0.669045275591 0.669045275591
2155 1.05349439172 1.05349439172
2183 1.91346690518 2.11054155635
2192 7.0 7.0
2195 3.66666666667 4.35889894354
2204 6.0 6.0
2211 3.0 3.0
2240 11.0 11.0
2242 3.00141972026 3.65880604443
2245 0.5 0.707106781187
2246 1.06506089268 1.15084053648
2250 0.87 0.87
2254 7.0 7.0
2259 1.84017467249 1.84017467249
2262 1.16013925152 1.32045462107
2272 0.403169014085 0.403169014085
2278 2.01661453992 2.3405908644
2287 3.0 3.0
2289 1.0 1.0
2292 0.0 0.0
2299 3.45344827586 3.74684092065
2319 2.34261375774 2.43043903761
2320 2.11273385875 2.74175870985
2332 1.82407407407 1.92456771909
2355 5.51001821494 5.51001821494
2358 3.64620853081 3.70302877594
2367 6.62601626016 6.62601626016
2402 4.87096774194 4.87096774194
2404 0.703703703704 0.703703703704
2409 2.96873171034 2.9692164462
2414 0.32818134982 0.32818134982
2422 3.5 4.30116263352
2430 1.0 1.0
2431 3.0 3.41565025532
2450 0.0 0.0
2475 4.65372670807 5.59072409526
2477 1.76366950182 1.92190562195
2478 1.0 1.0
2484 1.0 1.0
2494 1.0 1.0
2499 3.5490425035 3.5490425035
2505 1.0 1.0
2506 0.986562589107 1.10672523249
2507 1.0 1.0
2508 2.0 2.0
2530 0.0 0.0
2537 1.0 1.0
2538 3.68764215315 3.68764215315
2539 1.0 1.0
2551 2.76924493033 3.12589394564
2561 2.75 2.95803989155
2562 4.0 4.0
2572 1.55306648803 1.92527114134
2584 2.0 2.0
2585 3.03837953092 3.03837953092
2587 3.0 3.0
2590 0.754464285714 0.754464285714
2609 2.0 2.0
2627 3.0 3.0
2645 2.0 2.0
2669 1.52758052897 1.85648303315
2679 2.30127298444 2.30127298444
2683 2.65531838384 3.08451282414
2685 4.5 5.7008771255
2687 8.0 8.0
2690 2.0 2.0
2699 3.85954063604 3.85954063604
2704 4.0 4.0
2715 5.4518222666 5.4518222666
2716 9.83557760454 9.83557760454
2721 2.78747751369 2.93701684703
2733 3.82403965304 3.82403965304
2739 1.4408076633 1.91993293656
2764 1.13417597929 1.56705197866
2765 2.09943603308 2.98854779209
2771 1.60888331278 2.13030456747
2772 4.16046966732 4.16046966732
2777 0.610964332893 0.610964332893
2788 3.40782122905 3.40782122905
2803 1.93959317016 2.35142342251
2806 4.49230769231 4.49230769231
2838 2.33548804137 2.42818461706
2846 6.0 6.0
2850 4.47269624573 4.47269624573
2857 7.0 7.28010988928
2860 0.676811594203 0.676811594203
2863 0.0 0.0
2883 0.500539374326 0.500539374326
2890 0.252336448598 0.252336448598
2895 3.67350993377 3.67350993377
2899 3.60701675576 3.66115744724
2913 1.95902033926 2.63256001757
2928 2.41615026223 3.09585510996
2935 0.521606507372 0.521606507372
2961 1.0 1.0
2964 2.0 2.0
2976 1.13454131008 1.3305321301
2977 1.86786288027 2.57424953571
2981 2.10781990521 2.10781990521
3000 2.05658632222 2.47503002791
3011 2.18660812294 2.18660812294
3045 1.93265768911 2.2491529495
3051 3.0 3.69684550214
3052 1.3422022104 1.3422022104
3064 1.03811503812 1.03811503812
3079 1.0 1.41421356237
3092 2.22289156627 2.23403839844
3097 0.710706150342 0.710706150342
3102 0.481719702099 0.481719702099
3110 1.42139552527 1.96523158121
3115 3.65986949429 3.89751131975
3116 0.0 0.0
3118 2.96247240618 2.96247240618
3127 3.32451678535 3.32451678535
3128 0.645827358761 0.645827358761
3129 5.0 6.40312423743
3138 2.36205744823 2.36205744823
3139 8.0 8.0
3165 1.30509359299 1.31652370627
3169 2.12461508663 2.43797560037
3182 6.0 6.0
3186 2.1994782441 2.76332636808
3187 1.75 2.47487373415
3193 1.33145009416 1.33145009416
3203 4.47594374537 4.47594374537
3212 2.98885793872 2.98885793872
3219 2.75746268657 3.55423326049
3224 6.32792050412 6.54510716085
3225 6.0 6.0
3231 2.03340517241 2.03340517241
3242 1.00634920635 1.00634920635
3243 0.0 0.0
3244 1.0 1.41421356237
3245 1.29986227859 1.51914463545
3252 1.77346150309 2.98930351739
3277 3.0 3.0
3278 1.27114427861 1.46527759815
3284 1.50800965548 1.85064010166
3290 0.207620908647 0.207620908647
3293 2.16595012898 2.16595012898
3294 2.837354715 2.88251332866
3296 5.01156069364 5.01156069364
3300 4.0 4.0
3321 1.55871903308 2.16634011746
3328 6.0 6.0
3341 1.62799887268 1.75079249356
3345 1.5 2.12132034356
3347 2.5 2.5
3352 0.0 0.0
3353 0.683673469388 0.683673469388
3366 1.0 1.0
3368 2.27718724448 2.27718724448
3374 1.0 1.0
3381 0.0174825174825 0.0174825174825
3385 5.42950819672 5.97921599529
3389 2.99610688975 3.35028027488
3395 1.62858595656 2.06778108612
3398 3.70465890183 3.70465890183
3399 0.0 0.0
3409 1.0 1.0
3413 1.0 1.0
3418 3.0 3.0
3423 2.61415525114 3.54540775961
3426 1.4056372549 1.4056372549
3429 3.32806324111 4.04281684316
3431 2.0 2.0
3440 3.0 3.0
3450 2.0 2.0
3452 0.735652328738 1.03086628019
3468 1.44655134176 1.51390847979
3478 1.47400590326 1.68005539491
3481 0.997114591921 0.997114591921
3486 3.67455279862 3.67455279862
3488 0.0 0.0
3502 2.00724999289 2.95673646718
3514 10.6546227418 10.6546227418
3516 8.0 8.0
3517 2.16303030303 2.17528339562
3522 7.42730978261 7.42730978261
3523 1.70612526422 2.52578672229
3545 2.82197614991 3.56473523312
3565 1.0 1.0
3571 2.19873291097 2.19873291097
3573 1.99635966509 1.99635966509
3580 2.99832214765 2.99832214765
3583 0.0 0.0
3594 6.0 6.0
3595 2.09686536271 2.93709201721
3597 4.48532289628 4.48532289628
3608 5.77893175074 5.77893175074
3614 6.98300764656 6.98300764656
3619 0.454723309111 0.454723309111
3632 2.59353843881 3.78616143939
3636 3.98604427334 3.98604427334
3657 1.61894736842 1.61894736842
3661 2.86191536748 3.07990197919
3679 9.0 9.0
3683 1.3552238806 1.3552238806
3709 3.0 3.0
3719 0.0 0.0
3722 1.43776824034 1.43776824034
3735 0.0 0.0
3736 2.1512142212 2.51767326163
3738 0.500780031201 0.500780031201
3755 1.60443947786 2.14179303633
3758 0.414298401421 0.414298401421
3783 1.0 1.0
3802 1.27606951872 1.27606951872
3814 2.55288461538 2.55288461538
3831 2.0 2.0
3840 4.0 4.0
3843 2.78280542986 2.78280542986
3857 2.18737238219 2.4893301568
3864 11.0 11.0
3874 2.19200930954 2.19200930954
3876 8.0 8.0
3889 2.5 2.91547594742
3895 2.5027972028 2.55280215948
3912 1.0 1.0
3913 1.18514612223 1.27290082504
3924 7.0 7.0
3927 2.06331780739 2.56536071754
3936 1.0 1.0
3938 0.0 0.0
3953 1.47966919366 1.47966919366
3983 1.0 1.0
3993 0.983548387097 1.16980769874
3994 3.0 3.0
3995 1.39121114684 1.4760278461
4004 2.04750416494 2.59379422136
4023 1.45176843182 2.31592860499
4048 6.95836606441 6.95836606441
4050 2.0 2.0
4053 3.01417322835 3.01417322835
4064 0.532637075718 0.532637075718
4075 2.5 2.5495097568
4082 0.905968586387 1.12077950842
4091 4.70835417709 4.70835417709
4093 0.0 0.0
4105 1.0 1.0
4106 3.25234042553 3.48512191824
4113 4.0 4.0
4162 1.31392124237 1.31392124237
4172 3.08452722063 3.08568517931
4179 0.475468331847 0.475468331847
4182 0.0 0.0
4195 3.0 3.0
4207 1.0 1.0
4210 2.78283530229 2.89084821985
4212 1.26700111483 1.46375516759
4221 0.0893550893551 0.0893550893551
4227 9.20570012392 9.54902816323
4240 1.44480874317 1.89566992222
4252 1.0 1.0
4253 1.51315789474 2.13992841675
4260 4.0 4.0
4271 2.59806821337 2.92241265582
4296 1.49319371728 1.57685766178
4308 1.66011466011 1.66011466011
4315 3.0 3.0
4349 7.0 7.0
4357 2.56548974943 2.56548974943
4362 0.0 0.0
4382 2.02100271914 2.3799661345
4395 0.919265515043 1.5425631875
4399 7.0 7.0
4416 11.0 11.0
4417 5.0 5.0
4420 0.0704663212435 0.0704663212435
4423 4.05873261206 4.05873261206
4431 1.0 1.0
4433 3.0 3.0
4444 2.25848794332 2.46574272803
4447 7.58810991787 7.63442780581
4459 1.0 1.0
4462 3.03468208092 3.03468208092
4498 0.903225806452 0.908395344537
4514 1.0 1.0
4525 0.0 0.0
4526 4.0 4.0
4531 4.0 4.0
4538 1.0 1.0
4543 7.0 7.0
4546 4.0 4.0
4550 2.33061670581 3.22617970702
4558 2.0 2.0
4569 0.980694980695 1.38691214225
4582 3.01160492506 3.71260265492
4592 1.5 2.12132034356
4593 6.0 6.0
4595 1.97427652733 1.97427652733
4602 3.53592814371 3.56625160712
4606 2.3348117698 2.96949157786
4613 5.72038678485 6.59383710819
4616 3.0 3.0
4619 2.16303020135 2.50113329507
4624 12.0 12.0
4629 2.25 2.26384628453
4644 2.0 2.0
4645 0.503464203233 0.503464203233
4651 0.541139240506 0.541139240506
4656 8.0 8.0
4660 2.75560538117 3.89701450259
4665 4.68165789126 5.69563083507
4675 1.05398110661 1.05398110661
4688 4.22548956819 4.76261993982
4709 4.0 4.0
4748 2.91967035507 3.49434076914
4781 0.856395185423 1.63164246433
4790 6.0 6.32455532034
4801 1.63490725126 1.63490725126
4802 1.4892029839 1.84559458637
4807 0.8235979885 1.12698938154
4810 1.52473498233 1.52473498233
4812 1.0 1.0
4819 1.57281144781 1.57281144781
4827 2.66666666667 2.70801280155
4828 0.0569185475957 0.0569185475957
4855 2.94014962594 4.1579994764
4861 8.33333333333 9.46924847423
4863 1.64833333333 1.64833333333
4871 7.0 7.28010988928
4885 1.0 1.0
4894 1.22571777642 1.22571777642
4900 0.0 0.0
4910 6.0 6.0
4920 3.14335041701 4.31272503094
4956 1.25 1.32287565553
4960 3.39928698752 3.39928698752
4964 1.76237799753 2.88573979377
4966 4.0 4.0
4967 1.36377473364 1.50488009943
4983 2.0 2.2360679775
4988 0.503460207612 0.503460207612
4993 5.01451612903 5.01451612903
5003 5.01818181818 5.8372415086
5026 2.76408450704 3.19739055913
5036 1.0 1.0
5065 0.0 0.0
5066 0.714714714715 0.714714714715
5069 7.38224637681 8.22105241718
5077 2.0322851153 2.03279793566
5085 2.0 2.0
5086 5.6902502157 5.6902502157
5096 6.01331360947 6.01331360947
5099 1.66683316683 1.66683316683
5113 4.46511627907 4.51330584957
5121 1.83156998662 2.65847184321
5124 6.0 6.0
5132 2.35887573057 2.97713323152
5151 1.89703678052 2.29463360052
5154 0.0 0.0
5183 3.75257731959 4.96261932902
5202 0.164523043944 0.232670720069
5204 2.0 2.0
5217 4.64057797631 4.93486332392
5219 2.42482014388 2.42482014388
5223 1.41647739468 1.9424513806
5228 1.11962962963 1.39601564131
5229 2.15052356021 2.31013699465
5233 2.0 2.0
5246 1.60160353884 1.60160353884
5251 1.05154142582 1.05154142582
5254 9.49639249639 9.49639249639
5272 1.44408302917 1.60711278294
5291 1.5 1.58113883008
5293 2.52718495935 2.52718495935
5294 2.2 3.31662479036
5295 2.61840628507 2.61840628507
5310 2.96885113269 2.96885113269
5311 1.51908957416 1.6053308445
5321 3.0 3.0
5325 9.75 9.93730345718
5336 2.97609400324 2.97609400324
5344 2.23924025056 3.25475306249
5356 2.977573318 2.977573318
5363 5.27052795189 5.2760020258
5371 4.09690743421 5.0783714932
5372 6.54392191659 6.54392191659
5374 10.0 10.0
5387 0.5 0.5
5404 0.354533152909 0.354533152909
5414 0.498248686515 0.498248686515
5421 1.0 1.0
5424 6.0 6.0
5446 2.60824242424 2.60824242424
5477 4.0 5.0
5478 1.70052083333 1.70052083333
5482 2.0 2.0
5484 3.50636942675 4.31004805776
5488 0.754763585039 0.793605045677
5492 1.0 1.0
5493 4.5897606383 4.5897606383
5496 0.5 0.707106781187
5499 1.75736961451 1.75736961451
5506 1.96310679612 1.96310679612
5507 2.54039111269 3.1546537412
5512 1.02884646453 1.20551302184
5515 0.741616281071 0.980461886644
5518 7.19554317549 7.19554317549
5523 2.0 2.0
5545 3.53151862464 3.53151862464
5554 4.00367647059 4.47706875979
5562 1.5 1.58113883008
5573 8.0 9.79795897113
5575 0.808166409861 0.808166409861
5578 7.82462072155 7.91180988485
5584 1.34954257541 1.8488888098
5608 4.0 4.0
5633 6.60121765601 6.60121765601
5646 9.0 9.0
5652 0.044957472661 0.044957472661
5655 1.0 1.0
5659 5.77409484957 5.77409484957
5662 1.96451175407 2.31655149865
5674 0.997995991984 0.998000016088
5683 1.0 1.0
5687 5.21045076084 5.48444885289
5707 0.5 0.707106781187
5724 2.8510794897 2.85496612501
5729 4.01463386439 5.32028524733
5736 0.0 0.0
5737 5.0 5.38516480713
5740 2.0 2.0
5749 0.832 0.848792082904
5763 0.0 0.0
5768 2.0 2.0
5772 3.27550976045 4.0494435778
5785 1.0 1.0
5786 3.0 3.0
5815 2.0 2.0
5826 5.0 5.44671154612
5837 2.47260418265 2.84803221359
5849 4.71524518339 6.98362262118
5851 0.0 0.0
5865 0.925251453635 0.968523394099
5870 6.69644779333 6.69644779333
5891 5.99378881988 5.99378881988
5896 1.23392506881 1.36390884197
5897 5.0 5.0
5898 0.992449030959 0.992449030959
5911 9.0 9.0
5931 0.747808496291 0.747808496291
5933 1.91542836906 2.65177566967
5934 12.0 12.0
5941 0.499241274659 0.706033781519
5948 2.5374921235 3.58701733317
5968 1.47450980392 1.47450980392
5969 2.00158227848 2.23677660131
5974 0.378136209659 0.531813220476
5992 7.0 7.28010988928
6004 1.02617138033 1.02617138033
6006 1.66666666667 1.91485421551
6022 1.0 1.0
6026 0.68253968254 0.68253968254
6040 6.0 6.0
6041 1.05803406634 1.18228627891
6043 2.02335582473 2.69390556906
6045 2.47755102041 2.47755102041
6065 0.486652977413 0.486652977413
6077 4.0 4.0
6091 8.30206349206 9.09358865483
6103 0.0 0.0
6107 7.0 7.0
6115 1.0 1.0
6120 0.0 0.0
6124 12.0 12.0
6150 4.32452830189 4.32452830189
6154 0.776743129684 0.776743129684
6168 1.0 1.41421356237
6194 5.93184357542 7.28318943673
6201 2.0 2.0
6202 1.58559135649 1.71724117589
6228 1.0 1.0
6234 1.22777454968 1.22777454968
6240 2.0 2.0
6280 6.0 6.0
6287 1.0 1.0
6290 2.49876392662 2.60104815851
6297 6.0 6.0
6299 3.11735421241 3.22518435002
6303 11.0 11.0
6325 1.0 1.0
6328 0.67131147541 1.01263351348
6343 0.489202224958 0.691842885184
6349 12.0 12.0
6372 12.0 12.0
6375 0.572380952381 0.572380952381
6377 4.0 4.0
6378 6.11421750807 7.00841303331
6379 1.0 1.0
6384 2.49675090253 2.49675090253
6386 0.75 1.11803398875
6404 2.01308304892 2.01308304892
6418 1.4352567015 1.4352567015
6419 2.0 2.0
6421 1.0 1.0
6431 8.0 8.0
6435 7.1961722488 7.1961722488
6440 1.0 1.0
6450 2.78482621959 3.41795703361
6454 2.00131578947 2.00131578947
6456 2.25183374083 2.26587189165
6463 1.04852169766 1.05188441185
6470 3.5 4.30116263352
6484 4.60631578947 6.47226582664
6517 5.14326657246 5.14922450595
6521 3.37453403963 3.51207889219
6533 1.91938811346 2.26772011126
6538 4.0 4.0
6549 1.11393510612 1.60154153882
6560 5.44480519481 5.46294382826
6562 1.50320512821 1.95790576137
6564 4.95555555556 4.95555555556
6574 0.831545195029 1.14640873627
6583 1.0 1.0
6595 1.25390015601 1.45908552814
6615 1.39929328622 1.39929328622
6631 5.77458798511 6.02902443272
6640 2.0 2.0
6644 1.37091633466 1.50836264029
6651 0.0 0.0
6657 3.0 3.0
6680 1.64528301887 1.64528301887
6697 2.18997116532 2.9081193234
6716 0.6295719537 0.686317897857
6732 1.0 1.0
6736 3.51634415389 3.53947383521
6737 7.5 7.64852927039
6740 2.5 3.53553390593
6748 2.51857690924 3.3880092219
6766 5.57978463045 6.56980028277
6770 1.0 1.0
6775 2.0 2.0
6779 2.84945750601 2.94686623879
6800 1.53382639338 1.72702572646
6809 1.0 1.0
6823 1.70577719862 1.78751696186
6829 1.0 1.0
6830 2.0 2.0
6838 3.97394136808 3.97394136808
6839 2.3788507109 2.96924401537
6854 2.67551970701 3.16308942683
6863 0.828657676137 0.892575184366
6872 4.07621082621 4.35108655219
6878 4.12560386473 4.12560386473
6883 1.0 1.0
6889 2.21933085502 2.21933085502
6895 2.00837766575 2.32808958678
6921 1.50949451113 1.59144635786
6940 6.516080391 6.71126415281
6948 0.0441094360692 0.0441094360692
6955 4.67171314741 4.67171314741
6968 4.0 4.0
6975 0.0 0.0
6980 2.84004602992 2.84004602992
6993 1.28350334154 1.28350334154
7001 2.55593198414 2.75375526759
7006 3.03823831573 5.10914422921
7011 1.0 1.0
7013 3.44218164794 3.44218164794
7030 0.787819362972 0.933001104128
7045 0.773255813953 0.773255813953
7052 3.85726872247 3.85726872247
7063 9.0 9.0
7081 1.02886002886 1.02886002886
7094 0.558362804057 0.721902514897
7099 5.0 5.0
7109 2.18575174825 2.84059983524
7112 0.0 0.0
7119 0.994428969359 0.994428969359
7121 1.04083971748 1.68037899195
7125 1.0 1.0
7130 1.5 2.12132034356
7134 1.0 1.0
7135 0.644981412639 0.644981412639
7137 1.0 1.0
7142 1.47121771218 2.08061604176
7159 1.44681029928 1.70163841485
7163 4.5 4.52769256907
7166 1.0 1.0
7168 2.45834832695 2.96986321782
7171 6.0 8.48528137424
7176 1.28839704896 2.06290484088
7177 0.0 0.0
7178 1.0 1.41421356237
7181 3.0 3.0
7222 3.0 3.0
7226 1.63898305085 1.63898305085
7234 8.0 8.0
7251 0.327536231884 0.327536231884
7262 0.3 0.3
7263 9.0 9.0
7272 6.17955112219 6.17955112219
7278 5.98071359691 5.98071359691
7290 5.58656873033 5.58656873033
7293 1.0 1.0
7304 3.60641754671 3.86630567536
7310 2.94628321377 3.03101142427
7320 2.50980392157 2.50980392157
7326 0.142976124375 0.142976124375
7328 1.78263041993 2.33107143273
7334 12.0 12.0
7339 2.62969283276 2.70403355348
7351 1.76188762852 2.30003636664
7355 7.0 7.0
7356 1.19525065963 1.19525065963
7382 1.36034575905 1.40726317732
7385 5.0 5.0
7387 1.44719732912 2.31780679996
7407 0.0 0.0
7413 0.22554188635 0.22554188635
7414 4.0 4.0
7420 1.41182331451 1.41182331451
7431 4.33333333333 6.2981478759
7437 0.5 0.707106781187
7442 2.57798459564 2.94416921823
7450 5.0 5.0
7453 1.42262838609 1.82909126713
7465 2.25326115452 2.26705472736
7466 1.32790200891 1.62886614973
7474 2.3585386576 2.87351699803
7493 1.81957186544 2.57326320982
7504 1.0 1.0
7513 2.00140449438 2.73861422811
7518 4.07125718959 4.61358529745
7547 0.0 0.0
7553 3.19647285954 3.26117526354
7557 2.0 2.0
7561 3.15575778789 3.15575778789
7562 5.28528528529 5.28528528529
7564 1.38837375178 1.38837375178
7568 2.17473195588 2.85039790603
7574 8.0 8.0
7578 7.97072710104 7.97072710104
7591 1.5 1.73205080757
7600 4.53809141941 4.53809141941
7611 0.0 0.0
7621 0.467298578199 0.467298578199
7632 1.0 1.22474487139
2.45032895416 3.430824823