5 1.71549847093 1.71549847093
6 0.254014649894 0.289117231458
9 1.99643692595 2.56596284761
14 1.0 1.0
15 2.11644428347 2.65415206193
19 0.0 0.0
22 2.37870471595 3.44614381807
24 7.57978908544 7.57978908544
25 0.807669047949 0.848553116561
35 3.24486690803 5.33065848384
55 0.139619264937 0.165319521541
57 2.41782916987 2.41782916987
58 1.0 1.0
59 7.0 7.0
66 3.48555080338 3.48555080338
68 0.805642966761 0.861179199709
69 0.987077467969 1.14513989571
76 1.45281342934 1.90437386483
81 1.28349291516 1.28349291516
83 7.44860007394 7.74172264414
85 0.931130074976 1.26154971251
89 9.55491567035 9.55491567035
95 1.87067039414 1.87067039414
97 2.04548072384 2.04548072384
119 5.0 5.0
122 2.89188076776 3.53263752878
126 2.78215695902 3.23916978421
134 0.904424321433 1.16227098565
136 2.60898171405 2.7890351964
146 0.0 0.0
151 1.8841751088 1.8841751088
155 0.353657049484 0.353657049484
156 4.11414930556 5.73123057187
161 2.75551221806 3.47907599437
164 1.49505472346 1.52198286674
171 1.19164822699 1.63022128468
172 2.72440650008 2.83646039622
186 2.46952524054 2.46969240878
189 2.3907098846 3.27064568512
196 4.50754164494 6.03476402198
205 0.978482601015 1.17544743423
219 0.198614425371 0.198614425371
221 3.69689040871 3.69689040871
222 4.0 4.0
234 0.314289743558 0.314289743558
243 2.6146008204 2.6146008204
259 4.39940168493 4.39940168493
274 9.53655641397 9.53655641397
276 4.07755574703 4.57414816914
288 10.0 10.0
291 2.37866221728 2.37866221728
299 0.596004274511 0.900060046534
303 0.955853728688 0.955853728688
304 1.64166129973 1.77684367399
307 4.44579400715 4.82570128679
308 1.77332801739 2.20858547273
316 0.631973548199 0.825951984628
323 4.52466539068 4.55498305922
326 1.56476005447 1.56476005447
328 3.29115842956 3.29115842956
331 2.70304740283 3.14792068783
334 1.72220555795 3.02038188693
342 2.7427548279 2.95068932792
343 1.95450176018 2.24644289572
346 1.1243960965 1.59013620914
347 4.64371239142 4.64371239142
348 2.12923490925 2.35774809385
360 2.0 2.0
362 3.08356739195 3.6549995673
365 2.2123180736 2.91626388954
369 1.04065851511 1.4240932403
370 6.424671893 6.424671893
373 1.0 1.0
376 1.44266777853 1.44266777853
380 1.96309504145 1.97677380969
381 0.81359771778 1.1777642196
383 2.0 2.0
384 0.93365185115 1.36722499294
391 5.0 5.0
393 0.897790100786 0.897790100786
405 3.25278449018 3.25278449018
410 0.692267623588 0.798509359362
419 0.492337458335 0.492337458335
420 2.54230350345 3.76612995806
427 0.982312593421 1.01610847104
431 4.77882222841 6.48454916954
433 2.70162134782 2.93550532528
445 0.975172440228 0.975820777931
452 1.53054335381 1.61937639683
475 1.60568822837 1.60568822837
476 1.54490716436 2.76898513869
480 3.81867950403 3.81867950403
485 2.26549487005 3.08477290436
488 8.0 8.0
493 2.66077204207 3.49952992016
502 2.65029525928 2.65029525928
509 0.954388359395 1.16425527829
512 7.08326394671 7.08326394671
515 0.936575805307 1.03422556828
517 2.43718806466 2.88872162239
520 3.72397006993 4.0570396572
523 0.778189183357 0.83852198353
524 1.64487700882 1.64487700882
531 3.00670439907 3.94375151402
532 1.65480143342 1.8440714896
538 0.721282050699 0.829594681246
544 1.35022521945 1.94874775433
545 2.14941956247 2.14941956247
549 1.97180610116 2.19827805312
550 2.25642001947 2.27094309278
552 1.0 1.0
553 3.0 3.0
555 1.21156760354 2.04738714759
564 1.84244446139 2.14013058935
566 1.24183687572 1.35724791031
569 0.913366298804 0.917465745395
575 3.32478333817 3.57899918117
579 3.47216468547 3.83620901334
590 1.38211113386 1.47594958964
591 0.3489490161 0.493488431146
594 3.36312431357 3.36312431357
599 0.298444013278 0.298444013278
611 1.40307110128 1.79938365555
617 3.23098544823 3.23098544823
618 0.742220980063 0.742220980063
621 2.75023332042 2.75023332042
625 3.11451511267 3.11451511267
626 4.53887871687 5.94510342154
638 2.39684914941 2.39684914941
643 8.90557830719 8.90557830719
649 1.67795796628 1.94018212245
650 2.48681524172 2.48681524172
652 4.70172561866 4.70172561866
659 3.05678223176 3.72749495044
676 1.35993084071 2.11918765634
681 3.0 3.0
683 1.46483840076 2.32884418414
684 0.662575618798 0.945855307757
687 0.185768294664 0.185768294664
689 1.80756884915 1.95368421741
691 3.79693593579 3.79693593579
712 1.92031253037 1.92031253037
714 0.363689109549 0.514334071211
723 6.03793235812 6.03793235812
725 2.84234771937 3.62599100087
732 1.57672823353 1.57672823353
745 0.746231720963 0.826884550393
758 0.275648001227 0.275648001227
764 2.0356759092 2.03582624341
767 0.978087119979 0.978087119979
772 1.0 1.0
777 1.00957025041 1.33702558651
779 0.869242599261 0.869242599261
783 2.48162488201 2.48162488201
785 2.11473408342 2.11473408342
795 1.0 1.0
806 1.29019697272 1.29019697272
809 4.67973306791 4.67973306791
810 2.03078882022 2.69118915538
814 2.80904415629 2.80904415629
817 3.46119986082 4.79503892983
831 2.36279088493 2.36279088493
845 1.0 1.0
848 2.09800835138 2.09800835138
851 2.0 2.2360679775
853 8.43694714033 8.53171018833
860 8.49624405352 8.49624405352
869 1.0 1.0
878 1.56900328945 1.56900328945
881 0.828705159335 0.830212259742
886 1.29030580404 1.29030580404
888 2.12111558661 2.12111558661
912 1.0 1.0
924 1.13571831149 1.34062365421
928 0.566198370786 0.589983884967
936 0.940974026676 0.940974026676
943 1.68288815812 2.13702975102
950 2.30229201451 3.13107650079
954 3.37077598911 3.37077598911
961 3.11421469623 3.76941170638
963 0.507929568289 0.507929568289
978 1.08529337668 1.08529337668
986 1.16774450864 2.22122950342
988 2.11429320178 2.11429320178
992 0.0496135753692 0.0496135753692
993 7.26340193266 7.26340193266
1005 1.32397693648 1.32397693648
1007 0.646799224504 0.646799224504
1013 0.0693818598603 0.0693818598603
1023 0.989197008981 0.989197008981
1037 0.389936147714 0.389936147714
1040 1.12590604583 1.12590604583
1041 0.85497946203 0.95806670596
1046 11.0 11.0
1051 3.00009879502 3.27873772941
1053 1.0796392474 1.08852403841
1056 0.875153830135 1.09695036252
1069 0.637334215883 0.63951495551
1070 1.06788425352 1.32394313427
1073 2.25234894719 2.25541004837
1074 1.73890082826 1.73890082826
1077 0.319269033535 0.319269033535
1079 2.35358649416 3.2726044689
1084 1.59960548416 1.59960548416
1088 8.82430283489 8.8820851112
1103 2.6297339646 2.6297339646
1112 3.0 3.0
1129 0.307381936768 0.307381936768
1145 1.51586855367 1.60124259145
1148 8.5 9.19238815543
1152 2.18244007905 2.18244007905
1154 1.62575398065 1.66799432992
1165 1.30265767853 1.79372119259
1166 0.557566465554 0.557566465554
1181 1.68778545034 1.68778545034
1193 0.809354618743 1.06582401206
1211 1.71612026648 1.71612026648
1212 0.0525688211214 0.0525688211214
1216 1.465018166 1.62933121996
1219 3.08044691463 3.60684997191
1221 0.621717039424 0.621717039424
1226 0.434414880801 0.434414880801
1230 7.0 7.0
1234 1.08943897415 1.34975620482
1235 1.47000074998 1.47000074998
1237 2.0 2.0
1239 0.458329223542 0.458329223542
1244 1.26213621188 1.26213621188
1256 2.0 2.0
1261 1.65782282198 1.65782282198
1263 2.35918240532 2.59605336925
1264 0.0 0.0
1266 2.4065156272 3.10370123726
1267 1.40275803607 1.694676306
1269 3.0 3.16227766017
1275 1.96931933116 1.96931933116
1283 10.631733553 10.631733553
1284 5.08457636368 5.08457636368
1285 0.773227267219 0.773227267219
1287 4.4109002367 4.79556927221
1289 1.2565785565 1.83287441945
1292 2.22602306277 2.88752184938
1295 0.478075244136 0.478075244136
1296 1.0 1.0
1297 2.8321223375 3.17746557469
1308 3.36461766308 3.36461766308
1312 0.360216561197 0.48247201616
1313 1.38098502957 1.58331586871
1325 0.448091689094 0.448091689094
1330 1.02657828063 1.32953970427
1337 2.52250156367 2.52250156367
1345 1.40931514576 1.40931514576
1365 1.8286066934 3.12770243889
1369 2.06393313816 2.35766518308
1374 1.32064624901 1.51691404227
1384 4.42281616435 5.95459706707
1387 4.23443133023 5.41787278497
1389 1.28769179026 2.08586170364
1391 0.880196424232 0.985973270394
1408 3.0 3.0
1413 9.13601218997 9.32422486275
1422 0.971300456897 0.971300456897
1424 1.72262682858 1.92043032484
1426 9.30349846138 9.3552401781
1434 3.20965866147 4.20875892532
1437 0.602322283024 0.699886248565
1438 3.27438711071 4.24231497156
1443 5.37659022312 5.37659022312
1453 1.11743246979 1.28054777239
1455 5.94631087218 7.7346366581
1458 1.38859253095 1.72580780688
1461 1.10180559053 1.10180559053
1465 1.86966316121 1.87420063705
1474 1.47356886412 1.47356886412
1479 8.40202855444 8.50108550749
1480 0.6220475217 0.686486798072
1482 2.50460366555 2.50460366555
1483 1.40280282938 1.40280282938
1487 2.0 2.0
1496 0.937849018228 1.13101152585
1499 1.05030308432 1.07606741119
1504 0.588649205193 0.588649205193
1510 1.0 1.0
1512 2.11641403976 3.39309976423
1513 1.32974371481 1.94680201962
1518 3.34959328744 4.00947765239
1530 1.36721410057 1.43748112702
1539 4.0 4.0
1544 0.5 0.707106781187
1545 1.57958654039 2.09235427798
1547 2.69721723234 3.81444119064
1565 0.204785194047 0.204785194047
1569 1.0 1.0
1579 1.35123609631 1.39287419834
1585 0.950532604132 1.17143888598
1597 7.3067508172 7.41554556163
1598 2.06299049402 2.06299049402
1599 1.93215294971 2.33583888864
1602 1.28092174166 1.74702858555
1605 3.61062501209 3.74342478874
1609 0.31927058666 0.336005330098
1622 1.40821365724 1.74883731898
1627 2.67032021989 3.1496951779
1628 2.24263399748 2.50238735996
1629 4.71524934289 4.71524934289
1631 2.09030490234 2.19898026692
1638 2.71478477561 2.71478477561
1651 1.91873500143 2.14746588386
1653 1.35795870168 1.52817272495
1658 2.46098246709 2.46098246709
1662 5.11637703128 5.11637703128
1674 1.40941642172 1.46767723162
1678 0.962129531108 0.962129531108
1683 5.0 5.0
1684 2.04963312317 2.17707184325
1687 0.0740190301475 0.0740190301475
1691 9.6312831574 9.63419189255
1718 1.9326698884 2.24755123557
1719 0.0 0.0
1722 1.37021364203 1.54609859716
1731 1.33535904389 1.33535904389
1732 2.36734794045 2.46490508938
1752 0.0 0.0
1754 3.25514351046 4.45234525676
1764 8.13449461472 8.13449461472
1770 1.82176862009 2.2350999831
1778 0.264020570558 0.264020570558
1789 0.893655527828 1.01662177788
1792 2.57527224373 3.39400502717
1793 2.63013556472 3.54032068186
1797 0.211088688912 0.211088688912
1802 3.65325816922 4.25832903151
1806 0.765981419788 0.765981419788
1807 1.53153370469 1.85580809893
1809 4.9011701117 4.9011701117
1811 2.24262467971 2.24262467971
1817 2.29065664045 2.29065664045
1825 1.27309348852 1.27309348852
1828 3.0 3.0
1831 7.34631314524 7.34631314524
1832 1.92056445326 1.92056445326
1833 1.72736905683 1.72736905683
1836 0.130429082208 0.130429082208
1837 0.406696336162 0.406696336162
1838 2.03818882899 2.03818882899
1839 1.17878743803 1.43663840127
1842 3.52406331325 3.52406331325
1843 2.02553532995 2.02553532995
1847 1.14783726417 1.14783726417
1849 2.97153554913 4.6373772906
1853 1.717464774 2.41575675668
1855 3.0 3.0
1859 4.37942855794 4.37942855794
1862 3.0 3.0
1867 0.0651633508821 0.0651633508821
1872 1.84676916684 1.84676916684
1878 0.155688951429 0.155688951429
1880 1.0 1.0
1888 1.86738252227 2.23115844187
1896 2.06674315902 2.26768507879
1899 1.34342058927 1.76712130207
1901 2.45700517712 3.04756387611
1902 1.29067351319 1.46599635481
1907 0.197692082139 0.197692082139
1918 1.28486727068 1.28486727068
1921 2.48631213049 2.87847510528
1924 1.46243984647 1.46243984647
1926 0.0668554253042 0.0668554253042
1939 1.0 1.0
1940 3.53291037223 3.68357261273
1941 3.36037849172 3.36037849172
1946 4.70349398702 5.7436754417
1955 2.59389256979 2.59389256979
1957 2.46530587275 2.8384619748
1959 2.87828734725 2.87828734725
1962 1.63028671472 1.83269989527
1965 2.91664705514 3.64173399404
1966 3.20560708615 4.25259315568
1972 1.12850852683 1.12850852683
1984 1.21054558581 1.25139314654
1989 1.79195276172 2.0672720661
2005 1.37463547184 1.68293259441
2007 2.21095448772 2.3383436974
2011 1.98053317336 2.22751526626
2023 2.93804453235 3.52153575375
2033 2.1284623688 2.1284623688
2040 1.93406650078 2.86222465457
2045 0.209350601139 0.209350601139
2058 3.0 3.0
2062 1.54254684664 1.84396561352
2069 2.50621020549 3.30619243508
2071 1.5 2.12132034356
2080 3.0 3.0
2091 1.0 1.0
2092 1.92926070979 1.9526189134
2096 1.16698319157 1.9843815218
2100 4.27275187447 5.14624221389
2103 2.26382106101 3.05325618963
2108 2.13894786473 2.5617902914
2114 2.0 2.2360679775
2115 1.71232553647 1.95368904068
2117 1.86434937587 1.86434937587
2127 0.996375755163 1.13208115872
2142 0.185850426335 0.185850426335
2146 2.29850753886 2.643164504
2149 1.13989285998 1.13989285998
2151 0.634237176995 0.813338115761
2155 1.12858145366 1.16236488027
2181 3.0 3.0
2183 1.91993804298 1.99838215912
2186 3.54434582881 3.54434582881
2192 1.68340674711 1.68340674711
2195 1.65442481277 2.13862491975
2197 0.0 0.0
2200 10.0 10.0
2202 4.10150593687 4.20863830722
2204 3.79340737957 3.79340737957
2205 3.0 3.0
2210 0.69440724029 0.982040137028
2211 1.03168849164 1.87660900767
2212 1.42428685141 1.42428685141
2216 1.0 1.0
2233 3.0 3.0
2240 1.54006429199 1.63371091441
2242 2.48184063862 3.22563729017
2245 0.901499526188 0.988598855863
2246 1.53135416566 1.61585380172
2250 0.338250445256 0.338250445256
2254 2.16822373712 2.63075601737
2259 2.50192187285 2.50192187285
2262 0.584724342318 1.00893239453
2272 0.862235126415 0.865845599323
2278 2.96192457055 3.59801000589
2287 0.393225215847 0.556104433318
2289 0.571843561753 0.571843561753
2292 0.959297311717 1.1876510784
2299 4.33499569482 5.88286841862
2301 4.0 4.0
2319 0.89473687116 1.07031911418
2320 2.49812166323 3.54147892376
2329 1.0 1.0
2332 1.7823772305 1.8630083661
2346 2.0 2.0
2355 3.31894785719 3.34922366303
2358 1.84085815401 1.87522628183
2364 1.34234071939 1.84054911607
2366 4.01398503601 4.01398503601
2367 1.92646699535 1.92646699535
2376 0.209365635702 0.209365635702
2378 6.88552980581 6.88552980581
2386 1.9526146929 2.29853188604
2394 0.514171431907 0.707390739948
2402 7.59721412888 7.59721412888
2404 1.1384363974 1.1384363974
2409 1.91065597511 2.16359419049
2414 0.317579724635 0.317579724635
2422 2.93710224588 3.56587686701
2428 2.23432456019 2.23432456019
2430 0.328171804168 0.328171804168
2431 2.32485109418 3.12221833177
2450 2.41072159635 2.96764848834
2451 2.0 2.0
2466 4.25314310817 4.25314310817
2475 6.50091698 7.40417141468
2477 1.80686617637 2.01385885963
2478 0.45901163539 0.562213848629
2484 1.28145368502 1.64729221508
2494 1.79136282375 2.27903938796
2496 1.29266247726 1.29409913088
2499 3.80472976512 3.80472976512
2505 5.68798823532 6.00877779839
2506 2.28248552919 2.50763736744
2507 1.84903357175 1.84903357175
2508 3.12117416151 3.16314825722
2518 2.0 2.0
2527 1.44452927912 2.28490117405
2530 1.78398945397 2.10911769087
2537 0.993991525189 0.993991525189
2538 2.02238382101 2.02420748244
2539 1.58628256487 1.9154563765
2541 6.0 6.0
2551 2.23517983056 2.9082811628
2554 1.93962476672 2.55870801311
2561 2.55853258541 3.20034591821
2562 2.41090089815 2.98472844866
2572 0.921099040822 1.18173244396
2580 0.768690041344 0.768690041344
2584 0.0528930035767 0.0748020030129
2585 3.59911852742 5.14268849208
2586 3.1714393738 4.50194141013
2587 2.27568317943 2.30871370818
2590 1.49295974813 1.49295974813
2596 0.528877906842 0.528877906842
2609 1.00854664331 1.00854664331
2618 0.801155698506 0.838393959747
2627 1.63282249622 2.08887007625
2634 8.02751517274 8.02751517274
2636 1.18855438149 1.31237230477
2645 1.6201287537 1.64312937302
2647 9.0 9.0
2649 0.0 0.0
2654 3.24909966147 4.25724104118
2669 0.921066035364 1.19601941036
2672 0.990164149417 0.990164149417
2676 2.37754042997 2.37754042997
2679 1.82659719897 1.83480948839
2683 1.85917741035 1.999237029
2685 1.34312590446 1.55066862589
2687 2.27374054677 2.27374054677
2690 1.18049614882 1.2414821502
2693 2.19385370857 2.19392059634
2699 0.149325990867 0.149325990867
2704 2.60232240861 2.60232240861
2713 2.47397378647 2.87134371413
2714 2.0 2.82842712475
2715 3.74944870883 5.2306175872
2716 4.20693518538 5.29818508451
2721 1.4477940968 1.70257116979
2733 4.3275457349 4.3275457349
2739 0.777937662036 1.00273100596
2743 1.0 1.0
2750 1.25976924544 1.25976924544
2758 3.77085895875 3.77085895875
2761 3.0 3.0
2764 1.62482148397 2.0875662993
2765 2.42814403471 3.1438077593
2771 1.52901841311 2.08070408106
2772 0.454321136535 0.473853475292
2775 6.17704477143 6.17704477143
2777 1.28008524398 1.56389735015
2788 0.900249737941 0.900249737941
2800 1.84238250781 2.10221129365
2803 2.43959246706 3.1058432742
2805 1.0 1.0
2806 4.68430804891 4.68430804891
2838 1.055448199 1.05660337663
2843 2.63421047843 2.63421047843
2846 0.401548586914 0.401548586914
2850 4.54337538869 4.67786329038
2852 3.18940686341 3.18940686341
2855 9.26131852671 9.26131852671
2857 8.4194028335 8.51717191215
2860 2.84764996674 2.84764996674
2861 1.85935818711 1.85935818711
2863 3.95456090743 4.8750054944
2867 2.0 2.0
2868 3.33333333333 3.33333333333
2877 2.0217709635 2.0217709635
2883 1.28433446234 1.28433446234
2890 2.28058331254 3.4724534939
2895 3.68029875099 3.68029875099
2899 1.2016683544 1.61073822192
2907 2.24315614114 2.24315614114
2913 1.55415038108 1.88503583783
2919 2.60742679374 2.60742679374
2928 2.36726695344 2.98856768635
2935 0.412676612142 0.412676612142
2961 2.33757925312 2.77650050004
2964 2.05843245381 2.63910774514
2966 2.26790762893 2.26790762893
2976 1.5036498322 1.73096132545
2977 1.19582137028 1.6121940151
2981 1.43815647977 1.72794599902
2987 3.85061440542 3.85061440542
3000 1.70684557428 2.40558379519
3011 0.573492259967 0.665031097646
3014 0.520242095462 0.520242095462
3021 3.48070770566 3.48070770566
3045 2.00138464078 2.21562043987
3046 0.156395182923 0.156395182923
3050 8.50867993814 8.50867993814
3051 3.35841977893 4.3711064964
3052 0.785146556409 0.785316973692
3058 0.0 0.0
3062 1.52242102195 1.52242102195
3064 0.881209602771 1.34493218131
3070 0.560947709826 0.66320205861
3074 1.1981963559 1.1981963559
3075 1.0 1.0
3079 3.21021729005 3.84329261273
3092 2.25022143163 2.59655655385
3097 1.14344865154 1.14344865154
3098 1.01804470576 1.01804470576
3102 1.20310523519 1.64734232909
3107 1.61866634165 1.61866634165
3110 1.64356666226 2.3025769289
3115 3.1169109797 3.16563002974
3116 0.166668931067 0.166668931067
3118 0.903850184266 0.903850184266
3127 2.65617221336 2.65617221336
3128 0.621117037139 0.647372877597
3129 0.893181803145 1.15933752232
3138 2.24396527799 2.24396527799
3139 2.73697360628 3.01658455174
3150 1.044395926 1.09085783351
3165 1.22265138637 1.25207317675
3169 1.86645310708 2.31378278695
3182 0.193229218164 0.193229218164
3186 1.93895721557 2.13986552865
3187 2.34813006565 3.68677755805
3188 6.54331977564 6.54331977564
3193 1.23863639273 1.23863639273
3198 0.0 0.0
3203 2.89839613189 2.89839613189
3212 2.87231008799 2.87231008799
3215 0.893324408423 1.2252731444
3219 2.96429230665 3.77569290068
3224 3.56469473235 3.63575705023
3225 2.79714470751 3.41114706046
3231 1.40944469848 1.40944469848
3242 0.71194543328 0.807214392187
3243 1.00276104894 1.00276104894
3244 2.2032809787 2.69805461873
3245 1.06689960869 1.30463909574
3247 0.0 0.0
3252 2.1370421924 2.70384369729
3269 1.0 1.0
3276 1.0 1.0
3277 2.30947510175 2.30947510175
3278 2.47898545909 2.99096509578
3284 2.22398902792 3.10738507909
3286 0.100723888314 0.100723888314
3287 1.0 1.0
3290 0.560187687559 0.560187687559
3293 0.172675221841 0.172675221841
3294 1.96993940408 2.09632188451
3296 1.28767879522 1.28767879522
3297 2.0 2.0
3298 0.661707242586 0.661707242586
3300 4.23677567691 4.50924034073
3321 1.13499705554 1.58643883717
3323 1.69859279452 1.69859279452
3328 1.71455567257 1.71455567257
3332 3.0 3.0
3341 1.36389840293 1.54948234942
3345 1.14390033254 1.27394282826
3347 0.810469682932 0.832335778421
3351 1.69263757519 1.88668770669
3352 0.404058247935 0.417462815623
3353 0.216630163298 0.216630163298
3366 0.662043395601 0.662043395601
3368 1.66494278756 1.66494278756
3374 1.0 1.0
3381 0.297527884168 0.297527884168
3385 2.72717174975 3.55950647754
3389 1.65593855986 1.66071575386
3395 1.87174440777 2.40739210825
3398 7.22799582011 7.22799582011
3399 1.61936768283 1.61936768283
3408 0.687670801285 0.687670801285
3409 2.54016014191 2.54016014191
3410 2.4929365083 2.4929365083
3412 3.1735565037 3.80148106156
3413 0.457473083142 0.576782466338
3418 3.39892728155 3.39892728155
3421 0.0054544462828 0.0054544462828
3423 2.49431145925 3.19624505346
3426 1.34233670208 1.48051123452
3429 2.95876664769 3.65196456699
3431 1.72071521608 1.72071521608
3440 3.54724457341 4.82849503759
3450 0.723424110731 0.723424110731
3452 0.812653642088 1.2050465282
3457 1.54356756084 1.54356756084
3468 1.50149315425 1.58302781909
3478 1.83044102615 2.06821851681
3481 0.0426004121023 0.0426004121023
3486 2.33005258889 2.33005258889
3487 4.20467457154 4.54583899817
3488 5.49784678118 6.88612431709
3495 0.00230937548713 0.00230937548713
3499 2.0 2.0
3502 1.62356547975 2.47492262263
3510 0.27402001412 0.27402001412
3514 10.628409707 10.628409707
3516 1.8966730549 2.8282171071
3517 1.87733545502 2.06242771171
3522 8.20216001078 8.20216001078
3523 2.05125054864 2.68072241254
3545 1.61922381153 1.94269663041
3554 0.668064261406 0.668064261406
3565 1.0 1.0
3571 0.273561300116 0.273561300116
3573 2.61372906508 2.61372906508
3578 0.887542381416 0.887542381416
3580 2.05815464035 2.2339224255
3583 1.73969394839 1.84404300966
3587 2.04379384453 2.04379384453
3592 4.43304467744 4.65891641476
3594 5.95230152326 5.95249263489
3595 1.92977772794 2.79003098913
3597 0.204983971191 0.204983971191
3604 1.55669635494 1.55669635494
3607 1.98946218927 2.26639764608
3608 2.58059851307 3.02618247057
3614 3.36911388412 3.4472879574
3615 1.0 1.0
3619 0.0236043236108 0.0236043236108
3632 1.54218782123 1.82608366404
3636 1.46888084687 2.04567775235
3657 1.97677058167 1.99351467192
3661 0.977672309244 1.3293430439
3679 4.60338323136 4.60338323136
3683 0.255070572249 0.255070572249
3709 5.53857221011 5.59491465942
3719 2.05439392737 3.39047017544
3721 8.0 8.0
3722 0.946599946885 0.946599946885
3728 4.5 6.36396103068
3729 1.72286793077 1.72286793077
3730 2.88097100413 2.88097100413
3733 1.49861388334 1.49861388334
3735 1.19573988989 1.19573988989
3736 2.62339312287 3.03177473214
3738 0.75039472067 0.75039472067
3743 3.0 3.0
3748 12.0 12.0
3750 4.0 4.0
3755 3.38531273966 4.5617888782
3758 1.74784969819 1.99448361716
3760 2.25767755689 2.25767755689
3783 0.226534839348 0.226534839348
3802 0.929730069752 0.933294642836
3810 2.25773181384 2.25773181384
3814 0.42738899017 0.42738899017
3828 3.81558538449 3.81558538449
3831 1.91291157797 2.30267761189
3832 0.345181124636 0.345181124636
3840 2.1505759429 2.59146085143
3843 1.35180965978 1.35180965978
3849 2.0 2.0
3852 2.09370820852 2.09370820852
3857 1.28305872373 1.38257915149
3864 9.72292389969 9.72292389969
3868 2.16787717377 2.24747727669
3874 1.14567279856 1.62022600976
3876 4.64001502953 4.64001502953
3878 3.31297053598 3.84199981722
3879 1.26689075062 1.46371491266
3882 3.74727902143 4.99284770813
3889 1.11053443891 1.59092680826
3895 1.68371030749 2.00300318624
3902 3.17128245067 3.17128245067
3912 0.882733483108 0.898176638623
3913 2.2240353718 3.22747505486
3918 1.0 1.0
3924 3.33501912041 3.33501912041
3927 1.78705277158 2.47171109585
3936 1.9595869103 2.58703204317
3953 1.89965185446 2.21927842404
3961 1.81756138961 2.20899787945
3983 1.92530732414 1.92530732414
3985 0.91132883832 0.91132883832
3993 1.22816858662 1.34545177218
3994 0.830619277977 0.830731361413
3995 0.952926462867 0.98597916267
4004 1.3962752596 1.92739963467
4023 3.10775399473 3.73932144763
4046 1.38335013982 1.3833639964
4048 8.13018147957 8.2278176127
4050 4.25122108405 4.25122108405
4053 1.55825045857 1.55825045857
4054 0.560126675073 0.560126675073
4064 1.13790034728 1.63628315541
4070 3.37754436988 4.28880184602
4075 0.903183540222 1.1434300871
4082 1.55117012456 3.03593121502
4091 2.47477594082 3.20707492222
4093 6.35324765256 7.14022299629
4105 1.97319236701 1.97319236701
4106 2.112637708 2.14396289256
4113 1.87640266809 2.56580886711
4130 0.0 0.0
4144 1.0 1.0
4159 0.874535494599 0.874535494599
4161 0.0 0.0
4162 0.582857331727 0.582857331727
4172 0.718963852695 0.893752165947
4175 0.470790879882 0.470790879882
4179 1.22169025973 1.28159668179
4182 0.442927586522 0.442927586522
4186 0.245509250943 0.245509250943
4192 0.0 0.0
4193 3.6075067785 3.65657696947
4195 2.25607633234 2.57596366815
4207 0.294131991478 0.406205300406
4210 1.37890082734 1.48348599863
4212 2.26691019431 2.90150873857
4219 0.136545831453 0.193104966726
4221 2.40984713899 2.56575273275
4227 7.54485340981 8.20977039423
4240 1.360263305 1.7379135046
4247 0.5 0.707106781187
4252 0.984840318016 0.984840318016
4253 1.29643765404 1.76930043936
4260 2.50287548197 3.37993202827
4271 2.42130778076 3.07903159922
4274 1.27143606113 1.27143606113
4282 2.33333333333 3.0
4286 2.41282332452 2.41282332452
4296 0.950817104662 1.21262102709
4297 0.0 0.0
4298 12.0 12.0
4301 0.0 0.0
4308 1.26450225334 1.26450225334
4315 1.90521404774 2.62832042618
4317 2.0 2.0
4341 1.10048310571 1.10946756228
4349 5.0 5.38516480713
4357 2.87567421851 2.87567421851
4362 3.02387729269 3.02387729269
4363 5.75189642405 6.01277419779
4367 2.33333333333 3.0
4377 2.0 2.0
4382 2.18377742008 2.73597850698
4388 2.31377441031 2.60296032237
4395 1.13723822862 1.34811587713
4399 0.0719827936244 0.0719827936244
4415 0.318461881649 0.318461881649
4416 11.2346132554 11.2346132554
4417 5.42037190589 5.42037190589
4418 1.26959526863 1.46470584683
4420 2.35972508295 2.50131856287
4423 2.20715597171 3.26832168561
4426 1.94609941277 2.16248323399
4431 0.348238737921 0.348238737921
4433 0.920830863085 0.920830863085
4437 3.86846456833 3.86846456833
4442 3.61761467919 3.94583241083
4444 0.980432797575 1.36104964832
4447 6.32678177862 6.94944642906
4456 0.78124382902 0.968040606826
4459 1.61212489633 1.61212489633
4461 0.458558240989 0.597828547649
4462 2.75865384542 2.75865384542
4474 1.16940729512 1.16940729512
4475 2.62481719116 2.62481719116
4479 2.06161863347 2.06161863347
4490 2.75476974944 2.75476974944
4492 1.3349513974 1.3349513974
4498 1.29311662299 1.3847210066
4501 1.17741185877 1.66511181918
4508 0.428995988639 0.428995988639
4510 1.25052808571 1.25052808571
4514 1.0 1.0
4523 1.39448955734 2.14640461151
4524 1.75522987839 2.15120079654
4525 1.08405601406 1.08405601406
4526 3.0 3.0
4531 2.48938562006 2.77210366496
4534 1.23740119888 1.25996867271
4538 1.58357898354 1.85735707662
4543 8.42048799609 8.53946158955
4546 5.18123979795 5.18123979795
4550 0.911247550683 1.07633971069
4553 2.67977958087 2.90065766815
4558 1.45449675944 1.45469454512
4565 0.272018104441 0.272018104441
4569 0.807191615766 0.816271826219
4570 2.22448941119 2.93853862028
4576 2.95435779341 2.95435779341
4582 2.3926106604 3.44887419623
4583 7.57056404485 7.57056404485
4592 2.45233283015 2.51274265271
4593 2.8572244909 3.43915406098
4595 1.46454116031 1.51561376965
4602 1.86412328588 2.48885719423
4606 2.13015634972 2.39488647111
4610 1.0 1.0
4613 1.0559627792 1.44294163153
4616 7.09043004216 7.94389870497
4619 0.757396562935 1.00890002176
4623 2.00994453161 2.00994453161
4624 2.27413751487 2.27413751487
4629 1.08915173564 1.29844795096
4636 1.80686207193 1.80686207193
4637 1.10372548368 1.10372548368
4638 1.0 1.0
4644 1.03830833951 1.03830833951
4645 1.03250719937 1.04484179703
4651 1.32101412079 1.32101412079
4656 8.42126242964 8.42126242964
4660 3.06941941755 3.40767381068
4665 5.19882715641 5.71919861148
4673 4.2735694206 4.2735694206
4675 3.31756732579 3.69334998452
4688 3.09197110331 3.67148240405
4698 0.297833754825 0.297833754825
4703 1.64525474737 1.66666492565
4709 2.71511931641 3.75551117176
4730 3.4953705847 3.4953705847
4740 2.39543817625 2.41617520449
4744 1.30060207894 1.30060207894
4747 0.502923862617 0.502923862617
4748 2.19891980317 2.74671201813
4749 2.18813130203 2.18813130203
4760 1.15044612639 1.28784966383
4774 3.92648886497 4.98635994528
4781 2.59418158744 4.25320000631
4782 1.52693557348 1.52693557348
4790 1.16877620413 1.25060969436
4801 0.463526006083 0.463526006083
4802 0.763557753633 1.36701558037
4805 1.0 1.0
4806 2.52553731254 2.52553731254
4807 1.4651344153 1.57594187013
4810 1.34622634022 1.34622634022
4812 1.19640248155 1.21241611365
4813 0.534913441016 0.534913441016
4819 1.00795570662 1.00798710298
4820 3.48488590539 3.79279436484
4821 2.49352305962 2.91467529358
4827 3.45768284111 4.25238135365
4828 1.59361551115 2.12544765352
4851 3.49135593529 3.49135593529
4855 0.395538287422 0.423678811814
4861 6.93541206521 7.66934706351
4863 0.710466698075 0.941872694819
4871 8.50323479129 8.60264866113
4881 4.0 4.0
4885 0.241086364564 0.241086364564
4894 2.99367827818 4.13697197668
4900 1.1192758742 1.1192758742
4910 4.2547363683 5.63320739465
4916 0.910240466587 0.910240466587
4920 1.83507878647 2.15095693155
4929 8.5 8.86002257333
4948 1.02883506344 1.02883506344
4956 0.86586998443 1.07356810261
4960 3.07159866494 3.07159866494
4964 1.96356257414 2.7011656033
4966 2.44157655719 2.5046222921
4967 2.23066073851 2.71038903274
4971 0.955147485621 0.955147485621
4983 2.10583495643 2.70268860995
4988 0.581449738285 0.581449738285
4993 2.8866114161 2.8866114161
5003 1.52018733498 1.64276046324
5009 1.0 1.0
5026 1.18722464138 1.42218756492
5036 0.193879236353 0.193879236353
5045 7.45978963631 7.45978963631
5047 1.53246676584 1.53246676584
5062 1.93532445565 1.93532445565
5065 2.38768658487 2.45220180983
5066 0.748922435142 0.978657598479
5067 2.67286746285 2.70457203345
5069 4.43990105357 5.64187265449
5077 0.632118128266 0.769372498449
5078 2.80569999265 3.04931221037
5085 2.65611643471 2.65611643471
5086 1.57554466688 2.09663497823
5096 5.62038316529 5.62038316529
5099 2.02441642316 2.09812203648
5103 5.0 5.0
5113 1.84045614324 2.06888185141
5119 1.0 1.0
5121 1.82181631316 2.1984136971
5124 5.00807289478 5.00807289478
5127 3.01563053979 3.17222489535
5131 4.7538283926 4.7538283926
5132 4.21690839387 4.73170480719
5150 2.50617264899 2.50617264899
5151 1.53600257946 1.89658667315
5154 1.25897828674 1.25897828674
5157 3.8403963717 3.8403963717
5159 1.11245712798 1.11245712798
5167 1.2707809851 1.4618894225
5182 3.0 3.0
5183 1.39459924779 1.78879366664
5191 4.23267279611 5.12675791542
5202 1.13277113318 1.539402314
5204 1.65756159262 1.71676407843
5210 0.0 0.0
5211 3.89855310488 4.50463688923
5217 2.63409731305 3.0012414594
5219 1.31878305376 1.31878305376
5223 2.88144756584 3.87112671128
5228 1.49723168055 2.98712216139
5229 1.50131265492 2.14546840533
5233 2.32861953946 2.32861953946
5246 1.84565429379 1.84565429379
5251 2.60131844611 3.50340152613
5254 5.77196888965 5.77196888965
5256 0.0 0.0
5271 4.36234884487 4.36234884487
5272 1.41482761204 2.12297275528
5280 1.89333006295 2.176129411
5289 0.6294708693 0.6294708693
5291 1.49771349131 1.85056583137
5293 1.76968210346 1.76968210346
5294 2.6095077279 2.97571877353
5295 5.77171789726 5.77171789726
5300 4.62100575964 6.53508901709
5310 3.53537413477 3.53537413477
5311 1.71374589063 2.34073210181
5320 2.0 2.0
5321 0.740076124941 0.740076124941
5322 2.444699891 2.444699891
5325 8.2541993374 8.90386807576
5326 0.0 0.0
5336 1.81405221646 1.81405221646
5344 1.91023098732 2.05585644357
5356 0.632713429586 0.632713429586
5361 2.11647819277 2.11647819277
5363 4.29503362065 5.34063581091
5367 0.0 0.0
5368 0.31993392804 0.452454900098
5371 4.70432897125 5.92989979954
5372 7.38086794792 7.38086794792
5374 1.08575207476 1.08575207476
5381 8.0 8.0
5382 0.0 0.0
5387 1.23898886633 1.23898886633
5404 0.724768287208 0.859686574473
5414 2.17952286858 2.53337794207
5421 0.854896850362 0.978034791525
5423 1.97523358191 2.42481518545
5424 3.59255109643 3.59255109643
5446 2.56999151576 3.14731273514
5456 2.60144486921 2.63179816852
5459 2.0 2.0
5462 3.50360854503 3.50360854503
5463 8.0 8.0
5475 2.44566534364 2.44566534364
5477 2.76260997225 4.10715218268
5478 0.870772210834 0.942812454528
5479 1.7763568394e-15 1.7763568394e-15
5481 3.93017978705 3.93017978705
5482 0.919991316929 1.3010798607
5484 3.07977491264 4.10856007105
5488 0.972139721272 1.23085368272
5492 3.08431369134 4.20450533533
5493 1.820904564 1.8429401694
5496 0.936958295908 1.37336167724
5499 0.126517667615 0.126517667615
5506 0.709682692526 0.709682692526
5507 2.70430823164 3.20602923564
5509 3.0 3.0
5512 1.18737939584 1.4514860162
5515 1.85229440717 2.27510179221
5518 2.9862842908 3.03061097104
5519 3.0 3.0
5521 1.0 1.0
5523 1.65088848505 1.65088848505
5545 0.775886622407 1.09726938427
5546 3.04180125404 3.04180125404
5554 2.22739666363 2.97982716519
5562 1.25450204115 1.46294609013
5565 0.802779187169 0.925063734186
5573 3.40711090715 4.68865751003
5575 0.204760757083 0.204760757083
5578 0.386898469803 0.440737924533
5581 0.0 0.0
5584 0.901319675939 1.17615287024
5600 3.0 3.0
5608 3.8836496779 3.8836496779
5613 4.0 4.0
5617 7.87004405286 7.87004405286
5633 10.1523740731 10.1523740731
5642 2.0 2.2360679775
5646 0.00511215100735 0.00511215100735
5649 2.26063754104 3.06509688235
5652 1.89447548887 1.89447548887
5655 1.29521009791 1.29521009791
5659 2.91139561486 3.69991088092
5662 1.30247144458 1.65531134411
5669 1.15880856711 1.16963988312
5674 1.39253204715 1.78073033686
5683 0.813010128619 1.18219396036
5685 2.52864016497 2.52864016497
5687 4.99707764197 5.58616588749
5692 3.0097713504 3.0097713504
5700 2.38074277674 2.46069949422
5702 9.0 9.0
5707 1.45715319444 1.9789202872
5720 4.0 4.0
5721 2.78541536027 4.42101951728
5723 2.0 2.0
5724 2.36074030172 2.76208495556
5725 3.0 3.0
5729 3.24704869282 4.18306889876
5736 1.490575468 1.490575468
5737 2.65035963887 2.76188179244
5740 6.00363682974 6.00363682974
5745 1.0 1.0
5749 0.845270028369 0.855595278913
5763 0.305120188923 0.305120188923
5768 3.82553186369 3.82553186369
5772 4.23145179418 4.77105479695
5785 2.42009644569 2.69023033763
5786 1.6217382684 2.05707611923
5792 1.64521006265 1.64521006265
5799 2.06348206679 2.26605915174
5815 0.607272995884 0.607272995884
5816 0.745531113962 0.787763324766
5826 3.46391428946 4.2689105108
5827 1.6676582211 1.6676582211
5831 2.12985080342 2.85208357603
5835 0.0 0.0
5837 1.12756476645 1.59114786411
5846 1.06921029347 1.15040330812
5849 3.84474198223 6.22328653672
5851 3.0362744736 3.1532146325
5865 0.537118217118 0.680176590588
5870 3.83444512861 3.83444512861
5891 0.635320341885 0.635320341885
5892 2.4414207938 2.4414207938
5896 1.15777018795 1.46488089713
5897 1.9014617456 3.21216171134
5898 0.283730229186 0.283730229186
5911 5.35446430293 6.30986441026
5915 1.0 1.0
5931 2.23671545989 2.96931288656
5933 1.99608177988 2.84594329616
5934 4.32040227854 4.51766953479
5936 1.45095129263 1.49506134461
5937 10.4819159695 10.4819159695
5941 0.758988381132 0.992142844473
5945 1.7585455151 1.7585455151
5948 2.5039155794 3.03961994869
5956 6.99302757599 8.08389298819
5957 0.753130078996 1.06508677195
5963 0.0 0.0
5964 1.0 1.0
5968 3.84143509198 3.84143509198
5969 1.70194006558 1.86296094563
5974 0.974228054022 1.22429334382
5976 7.53403830444 7.53403830444
5992 8.45914436712 8.5546152548
6004 1.04842300207 1.04842300207
6006 2.71921812688 3.21220109394
6013 1.78539230486 1.78539230486
6018 0.811629124137 0.811629124137
6022 0.989907106053 0.989907106053
6026 1.05935066874 1.41670215775
6038 2.08006023851 2.08006023851
6040 3.75033814475 3.75033814475
6041 0.828991773116 1.05634592438
6043 1.20907175903 1.66765117981
6045 2.13447700287 2.14714793824
6053 2.0 2.0
6055 0.842768602574 0.842768602574
6061 0.847681802462 0.861257958759
6063 0.665629962943 0.665629962943
6065 4.09512933612 5.65845378007
6071 4.15265591469 4.15265591469
6077 0.998363410137 0.998363410137
6083 5.0 5.0
6091 7.95526820578 8.42848031004
6099 1.11896375861 1.32599888969
6103 1.65197961449 1.65197961449
6107 5.63177208813 5.90270689255
6115 0.252169852438 0.252169852438
6117 1.0 1.0
6120 4.40107976006 6.43847876026
6124 6.03414218972 6.03414218972
6148 2.83012409196 3.20547048242
6150 1.60602954734 1.89887268864
6154 0.566743977569 0.566743977569
6168 1.55421763553 1.59566929178
6182 2.0 2.0
6183 0.500993996263 0.646269005148
6194 5.60659000729 6.4952959603
6198 8.9650764825 8.9650764825
6201 1.43691241461 1.43691241461
6202 3.99816129158 5.88431651666
6215 0.0 0.0
6228 1.89104471652 1.89104471652
6234 1.04752322152 1.04752322152
6240 3.28311808108 3.80438830462
6269 2.34873656587 2.92866310603
6276 0.0 0.0
6277 1.42762672419 1.42762672419
6280 2.59724764872 2.59869019545
6282 1.84519480822 2.55895633599
6283 1.5613416382 1.6151455999
6285 2.21610103935 2.21610103935
6287 1.09379842357 1.24535767175
6290 2.50673402248 2.58348167571
6297 2.79126408879 3.31659196302
6299 2.65520306397 3.24151365324
6303 0.818065245975 1.15691896576
6325 1.1710921265 1.20982028974
6328 1.20381341258 2.30798343201
6343 1.79560752233 2.01197226367
6346 2.61194193208 2.61194193208
6349 1.68791416013 1.68791416013
6372 6.96150964369 6.96150964369
6375 0.525078878736 0.525078878736
6377 2.17383591996 2.68498664334
6378 5.54185303612 6.80899885926
6379 0.233892687503 0.233892687503
6384 1.904909598 2.58098353556
6386 0.510887189278 0.831702219235
6397 2.02089505459 2.02089505459
6400 3.96807644041 5.61170751857
6403 2.55973908551 2.55973908551
6404 0.901484435089 0.971388486419
6410 1.0 1.0
6411 5.35993359008 5.81122034182
6415 1.23198700907 1.59659882396
6418 1.19502546542 1.30921706555
6419 2.35090310265 2.43547090349
6421 1.55192700657 1.55192700657
6431 8.13511647588 8.13511647588
6435 6.75027903627 6.75027903627
6440 0.495175064735 0.495175064735
6444 1.34842430799 2.07092959263
6450 2.18311760108 2.73993668747
6454 3.78467987972 3.86516808245
6455 0.947859755925 1.19755322771
6456 1.53336390506 2.04503533803
6458 4.08371759051 5.00042294566
6463 0.719018131719 0.864226492295
6470 1.55842429299 2.27184272825
6476 11.7532749662 11.7532749662
6484 1.21050983614 1.53034199686
6488 3.00953645993 3.00953645993
6497 1.50183199862 1.50183199862
6517 1.63470861763 2.02179980772
6521 3.91770293806 4.51116522872
6526 0.470358655723 0.470358655723
6530 3.53352265939 3.6466541913
6533 1.27483763131 1.57150861903
6538 1.99187105865 2.47893279505
6549 1.5655553206 2.34490487903
6560 0.310563091494 0.362208846717
6562 1.63610968103 2.27382298039
6564 6.01561709768 6.01561709768
6574 0.67902278391 0.930191173241
6583 0.128283492927 0.128283492927
6591 0.0 0.0
6595 2.20854678353 2.63591302845
6614 1.84571038969 1.84571038969
6615 1.29523629991 1.29523629991
6619 0.0 0.0
6631 2.32077082733 3.39190458157
6640 2.06896985879 2.06976926143
6644 2.73515688561 4.03867845772
6651 2.09168551849 2.58551450171
6655 1.0 1.0
6657 4.16781725996 4.16781725996
6680 1.27135746228 1.27135746228
6689 7.40546306042 7.40546306042
6696 2.0 2.0
6697 1.05921329756 1.26582436107
6703 3.81236556679 3.81236556679
6704 1.66962749934 1.66962749934
6716 2.3399380078 3.24558195243
6732 2.0142921985 2.0142921985
6736 2.73254479674 3.26960125185
6737 1.9246228836 2.70781322338
6738 0.988734737715 0.988734737715
6740 2.9589727876 3.1693567003
6748 1.76109761116 2.43640439773
6755 8.0 8.0
6766 2.63369888676 4.05189138533
6770 9.66405489204 9.66405489204
6775 1.70469572684 1.70469572684
6779 2.29144590452 2.4299833832
6780 5.3836267962 5.3836267962
6800 1.64938038969 2.25387027027
6809 3.12185288057 3.12185288057
6814 4.0 4.0
6816 3.6935230615 3.6935230615
6823 1.6056674166 2.12711460553
6824 2.0 2.0
6826 2.0 2.0
6829 0.545478151178 0.675198976126
6830 2.38176419694 2.53611653457
6833 0.485915988874 0.485915988874
6838 5.32729676171 5.32729676171
6839 2.3394103132 3.0651110377
6844 2.23363082601 2.24581611664
6854 2.47238265903 3.17193854726
6863 1.47977967309 1.68135589735
6872 1.48383854265 2.17596397421
6878 3.69203545265 4.3058088361
6883 1.90092868489 2.41376734317
6887 1.08378514404 1.08378514404
6889 1.51665422283 1.51665422283
6895 0.958289445857 1.46708151536
6902 4.35894256588 5.78244038848
6917 6.06521046345 6.06556101037
6921 0.96631085269 1.04041352625
6940 2.13946691999 2.29403830117
6941 8.0 8.0
6948 1.4589077502 1.4589077502
6955 0.818344917596 0.924440354577
6968 1.512482789 1.58645246633
6971 1.46759026131 2.03032541914
6975 1.22405486868 2.01450383018
6980 1.70265559273 1.99060867455
6983 1.0 1.0
6993 0.923901726278 0.923901726278
7001 1.53919283112 2.20712254058
7005 0.660317762646 0.660317762646
7006 1.35777086178 1.62518429089
7011 1.6479947687 1.6479947687
7012 1.55822017748 1.72745582848
7013 3.09678519763 3.09678519763
7030 1.26588989871 1.26615254766
7043 0.867944317896 1.12127188806
7045 3.70085357414 3.70085357414
7052 5.80673398676 7.13155356954
7060 0.988119310678 1.11390322482
7063 0.645824589497 0.913333893381
7074 0.38104550128 0.38104550128
7079 2.0569640954 2.82957414045
7080 3.95748889438 4.7804100293
7081 0.129061429163 0.129061429163
7088 1.58053106551 1.58053106551
7094 1.437855284 1.82818690528
7095 2.1035978251 2.1035978251
7099 3.94595395366 4.44855681822
7109 0.463433330979 0.621571550411
7112 1.90890100781 1.90890100781
7113 2.92417192435 3.28948887063
7119 1.17573227916 1.95781567261
7121 1.13147323835 1.35816375402
7123 0.0254700892561 0.0254700892561
7125 0.728639102905 1.09339481575
7127 7.12962362854 7.12962362854
7129 0.860676501641 1.20260250355
7130 0.831879386876 0.891200444733
7134 1.94642298453 2.02946039277
7135 1.20911476079 1.50839518212
7137 0.402117789814 0.402117789814
7142 2.35584106422 2.98259444339
7158 0.740843324852 0.740843324852
7159 1.32803776712 1.60778485708
7163 2.6518015411 2.91209742455
7164 1.40983230333 1.40983230333
7166 0.894858302405 1.00177956396
7168 2.02689610279 2.27116481869
7171 4.56664465699 5.75001367049
7173 0.0 0.0
7176 5.23835863243 7.10586558837
7177 0.999186239756 0.999186239756
7178 1.01433389903 1.27902560427
7181 1.07378469202 1.07378469202
7203 0.68180811288 0.752401740972
7215 2.25330918014 2.97152842486
7222 3.2623067607 3.2623067607
7226 2.76202408598 3.02677409386
7234 4.83968992995 4.83968992995
7251 0.359402066182 0.50827127634
7262 0.494276640544 0.593320325637
7263 0.651921704617 0.651921704617
7272 10.195316844 10.195316844
7275 3.77941800797 3.77941800797
7278 3.26753692957 3.26753692957
7290 4.67689153015 5.11769394293
7293 1.7537026422 2.08711741798
7294 5.0 5.0
7297 0.0 0.0
7304 1.124179867 1.47256404651
7310 1.70573029137 1.82841017632
7313 0.99636376859 0.99636376859
7320 2.50520460732 2.52710318752
7326 0.585134707135 0.585134707135
7328 1.77759339725 2.40777462512
7334 11.6473477407 11.6473477407
7335 2.22787106573 2.22787106573
7339 1.28492765646 1.57464497651
7342 6.6750677097 6.6750677097
7345 8.0 8.0
7351 4.21923348564 5.95467397228
7355 6.23873837003 6.23873837003
7356 5.13297637501 6.27941404402
7357 7.0 7.0
7382 1.3910735736 1.50523340053
7384 1.0 1.0
7387 1.69425049036 2.11814169031
7389 4.42655224189 5.4278095682
7398 6.48248444831 6.48248444831
7407 1.55359667636 1.55359667636
7411 3.7818055827 3.7818055827
7413 0.391218519511 0.391218519511
7414 1.74573494152 1.74573494152
7420 5.02691617022 7.05524661427
7431 3.10523381318 3.80406914837
7436 3.25822253671 3.74124980831
7437 2.83583015743 4.15836655905
7438 0.0 0.0
7442 2.82210673352 3.05632052653
7444 0.0 0.0
7446 0.471089009584 0.471089009584
7450 2.11831909835 2.11831909835
7453 1.35892163432 1.8194141681
7459 0.315673873934 0.315673873934
7465 0.822930936827 1.13565678277
7466 1.19147980985 1.46916841414
7474 2.52305867946 2.86638812542
7478 4.0 4.0
7484 1.88564740915 1.88564740915
7491 3.53002353845 3.53002353845
7493 2.60095143232 3.48315651551
7494 4.0 4.0
7497 2.09125128322 2.09125128322
7498 2.0 2.0
7504 1.0 1.0
7513 0.939224856069 1.17337419729
7515 1.69199655059 1.69199655059
7518 0.713812867192 1.01308428104
7525 1.00256713486 1.00256713486
7538 0.449174979906 0.449174979906
7543 1.2021911925 1.2021911925
7547 7.29762752012 7.33135011597
7553 3.23550996752 3.7470191463
7557 2.03066385282 2.03066385282
7561 2.99486061622 2.99486061622
7562 6.42876356321 6.42876356321
7564 1.51040517056 1.58777418932
7568 2.65271562517 2.84602644332
7574 3.95002220534 3.96128732236
7578 1.72292853597 1.72292853597
7580 0.917950788023 0.917950788023
7585 1.48612683403 1.48612683403
7587 0.518986540652 0.518986540652
7591 0.728869561078 0.892564641065
7594 1.63088208982 1.63088208982
7595 0.498777536002 0.498777536002
7600 2.26851357296 3.13074148087
7607 3.0 3.0
7608 1.1780464618 1.56574942367
7611 8.65307080153 8.65307080153
7621 1.01978112297 1.01978112297
7632 1.36006893849 1.60750631254
7638 6.0 6.0
2.16645357647 3.08219740942