5 0.692214357937 0.692214357937
6 0.395854385322 0.501827845001
9 1.65732511962 1.86228880432
14 1.0 1.0
15 1.91139653297 2.48691245453
19 3.0 3.0
22 3.81942578196 4.85198628836
24 6.49842160645 6.49842160645
25 1.2514167694 1.3539971069
35 2.12791372764 3.45404362744
55 1.13269961977 1.14044623622
57 5.0 5.0
58 1.0 1.0
66 3.47191011236 3.47191011236
68 2.84916342886 3.42635416326
69 1.48358594333 1.74855701785
76 1.58357031168 2.0705914586
81 1.6012884753 1.6012884753
83 4.473773817 4.88572406475
85 1.0 1.0
89 7.96964285714 7.96964285714
95 0.441389290883 0.441389290883
97 2.55516224189 2.55516224189
122 2.89916137691 3.54755883752
126 3.99623554855 5.30852346336
134 1.08279982928 1.2989357574
136 3.07543676728 3.14508570558
151 5.88277087034 5.88277087034
156 2.74194915254 2.84055869506
161 3.29109007408 3.97264606716
164 1.81774313289 2.16839143076
171 1.89053763324 2.4513735587
172 3.95729319443 4.46850516292
186 1.92610154436 2.01327352433
189 2.19950317417 3.43453477139
196 5.96902743475 5.9958195978
205 1.52822580645 1.59938894744
234 0.0937046004843 0.0937046004843
243 2.0 2.0
259 7.08571428571 7.08571428571
274 9.29763779528 9.29763779528
276 5.42195993992 5.76705032046
291 1.69673310047 1.69673310047
299 0.612716816769 0.6469063203
304 3.31355932203 3.31355932203
308 2.0 2.0
316 3.69950218518 4.18026408309
323 4.41696030068 4.41696030068
326 2.50496453901 2.50496453901
328 1.12846347607 1.12846347607
331 1.77944862155 2.89335318297
334 5.5 7.77817459305
342 2.36542923434 2.75830209879
343 3.94891455801 4.63537292162
346 2.13449023861 2.13449023861
347 2.27207392197 2.27207392197
348 1.9508504294 2.10041026114
362 0.5 0.707106781187
365 1.67558212925 2.1687521681
369 1.02669996164 1.38461867306
370 4.35969502168 4.35969502168
376 3.0 3.0
380 3.01553644322 3.39256285249
381 0.267860187553 0.267860187553
384 0.53702352827 0.704578662234
393 1.30487804878 1.30487804878
405 3.0 3.0
410 1.07024783626 1.20091270189
420 3.00925303452 4.0418148164
427 1.39992902768 1.45593423949
431 5.49163126961 6.72897005315
433 3.43618077088 3.86797187966
445 1.62673346455 1.72547082435
452 1.6839988333 1.71819099393
475 4.09456635319 4.09456635319
476 2.21233283804 3.13061663167
480 5.0 5.0
485 2.03656309884 2.87548503728
489 3.0 3.0
493 3.4096232481 4.17982967618
502 4.05333333333 4.05333333333
509 0.754674582877 0.908517026965
515 0.756729810568 0.794871304847
517 2.65059686759 3.41020720267
520 3.31569672466 3.78591875784
523 0.642273140204 0.908311385624
524 3.0815920398 3.0815920398
531 3.08794229517 3.70131186776
532 1.72381291955 1.87776921215
538 0.768340819382 0.835272151252
544 2.17958640086 2.86339321226
545 3.0 3.0
550 2.44252321486 2.44252321486
555 1.92752027479 2.92085616546
564 1.0 1.0
566 1.40419989367 1.52537048224
569 1.48453865337 1.48453865337
575 2.93491525424 2.93491525424
579 4.73004054056 5.27689747979
590 1.24461206897 1.76014726782
591 2.76845637584 2.76845637584
594 3.1344375963 3.1344375963
599 1.81535620865 1.81535620865
611 1.57185185185 1.95833416513
617 2.38130252101 2.38130252101
621 1.74816026165 1.74816026165
625 2.08585858586 2.08585858586
626 9.08564765741 9.08564765741
638 8.05050505051 8.05050505051
643 10.0045696877 10.0045696877
649 0.994047333691 1.15302967391
650 4.0 4.0
652 4.60802469136 4.60802469136
659 2.72718871533 3.27369481629
676 1.66073122342 2.16179970384
683 2.56404657933 2.60084414104
684 0.782405315654 0.799455925438
687 0.138108939379 0.138108939379
689 2.00784508894 2.1714832865
691 4.09294871795 4.09294871795
712 12.0 12.0
714 0.71439628483 1.01030891492
723 6.58333333333 6.58333333333
725 2.36277188975 2.60126516146
745 2.89426516508 3.10400722593
764 1.99952038369 1.99952038369
767 1.09919571046 1.09919571046
772 1.0 1.0
777 1.0503128327 1.37325639851
779 1.05021834061 1.05021834061
783 0.16975308642 0.16975308642
785 1.74134790528 1.74134790528
795 9.0 9.0
806 0.668338907469 0.668338907469
809 0.72803030303 0.72803030303
810 2.34973316049 2.99163437528
814 4.0 4.0
817 3.78987151076 4.59020615676
831 1.68720054757 1.68720054757
845 1.0 1.0
848 1.49087392723 1.49087392723
853 6.66587008349 7.01794008624
860 5.35802469136 5.35802469136
878 1.19033232628 1.19033232628
881 0.777425502058 0.841520844477
886 1.98106712565 1.98106712565
888 1.78519349411 1.78519349411
924 0.837516305241 1.18703011118
928 2.96998758289 4.17738407179
936 1.3073546625 1.3073546625
950 2.14851817974 2.90410216546
954 3.08048737881 3.08048737881
961 3.22910174152 3.45511058406
963 0.314095449501 0.314095449501
978 0.127272727273 0.127272727273
986 1.21500113074 1.70667118691
988 2.16551724138 2.16551724138
992 2.0 2.0
993 2.0 2.0
1005 1.0 1.0
1013 0.168615616748 0.168615616748
1023 5.49630844955 5.49630844955
1037 2.0 2.0
1040 1.11111111111 1.11111111111
1041 1.2117528284 1.71085232411
1051 2.32620806353 2.38341198012
1053 0.844646548125 0.931869635334
1056 3.36888103385 4.12367298518
1069 3.70450591883 4.57883206058
1070 0.993070239523 1.32036466574
1073 2.64401231586 2.65418698507
1074 1.70697674419 1.70697674419
1077 0.491670137443 0.491670137443
1079 3.19600757138 4.24150879207
1084 3.0 3.0
1088 8.27367318764 8.42091834204
1103 2.74227162209 2.74227162209
1129 1.36258555133 1.36258555133
1145 2.02589350839 2.02589350839
1148 8.5 9.19238815543
1154 2.50859410786 2.65407747974
1165 4.32433842833 5.59968058273
1166 2.52811918063 2.52811918063
1181 2.0217037439 2.0217037439
1193 1.39028790893 2.12396558721
1211 0.0484465508162 0.0484465508162
1212 0.00655737704918 0.00655737704918
1216 1.21457090738 1.3299473827
1219 3.0776778708 3.62857999721
1221 1.37364301944 1.37364301944
1226 0.255371674134 0.255371674134
1234 0.866400102012 1.18159080091
1239 0.59974025974 0.59974025974
1244 1.33808127357 1.33808127357
1261 0.692179700499 0.692179700499
1264 0.0 0.0
1266 2.36847761913 2.5883509209
1267 1.47927238143 1.72247133496
1269 12.0 12.0
1275 1.50088339223 1.50088339223
1283 12.0 12.0
1284 1.13001215067 1.13001215067
1285 1.69418521177 1.69418521177
1287 3.3863368538 4.37017161521
1289 1.33333333333 2.08166599947
1292 1.95641575663 2.32818166352
1295 0.992184107686 0.992184107686
1297 2.0549086192 2.19334857442
1308 3.62890625 3.62890625
1312 0.977061659463 1.16382675104
1313 0.904705175301 1.10716620181
1325 0.510309278351 0.510309278351
1330 1.80112608298 2.65974815493
1337 3.0 3.0
1345 1.50572606505 1.50572606505
1365 1.94015110792 2.61514863888
1369 1.85635568945 2.36388699818
1374 1.51334781069 1.86622192008
1384 6.98572314804 7.10754965694
1387 5.48303297927 6.24650265136
1389 1.31707668371 2.61539721821
1391 0.962614412328 1.1717213946
1413 6.0188034188 6.0188034188
1422 1.30851519042 1.30851519042
1424 2.28781897724 2.90054034745
1426 9.18997361065 9.22914640049
1434 1.34804968257 1.77549909051
1437 0.582420099977 0.603053015308
1438 4.18134808529 4.87025568339
1453 1.0 1.0
1455 5.49405559277 7.0979703104
1458 1.71870223036 2.14969486727
1461 2.33969465649 2.33969465649
1479 6.66786476232 7.01873032664
1480 1.1202905189 1.42987190334
1482 0.941724941725 0.941724941725
1483 1.38140892038 1.38140892038
1496 0.888589700438 0.902450090266
1499 0.938130987623 1.02717179453
1512 1.38069143838 1.72208699329
1513 1.73650894006 2.46627464612
1518 1.95545212766 1.95595949255
1530 3.20271317426 3.64849594398
1545 1.07269644253 1.27989837698
1547 2.7972927432 3.95596933537
1569 1.0 1.0
1579 3.05461923068 3.3137949822
1585 0.510590917455 0.586608688818
1597 6.85125702674 6.85226180027
1598 1.89376727049 1.89376727049
1599 2.04758452888 2.33503531027
1602 1.9463491395 2.46752290839
1605 5.0675470844 5.4759713989
1609 0.508340334664 0.699139074381
1622 2.62944893462 3.22815774079
1627 6.44801980198 6.44801980198
1628 3.72461551464 4.44331965439
1629 4.07459677419 4.07459677419
1631 1.19651112196 1.59930350606
1638 5.3312 5.3312
1651 1.55793185798 1.75047994129
1653 1.53357184872 1.67013242904
1658 3.0 3.0
1662 2.95971925542 2.95971925542
1674 2.32670157068 2.67837212811
1678 0.751914975105 0.751914975105
1684 2.60670070208 2.79728742456
1687 1.49641434263 1.49641434263
1691 8.80077625989 8.84159222818
1712 7.0 7.0
1718 0.904243338482 1.10469636563
1722 1.3374344527 1.55794531264
1731 1.61021005052 1.61021005052
1732 3.03857566766 3.03857566766
1754 3.79376225798 4.67840755351
1764 8.98017699115 8.98017699115
1770 4.07979556591 4.38113290777
1778 2.81749764817 2.81749764817
1789 1.31532530314 1.53893343157
1792 2.76833550989 3.50082094811
1793 0.240786240786 0.240786240786
1797 0.287764085425 0.374524106099
1802 1.53544796734 1.88778964968
1806 2.33569131833 2.33569131833
1807 2.00755477167 2.5101795211
1809 4.05598186257 4.05598186257
1811 2.04643071386 2.04643071386
1817 3.37482517483 3.37482517483
1825 6.64742268041 6.64742268041
1831 7.07083128382 7.07083128382
1832 0.490014265335 0.490014265335
1833 1.75446775447 1.75446775447
1836 0.00640279394645 0.00640279394645
1837 1.0 1.0
1838 2.11837748344 2.11837748344
1847 1.5283171521 1.5283171521
1849 0.453794418544 0.461045015897
1853 2.23891778298 2.30849128825
1855 3.0 3.0
1859 6.01163757273 6.01163757273
1867 0.034046692607 0.034046692607
1872 0.0 0.0
1878 0.0 0.0
1888 3.31551035012 3.99386971987
1896 1.41737700015 1.41737700015
1899 1.87129184574 1.99942819501
1901 2.3044717017 2.69740907465
1902 1.27716108688 1.56127067754
1907 0.0 0.0
1918 3.0 3.0
1921 3.55332100478 4.41344729889
1924 2.4239447429 2.4239447429
1926 2.07492795389 2.07492795389
1939 1.0 1.0
1940 3.0 3.0
1941 4.0 4.0
1946 5.08266129032 5.86040194348
1955 1.9864498645 1.9864498645
1957 2.50115372571 2.99608018369
1959 3.0 3.0
1962 4.02876712329 4.51074944707
1965 3.10027603515 3.87273538906
1966 3.13489499192 3.13489499192
1972 1.48180242634 1.48180242634
1984 1.03908790517 1.07965707701
1989 1.61136558832 2.12715880661
2005 1.04293329978 1.44092959115
2007 3.0 3.0
2011 0.605501509561 0.605501509561
2023 2.31874671411 3.02722461623
2033 3.7613850207 3.7613850207
2040 1.56392722702 2.02821680735
2045 0.418771043771 0.418771043771
2058 6.0 6.0
2062 3.66666666667 3.87298334621
2069 3.10070810386 4.38506345343
2071 3.0 3.0
2092 0.884545707915 1.25093653667
2096 1.99925332755 2.84421413772
2100 4.66769197429 5.69567501846
2103 2.60225796698 3.41545194109
2108 2.56908303399 3.10842355998
2115 2.58668281149 2.81399353066
2117 2.17481813095 2.17481813095
2127 1.5 2.12132034356
2142 2.53707627119 2.53707627119
2146 3.44322057209 3.49083732423
2149 1.02005730659 1.02005730659
2151 0.585432054819 0.585432054819
2155 2.02674719586 2.24831608469
2183 1.46326131546 1.46925236648
2186 3.3897707231 3.3897707231
2192 4.55434782609 4.55434782609
2195 2.24908277149 2.96366641377
2202 4.10144927536 4.20856689227
2204 3.7545068929 3.7545068929
2210 2.0 2.0
2211 1.2970030581 1.58912089925
2212 0.801133144476 0.801133144476
2233 3.0 3.0
2240 6.34333070245 6.34333070245
2242 2.68404455357 3.36993673169
2245 0.693956556969 0.996912349092
2246 1.24879519039 1.26268877065
2250 1.36035242291 1.36035242291
2254 4.00674178896 4.48325715824
2259 2.7684191861 2.7684191861
2262 1.35528532225 1.68154440473
2272 0.771990365666 0.799503707305
2278 2.59721304759 3.08648944755
2287 0.490100859171 0.490100859171
2289 1.0 1.0
2292 2.17511437477 2.79218660754
2299 4.12581443826 4.62217597313
2319 0.703902986121 0.759286201637
2320 2.20529004341 3.10633531535
2329 1.97713097713 1.97713097713
2332 1.38226849699 1.48374525086
2355 1.95164027149 2.17129430424
2358 3.36480657487 3.47426809193
2364 0.0 0.0
2367 3.61384648463 3.61384648463
2378 5.20869967608 5.20869967608
2386 2.30691276623 3.63338789348
2394 4.77899258102 6.37618018256
2402 4.81365313653 4.81365313653
2404 1.12265405645 1.12265405645
2409 2.09175075712 2.22499536349
2414 1.32870793519 1.32870793519
2422 3.35033524904 3.94802412534
2428 4.02971576227 4.02971576227
2430 1.42574257426 1.42574257426
2431 0.87786923952 1.13468248858
2450 2.32951316096 3.02785761257
2451 2.0 2.0
2475 4.54219145402 5.63171592667
2477 1.80363875619 1.89330987423
2478 0.930620867945 0.960781135175
2484 3.50104649974 3.50235068728
2494 0.820037697168 0.840998687384
2496 1.0 1.0
2499 3.88298073887 3.88298073887
2505 7.10061349693 7.66975580622
2506 5.72851682663 6.98794264876
2507 5.24441798154 5.24441798154
2508 6.1832460733 6.18596080867
2518 2.0 2.0
2527 0.285587188612 0.403881275375
2530 1.48050458716 1.55652770321
2537 1.39466666667 1.39466666667
2538 3.89693647649 3.95394265817
2539 2.36556353938 2.61188077984
2541 6.0 6.0
2551 3.56472368128 4.47810510009
2554 1.25 2.06155281281
2561 2.27831440455 2.50010246313
2562 1.68412508544 2.38171253656
2572 1.09298895809 1.13490989442
2580 1.0 1.0
2584 2.0 2.0
2585 5.35630251063 6.53617564924
2586 5.99725705329 7.21034279772
2587 4.77593061077 4.77593061077
2590 2.66157882185 2.66157882185
2609 1.01910828025 1.01910828025
2618 1.92092612305 2.49036521511
2627 1.70417789757 2.42730752911
2634 3.0 3.0
2636 1.5 1.58113883008
2645 1.99771480804 1.99771480804
2647 9.0 9.0
2669 1.55118306748 1.6961534377
2676 1.74796084829 1.74796084829
2679 2.17981381676 2.17981381676
2683 2.27502892079 2.60089811535
2685 1.67104363002 1.82912039722
2687 8.0 8.0
2690 1.12031037171 1.12919499421
2693 4.0 4.0
2699 1.23845405931 1.23845405931
2704 2.62559241706 2.62559241706
2714 0.0 0.0
2715 3.30752234779 3.57575901536
2716 9.16621376812 9.16621376812
2721 0.91852980627 0.92118716845
2733 3.5112188117 3.5112188117
2739 1.48386546859 2.24732273997
2750 2.0 2.0
2758 3.54711128344 3.54711128344
2761 3.0 3.0
2764 1.13037874444 1.33565186593
2765 3.12695732406 4.17821679247
2771 1.38369188008 1.75476229752
2772 0.908149864558 1.13074800313
2775 5.5368956743 5.5368956743
2777 2.4410721942 3.09323902725
2788 1.95300261097 1.95300261097
2800 2.41913025931 2.83811477831
2803 1.92474336593 2.37698318435
2805 1.0 1.0
2806 4.48532910389 4.48532910389
2838 0.774261871908 0.943193234451
2843 5.0 5.0
2846 0.529970326409 0.529970326409
2850 4.7579580088 4.91740101288
2852 3.49607072692 3.49607072692
2857 6.66264640036 7.02002107964
2860 2.06811530582 2.06811530582
2861 1.97966401415 1.97966401415
2863 4.59652887358 5.31464075545
2867 3.0 3.0
2877 3.0 3.0
2883 0.74263479711 0.74263479711
2890 1.00637440616 1.00641478103
2895 1.91892832289 1.91892832289
2899 1.5272567393 2.27151013607
2907 2.60399274047 2.60399274047
2913 1.44172109989 1.68162308606
2919 0.0 0.0
2928 2.3198709746 3.15867369365
2935 0.26693863072 0.26693863072
2961 2.58363519372 3.00694182945
2964 3.69170168067 4.35395250664
2966 1.98908296943 1.98908296943
2976 1.54886831002 1.81767556752
2977 1.5958628006 2.09711172213
2981 1.33199637728 1.88372734178
2987 2.71407185629 2.71407185629
3000 1.58897742779 1.99809850442
3011 1.04037987614 1.21851458712
3021 3.0 3.0
3045 1.60273633678 1.91757663421
3046 0.510050251256 0.510050251256
3050 12.0 12.0
3051 3.65396955658 5.09980735307
3052 1.39586070959 1.45090758561
3058 4.0 4.0
3064 0.684617973746 0.838770546159
3070 1.45501833508 1.5316534618
3074 1.01491646778 1.01491646778
3075 6.0 7.81024967591
3079 1.59584598227 2.1431421189
3092 2.42071509245 2.61385158927
3097 2.24528631285 2.24528631285
3102 1.10592149642 1.28283821913
3107 4.38086391082 4.38086391082
3110 1.6180960615 2.2858935292
3115 3.79959219342 3.99477237352
3116 0.0 0.0
3118 1.5950339935 1.5950339935
3127 3.15697757463 3.15697757463
3128 0.1021621156 0.1021621156
3129 0.685346177622 0.854985285174
3138 2.41176470588 2.41176470588
3139 2.77571052413 2.83681481074
3150 1.76326657928 2.10343905712
3165 0.991600570202 0.991713853594
3169 1.71551437292 2.08349578066
3182 1.56749894202 1.56749894202
3186 2.11717446241 2.41294267673
3187 1.11545664639 1.1733135788
3188 6.61295822677 6.61295822677
3193 1.4491374182 1.4491374182
3198 0.0 0.0
3203 4.23703703704 4.23703703704
3212 3.36989732031 3.36989732031
3219 2.89326166631 3.34893227451
3224 5.12030134141 5.12933410743
3225 5.07523338704 6.02617951499
3231 0.0669028761984 0.0669028761984
3242 0.902913749136 1.08095767713
3243 0.804985337243 0.804985337243
3244 2.11729899628 2.50388395904
3245 0.961464548115 1.1195054055
3252 2.0158038152 2.87802851965
3277 1.07054753309 1.07054753309
3278 2.51857888536 3.1303227657
3284 1.9370494872 2.14978513015
3286 2.0 2.0
3290 1.43502475248 1.43502475248
3293 3.64290407359 3.64290407359
3294 2.76443096955 2.87076438955
3296 1.2409033877 1.2409033877
3297 2.0 2.0
3298 1.0 1.0
3300 4.31486455396 4.51020065953
3321 1.51266374949 1.9406264622
3323 0.024644549763 0.024644549763
3328 6.0 6.0
3341 1.02113207608 1.41114467454
3345 1.33654704555 1.590263235
3347 0.433949504058 0.433949504058
3351 6.0 6.0
3352 0.0103703703704 0.0103703703704
3353 1.0746953405 1.0746953405
3366 1.31489361702 1.31489361702
3368 2.12323593719 2.12323593719
3374 1.0 1.0
3381 0.984680401479 0.984680401479
3385 3.13170300626 4.14721396212
3389 2.59483271804 2.59487465779
3395 2.26981194883 3.01513819383
3398 7.19136845339 7.19136845339
3399 1.69881889764 1.69881889764
3409 0.7853125 0.7853125
3410 3.75657071339 3.75657071339
3412 4.0 5.65685424949
3413 1.25848109133 1.35357075289
3418 3.0 3.0
3423 3.74803758379 4.32438001367
3426 0.841128590851 0.870619064595
3429 2.65282474073 3.29639909538
3431 1.43109540636 1.43109540636
3440 3.9254222988 5.00041298146
3450 2.0 2.0
3452 1.22039387806 1.73444978242
3464 11.0 11.0
3468 1.6326564143 1.75094863023
3478 1.40465393003 1.65744704474
3481 0.127085422554 0.127085422554
3486 2.00777843253 2.00777843253
3487 5.0 5.0
3488 0.0 0.0
3495 0.0171265461465 0.0171265461465
3502 1.73156634497 2.53761361265
3510 2.0 2.0
3514 10.6183527886 10.6183527886
3516 3.98173383561 4.88540773161
3517 2.20150462963 2.23741588402
3522 6.15499101873 6.15499101873
3523 1.88616531245 2.5466839237
3545 0.540768736403 0.667432416616
3554 0.0 0.0
3565 1.0 1.0
3571 1.99939601369 1.99939601369
3573 2.71539456662 2.71539456662
3578 2.08860759494 2.08860759494
3580 2.62146083369 3.01026485232
3583 1.46190319192 1.49532498028
3587 1.00881834215 1.00881834215
3592 10.0 10.0
3594 6.153125 6.15503001871
3595 3.05696635115 3.98456112
3597 2.55845942228 2.55845942228
3604 2.0 2.0
3607 3.0 5.19615242271
3608 5.38292561158 5.38292561158
3614 6.25988445169 6.26504458453
3619 0.579210069444 0.579210069444
3632 1.81825695505 2.06140689577
3636 2.49302213667 2.90590338355
3657 1.01246947289 1.08099679871
3661 1.96807243349 2.02388661976
3679 4.85750315259 4.85750315259
3683 0.669552126458 0.669552126458
3709 5.38575560376 5.56117631592
3719 1.99301247844 3.06534262654
3722 2.1517571885 2.1517571885
3728 4.5 6.36396103068
3729 3.30471618187 3.30471618187
3730 3.90918938437 3.90918938437
3735 1.70727507533 1.70727507533
3736 3.77837951142 4.14858949123
3738 0.421853388658 0.421853388658
3750 4.77662811929 4.77662811929
3755 3.11773768615 4.22584387338
3758 1.72372358406 1.93704392622
3760 0.968981793661 0.968981793661
3783 0.393148450245 0.393148450245
3802 0.656263800972 0.656263800972
3810 2.0 2.0
3814 1.48403361345 1.48403361345
3828 3.2380952381 3.2380952381
3831 2.79351215563 3.17341014894
3832 0.0 0.0
3840 4.47913992298 5.36592394663
3843 2.3211671563 2.3211671563
3849 2.0 2.0
3852 5.0 5.0
3857 1.5303349727 1.64167237138
3864 9.53206650831 9.53206650831
3868 1.66833166833 1.66833166833
3874 2.4157935584 2.4157935584
3876 6.13337393423 6.13337393423
3879 2.0 2.0
3882 2.53603218076 3.74267333996
3889 2.06294245238 3.19712047139
3895 0.47723344682 0.52866771211
3902 3.31711105359 3.31711105359
3912 0.768058690745 0.802315974768
3913 2.21670169167 3.07239311384
3918 1.0 1.0
3924 5.06162464986 5.06162464986
3927 2.21805615714 3.34895863199
3936 1.67250924857 2.13066723887
3938 0.0 0.0
3953 1.60062886753 2.13011179068
3961 3.75 5.17204021639
3983 4.59951295107 4.59951295107
3985 0.637168141593 0.637168141593
3993 1.29866796065 1.78435644745
3994 2.98028809704 2.98028809704
3995 1.90474295011 2.04418370206
4004 2.15613746877 2.65949433307
4023 3.16644444304 3.70936913039
4046 0.993630573248 0.993630573248
4048 9.09913067725 9.19073992834
4050 3.63131313131 3.63131313131
4053 1.91161956034 1.91161956034
4054 8.0 8.0
4064 1.55555555556 1.67774098562
4070 0.110632183908 0.110632183908
4075 0.969214900692 1.32109433044
4082 0.960594673927 1.49320682624
4091 1.99412372902 2.58615275221
4093 4.59588210117 5.27573035015
4105 1.0 1.0
4106 1.51750006521 1.53672470538
4113 2.0 2.82842712475
4141 2.35652173913 2.35652173913
4159 1.6843145002 1.6843145002
4161 0.0 0.0
4162 0.748325030064 0.748325030064
4172 1.50078736531 1.6230663752
4175 0.0 0.0
4179 0.733240547437 0.733240547437
4182 0.440366972477 0.440366972477
4186 1.41818181818 1.41818181818
4193 4.66666666667 4.69041575982
4195 2.99017802333 3.14985985864
4207 0.618260398567 0.703042103526
4210 0.516621680285 0.622164551601
4212 1.79918588011 1.88403775577
4219 0.586490939044 0.586490939044
4221 2.27600721587 2.27600721587
4227 5.5707801864 6.78181741107
4240 2.04592692204 2.81980921413
4252 0.68390386016 0.68390386016
4253 0.327304781075 0.357408000759
4260 1.23515187398 1.70160775385
4271 1.71813454158 1.90381616925
4274 1.52752293578 1.52752293578
4282 7.0 7.0
4296 2.55793845389 4.05242362231
4308 1.84619988031 1.84619988031
4315 0.933385933273 0.935759976873
4341 0.66960383291 0.894855553903
4349 7.0 7.0
4357 2.05214876857 2.05214876857
4362 5.7430420712 5.7430420712
4367 1.0 1.0
4382 2.21150038791 3.57587268905
4388 3.46226415094 3.46226415094
4395 1.40068424979 1.99426253457
4399 3.59801587302 3.59801587302
4416 9.37651707592 9.37651707592
4417 4.59566446748 4.59566446748
4420 0.187363517251 0.187363517251
4423 3.83686649951 4.4460885372
4426 2.37977980875 2.83652543528
4431 1.88936351986 1.88936351986
4433 2.9648241206 2.9648241206
4437 3.60181818182 3.60181818182
4444 2.19012015019 2.34147066271
4447 8.07618024297 8.13486508711
4456 1.68575772935 1.68575772935
4459 1.16879900949 1.16879900949
4461 0.835247714753 0.862053628412
4462 1.8157129001 1.8157129001
4474 1.49770642202 1.49770642202
4475 5.50962861073 5.50962861073
4492 1.0 1.0
4498 1.00791395692 1.00796526596
4501 12.0 12.0
4508 0.0 0.0
4514 1.0 1.0
4523 0.0 0.0
4524 3.0 3.0
4525 0.787444933921 0.787444933921
4526 2.05396825397 2.05396825397
4531 2.73378810732 2.88369667419
4534 1.0 1.0
4538 0.909955261992 1.23759893959
4543 8.49796747967 8.62898359344
4546 5.19245773732 5.19245773732
4550 1.4837817458 1.88715380939
4553 5.33333333333 5.59761854125
4558 0.985666293393 1.12505111581
4565 0.0 0.0
4569 0.774344605976 0.828690658526
4570 1.52658412236 1.59830587681
4582 3.27686597567 3.73678081915
4592 4.84114339269 5.17942837976
4593 4.44232152419 4.96163424319
4595 2.85119497394 2.97768999684
4602 1.32553349703 1.96979182659
4606 2.53506390986 2.95213089531
4613 2.88575029566 3.34531879357
4616 3.76963048499 3.76963048499
4619 1.09671680805 1.37569101304
4623 11.0 11.0
4624 6.66728110599 6.66728110599
4629 1.47179946384 1.53344378087
4636 1.52362204724 1.52362204724
4637 5.05326231691 5.05326231691
4644 1.28823313334 1.28823313334
4645 1.05807451794 1.17645015867
4651 0.202555430289 0.202555430289
4656 3.68791390728 3.68791390728
4660 3.04067198501 3.56661657185
4665 5.77113287889 6.47661589884
4673 5.92544987147 5.92544987147
4675 1.925883124 1.9356004947
4688 3.06703424057 3.5257104932
4698 1.0 1.0
4703 5.0 5.0
4709 3.61691531393 4.36605742624
4730 3.49537037037 3.49537037037
4740 2.76341024382 2.8218698592
4744 1.67162790698 1.67162790698
4748 2.63545622576 3.32443957236
4749 5.97536945813 5.97536945813
4760 1.50382327952 2.12132723429
4774 0.992911668484 0.992911668484
4781 1.46041993453 3.01476932655
4782 2.0 2.0
4790 2.15705204753 2.67942490934
4801 2.23667995651 2.23667995651
4802 0.978574711795 1.53445348532
4805 1.0 1.0
4806 3.0 3.0
4807 0.86484009517 1.08140948402
4810 1.96144278607 1.96144278607
4812 1.83619344774 1.83619344774
4813 1.0 1.0
4819 0.491407678245 0.491407678245
4820 4.98599766628 4.98599766628
4821 1.0 1.0
4827 2.01484522104 2.2594319812
4828 1.43952483801 1.43952483801
4851 4.0 4.0
4855 1.9631185265 2.76295633438
4861 7.93756533015 8.72398282365
4863 1.21786574353 1.47981820803
4871 6.5362308637 6.91695648446
4885 0.315410465675 0.315410465675
4894 1.99966889922 2.29438271064
4900 0.0 0.0
4910 6.0 6.0
4916 2.0 2.0
4920 2.11823356753 2.9638768706
4929 6.0 6.0
4956 0.75204054013 0.982745364905
4960 3.41696334071 3.41696334071
4964 2.84351619248 3.54413728026
4966 3.52384937238 3.52384937238
4967 2.06982629263 2.6791616175
4971 0.0 0.0
4983 2.86072929172 3.92050902494
4988 0.340910903725 0.340910903725
4993 5.41766766767 5.41766766767
5003 1.59708727948 1.63699875907
5009 1.0 1.0
5026 1.67414946041 1.86413312767
5036 0.309072781655 0.309072781655
5045 3.45084269663 3.45084269663
5047 2.0 2.0
5062 1.0 1.0
5065 0.980068621291 1.25935233775
5066 1.08247986705 1.09235963957
5067 6.24564548253 6.86105518854
5069 4.05303847537 5.63153362689
5077 1.50461022466 1.83847478593
5078 2.0 2.0
5085 2.74687065369 2.74687065369
5086 1.8972357468 1.90050596097
5096 5.9214559387 5.9214559387
5099 4.52837395417 4.52837395417
5113 2.59912955967 2.96395747801
5121 2.30796188089 2.7234435601
5124 4.8049689441 4.8049689441
5131 2.02325581395 2.02325581395
5132 4.10384994643 4.68695856171
5151 1.94058471681 2.30423946867
5154 1.5959962169 1.5959962169
5159 2.95848708487 2.95848708487
5167 2.59879608728 2.93216633594
5183 1.31716254268 1.98912200688
5191 5.2677607072 6.24118999137
5202 1.73986237955 2.08585196298
5204 2.24807826695 2.24807826695
5210 0.0 0.0
5217 2.42750159239 2.85288042675
5218 7.0 7.0
5219 2.40935297886 2.40935297886
5223 1.83306850053 2.15666434121
5228 3.90042310567 5.21169346031
5229 2.12651536172 2.68956720443
5233 1.99480968858 1.99480968858
5246 0.13438101347 0.13438101347
5251 3.68880241378 4.22436061641
5254 6.74383528848 6.74383528848
5271 4.35655737705 4.35655737705
5272 1.21279925397 1.73126524495
5280 1.45707266547 1.54620968593
5289 0.0337581811919 0.0337581811919
5291 1.52413925796 2.15792475772
5293 2.03146799735 2.03146799735
5294 3.17258498479 3.69984880014
5295 4.54942613847 4.54942613847
5300 4.5 6.36396103068
5310 3.11666332866 3.11666332866
5311 1.5252228989 2.17257184148
5321 0.429671457906 0.429671457906
5322 0.347602739726 0.347602739726
5325 8.15694483137 8.79003935911
5336 2.56019036954 2.56019036954
5344 1.54195333821 1.78342205278
5356 1.241595697 1.241595697
5361 0.765300393038 0.765300393038
5363 3.95037026571 4.87983893954
5367 0.0 0.0
5368 3.68403171008 3.68403171008
5371 4.61437051258 5.28544620404
5372 6.79077335375 6.79077335375
5374 10.0 10.0
5387 0.646376811594 0.646376811594
5404 0.778914664457 0.809683135615
5414 1.67931326336 1.6874804977
5421 0.378335949765 0.378335949765
5423 3.27035175879 3.9811678858
5424 3.11229946524 3.11229946524
5446 2.5032409582 2.5032409582
5454 7.0 7.0
5459 2.0 2.0
5462 3.98283931357 3.98283931357
5475 4.94483362522 4.94483362522
5477 3.29554006741 4.22529430089
5478 0.707864477939 0.712818992199
5481 1.65217391304 1.65217391304
5482 0.994865131846 1.36961566208
5484 3.12689727145 4.23523308892
5488 0.838704332298 1.0638119383
5492 0.997758967749 1.17956725126
5493 2.53652920243 2.53652920243
5496 0.600744284955 0.740175103928
5499 1.42099856174 1.42099856174
5506 1.02445785097 1.02445785097
5507 2.50717770847 2.87036917544
5512 1.0031188779 1.28992121006
5515 2.1544425335 2.87157807457
5518 3.25621251071 3.49012747432
5523 1.61226906679 1.61226906679
5545 0.366877515814 0.366877515814
5546 3.55006501951 3.55006501951
5554 2.4618380865 3.36603982525
5562 2.41803447389 3.33634698608
5565 0.00243902439025 0.00243902439025
5573 3.16560777516 5.26816850204
5575 0.489029535865 0.489029535865
5578 5.75975216121 5.81065881297
5581 0.0 0.0
5584 1.07442726652 1.47784112801
5608 3.14040916244 3.14040916244
5617 6.0770962296 6.0770962296
5633 6.89258896507 6.89258896507
5642 3.0 3.0
5646 1.56070989281 1.56070989281
5649 2.06248410596 2.34101338678
5652 0.639740566038 0.639740566038
5655 0.822215860292 0.822215860292
5659 3.28796169995 3.75162474944
5662 1.35840647198 1.66410424777
5669 1.99815242494 1.99815242494
5674 1.71571722892 2.03145613902
5683 0.287932251235 0.407197694741
5685 1.0 1.0
5687 4.0979811711 4.56038102607
5700 3.0 3.0
5702 9.0 9.0
5707 2.18507496909 2.97865466565
5720 4.0 4.0
5721 3.22373337762 4.9237039459
5724 2.7043218966 2.81004296198
5729 3.90454424838 5.07086141716
5736 1.62664473684 1.62664473684
5737 2.74800929257 2.90272255022
5740 1.04801670146 1.04801670146
5749 0.828629413151 0.828971986456
5763 3.71029468044 3.71029468044
5768 1.00952380952 1.00952380952
5772 3.08570920047 4.00632357975
5785 3.31079717457 4.03746969192
5786 2.05991604776 2.35217200923
5792 1.0 1.0
5799 4.44981132075 4.44981132075
5815 0.525234071706 0.525234071706
5816 1.0 1.0
5826 5.0 5.44671154612
5827 1.02968270215 1.02968270215
5831 1.0 1.0
5837 1.96148208709 2.89590224177
5846 6.5 6.96419413859
5849 4.91117294244 6.785481589
5851 2.07389813068 2.13118410879
5865 0.829025601174 1.03312123265
5870 5.80283167278 5.80283167278
5891 6.98208640674 6.98208640674
5892 2.31286836935 2.31286836935
5896 1.56914170862 1.85584973521
5897 3.19451920724 3.19451920724
5898 1.03294699065 1.03294699065
5911 8.53361198189 8.53361198189
5915 1.0 1.0
5931 3.58706492962 4.25519539653
5933 2.00613263353 2.37785914731
5934 10.4033227848 10.5251367257
5936 2.11451938997 2.79515095626
5937 12.0 12.0
5941 0.492916063234 0.573324838965
5945 0.999091734787 0.999091734787
5948 2.63465126544 3.33866441889
5956 5.57728673003 6.10453798865
5957 3.30714285714 3.30714285714
5968 1.14208308248 1.14208308248
5969 2.0036865101 2.23772210091
5974 3.11037555047 5.10183644335
5976 6.0 6.0
5992 6.66415486777 7.01411298745
6004 2.1595337219 2.1595337219
6006 2.57179561201 3.39723959697
6013 4.03287671233 4.03287671233
6018 5.0 5.0
6022 0.0249609984399 0.0249609984399
6026 0.223888404534 0.223888404534
6038 1.73593073593 1.73593073593
6040 5.21325301205 5.21325301205
6041 1.56317173085 1.83134411347
6043 1.85450738171 2.41542537735
6045 1.92157953281 1.92317905318
6055 1.09021296961 1.09021296961
6061 3.0 3.0
6063 7.43740236554 7.43740236554
6065 0.658217821782 0.658217821782
6071 1.71813285458 1.71813285458
6077 0.447795823666 0.447795823666
6091 7.41633726968 7.98477064118
6099 0.00218340611354 0.00308780253793
6103 0.81500317864 0.81500317864
6107 3.21331892314 3.95555758326
6115 1.0 1.0
6120 3.63762515865 5.2304472942
6124 7.31508967223 7.31508967223
6148 2.0 2.0
6150 2.06300999535 2.45265707248
6154 0.572043275141 0.572043275141
6168 1.45649108073 1.68380135323
6183 0.0 0.0
6194 5.31422838078 6.67848987524
6201 3.8161227472 3.8161227472
6202 2.86070308494 3.7664089869
6228 3.42546508819 3.42546508819
6234 0.81605641967 0.81605641967
6240 3.21022466758 3.77090164741
6269 0.958851674641 0.958851674641
6277 0.0 0.0
6280 7.5 7.64852927039
6283 1.39854044824 1.52569036428
6285 2.67269205939 2.67269205939
6287 0.973280574366 1.08296068681
6290 2.97898915772 3.14821172386
6297 0.588288288288 0.718045711426
6299 1.3416642333 1.80975269288
6303 4.66693354684 4.66693354684
6325 1.28974626958 1.54057868069
6328 2.11087792715 3.3204375395
6343 2.2822180495 2.55910912541
6346 2.0 2.0
6349 12.0 12.0
6372 9.12259100642 9.12259100642
6375 0.200761783844 0.200761783844
6377 3.22138131732 3.97041339493
6378 4.19075908034 4.62872738516
6379 0.715731758752 0.715731758752
6384 3.62999471924 3.62999471924
6386 0.512716620275 0.870912865714
6397 12.0 12.0
6400 7.48118811881 7.48118811881
6403 5.0 5.0
6404 1.32451923077 1.36369495263
6411 4.48778004073 5.14309428435
6415 5.0 5.0
6418 1.39683870053 1.42599159425
6419 2.33133732535 2.35476498779
6421 1.1579778831 1.1579778831
6431 3.58237547893 3.58237547893
6435 6.61550387597 6.61550387597
6440 0.350961538462 0.350961538462
6444 1.0 1.0
6450 2.12743292958 2.65150393437
6454 1.67677111717 1.67677111717
6455 0.954109730757 1.06895463542
6456 1.95573769303 2.33809963525
6458 2.5 2.5495097568
6463 0.905801375972 0.965131707937
6470 1.26264579693 1.93323350013
6476 5.76726584674 5.76726584674
6484 1.77950265748 2.3549391307
6488 4.0 4.0
6497 0.429429429429 0.429429429429
6517 3.23907605156 3.3673024305
6521 2.47379962584 2.80021983155
6526 0.106243154436 0.106243154436
6530 0.0 0.0
6533 1.6138243939 1.74105733008
6538 2.13494292434 2.17994784578
6549 1.50137120506 1.89720838555
6560 2.31635599627 2.99696121339
6562 1.49051027975 2.08198522883
6564 4.72732394366 4.72732394366
6574 0.784877684407 1.05848487464
6583 1.0 1.0
6595 1.1584451499 1.15845010702
6614 11.0 11.0
6615 1.59066259956 1.59066259956
6619 0.0 0.0
6631 3.57832606079 4.18850634955
6640 2.03362834496 2.11467883954
6644 1.69928852924 2.16567188363
6651 1.5209779028 1.92178026465
6657 3.33013544018 3.33013544018
6680 0.87020979021 0.87020979021
6689 6.32104454685 6.32104454685
6697 1.23778436257 1.28213554982
6703 2.0 2.0
6704 5.55021834061 5.55021834061
6716 2.51247665279 3.77321347843
6732 2.5303630363 2.5303630363
6736 2.10124153983 2.39631845962
6737 2.81615762009 4.1492811081
6738 0.504140786749 0.504140786749
6740 2.05344418052 2.90400860967
6748 2.33036268559 3.03656545688
6766 3.40755948946 4.72749834343
6770 6.40504050405 6.40504050405
6775 2.27612272121 2.27612272121
6779 2.40780153058 2.55056074898
6780 3.46127366609 3.46127366609
6800 1.64405196045 2.61683257069
6809 3.77840909091 3.77840909091
6816 6.27762334955 6.27762334955
6823 1.05163275597 1.20326868929
6826 2.0 2.0
6829 2.42603767987 2.61047870333
6830 2.47568093385 2.52096577467
6838 4.67427859664 4.67427859664
6839 2.01974211215 2.71058250471
6844 3.3172939495 3.3172939495
6854 2.53760941291 3.00588667491
6863 1.06840341515 1.14315984299
6872 2.52568887441 3.61354047559
6878 4.04385138671 4.15535247704
6883 2.56397105598 2.93872875645
6887 3.0 3.0
6889 0.448614037932 0.448614037932
6895 1.72457673158 3.20316625714
6902 5.0 5.0
6917 3.11243243243 3.11243243243
6921 0.768034438666 0.938300248019
6940 3.89964852458 4.49837602788
6948 0.186383046022 0.186383046022
6955 0.360779342174 0.501843902618
6968 3.53697183099 3.53697183099
6971 0.745551601423 0.787776096314
6975 3.66666666667 6.35085296109
6980 0.0940136601045 0.0940136601045
6993 0.46491654513 0.46491654513
7001 1.19960471811 1.338593483
7005 12.0 12.0
7006 2.65567361439 3.54402006342
7011 1.28058676654 1.28058676654
7012 3.28270068705 3.36045533174
7013 3.84735162731 3.84735162731
7030 0.846512316941 0.971860701827
7043 1.05585585586 1.37820525322
7045 2.77319587629 2.77319587629
7052 5.60993463733 6.00527077834
7060 0.0 0.0
7063 1.08011869436 1.08011869436
7074 0.534161490683 0.534161490683
7079 4.0 4.0
7080 3.75782552091 4.66032512789
7081 0.88998405566 0.88998405566
7088 1.3482428115 1.3482428115
7094 0.769594184345 0.834750115501
7095 1.98517673888 1.98517673888
7099 5.62542759407 5.62542759407
7109 0.792139120032 0.87569043456
7112 2.56023839932 2.56023839932
7113 3.21230036909 4.25396908837
7119 1.53396447394 2.06378988367
7121 1.17944177047 1.44747814439
7125 1.0 1.0
7129 1.41143984221 1.41143984221
7130 0.978329861893 1.33349974777
7134 2.12862054157 2.16375241654
7135 0.263741805345 0.263741805345
7137 0.243150684932 0.243150684932
7142 3.47191330208 5.56684230089
7158 7.0 7.0
7159 1.16179025229 1.56478921638
7163 4.5138381201 4.53994360625
7164 3.0 3.0
7166 1.64490263459 1.90382762397
7168 2.35237445751 2.65982852862
7171 6.43788690483 7.70402225207
7176 2.33343690564 3.81161158851
7177 0.693921463152 0.693921463152
7178 0.679678618964 0.796322809496
7181 1.31459048997 1.31459048997
7203 0.0253411306043 0.0253411306043
7215 1.33333333333 1.82574185835
7222 3.38604240283 3.38604240283
7226 1.20821431329 1.20821431329
7234 4.1002556092 4.1002556092
7251 0.210070160957 0.297084070676
7262 0.876560018153 1.10391078744
7263 2.78090720427 2.78090720427
7272 7.81375614113 7.81375614113
7278 3.36122047244 3.36122047244
7290 4.45255318532 4.69368186067
7293 1.48025276461 1.48025276461
7297 0.0 0.0
7304 2.73193286968 3.00981551708
7310 1.691019982 2.31606474191
7320 3.21450888799 3.95463831691
7326 0.570226469977 0.570226469977
7328 1.49431178445 2.07861063179
7334 12.0 12.0
7335 1.0 1.0
7339 0.509836967232 0.580994741188
7342 6.05743838028 6.05743838028
7351 3.11013404738 4.65310128284
7355 8.61578947368 8.61578947368
7356 1.29441997063 1.4742341192
7357 7.0 7.0
7382 1.11837509401 1.16288482715
7385 5.0 5.0
7387 2.13988103502 2.61568397702
7389 5.40678503488 5.58680307043
7398 3.0 3.0
7407 1.94740924604 1.94740924604
7411 3.0 3.0
7413 0.538335158817 0.538335158817
7414 3.23735244519 3.23735244519
7420 1.3480463097 1.39225180437
7431 3.76518047677 4.70757075711
7436 2.35354487015 2.3618811595
7437 2.411924302 3.16552772008
7442 2.32404948253 2.58508462247
7446 0.409448818898 0.409448818898
7450 1.75169300226 1.75169300226
7453 0.740021546753 0.894896643083
7459 0.9763130793 0.9763130793
7465 1.24118108657 1.56607440382
7466 1.33776042232 1.64084314482
7474 2.85310130449 2.98249597125
7484 1.34409864944 1.34409864944
7491 6.0 6.0
7493 3.80666056141 4.26257472214
7498 2.0 2.0
7504 1.0 1.0
7513 2.2501742744 2.71621590489
7515 1.0 1.0
7518 1.70292366767 2.166855342
7525 3.0 3.0
7538 0.0 0.0
7543 4.9815498155 4.9815498155
7547 2.75069166923 2.75069166923
7553 4.44864911386 4.76271037223
7557 3.70275722932 3.70275722932
7561 2.91755464481 2.91755464481
7562 5.20220432387 5.20220432387
7564 0.811581840584 0.811581840584
7568 0.751953613027 0.855657973551
7574 4.28566463567 5.10180171787
7578 5.90655154901 5.90655154901
7580 0.238048299655 0.238048299655
7585 1.0 1.0
7587 2.0 2.0
7591 3.48764029181 3.99790125091
7600 3.46294410876 3.62925602559
7608 3.00326264274 3.00326264274
7611 5.63257575758 5.63257575758
7621 0.742426806566 0.742426806566
7632 2.7584195983 3.30101457016
2.41711315924 3.34858732314