5 0.340418679549 0.340418679549
6 0.517641546889 0.684054002053
9 1.2444910808 1.45586804937
14 1.0 1.0
15 1.94069906689 2.75326895787
19 3.0 3.0
22 1.22829131653 1.30708366251
24 3.8213592233 3.8213592233
25 1.44584301559 1.51070533575
35 1.16223492606 1.51143450954
55 0.0 0.0
57 5.0 5.0
68 3.21865319971 4.20392714861
69 1.72970548705 2.01440415686
76 1.65715764114 2.1848899468
81 1.67020648968 1.67020648968
83 3.20992541186 3.66287605028
85 1.0 1.0
89 6.0426742532 6.0426742532
95 0.0382513661202 0.0382513661202
97 3.21902748414 3.21902748414
122 4.77400762535 4.91816138
126 9.77374599787 9.77374599787
134 0.0114068441065 0.0114068441065
136 3.70144849785 3.89136950855
151 8.87425149701 8.87425149701
156 6.5 7.90569415042
161 3.21844916295 4.06288178193
164 2.52158273381 2.56656629839
171 1.22451715968 1.3733477708
172 4.53914701142 4.74923580881
186 3.23539823009 3.32451764529
189 2.50376088678 2.92063612639
196 6.0 8.48528137424
234 0.215611974233 0.215611974233
243 2.0 2.0
274 10.0239520958 10.0239520958
276 7.1289750038 7.27820334664
291 0.658423493045 0.658423493045
299 0.268626319113 0.351611724882
304 1.0 1.0
316 3.34518509544 3.48281959721
323 3.86037735849 3.86037735849
328 7.0 7.0
331 1.77944862155 2.89335318297
334 0.0 0.0
342 6.5 6.5192024052
343 6.5 7.90569415042
346 4.0 4.0
347 7.0 7.0
348 1.88761877099 2.28454032987
362 0.5 0.707106781187
365 1.73183485834 1.95547585042
369 0.993539416597 1.49617436523
370 4.13650121065 4.13650121065
380 3.95988040228 4.97361462434
381 0.0145426114152 0.0145426114152
384 1.06793170832 1.34772928821
393 1.0 1.0
405 3.0 3.0
410 1.1969273743 1.21301917961
420 3.8876778809 5.11269271793
427 1.98549883991 1.98549883991
431 3.57618639572 3.90355269264
433 3.20740020343 3.61951129987
445 2.06303267765 2.14092808222
452 1.63346979127 1.74048083331
475 5.88550247117 5.88550247117
476 1.33423035522 1.49111363105
485 1.6271263991 2.21813705767
489 3.0 3.0
493 3.86231884058 4.79800911518
502 7.0 7.0
509 0.808333914351 0.828640094187
517 3.15579701926 4.16026925901
520 0.0 0.0
523 1.37844664281 1.37844664281
524 3.67974633373 3.67974633373
531 3.99449331148 5.21453348645
532 1.01095461659 1.01095461659
538 0.403301886792 0.403301886792
544 1.17759291409 1.76302985211
550 2.5002354049 2.5002354049
555 0.523491045236 0.553788619374
564 1.0 1.0
566 1.6281039461 1.67003866249
569 0.740901213172 0.740901213172
575 0.0 0.0
579 2.33619172877 2.53179803982
590 0.0 0.0
591 0.0 0.0
594 1.62392730944 1.62392730944
599 2.57033924681 2.57033924681
611 1.2 1.54919333848
617 2.2732132251 2.2732132251
625 1.59769378603 1.59769378603
626 9.78989361702 9.78989361702
638 9.0 9.0
643 10.0045696877 10.0045696877
649 0.454505280834 0.571842130455
650 4.0 4.0
652 4.60802469136 4.60802469136
659 2.08578375775 3.1491544427
676 1.92075750205 2.3580839663
683 3.5 3.53553390593
684 0.8496098095 0.884098885401
687 0.338190954774 0.338190954774
689 1.88757582081 2.0077580714
691 6.0 6.0
712 12.0 12.0
714 0.193091732729 0.273072947208
723 4.80666666667 4.80666666667
725 1.03336703741 1.03336703741
745 1.38110340972 1.60591426356
767 0.0624775583483 0.0624775583483
777 1.07679186374 1.34006703635
779 2.0 2.0
783 1.50487012987 1.50487012987
785 2.75971731449 2.75971731449
795 9.0 9.0
806 0.935461956522 0.935461956522
809 0.00736377025037 0.00736377025037
810 2.42680205055 2.82470863816
814 4.0 4.0
817 3.03976702282 3.81908339482
831 2.30051813472 2.30051813472
848 2.01601830664 2.01601830664
853 7.21564216429 7.43894346142
860 4.28149300156 4.28149300156
878 1.0 1.0
881 1.0 1.41421356237
886 1.0 1.0
888 1.30095036959 1.30095036959
924 0.889422272591 1.19439148062
928 2.29022995397 3.18471068028
936 0.914810231023 0.914810231023
950 2.23761313641 2.9858858695
954 3.20638879949 3.20638879949
961 3.9401343049 3.9401343049
963 0.0223325062035 0.0223325062035
978 1.43661971831 1.43661971831
986 1.1766768796 1.72270606249
988 1.0 1.0
993 2.0 2.0
1013 1.01405975395 1.01405975395
1023 1.0 1.0
1037 2.0 2.0
1040 2.0 2.0
1041 1.33402855845 1.75667899856
1051 1.50076749436 1.67363065006
1053 0.455694749261 0.651779540215
1056 6.0 6.0
1069 5.5 7.10633520178
1070 0.875526828181 1.31613693352
1073 3.11719033887 3.13376050225
1074 1.0 1.0
1077 1.26737967914 1.26737967914
1079 2.01814955611 2.81854415248
1088 7.49045801527 7.89362669527
1103 3.02124430956 3.02124430956
1129 1.89223057644 1.89223057644
1145 1.76388888889 1.76388888889
1148 8.5 9.19238815543
1154 3.70780169349 4.06786242661
1165 1.84245928686 2.43249271487
1166 3.0 3.0
1181 2.0384247449 2.0384247449
1193 1.54271957525 2.17225075787
1211 0.0419463087248 0.0419463087248
1216 1.06241786587 1.31650241178
1219 2.90224738363 3.55556703008
1221 1.58608695652 1.58608695652
1226 0.262449186992 0.262449186992
1234 1.4502322917 2.04118595779
1239 0.0311915159077 0.0311915159077
1244 1.44025157233 1.44025157233
1261 1.0 1.0
1266 1.25736822494 1.25752226126
1267 1.32769821035 1.64718151869
1283 12.0 12.0
1284 1.13001215067 1.13001215067
1285 4.0 4.0
1287 3.89352582901 4.32954771845
1289 1.25 2.06155281281
1292 1.11051282051 1.30510762666
1295 0.510074231177 0.510074231177
1297 1.87582865747 2.0614498525
1308 3.0 3.0
1312 1.25228832952 1.45852624331
1313 1.16338007139 1.22374552091
1330 2.90691153239 4.82256678324
1337 3.0 3.0
1345 3.35140562249 3.35140562249
1365 2.69535259411 3.47956041671
1369 2.78859857482 2.89795957938
1374 4.27097396336 5.08700338202
1384 6.77074370006 6.81447108022
1387 7.5 8.27647267862
1389 1.30658422967 2.68956753061
1391 1.37705044823 1.60290253865
1413 6.72319688109 6.72319688109
1422 2.25912259123 2.25912259123
1424 5.57088703563 5.57088703563
1426 9.20868963609 9.29838490177
1434 0.152833001988 0.152833001988
1437 0.391243558914 0.432522199973
1438 4.89958307757 5.19154987355
1455 9.32167638079 9.32167638079
1458 1.53692606866 1.76598606836
1461 1.2649930265 1.2649930265
1479 7.21548950054 7.43887849403
1480 0.759181725168 0.924407047604
1482 0.0 0.0
1483 3.14216478191 3.14216478191
1496 2.06114239743 2.06114239743
1499 1.23085585586 1.45140926426
1512 2.99695981798 4.4396708081
1513 1.10888492823 1.2870504316
1518 1.0 1.0
1530 3.5 4.30116263352
1545 0.842987994535 1.16759237736
1547 5.53684841222 5.53684841222
1569 1.0 1.0
1579 2.94385964912 2.94385964912
1585 0.247481964141 0.368667899268
1597 7.68779614676 7.72810426924
1598 3.02171945701 3.02171945701
1599 2.86975479092 3.20050200433
1602 2.16684743777 2.63394088001
1605 4.46204603859 5.37529839944
1609 0.189797471678 0.245077738789
1622 3.51802755968 4.8918427943
1628 4.07921808877 4.83397971006
1629 2.35652173913 2.35652173913
1631 1.25298479238 1.68925782324
1638 7.08515535098 7.08515535098
1651 3.00766779922 3.29822471158
1653 1.34492372362 1.70436253981
1662 3.36802304645 3.36802304645
1674 2.99549365014 3.59930230959
1678 0.601741208604 0.601741208604
1684 2.88933706955 3.15442806115
1691 10.6666666667 10.677078252
1712 7.0 7.0
1718 2.64569551325 3.14919589009
1722 1.36873597607 1.87584881705
1731 1.79586563307 1.79586563307
1732 4.0 4.0
1754 3.97380877636 4.72707769969
1770 4.23401469412 4.58178511306
1778 0.0 0.0
1789 1.7654373928 2.17012223279
1792 2.72660971583 3.53704288739
1793 0.525143029208 0.525143029208
1797 1.25381903643 1.27925223446
1802 1.66476543328 2.05481397207
1806 0.694006309148 0.694006309148
1807 2.73490502035 2.73490502035
1809 2.19209039548 2.19209039548
1811 2.14710629467 2.14710629467
1817 3.52038834951 3.52038834951
1831 6.5501618123 6.5501618123
1832 0.490014265335 0.490014265335
1833 2.0 2.0
1836 0.00944206008584 0.00944206008584
1837 1.0 1.0
1838 2.13327120224 2.13327120224
1847 1.5283171521 1.5283171521
1849 0.194926353915 0.206067885448
1853 3.0 3.0
1855 3.0 3.0
1859 6.5140625 6.5140625
1867 1.0 1.0
1872 0.0 0.0
1888 2.98849249249 3.92591963279
1896 1.15975 1.15975
1899 2.44181447111 2.60761684761
1901 2.28167262286 2.71937693102
1902 1.18628609163 1.43259518437
1921 0.945209036614 0.945209036614
1924 2.8537282411 2.8537282411
1926 1.90011481056 1.90011481056
1940 3.0 3.0
1941 4.0 4.0
1946 0.0 0.0
1957 2.59645603212 3.37559294388
1959 3.0 3.0
1962 9.0 9.0
1965 2.67621605229 3.55852652833
1966 2.62672372801 2.62672372801
1972 2.47337278107 2.47337278107
1984 1.09551443075 1.15700447429
1989 1.80961568143 2.16603872089
2005 1.53486750349 1.62539272164
2011 1.60427807487 1.60427807487
2023 3.06195624435 3.50797678658
2033 3.68921568627 3.68921568627
2040 1.92635310934 2.43895630273
2045 1.21915103653 1.21915103653
2062 3.66666666667 3.87298334621
2069 6.11016042781 6.11016042781
2092 2.79271137026 2.79271137026
2096 3.18368946101 5.08514669927
2100 4.98505997567 5.92322796438
2103 2.65851198034 3.46482466679
2108 2.9654048693 3.63945190086
2115 3.60463647938 3.70666507197
2117 2.45437100213 2.45437100213
2127 1.5 2.12132034356
2142 5.0 5.0
2146 2.24443312752 2.41620659961
2149 1.0 1.0
2151 0.727478937135 0.727478937135
2155 1.05349439172 1.05349439172
2183 1.39327619445 1.39468010847
2186 0.0 0.0
2192 4.55434782609 4.55434782609
2195 3.25699844479 3.90873249175
2202 4.10144927536 4.20856689227
2204 6.0 6.0
2211 0.936150234742 1.24547080003
2212 6.0 6.0
2240 6.34333070245 6.34333070245
2242 2.86086369771 3.55772501551
2245 0.957110749741 1.4161170073
2246 1.26587657894 1.26987311792
2250 1.39221140473 1.39221140473
2254 7.0 7.0
2259 3.03148263027 3.03148263027
2262 0.724394605721 0.742708699637
2272 0.711141633092 0.741191731321
2278 2.12334690081 2.47312361994
2287 0.157783417936 0.157783417936
2289 1.0 1.0
2292 0.0 0.0
2299 2.68701837582 2.77345668808
2319 0.945541755537 0.977847188621
2320 2.09239353106 2.83092159455
2332 1.24614351259 1.66560554246
2355 2.875 3.43238255444
2358 3.92420930124 3.93206827
2367 4.48101265823 4.48101265823
2378 4.49864498645 4.49864498645
2386 2.23703170029 2.27716816573
2394 0.493421052632 0.493421052632
2402 4.92522596549 4.92522596549
2404 0.938566552901 0.938566552901
2409 2.04270460726 2.33543336669
2414 1.45775778991 1.45775778991
2422 3.61240583804 4.00884305862
2428 5.97805907173 5.97805907173
2430 1.0 1.0
2431 2.03816793893 2.19629433298
2450 1.0 1.41421356237
2451 2.0 2.0
2475 4.73555730917 5.72269477352
2477 2.19456583991 2.21565516083
2478 0.367389060888 0.580355676349
2484 2.48620401338 2.89655187516
2494 1.25438596491 1.45925475442
2499 3.75244937949 3.75244937949
2505 4.36708860759 4.36708860759
2506 5.54580690627 6.88378502259
2507 1.96551724138 1.96551724138
2508 6.1832460733 6.18596080867
2530 0.0 0.0
2537 1.32502651113 1.32502651113
2538 2.49552290785 3.18840293896
2539 0.495375508694 0.495375508694
2541 6.0 6.0
2551 3.27009612074 4.49585153451
2554 2.0 2.82842712475
2561 1.68600581207 2.10474355627
2562 3.67161410019 3.67161410019
2572 1.03037507447 1.20980210616
2584 2.0 2.0
2585 3.03837953092 3.03837953092
2586 5.5 7.10633520178
2587 6.26006631928 6.26006631928
2590 2.99054428044 2.99054428044
2609 1.01910828025 1.01910828025
2618 2.00017891986 2.5035455358
2627 1.0 1.73205080757
2634 3.0 3.0
2636 1.5 1.58113883008
2645 1.68288288288 1.68288288288
2669 1.61039567122 2.10151955702
2676 4.52116082225 4.52116082225
2679 1.91356066614 1.91356066614
2683 2.41070517837 2.8028774713
2685 1.69047771278 1.85115148991
2687 8.0 8.0
2690 1.00165016502 1.41421548786
2699 2.2045370026 2.2045370026
2704 4.0 4.0
2715 3.38842207483 3.40038281318
2716 8.76545253863 8.76545253863
2721 2.3359123396 2.57096171382
2733 3.89548927779 3.89548927779
2739 0.995980200199 1.65457445102
2750 2.0 2.0
2758 4.74962742176 4.74962742176
2761 3.0 3.0
2764 1.52087662731 1.79660679754
2765 2.46970433599 3.26306172791
2771 0.848037688114 1.44888861383
2772 1.93932883537 2.02053995868
2775 7.0 7.0
2777 2.73953990649 3.49975561342
2788 3.15292144255 3.15292144255
2800 1.50314465409 1.85267903417
2803 1.73807379656 2.18914778773
2806 4.0054894785 4.0054894785
2838 1.17762538401 1.56180298639
2846 1.42222222222 1.42222222222
2850 3.35238417315 3.35238417315
2857 7.22308836811 7.44524127812
2860 1.94422956956 1.94422956956
2861 1.0 1.0
2863 3.80208333333 3.98633189962
2883 0.74263479711 0.74263479711
2890 1.48141432457 1.48141432457
2895 1.35446685879 1.35446685879
2899 1.81826529232 2.38986103918
2907 2.02116402116 2.02116402116
2913 1.72560381033 2.02259757849
2928 3.13544419884 4.01979917162
2935 0.227357828224 0.227357828224
2961 2.31578947368 3.50701710504
2964 2.0 2.0
2966 1.0 1.0
2976 0.957361911152 1.13741869327
2977 1.95348964947 2.32515201066
2981 2.18233541046 2.18233541046
2987 2.01551189245 2.01551189245
3000 1.36318824414 1.93607601729
3011 0.37204348382 0.375284697019
3045 2.13724502644 2.33719118821
3046 1.0 1.0
3051 3.98477040172 5.19366382543
3052 0.797864639884 0.797864639884
3064 1.09978070175 1.09978070175
3070 3.03109452736 3.03109452736
3074 0.0 0.0
3075 11.0 11.0
3079 1.74510933153 2.05625242751
3092 1.98183078387 2.13453343377
3097 1.49578291162 1.49578291162
3102 0.653781254794 0.653781254794
3107 5.71983020012 5.71983020012
3110 1.61337461517 2.29793397617
3115 3.74813153961 3.96768699912
3116 0.0 0.0
3118 1.92479187244 1.92479187244
3127 3.0110028293 3.0110028293
3128 0.271434605096 0.271434605096
3129 1.42767295597 1.49035372529
3138 2.57506053269 2.57506053269
3139 2.40353982301 2.78333032814
3150 1.49989059081 1.87065325294
3165 0.974517472445 0.984841046946
3169 1.85965953123 2.19446973722
3182 2.58706467662 2.58706467662
3186 1.96868984423 2.6313651909
3187 1.38337475979 1.41575226611
3188 2.0 2.0
3193 1.83079973562 1.83079973562
3198 0.0 0.0
3203 3.99500998004 3.99500998004
3212 2.40588637919 2.40588637919
3219 2.9873230608 3.83923783559
3224 5.99027754884 6.14203316167
3225 5.46081606218 6.18635901779
3231 1.25726315789 1.25726315789
3242 1.11128284389 1.57159126947
3243 0.704754601227 0.704754601227
3244 1.17594849441 1.18496933315
3245 0.998526892069 1.24723595975
3252 1.96633288603 3.00335009368
3277 0.265427509294 0.265427509294
3278 0.533644278607 0.533714286527
3284 1.15001144857 1.58854170526
3286 2.0 2.0
3290 2.1863221294 2.1863221294
3293 3.17318900916 3.17318900916
3294 2.8167639033 2.83629954513
3296 2.14029850746 2.14029850746
3300 4.64527629234 4.68987988392
3321 1.66488644949 2.23017281767
3328 6.0 6.0
3341 1.36990291793 1.44892077975
3345 1.39176140316 1.67838801414
3347 2.5 2.5
3351 6.0 6.0
3352 0.473002159827 0.473002159827
3353 0.919409761635 0.919409761635
3366 1.0 1.0
3368 2.27083333333 2.27083333333
3374 1.0 1.0
3381 1.11453879047 1.11453879047
3385 3.21610020478 4.35013961136
3389 2.91404324186 2.97909543842
3395 2.12822183393 2.67822862275
3398 5.54267256035 5.54267256035
3399 1.88436830835 1.88436830835
3409 0.736175115207 0.736175115207
3410 1.99046483909 1.99046483909
3412 0.0 0.0
3413 0.969725492833 1.01376950224
3418 3.0 3.0
3423 2.79213977643 3.60067263022
3426 1.14418087472 1.15322937819
3429 3.11708437571 3.83200573052
3431 1.68309859155 1.68309859155
3440 1.46073194857 1.46073194857
3450 2.0 2.0
3452 1.58266191483 1.77960004512
3464 11.0 11.0
3468 1.69144709327 1.82731834996
3478 2.16047988739 2.25830355598
3481 0.713349514563 0.713349514563
3486 1.67852965748 1.67852965748
3487 5.0 5.0
3488 0.0 0.0
3495 0.0326086956522 0.0326086956522
3502 1.84096259948 2.71959377953
3510 2.0 2.0
3514 10.768776824 10.768776824
3516 4.5 5.7008771255
3517 2.33945131376 2.41220107633
3522 6.49037893991 6.49037893991
3523 2.52012213388 3.17564490489
3545 0.822482978415 0.823164925716
3565 1.0 1.0
3571 2.25472986152 2.25472986152
3573 2.79817775486 2.79817775486
3578 2.82327586207 2.82327586207
3580 1.8435334873 2.02735405467
3583 3.03281397545 4.13144747296
3594 6.0 6.0
3595 2.77832581931 3.61595165656
3597 4.48532289628 4.48532289628
3604 2.0 2.0
3607 9.0 9.0
3608 4.63137632339 4.63137632339
3614 6.99150382328 6.99150898562
3619 0.454723309111 0.454723309111
3632 2.06576327362 2.28634825166
3636 3.98604427334 3.98604427334
3657 1.98446562684 2.04225646374
3661 2.42388056454 2.65777004788
3679 9.0 9.0
3683 1.3552238806 1.3552238806
3709 3.0 3.0
3719 1.80437125947 2.32886395403
3722 2.46693794507 2.46693794507
3728 0.0 0.0
3729 3.52161383285 3.52161383285
3730 2.0 2.0
3735 0.8973042362 0.8973042362
3736 3.02065172227 3.21484985606
3738 0.655913978495 0.655913978495
3750 4.0 4.0
3755 2.49864585575 3.61540308621
3758 1.56825938567 1.62660304278
3760 0.0 0.0
3783 0.0520833333333 0.0520833333333
3802 0.842887853816 0.842887853816
3814 2.55288461538 2.55288461538
3828 4.0 4.0
3831 2.0 2.0
3840 6.5 6.96419413859
3843 2.34488904732 2.34488904732
3849 2.0 2.0
3857 0.895540533778 1.08673309604
3864 9.53206650831 9.53206650831
3868 2.48882265276 2.48882265276
3874 2.14224137931 2.14224137931
3876 7.28972783143 7.28972783143
3882 3.0 3.16227766017
3889 3.66005748205 4.26622696527
3895 1.57609960519 1.74366272914
3902 2.50955657492 2.50955657492
3912 1.0 1.0
3913 1.9612662751 2.47707615989
3924 5.08811748999 5.08811748999
3927 3.06828988724 4.01919835308
3936 0.514261019879 0.514261019879
3938 0.0 0.0
3953 2.10831180017 2.50036356127
3983 3.1330472103 3.1330472103
3985 0.637168141593 0.637168141593
3993 1.9844917263 2.48809571231
3994 2.05072463768 2.05072463768
3995 1.19823836905 1.27801824455
4004 1.56035528952 1.91978148403
4023 2.98994403799 3.70633238355
4048 8.65580195809 8.76328779228
4050 3.46621237933 3.46621237933
4053 3.00975081257 3.00975081257
4064 0.532637075718 0.532637075718
4070 5.0 5.0
4075 1.38287671233 1.68882554813
4082 1.14868049448 1.49683467088
4091 2.59793317281 3.33514130958
4093 6.71110053313 7.70825185578
4105 1.0 1.0
4106 1.65231292784 1.65764266934
4113 4.0 4.0
4141 3.0 3.0
4159 0.396784565916 0.396784565916
4162 0.621384297521 0.621384297521
4172 2.0671641791 2.2678955911
4179 0.475468331847 0.475468331847
4182 0.0 0.0
4186 0.0 0.0
4193 5.0 5.0
4195 3.0 3.0
4207 0.604085058758 0.72226546291
4210 0.781924081564 0.82223945888
4212 1.94440978321 1.9954096356
4219 1.32465116279 1.32465116279
4221 3.14609653385 3.14609653385
4227 7.24347739189 7.93359601291
4240 3.15298602287 4.76623788915
4252 1.0 1.0
4253 0.529582673006 0.748942998563
4260 2.0976191669 2.10114750673
4271 1.6180472472 1.85781620631
4282 7.0 7.0
4296 0.315124777643 0.415181390904
4308 2.33971504898 2.33971504898
4315 1.50730207533 1.59038201132
4341 0.745374094932 0.827799036276
4349 7.0 7.0
4357 2.82819929708 2.82819929708
4362 0.0 0.0
4382 2.47234821771 3.72302402964
4395 1.04353858838 1.47995803722
4399 3.80983606557 3.80983606557
4416 11.328994614 11.328994614
4417 4.21459227468 4.21459227468
4420 0.11429949361 0.11429949361
4423 4.56474480151 4.56474480151
4426 2.5 2.91547594742
4431 0.294249022892 0.294249022892
4433 2.01861252115 2.01861252115
4437 3.49331352155 3.49331352155
4444 2.59123789557 3.04855080761
4447 7.55171731877 7.6255215521
4456 3.0022172949 3.0022172949
4459 1.64470588235 1.64470588235
4461 0.00129056047198 0.00182512812253
4462 2.70620930602 2.70620930602
4474 1.0 1.0
4475 5.50962861073 5.50962861073
4498 0.817682591982 0.837761576164
4501 12.0 12.0
4508 0.0 0.0
4514 1.0 1.0
4524 3.0 3.0
4525 0.764623955432 0.764623955432
4526 4.0 4.0
4531 3.18875906039 3.24783478024
4538 0.5 0.707106781187
4543 8.49796747967 8.62898359344
4546 4.0 4.0
4550 2.01763949856 2.82306726807
4553 5.0 5.38516480713
4558 1.98442906574 1.98449015391
4569 0.556370529092 0.786826747946
4570 2.0 2.0
4582 2.52999526185 3.34627319601
4592 5.32378854626 5.8088482243
4593 2.99973418394 3.87257155122
4595 2.15023342173 2.17869755532
4602 1.3343056233 1.91905235688
4606 2.31456223691 2.66432943919
4613 5.73607594937 6.59967934867
4616 3.91003911343 3.91003911343
4619 1.33033626553 1.49334580186
4624 12.0 12.0
4629 2.12881329298 2.21346937624
4637 7.0 7.0
4644 0.647493079053 0.647493079053
4645 1.70841936641 1.94674911545
4651 0.101796407186 0.101796407186
4656 4.5671641791 4.5671641791
4660 3.34318720769 3.66437767086
4665 5.4330262181 6.20015887557
4673 5.0 5.0
4675 0.843150161693 0.857997602128
4688 2.59649434279 3.38605414165
4698 1.0 1.0
4709 3.88182406437 4.53427672944
4740 2.0 2.0
4744 2.0 2.0
4748 2.60522952713 3.25309364838
4749 5.96350364964 5.96350364964
4774 0.0 0.0
4781 1.36901099613 3.17808546293
4790 5.83877349159 6.06711879946
4801 2.37485515643 2.37485515643
4802 0.938875332097 1.52492132193
4806 3.0 3.0
4807 1.07224523585 1.32409294065
4810 1.96144278607 1.96144278607
4812 1.0 1.0
4813 1.0 1.0
4819 0.943781202518 0.943781202518
4820 3.0 3.0
4827 2.0291198615 2.18799478436
4828 0.735109717868 0.735109717868
4855 0.996966514992 1.28629714014
4861 7.95170227571 8.78379361491
4863 1.18793252595 1.43897090611
4871 6.89260382387 7.19288586534
4885 0.0604815032296 0.0604815032296
4894 3.41039339485 3.76266292229
4900 0.0 0.0
4910 6.0 6.0
4920 2.61065782564 4.08585250815
4956 0.925330531915 1.10578340897
4960 3.37594724929 3.37594724929
4964 3.9539534429 4.81272360738
4966 5.22626841244 5.22626841244
4967 2.36193995494 2.86482507076
4983 3.25 4.33012701892
4988 0.0876230434081 0.0876230434081
4993 4.76864728192 4.76864728192
5003 2.46234727515 2.92165245635
5009 1.0 1.0
5026 2.29248858807 2.51329613548
5036 1.0 1.0
5062 1.0 1.0
5065 0.248251748252 0.35108098926
5066 0.548595348272 0.550342527569
5067 6.98798076923 8.59954719742
5069 6.65413241595 7.4292695629
5077 1.84223953172 2.20674302302
5085 2.49079754601 2.49079754601
5086 2.17764575872 2.45669897583
5096 4.65751789976 4.65751789976
5099 3.38545266068 3.38545266068
5113 3.56224893544 4.04280156246
5121 1.87194064115 2.40747427596
5124 5.07127583749 5.07127583749
5131 3.0 3.0
5132 3.50075295826 3.94188740883
5151 1.80208750869 2.21648190799
5154 0.539837698266 0.539837698266
5159 1.00943396226 1.00943396226
5167 3.0 3.60555127546
5183 1.30161103543 1.98657504335
5191 10.0 10.0
5202 0.59328358209 0.839029688124
5204 2.48533333333 2.48533333333
5210 0.0 0.0
5217 4.05211854053 4.502736585
5219 2.33464974142 2.33464974142
5223 1.93564244314 2.39167022874
5228 1.4643433106 1.57567547011
5229 1.76812001262 1.98380178171
5233 2.0 2.0
5246 0.507132553294 0.507132553294
5251 3.41448876662 3.41448876662
5254 6.16883550217 6.16883550217
5271 5.0 5.0
5272 1.62656219776 2.02408524341
5280 2.5 2.5495097568
5289 1.00134589502 1.00134589502
5291 0.71332017871 0.760667234583
5293 2.40429436594 2.40429436594
5294 3.10697816741 3.78827923177
5295 2.66480730223 2.66480730223
5300 0.0 0.0
5310 2.95602712754 2.95602712754
5311 1.15022956715 1.67533005877
5321 2.05800464037 2.05800464037
5322 1.0 1.0
5325 9.83921570468 9.91526702364
5336 3.55428812843 3.55428812843
5344 1.15369547892 1.43527275394
5356 1.70679236161 1.70679236161
5361 4.0 4.0
5363 4.27551469774 4.90005286047
5371 4.58588181292 5.26771536292
5372 6.58261494253 6.58261494253
5374 10.0 10.0
5387 0.329336530775 0.329336530775
5404 0.532103632779 0.532103632779
5414 1.41153841719 1.41442624879
5421 1.0 1.0
5423 5.5 7.10633520178
5424 6.0 6.0
5446 2.36287495131 2.36287495131
5459 2.0 2.0
5462 3.0 3.0
5475 4.02577873255 4.02577873255
5477 4.59593572779 5.18672827888
5478 0.586163205562 0.598614387495
5482 2.25662246219 2.37161330324
5484 3.14753359351 3.99955326966
5488 0.587349271406 0.653431830023
5492 0.897619047619 1.15482697461
5493 2.89767932489 2.89767932489
5496 0.5 0.707106781187
5499 1.74465558195 1.74465558195
5506 1.19042221593 1.19042221593
5507 2.64271192389 3.15334922744
5512 0.990846310024 1.30580776168
5515 1.3949838999 2.09370814416
5518 5.33488237003 5.33488237003
5523 1.69468390805 1.69468390805
5545 2.07414104882 2.07414104882
5554 2.07487409162 2.73734113836
5562 1.0 1.15470053838
5573 4.46635493326 6.36927789095
5575 0.518518518519 0.518518518519
5578 8.22033898305 8.25684975759
5581 0.0 0.0
5584 1.20758583893 1.60779810593
5608 3.80881003365 3.80881003365
5617 9.0 9.0
5633 7.22875 7.22875
5646 2.07752465148 2.07752465148
5649 2.52983738349 2.82928721279
5652 0.0575056011949 0.0575056011949
5655 1.0 1.0
5659 4.68935642734 5.38814776104
5662 1.91834170854 2.2671629914
5669 0.495545657016 0.495545657016
5674 1.6873326303 1.90156958993
5683 0.5 0.707106781187
5687 4.35921842178 4.94450248238
5700 3.0 3.0
5707 0.658465638044 0.737608695723
5721 0.751572846775 0.790922877669
5724 2.36936778648 2.50917111867
5729 4.03403375375 5.28158260866
5736 1.26971608833 1.26971608833
5737 4.75167504188 5.25674621995
5740 2.0 2.0
5749 0.816352782289 0.833682046729
5763 0.949781659389 0.949781659389
5768 2.0 2.0
5772 3.27224199061 4.01652738237
5785 1.0 1.0
5786 2.44371085153 2.89307499435
5799 4.44981132075 4.44981132075
5815 0.765883376849 0.765883376849
5826 5.0 5.44671154612
5827 3.39503386005 3.39503386005
5837 2.22467661484 3.16602246946
5849 5.43482431588 7.14769104302
5851 3.25 3.33541601603
5865 0.767494158326 0.967150466889
5870 6.90991262428 6.90991262428
5891 6.98208640674 6.98208640674
5896 1.74548948236 1.93018566315
5897 3.67988668555 3.67988668555
5898 0.869662656287 0.869662656287
5911 9.3290617849 9.3290617849
5931 3.94615225792 5.18966217899
5933 1.69154430486 2.17936302341
5934 10.8474387528 10.9084978308
5936 2.98671838247 3.52761948974
5937 12.0 12.0
5941 0.173741033886 0.300001518153
5948 2.90671752035 3.36405199526
5956 7.23674821611 7.73694484546
5957 2.0 2.0
5968 2.39544688027 2.39544688027
5969 2.00106326422 2.23654393865
5974 3.47397969384 5.77620615863
5992 7.20881139919 7.4335400054
6004 1.32894961571 1.32894961571
6006 1.65018773467 1.84135843657
6013 4.03287671233 4.03287671233
6022 1.0 1.0
6026 0.40775643349 0.40775643349
6040 5.48306332842 5.48306332842
6041 1.1687179286 1.25131406355
6043 1.91373924863 2.54659965868
6045 2.2387755102 2.25147274675
6055 1.1119760479 1.1119760479
6063 0.0 0.0
6065 0.48125 0.48125
6071 6.0 6.0
6077 0.505990133897 0.505990133897
6091 6.94878413297 7.8685335991
6099 2.0 2.0
6103 1.50205761317 1.50205761317
6107 4.50560119492 5.14999684723
6115 1.0 1.0
6120 2.63674944986 2.66165336276
6124 9.31137724551 9.31137724551
6150 3.30621301775 3.47849359924
6154 0.478991596639 0.478991596639
6168 1.41303676243 1.73336040479
6183 0.0 0.0
6194 3.60170817983 5.45063347481
6201 2.46532045654 2.46532045654
6202 3.13346742911 3.85787929462
6228 1.46922300706 1.46922300706
6234 0.701065619742 0.701065619742
6240 1.69052631579 1.69052631579
6269 0.0148409893993 0.0148409893993
6280 6.0 6.0
6283 1.49507199853 1.79711998163
6287 1.0 1.0
6290 2.74893291953 2.8417512663
6297 3.5 4.30116263352
6299 2.142581751 2.73853192015
6303 11.0 11.0
6325 1.41308820048 1.6134973221
6328 2.9142588442 4.16460204366
6343 1.5648948343 1.61908100313
6346 2.0 2.0
6349 12.0 12.0
6372 10.1067472306 10.1067472306
6375 0.1986834231 0.1986834231
6377 4.30709677419 4.88608003903
6378 4.57294729837 4.95235418634
6379 0.447773279352 0.447773279352
6384 3.29043392505 3.29043392505
6386 0.59253875969 0.940592295101
6400 6.0 6.0
6403 5.0 5.0
6404 1.50353837779 1.58561614251
6411 1.0 1.0
6418 1.36508740816 1.43754412574
6419 2.5 2.5495097568
6421 0.682291666667 0.682291666667
6431 8.0 8.0
6435 6.54059362724 6.54059362724
6440 1.0 1.0
6444 1.0 1.0
6450 2.11199982571 2.70465921824
6454 1.281 1.281
6455 1.8224250883 1.93969489196
6456 2.32708688245 2.34996152887
6463 1.1063151991 1.12656336085
6470 0.905362999144 1.26802394702
6476 0.0 0.0
6484 2.22665388501 3.14532956238
6497 0.0 0.0
6517 3.63884233419 3.66102956166
6521 3.1206680507 3.35887516836
6526 5.0 5.0
6533 1.50348850644 1.6596697451
6538 4.5 4.52769256907
6549 1.26494831984 1.78966694177
6560 3.53378208846 4.27651401621
6562 1.72773962809 2.10787353946
6564 5.56422569028 5.56422569028
6574 0.801848465012 1.11797368139
6583 1.0 1.0
6595 0.814515379193 0.814976737608
6615 1.33860153257 1.33860153257
6631 3.14822331074 3.95784335148
6640 2.0 2.0
6644 1.43999571708 2.02427966882
6651 1.5 2.12132034356
6657 3.48347107438 3.48347107438
6680 0.927753934192 0.927753934192
6689 5.99924528302 5.99924528302
6697 1.90856797889 2.33316383146
6704 7.8025177026 7.8025177026
6716 1.02175064526 1.28625968886
6732 1.0 1.0
6736 2.83591563305 3.12083803027
6737 3.88113643872 5.33585280744
6738 0.504140786749 0.504140786749
6740 2.5 3.53553390593
6748 2.46050624713 3.21954597744
6766 3.73166369296 5.08585000413
6770 0.512857142857 0.512857142857
6775 1.25697598962 1.25697598962
6779 2.8465421277 2.96742216643
6780 2.0 2.0
6800 3.13296901535 4.71444871352
6809 1.0 1.0
6816 4.0 4.0
6823 1.05976861343 1.1111835114
6829 1.0 1.0
6830 4.5 5.14781507049
6838 5.38170023899 5.38170023899
6839 2.43153670581 3.22221747401
6844 3.80166051661 3.80166051661
6854 2.21788633259 2.77230094568
6863 1.4995555022 1.55440208304
6872 3.01588196694 4.26562424813
6878 3.12984794123 3.12984794123
6883 0.314650262019 0.314650262019
6889 0.514889196676 0.514889196676
6895 0.879485009265 1.1136912114
6917 11.0 11.0
6921 1.24765371869 1.36535622979
6940 4.02348321537 4.65576056898
6948 0.931228551819 0.931228551819
6955 1.52825706427 1.59940959479
6968 3.53697183099 3.53697183099
6971 0.5 0.707106781187
6975 0.0 0.0
6980 0.360340287624 0.360340287624
6993 0.100238095238 0.100238095238
7001 0.701884593787 1.01885459808
7005 12.0 12.0
7006 2.71582435829 5.03416208058
7011 1.32443531828 1.32443531828
7012 3.16353950264 3.26203949668
7013 3.43434201267 3.43434201267
7030 0.865800909756 0.985497365797
7043 0.754731861199 0.79358467867
7045 0.366689513365 0.366689513365
7052 6.45897903373 6.94083551953
7060 0.0 0.0
7063 1.568 1.568
7074 1.0 1.0
7079 4.0 4.0
7080 7.0 7.0
7081 1.79817559863 1.79817559863
7088 3.0 3.0
7094 1.05394842737 1.20034729479
7095 1.50168350168 1.50168350168
7099 5.0 5.0
7109 1.48821087273 1.61670257786
7112 4.46785714286 4.46785714286
7113 3.0 4.24264068712
7119 1.27563898611 1.88977506556
7121 1.37832682765 1.7581255761
7125 1.0 1.0
7129 0.0 0.0
7130 1.86982971983 1.86993969594
7134 2.66223404255 2.97944757535
7135 1.17480972256 1.17480972256
7137 0.539755351682 0.539755351682
7142 1.32027870577 1.72913321884
7159 1.0408960582 1.51259558014
7163 4.73323397914 4.74074551217
7166 0.93470790378 0.93470790378
7168 2.20569468939 2.50648092036
7171 6.33519553073 7.39687336152
7176 0.955517162094 1.39938145028
7177 0.0 0.0
7178 0.734293333333 1.16062631
7181 3.00275608636 3.00275608636
7203 1.0 1.0
7222 3.0 3.0
7226 1.11490178703 1.11490178703
7234 5.4109277177 5.4109277177
7251 0.177604405691 0.251170559265
7262 1.60966542751 1.60966542751
7263 5.10315186246 5.10315186246
7272 6.17955112219 6.17955112219
7278 3.36122047244 3.36122047244
7290 3.49160369437 4.28945046928
7293 1.48025276461 1.48025276461
7304 3.88262104667 4.17236196232
7310 2.50471499099 2.74210005291
7320 6.0183531746 8.485321071
7326 0.530756364988 0.530756364988
7328 1.49609969235 2.03833064634
7334 12.0 12.0
7335 1.0 1.0
7339 1.16532101313 1.17368190491
7342 7.26560999039 7.26560999039
7351 2.86750310434 4.36386431859
7355 7.0 7.0
7356 1.26611418048 1.46343210095
7382 1.19450501526 1.2102373455
7385 5.0 5.0
7387 2.41489736584 2.66355344994
7389 5.24279835391 5.38808707504
7407 1.43614170884 1.43614170884
7413 0.536144578313 0.536144578313
7414 2.53889789303 2.53889789303
7420 1.71592174328 1.71592174328
7431 3.36605308913 4.82810558152
7436 2.26486486486 2.38118384906
7437 0.333333333333 0.57735026919
7442 2.87604515332 3.07124966541
7446 1.0 1.0
7450 5.0 5.0
7453 0.870078343605 1.00126040288
7459 0.0 0.0
7465 1.60896869742 2.11008952403
7466 1.31889175965 1.58176390473
7474 3.08234322169 3.16997807129
7493 3.29857772686 3.7974633641
7504 1.0 1.0
7513 2.36611328125 2.81743999245
7515 1.0 1.0
7518 3.09623792863 3.29914245013
7538 0.0 0.0
7543 4.9815498155 4.9815498155
7547 2.5534591195 2.5534591195
7553 4.42670050285 4.7503293791
7557 3.2785467128 3.2785467128
7561 2.97395557906 2.97395557906
7562 6.70093457944 6.70093457944
7564 1.00587163393 1.00587163393
7568 0.847542187208 0.918810674356
7574 8.0 8.0
7578 7.97072710104 7.97072710104
7580 1.008 1.008
7587 2.0 2.0
7591 1.62225548902 1.74922429047
7600 2.79242174629 2.79242174629
7611 3.29053318825 3.29053318825
7621 0.487997369286 0.487997369286
7632 3.0889939483 3.48540742543
2.43663198733 3.42147833541