5 0.819759305905 0.819759305905
6 0.502766897224 0.609806842472
9 0.829660720532 1.18871128459
14 1.0 1.0
15 1.8442782711 2.58607458915
19 3.0 3.0
22 2.96905401373 3.90860426306
24 5.11334674715 5.11334674715
25 1.39920823747 1.42762203692
35 1.05176003049 1.36374683388
55 0.5 0.707106781187
57 5.0 5.0
58 1.0 1.0
68 2.43739753862 3.42454565493
69 1.37148347609 1.63135213524
76 1.61105153261 2.1008418379
81 1.50488888889 1.50488888889
83 4.24398871639 4.77726824323
85 1.0 1.0
89 6.0426742532 6.0426742532
95 0.0382513661202 0.0382513661202
97 3.29638095238 3.29638095238
122 4.54603863376 4.79740341044
126 9.12858312858 9.12858312858
134 1.08279982928 1.2989357574
136 3.24217942374 3.32808177441
151 7.06843267108 7.06843267108
156 3.44927536232 3.74137669861
161 3.19428527335 3.92365241767
164 1.65765352887 2.1330047516
171 1.04188640047 1.40344318335
172 3.99200834072 4.32737226618
186 2.49145204175 2.49153766365
189 2.50376088678 2.92063612639
196 3.2676056338 4.62109220381
205 2.0 2.0
234 0.428493000274 0.428493000274
243 2.0 2.0
259 10.0 10.0
274 9.38809034908 9.38809034908
276 5.86716517867 6.15713380295
291 0.658423493045 0.658423493045
299 0.0283027214541 0.0313368999514
304 1.0 1.0
308 2.0 2.0
316 4.10612183745 4.48895032358
323 4.18462924047 4.18462924047
328 7.0 7.0
331 1.77944862155 2.89335318297
334 0.0 0.0
342 6.5 6.5192024052
343 4.46405681875 5.38760741305
346 4.0 4.0
347 7.0 7.0
348 1.71180987105 2.08318592509
362 0.5 0.707106781187
365 1.85647550727 2.29965011888
369 1.03567064304 1.43230963702
370 3.86813421671 3.86813421671
380 4.24125947008 5.04282751059
381 0.16950283617 0.16950283617
384 1.04856090517 1.38852124821
393 1.0 1.0
405 3.0 3.0
410 1.14461538462 1.15371486433
420 3.91344400237 5.01884051677
427 1.39992902768 1.45593423949
431 6.08209116327 7.10981537758
433 3.39225863598 3.83196545225
445 1.70868845177 1.84093690879
452 1.51302771874 1.5649028001
475 5.88550247117 5.88550247117
476 1.19477658905 1.44079000527
480 5.0 5.0
485 1.73725160199 2.32334451294
489 3.0 3.0
493 3.69243461071 4.60106924565
502 4.05333333333 4.05333333333
509 0.770616299145 0.913151308323
515 1.0 1.0
517 3.08420818611 3.84811234272
520 3.31569672466 3.78591875784
523 0.631286549708 0.89277400034
524 3.39210485255 3.39210485255
531 3.50719018525 5.04435012156
532 1.02411052233 1.02439429871
538 0.339285714286 0.339285714286
544 1.12489289522 1.57730579231
545 3.0 3.0
550 2.335946924 2.335946924
555 1.84634151183 2.8981878255
564 1.0 1.0
566 1.58696837514 1.63983650003
569 1.14561170213 1.14561170213
575 0.0 0.0
579 3.67852542976 4.10322237636
590 1.0 1.41421356237
591 0.0 0.0
594 1.62392730944 1.62392730944
599 1.92329778507 1.92329778507
611 1.73833780161 2.21939486041
617 2.06140035907 2.06140035907
621 2.50485436893 2.50485436893
625 2.50538062973 2.50538062973
626 10.0074666667 10.0074666667
638 9.0 9.0
643 10.0045696877 10.0045696877
649 0.819156612265 1.04676464754
650 4.0 4.0
652 4.60802469136 4.60802469136
659 2.09238750375 2.64657579787
676 1.82977524916 2.22338069301
683 3.5 3.53553390593
684 0.958118684581 1.04487747896
687 0.280180307086 0.280180307086
689 2.16272167265 2.18288413998
691 6.0 6.0
712 12.0 12.0
714 0.323210657033 0.45708889468
723 5.79044684129 5.79044684129
725 1.03336703741 1.03336703741
745 1.74089037189 2.10269391026
764 1.50987770461 1.50987770461
767 0.204716751763 0.204716751763
777 1.01805117417 1.29937651211
779 2.0 2.0
783 1.50487012987 1.50487012987
785 2.08823529412 2.08823529412
795 9.0 9.0
806 0.935461956522 0.935461956522
809 0.00736377025037 0.00736377025037
810 2.32746004099 2.78955163435
814 4.0 4.0
817 3.1095918901 3.85964020523
831 1.99209486166 1.99209486166
845 1.0 1.0
848 2.37471087124 2.37471087124
853 6.53043205841 6.91626878193
860 5.33810888252 5.33810888252
878 1.0 1.0
881 1.0 1.41421356237
886 1.0 1.0
888 1.30095036959 1.30095036959
924 0.779394479061 1.16474887122
928 2.57126886107 3.21617395218
936 1.50736811082 1.50736811082
950 2.20569376562 2.95674491342
954 2.86024220857 2.86024220857
961 3.15319173903 3.35744982539
963 0.314095449501 0.314095449501
978 0.792358162871 0.792358162871
986 1.20177500213 1.7017586881
988 1.4901793339 1.4901793339
993 2.0 2.0
1005 1.0 1.0
1013 0.869643934822 0.869643934822
1023 5.49630844955 5.49630844955
1037 2.0 2.0
1040 2.0 2.0
1041 1.31448116902 1.76047028701
1051 2.26011692606 2.33755093631
1053 0.603531565213 0.778826847201
1056 3.74175747051 5.26698773447
1069 5.47892490994 6.26531834688
1070 1.01854500941 1.21914828174
1073 2.80409802344 2.81210165199
1074 1.62275449102 1.62275449102
1077 0.885992627699 0.885992627699
1079 2.36602022998 3.11413559025
1084 3.0 3.0
1088 7.81598515415 8.16316337835
1103 3.01628853985 3.01628853985
1129 1.1519280951 1.1519280951
1145 2.21050537207 2.21050537207
1148 8.5 9.19238815543
1154 3.1264656823 3.31165040832
1165 3.54525513033 5.10479116271
1166 2.70326615705 2.70326615705
1181 2.06147732585 2.06147732585
1193 1.72153750581 2.47227897777
1211 1.41510652034 1.41510652034
1216 1.2195899154 1.25704198332
1219 2.98989610773 3.61319085238
1221 1.40410958904 1.40410958904
1226 0.146611734621 0.146611734621
1234 0.845180202265 1.06637380283
1239 0.259247346414 0.259247346414
1244 1.47181871005 1.47181871005
1261 0.692179700499 0.692179700499
1266 3.04315106498 4.13398581017
1267 1.54248071178 1.75400121492
1275 1.50088339223 1.50088339223
1283 12.0 12.0
1284 1.13001215067 1.13001215067
1285 4.0 4.0
1287 4.01441541892 4.49148089562
1289 1.0 1.84390889146
1292 1.94796274738 2.32524342756
1295 0.750807319699 0.750807319699
1297 2.61301794286 2.76536422846
1308 3.0 3.0
1312 1.25228832952 1.45852624331
1313 0.971787190205 1.02078470292
1325 2.0 2.0
1330 2.84969311207 4.817919367
1337 3.0 3.0
1345 3.35140562249 3.35140562249
1365 2.6705399119 3.37061110173
1369 1.70612454008 2.24881927249
1374 1.59462505388 1.90118657762
1384 6.92475728155 6.98623213458
1387 7.39238653001 8.30140598293
1389 1.29302394704 2.67844631058
1391 1.0170561584 1.18932032622
1413 6.72319688109 6.72319688109
1422 1.86077718759 1.86077718759
1424 2.61923939574 3.36617071365
1426 9.32982199568 9.41211453419
1434 2.09627942293 2.8317025717
1437 0.605335022571 0.636539001431
1438 4.61300458639 5.1547344055
1455 5.24565786343 6.74852110566
1458 1.28466122311 1.64071771957
1461 1.19476987448 1.19476987448
1479 6.53290749779 6.91749883616
1480 0.631193734031 0.746961302899
1482 0.0 0.0
1483 2.13384530993 2.13384530993
1496 1.08264915161 1.08264915161
1499 1.00459558824 1.41422849599
1512 2.32072171803 2.99984997696
1513 1.80749636155 2.46876131393
1518 0.1592039801 0.1592039801
1530 2.5 3.2403703492
1545 1.26719393374 1.45802563127
1547 6.11915060952 6.11915060952
1569 1.0 1.0
1579 2.7214694194 2.7305408283
1585 0.717488562048 0.914151522267
1597 7.52319082999 7.55340008089
1598 2.63184806428 2.63184806428
1599 1.94088370471 2.20238253459
1602 1.87510015974 2.42455478475
1605 4.83628355182 5.25337397217
1609 0.511537158276 0.699283332444
1622 3.47690076884 4.87553975624
1627 3.0 3.0
1628 3.93488492171 4.77227788673
1629 4.07459677419 4.07459677419
1631 1.22440580883 1.64291889721
1638 6.49265175719 6.49265175719
1651 3.10688207706 3.3066529786
1653 1.31694038684 1.6595108452
1658 3.0 3.0
1662 3.67330210773 3.67330210773
1674 2.67182748134 3.15177239302
1678 0.806864754098 0.806864754098
1684 2.93604059069 3.17713708888
1687 1.49641434263 1.49641434263
1691 10.1880305703 10.22196972
1712 7.0 7.0
1718 2.53022912047 3.08384426119
1722 1.28578367876 1.72331771859
1731 1.70096826631 1.70096826631
1732 4.0 4.0
1754 4.00712482057 4.83106398725
1764 8.33178922988 8.33178922988
1770 3.96583097928 4.23396413253
1778 4.85865724382 4.85865724382
1789 1.99186397475 2.20012565653
1792 2.82993266433 3.54271039248
1793 0.463408985642 0.463408985642
1797 1.25381903643 1.27925223446
1802 1.72599045071 2.11852009933
1806 2.33569131833 2.33569131833
1807 2.60012714558 2.60012714558
1809 3.40156207918 3.40156207918
1811 2.24130982368 2.24130982368
1817 3.37482517483 3.37482517483
1825 8.0 8.0
1831 7.1369740376 7.1369740376
1832 0.490014265335 0.490014265335
1833 1.67886178862 1.67886178862
1836 0.00944206008584 0.00944206008584
1837 1.0 1.0
1838 2.13327120224 2.13327120224
1847 1.5283171521 1.5283171521
1849 0.227260274162 0.265589444448
1853 2.335697487 2.42695297891
1855 3.0 3.0
1859 6.09738914215 6.09738914215
1867 1.0 1.0
1872 0.0 0.0
1888 2.9525318414 3.99119905894
1896 1.34123872991 1.34123872991
1899 2.42078250928 2.57180011792
1901 2.29394404002 2.68789721602
1902 1.27846981345 1.54859394306
1921 3.58446530462 4.41843129791
1924 2.42570364238 2.42570364238
1926 2.17013232514 2.17013232514
1939 1.0 1.0
1940 3.0 3.0
1941 4.0 4.0
1946 2.21635883905 2.21635883905
1957 2.40071304221 3.02819620518
1959 3.0 3.0
1962 8.52815315315 8.52815315315
1965 3.28220440973 4.02241443038
1966 2.62672372801 2.62672372801
1972 2.32786885246 2.32786885246
1984 1.21019815339 1.25971277292
1989 1.62119399739 2.1282330629
2005 1.5466280295 1.64038424288
2007 3.0 3.0
2011 1.30938014262 1.30938014262
2023 2.57598604804 3.26209216429
2033 3.7613850207 3.7613850207
2040 1.28063393571 1.53888222721
2045 0.28478880539 0.28478880539
2058 6.0 6.0
2062 3.66666666667 3.87298334621
2069 6.09212880143 6.09212880143
2092 1.44649238292 1.44649238292
2096 3.0914229266 5.08800070474
2100 3.96903124093 4.94700281292
2103 2.65961829164 3.49239676617
2108 2.83983670459 3.51147861465
2115 3.46046199495 3.53447322165
2117 2.47011059779 2.47011059779
2127 1.5 2.12132034356
2142 2.53707627119 2.53707627119
2146 3.17087963748 3.17088723438
2149 1.474393531 1.474393531
2151 0.650910406367 0.650910406367
2155 1.05349439172 1.05349439172
2183 1.48412514734 1.49203300531
2186 3.3897707231 3.3897707231
2192 4.55434782609 4.55434782609
2195 3.00604613067 3.34334406328
2202 4.10144927536 4.20856689227
2204 3.83652875883 3.83652875883
2211 1.80256410256 2.28125454256
2212 6.0 6.0
2233 3.0 3.0
2240 6.34333070245 6.34333070245
2242 3.13839976445 3.89999536372
2245 0.699423764645 1.07994016911
2246 1.43467175404 1.43628835354
2250 1.39221140473 1.39221140473
2254 7.0 7.0
2259 2.97088532383 2.97088532383
2262 0.873107995924 1.03874652492
2272 0.789926224742 0.811175264857
2278 2.12035906087 2.50535598259
2287 0.490100859171 0.490100859171
2289 1.0 1.0
2292 0.221739130435 0.31358648557
2299 3.7751513411 3.98954192226
2319 0.396103812574 0.471677691068
2320 2.07224007534 3.00329932453
2329 1.0 1.0
2332 1.14780577785 1.33186163011
2355 2.48047799337 2.88869973595
2358 2.92909535044 2.94638805886
2364 0.0 0.0
2367 4.48101265823 4.48101265823
2378 4.01035322777 4.01035322777
2386 3.31858478228 3.81322654679
2394 4.81895017794 6.37992620898
2402 4.50175685172 4.50175685172
2404 1.13597529593 1.13597529593
2409 2.17362623736 2.27262962849
2414 1.05832264085 1.05832264085
2422 3.61240583804 4.00884305862
2428 5.97805907173 5.97805907173
2430 1.0 1.0
2431 1.9752888148 2.1702101054
2450 2.49371069182 3.1215107493
2451 2.0 2.0
2475 4.73555730917 5.72269477352
2477 1.81291423782 1.87711817723
2478 0.673240569186 0.8023922052
2484 2.48951715375 2.90109582919
2494 1.00055860817 1.00058798747
2499 4.07325338895 4.07325338895
2505 4.20122699387 4.20122699387
2506 5.65370387921 6.96192087992
2507 5.57910839161 5.57910839161
2508 6.1832460733 6.18596080867
2527 0.0 0.0
2530 1.69891576314 1.83706233269
2537 1.32502651113 1.32502651113
2538 2.95081306615 3.29680756617
2539 0.593684837653 0.593684837653
2541 6.0 6.0
2551 3.29418891963 4.28852051164
2554 1.25 2.06155281281
2561 1.80582603447 2.11106554299
2562 3.25948717949 3.25948717949
2572 1.47328994833 1.54651092934
2580 1.0 1.0
2584 2.0 2.0
2585 3.03837953092 3.03837953092
2586 5.5 7.10633520178
2587 6.26006631928 6.26006631928
2590 2.69561508275 2.69561508275
2609 1.01910828025 1.01910828025
2618 2.00017891986 2.5035455358
2627 2.27223719677 2.80281331068
2634 3.0 3.0
2636 1.5 1.58113883008
2645 1.68288288288 1.68288288288
2647 9.0 9.0
2669 1.42266839355 1.59723492422
2676 1.74796084829 1.74796084829
2679 1.98913738019 1.98913738019
2683 2.44065556185 2.78612639625
2685 1.66464253725 1.82675131781
2687 8.0 8.0
2690 1.16269759667 1.17712918015
2699 1.99445531637 1.99445531637
2704 4.0 4.0
2715 3.25558475368 3.2617516592
2716 9.16621376812 9.16621376812
2721 1.60983231086 1.65433462957
2733 3.97717416115 3.97717416115
2739 1.41849487227 2.17201537139
2750 2.0 2.0
2758 4.74962742176 4.74962742176
2761 3.0 3.0
2764 1.57750563418 1.82303909091
2765 2.73179786404 3.50648750371
2771 1.05723279316 1.54363341064
2772 1.5556349554 1.58119456557
2775 7.0 7.0
2777 3.01416476666 3.75778882993
2788 2.86239419589 2.86239419589
2800 2.37735849057 2.97057481016
2803 1.86172750518 2.30277601868
2806 4.0054894785 4.0054894785
2838 0.892190061229 1.16378066526
2843 5.0 5.0
2846 0.986132511556 0.986132511556
2850 3.34609571788 3.34609571788
2852 3.0 3.0
2857 6.52740310448 6.91812945459
2860 2.30334114889 2.30334114889
2861 1.0 1.0
2863 4.32579096875 4.80372077934
2877 3.0 3.0
2883 0.74263479711 0.74263479711
2890 1.0748667931 1.0800688387
2895 1.91892832289 1.91892832289
2899 1.6834876754 2.34430045304
2907 2.6674584323 2.6674584323
2913 1.79356626273 2.11890594514
2919 0.0 0.0
2928 2.42967053542 3.24165660682
2935 0.163983303518 0.163983303518
2961 2.12708974362 3.0120728362
2964 2.0 2.0
2966 1.0 1.0
2976 0.990914281116 1.13585214334
2977 1.793289941 2.35003721791
2981 2.61898327985 2.61898327985
2987 2.66874783212 2.66874783212
3000 1.44331592945 1.89385584907
3011 0.163423913043 0.17950352084
3045 2.18718914522 2.36356871782
3046 0.510050251256 0.510050251256
3050 12.0 12.0
3051 3.53702554781 4.90606803007
3052 1.83237604032 1.83237604032
3064 1.04600606673 1.04701731114
3070 1.36969205835 1.41870664787
3074 1.48558951965 1.48558951965
3075 6.0 7.81024967591
3079 1.44615403676 1.81589445195
3092 2.48077419724 2.66554792019
3097 1.62786972771 1.62786972771
3102 1.60619279778 1.83760881202
3107 5.71983020012 5.71983020012
3110 1.62348937034 2.29474985434
3115 3.70994940978 3.94920420316
3116 0.0 0.0
3118 1.71516012679 1.71516012679
3127 2.64350758853 2.64350758853
3128 0.237219566017 0.237219566017
3129 0.528518028289 0.636312340555
3138 2.39032861341 2.39032861341
3139 2.34154418903 2.48954756887
3150 1.40126013488 1.70329287751
3165 0.870665737453 0.870684390358
3169 1.89381853448 2.24704495019
3182 1.56749894202 1.56749894202
3186 1.98386356561 2.61989079985
3187 1.0324535647 1.06323915452
3188 5.60232945092 5.60232945092
3193 1.65922814387 1.65922814387
3198 0.0 0.0
3203 4.18401714636 4.18401714636
3212 2.40588637919 2.40588637919
3219 2.3236697245 3.07006315858
3224 5.96196887486 6.15821683484
3225 4.84852803738 5.95315743392
3231 0.00749063670412 0.00749063670412
3242 0.651933701657 0.921973482652
3243 0.642951951155 0.642951951155
3244 2.11729899628 2.50388395904
3245 1.1635327252 1.36724310333
3252 1.89948040155 2.91665237117
3277 0.682630906769 0.682630906769
3278 2.76400571463 3.51889707118
3284 1.86097640726 2.05952305158
3286 2.0 2.0
3290 1.67693535515 1.67693535515
3293 3.41136103698 3.41136103698
3294 2.5321124882 2.57728918935
3296 1.47005742412 1.47005742412
3300 3.62489146796 3.96112334098
3321 1.58316549426 2.0203300246
3323 2.0 2.0
3328 6.0 6.0
3341 1.0082947025 1.13749849268
3345 1.33894020794 1.59406489094
3347 2.5 2.5
3351 6.0 6.0
3352 0.473002159827 0.473002159827
3353 1.30960566229 1.30960566229
3366 0.520572450805 0.520572450805
3368 2.10988664987 2.10988664987
3374 1.0 1.0
3381 1.09976057462 1.09976057462
3385 3.18004881242 4.23757590481
3389 2.61243426635 2.61847194995
3395 1.99794645342 2.73412077538
3398 6.71788741578 6.71788741578
3399 2.41982182628 2.41982182628
3409 0.7853125 0.7853125
3410 3.88962472406 3.88962472406
3412 0.0 0.0
3413 1.29991880703 1.38213452335
3418 3.0 3.0
3423 2.69350699041 3.46213806369
3426 0.969270060966 0.970243840171
3429 2.84324233898 3.70063094124
3431 1.68309859155 1.68309859155
3440 3.91924856288 4.99939844683
3450 2.0 2.0
3452 1.81472060609 2.13611097271
3464 11.0 11.0
3468 1.62125088215 1.73620479248
3478 2.00462197848 2.1128323704
3481 0.472744617062 0.472744617062
3486 1.72640297016 1.72640297016
3487 5.0 5.0
3488 0.0 0.0
3495 0.0223325062035 0.0223325062035
3502 1.65052554199 2.54839100197
3510 2.0 2.0
3514 10.6056635672 10.6056635672
3516 2.36617321663 2.93553292056
3517 2.471561051 2.54066354052
3522 5.80736565201 5.80736565201
3523 1.94449863516 2.57533271988
3545 0.517499736914 0.51928698557
3565 1.0 1.0
3571 2.429222588 2.429222588
3573 2.21615384615 2.21615384615
3578 2.82327586207 2.82327586207
3580 2.93010084043 3.31553933679
3583 1.49038630461 1.91318799099
3587 1.00881834215 1.00881834215
3594 6.0 6.0
3595 2.84389773994 3.76806783253
3597 4.48532289628 4.48532289628
3604 2.0 2.0
3607 9.0 9.0
3608 5.67662053897 5.67662053897
3614 6.25988445169 6.26504458453
3619 0.776611328125 0.776611328125
3632 1.91410271751 2.18241642158
3636 3.98604427334 3.98604427334
3657 1.675416432 1.67580449252
3661 2.75329693517 2.85647365518
3679 9.0 9.0
3683 1.3552238806 1.3552238806
3709 3.0 3.0
3719 2.34158417852 3.20925365437
3722 2.1517571885 2.1517571885
3728 0.0 0.0
3729 3.52161383285 3.52161383285
3730 4.78294573643 4.78294573643
3735 1.09045226131 1.09045226131
3736 2.97221112529 3.76992565386
3738 0.512174643157 0.512174643157
3750 2.01785714286 2.01785714286
3755 2.7668432797 4.15508564771
3758 2.05421513901 2.22237992412
3760 0.332596685083 0.332596685083
3783 0.0520833333333 0.0520833333333
3802 0.603510442887 0.603510442887
3814 1.48403361345 1.48403361345
3828 3.01899827288 3.01899827288
3831 2.03214877047 2.33940965911
3840 6.0436802974 6.72799358807
3843 2.18457157649 2.18457157649
3849 2.0 2.0
3852 5.0 5.0
3857 1.46894180895 1.61337491773
3864 9.53206650831 9.53206650831
3868 1.66833166833 1.66833166833
3874 2.14224137931 2.14224137931
3876 6.87221823403 6.87221823403
3879 2.0 2.0
3882 2.82577745964 3.7919834002
3889 3.69344822497 4.26876605829
3895 0.697430796324 0.761866008856
3902 3.31711105359 3.31711105359
3912 1.0 1.0
3913 2.14428269384 2.88210852942
3918 1.0 1.0
3924 5.08811748999 5.08811748999
3927 2.25797052753 3.36626359042
3936 1.00828899001 1.12281357431
3938 0.0 0.0
3953 2.13476060078 2.51475693858
3961 3.75 5.17204021639
3983 4.79191468254 4.79191468254
3985 0.637168141593 0.637168141593
3993 1.80931819394 2.11419265301
3994 2.05072463768 2.05072463768
3995 1.28356895475 1.30631779636
4004 1.62762212074 2.03712180492
4023 3.13616585114 3.77067925241
4048 8.93147476466 9.02779493409
4050 3.37799263352 3.37799263352
4053 3.31539351852 3.31539351852
4064 1.55555555556 1.67774098562
4070 0.801846590909 0.801846590909
4075 1.23541213366 1.53272849037
4082 1.09455086346 1.71277857301
4091 2.1762228226 2.74295002336
4093 6.62894871795 7.59637863487
4105 1.0 1.0
4106 1.5869785909 1.6383268887
4113 4.0 4.0
4141 2.35652173913 2.35652173913
4159 0.896332518337 0.896332518337
4161 0.0 0.0
4162 0.551834862385 0.551834862385
4172 2.04911699779 2.25899512052
4175 0.0 0.0
4179 0.958787878788 0.958787878788
4182 0.0 0.0
4186 0.0 0.0
4193 4.66666666667 4.69041575982
4195 2.99017802333 3.14985985864
4207 0.505772005772 0.707153895628
4210 0.414922496568 0.467147304832
4212 1.90334117944 1.93747329017
4219 0.678741658723 0.678741658723
4221 2.08740515933 2.08740515933
4227 6.96995432535 7.52419027456
4240 2.43266255643 3.30935965149
4252 1.0 1.0
4253 0.54736148768 0.552679804807
4260 1.22537266184 1.68495530251
4271 1.54471892719 1.80596077359
4274 5.0 5.0
4282 7.0 7.0
4296 0.474294976835 0.549632185648
4308 1.92773294204 1.92773294204
4315 0.613864491844 0.725210483243
4341 1.05683898017 1.28561827119
4349 7.0 7.0
4357 2.35652591171 2.35652591171
4362 4.29254571027 4.29254571027
4382 2.32766155008 3.61607868074
4388 1.0 1.0
4395 1.54592071583 1.94362165583
4399 1.78699941962 1.78699941962
4416 11.4832353958 11.4832353958
4417 4.21459227468 4.21459227468
4420 0.301581253572 0.301581253572
4423 4.37523020258 4.83119457245
4426 0.918118466899 0.921762499087
4431 1.88936351986 1.88936351986
4433 1.37759815242 1.37759815242
4437 4.64235764236 4.64235764236
4444 2.46018272044 2.64675567119
4447 8.47071562339 8.51414182441
4456 3.0022172949 3.0022172949
4459 1.60182232346 1.60182232346
4461 0.239882352941 0.339244876903
4462 1.44699403396 1.44699403396
4474 1.95154185022 1.95154185022
4475 5.50962861073 5.50962861073
4498 0.603637160386 0.722136636673
4501 12.0 12.0
4508 0.0 0.0
4514 1.0 1.0
4524 3.0 3.0
4525 0.717875089734 0.717875089734
4526 1.6267281106 1.6267281106
4531 3.15584280442 3.22284075627
4538 1.01797268152 1.73233052615
4543 8.49796747967 8.62898359344
4546 4.44485294118 4.44485294118
4550 1.84371887294 2.67368069861
4553 5.0 5.38516480713
4558 1.33527357392 1.49158195844
4569 0.969131208765 1.02871975243
4570 2.0 2.0
4582 2.09610833702 2.70207473661
4592 5.32378854626 5.8088482243
4593 3.72638120926 4.36213235186
4595 2.24688907454 2.26124187099
4602 1.22423921307 1.87649473402
4606 2.32066934097 2.63737360758
4613 4.25160476845 5.4647049892
4616 3.63628076572 3.63628076572
4619 1.15418052673 1.35258307947
4624 12.0 12.0
4629 2.00690433077 2.22708140317
4636 3.0 3.0
4637 6.03697183099 6.03697183099
4644 1.59957422102 1.59957422102
4645 1.05585196613 1.21779893368
4651 0.178854777509 0.178854777509
4656 3.68791390728 3.68791390728
4660 2.9567627361 3.5901437161
4665 5.85489649606 6.53124394841
4673 5.0 5.0
4675 1.06781706925 1.13462651782
4688 2.62977692334 3.42951805353
4698 1.0 1.0
4709 3.32898986291 4.0738630265
4740 2.22843450479 2.54459656423
4744 1.51510989011 1.51510989011
4748 2.96076176207 3.74992708779
4749 5.97536945813 5.97536945813
4760 1.0 1.0
4774 0.0 0.0
4781 1.3389762099 3.05544524476
4782 2.0 2.0
4790 3.20031341143 3.94540800761
4801 2.37485515643 2.37485515643
4802 0.938875332097 1.52492132193
4806 3.0 3.0
4807 0.789315393966 0.938952387213
4810 1.96144278607 1.96144278607
4812 1.0 1.0
4813 1.0 1.0
4819 0.34900373599 0.34900373599
4820 4.97920277296 4.97920277296
4827 2.27248571905 2.53520867869
4828 1.15531914894 1.15531914894
4855 2.09307259514 2.83136054076
4861 8.02639766257 8.87274012644
4863 1.14628862095 1.4441611553
4871 7.20895501352 7.43391232141
4885 0.0604815032296 0.0604815032296
4894 2.34283136606 3.11527357313
4900 0.0 0.0
4910 6.0 6.0
4920 2.4564745896 3.99306031242
4956 0.888326254416 1.05277885113
4960 3.69636765001 3.69636765001
4964 3.58747348244 4.49395620254
4966 4.39993416722 4.39993416722
4967 2.56498467377 3.2332946172
4971 0.0 0.0
4983 2.8 3.89871773792
4988 0.386911183028 0.386911183028
4993 5.94596937301 5.94596937301
5003 2.22366733054 2.37792163428
5009 1.0 1.0
5026 1.97981328533 2.10961087691
5036 1.0 1.0
5045 3.45084269663 3.45084269663
5062 1.0 1.0
5065 0.805246422893 1.13879041231
5066 1.25678104418 1.25708664195
5067 6.98798076923 8.59954719742
5069 6.40441670095 7.2644765932
5077 1.64566419238 1.97877265979
5085 2.73887640449 2.73887640449
5086 2.05607525196 2.05681307643
5096 5.48604651163 5.48604651163
5099 4.08798283262 4.08798283262
5113 3.01555010176 3.40006495858
5121 1.78912147103 2.36002444988
5124 5.07127583749 5.07127583749
5131 3.0 3.0
5132 3.80452111782 4.0864582046
5151 1.96013314146 2.32592524881
5154 1.17595734367 1.17595734367
5159 2.17368166425 2.17368166425
5167 2.99603567889 3.60445596304
5183 1.27760047388 1.96759137503
5191 7.33333333333 8.24621125124
5202 2.18061364081 2.29321248012
5204 2.24807826695 2.24807826695
5210 0.0 0.0
5217 3.53042701373 4.12027744008
5219 2.05566666667 2.05566666667
5223 1.48363676542 1.80597192754
5228 1.36339344741 1.4705642481
5229 1.55536210442 1.89685061202
5233 2.0 2.0
5246 0.0830781520437 0.0830781520437
5251 2.41999759933 2.80584774406
5254 5.78835657975 5.78835657975
5271 4.51785714286 4.51785714286
5272 1.32303660349 1.90763307663
5280 0.774713126299 0.813379208242
5289 1.32514779445 1.32514779445
5291 1.26918219367 1.72436977978
5293 2.48412761556 2.48412761556
5294 3.26534945415 3.74646981818
5295 2.94972477064 2.94972477064
5300 0.0 0.0
5310 2.88147540984 2.88147540984
5311 1.5424376515 2.10931508593
5321 2.05800464037 2.05800464037
5322 1.0 1.0
5325 7.96147331682 8.59345130679
5336 2.68090633569 2.68090633569
5344 1.45857728831 1.82711713453
5356 1.18099797459 1.18099797459
5361 0.367483296214 0.367483296214
5363 4.17781949756 5.12810631928
5367 0.0 0.0
5368 4.0 4.0
5371 4.47395821454 5.03701891931
5372 6.89315002412 6.89315002412
5374 10.0 10.0
5387 1.14208456244 1.14208456244
5404 0.906894586895 0.906894586895
5414 1.83211777447 1.87189250685
5421 1.0 1.0
5423 3.27035175879 3.9811678858
5424 3.11229946524 3.11229946524
5446 2.32494331066 2.32494331066
5459 2.0 2.0
5462 3.98283931357 3.98283931357
5475 4.94483362522 4.94483362522
5477 4.62101653893 5.19743746101
5478 0.628233948041 0.649168176777
5481 5.0 5.0
5482 2.08047691707 2.12824529609
5484 3.17702274448 4.04095799379
5488 0.656273017056 0.746264573169
5492 0.897619047619 1.15482697461
5493 2.72963703915 2.72963703915
5496 0.377712031558 0.534165477701
5499 1.24286162535 1.24286162535
5506 1.10071410983 1.10071410983
5507 2.75467032174 3.15411057508
5512 0.842161068711 1.21823465565
5515 1.92706058488 2.6416493288
5518 3.51126729139 3.82268581204
5523 1.43480215827 1.43480215827
5545 0.828145550197 0.828145550197
5546 7.0 7.0
5554 2.23839468636 3.08606760215
5562 1.45099295324 1.73066203474
5565 0.257908847185 0.257908847185
5573 3.40863854126 5.41314376584
5575 0.434005616543 0.434005616543
5578 6.69819038932 6.72878547052
5581 0.0 0.0
5584 1.08402604535 1.41249342971
5608 2.63719173517 2.63719173517
5617 9.49749582638 9.49749582638
5633 6.06417970317 6.06417970317
5642 3.0 3.0
5646 1.89538106236 1.89538106236
5649 2.07257602125 2.35064270022
5652 0.230642954856 0.230642954856
5655 0.241607044579 0.241607044579
5659 4.15081558128 4.96656484402
5662 1.37753986427 1.70268217571
5669 2.45655877342 2.45655877342
5674 1.46361842496 1.82489293968
5683 0.266990291262 0.377581290925
5687 4.30364194626 4.8617983277
5700 3.0 3.0
5707 0.658465638044 0.737608695723
5720 4.0 4.0
5721 2.83438189785 4.09272191403
5724 2.38055263094 2.52342347565
5729 3.89455366139 5.10284871147
5736 1.74305216967 1.74305216967
5737 4.75095379398 5.25640283743
5740 2.0 2.0
5749 0.897831679543 0.898364907584
5763 2.73719981876 2.73719981876
5768 2.0 2.0
5772 2.96918059286 3.84885688856
5785 2.0 2.2360679775
5786 2.44371085153 2.89307499435
5792 1.0 1.0
5799 4.44981132075 4.44981132075
5815 0.809893992933 0.809893992933
5826 5.0 5.44671154612
5827 1.02968270215 1.02968270215
5837 2.35535175493 3.23055029318
5846 6.5 6.96419413859
5849 4.98705342597 6.79835986988
5851 3.07651245552 3.21212673065
5865 0.633304657785 0.860584471316
5870 5.958424989 5.958424989
5891 6.98208640674 6.98208640674
5892 1.4981791697 1.4981791697
5896 1.51820649674 1.72521473348
5897 2.99585348998 2.99585348998
5898 0.678229873066 0.678229873066
5911 8.53361198189 8.53361198189
5931 3.80607893925 4.45334109141
5933 2.10876991475 2.52864637894
5934 10.3442415018 10.4759185016
5936 2.33977383049 3.23893493792
5937 12.0 12.0
5941 0.282512487512 0.354745466082
5945 0.999091734787 0.999091734787
5948 2.92024310887 3.4336673017
5956 7.23674821611 7.73694484546
5957 2.97625329815 2.97625329815
5968 1.4271991911 1.4271991911
5969 2.12278938907 2.29689643786
5974 3.42702666054 5.77465310023
5976 6.0 6.0
5992 6.52983422106 6.91354249315
6004 1.71659766654 1.71659766654
6006 1.7498616213 2.00221365396
6013 4.03287671233 4.03287671233
6022 0.0249609984399 0.0249609984399
6026 0.394662123793 0.394662123793
6038 2.0 2.0
6040 5.48306332842 5.48306332842
6041 1.16107707816 1.24720570058
6043 2.01885131584 2.69234917338
6045 2.2387755102 2.25147274675
6055 1.0 1.0
6063 5.95961788971 5.95961788971
6065 0.992067426872 0.992067426872
6071 6.0 6.0
6077 0.926224426534 0.926224426534
6091 7.58440706298 8.4691566259
6099 0.00687285223368 0.00971968084105
6103 1.14376996805 1.14376996805
6107 5.9111125916 6.22282545922
6115 1.0 1.0
6120 3.64235143361 5.2324348017
6124 8.11317567568 8.11317567568
6148 2.0 2.0
6150 2.0612825386 2.58895125445
6154 0.45533217947 0.45533217947
6168 1.56634140233 1.91856543897
6183 0.0 0.0
6194 4.99165624426 6.56244299518
6201 1.40524070689 1.40524070689
6202 2.8110579711 3.74960302352
6228 3.4704028021 3.4704028021
6234 0.996170154562 0.996170154562
6240 1.69052631579 1.69052631579
6269 0.0148409893993 0.0148409893993
6280 7.5 7.64852927039
6283 1.26674049195 1.46783953916
6285 4.0 4.0
6287 1.44817927171 1.44817927171
6290 3.22709712221 3.35568497185
6297 0.588288288288 0.718045711426
6299 1.69273779561 2.13498476916
6303 6.28868360277 6.28868360277
6325 1.34874053709 1.69519215716
6328 2.45926040364 3.43230164758
6343 2.00957769973 2.2620349889
6346 2.0 2.0
6349 12.0 12.0
6372 10.1067472306 10.1067472306
6375 0.245474012069 0.245474012069
6377 4.30709677419 4.88608003903
6378 4.752707463 5.10424212345
6379 0.939125622579 0.939125622579
6384 3.16171954964 3.16171954964
6386 0.512716620275 0.870912865714
6400 6.49659863946 6.49659863946
6403 5.0 5.0
6404 1.47352728587 1.54774376195
6411 4.48778004073 5.14309428435
6418 1.38153413298 1.45030050353
6419 2.5 2.5495097568
6421 1.39144385027 1.39144385027
6431 2.82115869018 2.82115869018
6435 6.70170660857 6.70170660857
6440 1.0 1.0
6444 1.0 1.0
6450 2.11546588194 2.64847225963
6454 1.67677111717 1.67677111717
6455 1.84339811505 1.95240321256
6456 2.52484751705 2.67095002763
6463 0.886358465495 0.940438022833
6470 1.00456709945 1.61475318877
6476 0.0 0.0
6484 1.65977503364 2.39708543792
6488 4.0 4.0
6497 0.429429429429 0.429429429429
6517 3.50751334287 3.5658115594
6521 2.79275120854 3.02366687305
6526 2.08280254777 2.08280254777
6533 1.50348850644 1.6596697451
6538 2.80603842635 3.56192630985
6549 1.44548386075 1.92037243328
6560 3.06054100957 3.72122930332
6562 1.77365131705 2.37602388604
6564 5.71265243902 5.71265243902
6574 0.537415579666 0.730113412773
6583 1.0 1.0
6595 0.814515379193 0.814976737608
6615 1.1854558524 1.1854558524
6619 0.0 0.0
6631 3.70768193591 4.28211985596
6640 1.0 1.41421356237
6644 1.35993680402 1.90675468786
6651 3.24870706046 3.32216865701
6657 3.48347107438 3.48347107438
6680 0.934159061278 0.934159061278
6689 5.99924528302 5.99924528302
6697 1.3018809466 1.41932478423
6704 6.2267281106 6.2267281106
6716 1.01384545989 1.28489497278
6732 1.62105825762 1.62105825762
6736 3.11294007396 3.36923257194
6737 2.89154250616 4.58005954869
6738 0.504140786749 0.504140786749
6740 2.5 3.53553390593
6748 2.40668494543 3.15024307623
6766 3.73162851349 5.02958410569
6770 3.86242100146 3.86242100146
6775 1.25697598962 1.25697598962
6779 2.63142649112 2.76803667681
6780 2.0 2.0
6800 1.98635355055 3.23052137544
6809 1.0 1.0
6816 4.0 4.0
6823 1.14756990641 1.29302169083
6826 2.0 2.0
6829 2.10352760736 2.37541608464
6830 4.5 5.14781507049
6838 5.2989057913 5.2989057913
6839 2.50679073306 3.2358483683
6844 3.99380325329 3.99380325329
6854 2.3302701947 2.89923497724
6863 1.1695114381 1.2757778832
6872 2.68718718034 4.20164360561
6878 3.39588967009 3.39588967009
6883 0.380565005177 0.380565005177
6887 3.0 3.0
6889 0.257990592208 0.257990592208
6895 1.75724059001 3.22126293204
6902 5.0 5.0
6917 5.07667731629 5.07667731629
6921 1.21512876715 1.40775598039
6940 4.00581250998 4.65265517749
6948 0.206886227545 0.206886227545
6955 0.317669670778 0.440887449981
6968 3.53697183099 3.53697183099
6971 0.5 0.707106781187
6975 5.5 7.77817459305
6980 0.223781481017 0.223781481017
6993 0.0495680789798 0.0495680789798
7001 1.12238649676 1.20622213216
7005 12.0 12.0
7006 2.38485921341 3.86812021469
7011 1.01495726496 1.01495726496
7012 3.04314268685 3.17769618593
7013 3.5369031864 3.5369031864
7030 0.892737568593 1.02147071676
7043 0.754731861199 0.79358467867
7045 2.04213864975 2.04213864975
7052 4.92539060806 5.13674994238
7060 0.0 0.0
7063 1.27655310621 1.27655310621
7074 1.0 1.0
7079 4.0 4.0
7080 4.00147492946 5.00117012731
7081 1.20950422664 1.20950422664
7088 1.5141509434 1.5141509434
7094 0.797044457319 0.914927922676
7095 1.50168350168 1.50168350168
7099 5.0 5.0
7109 1.61484041144 1.69196168812
7112 4.19476744186 4.19476744186
7113 2.62636212289 3.54426740072
7119 1.48229813665 2.07507113127
7121 1.29628276603 1.63961881365
7125 1.0 1.0
7129 1.26683046683 1.26683046683
7130 1.59613445378 1.6016891197
7134 2.04854043796 2.10141015746
7135 0.711189034109 0.711189034109
7137 0.634946677605 0.634946677605
7142 1.31210715559 1.7601310931
7159 1.2063081619 1.60223099153
7163 4.73323397914 4.74074551217
7166 1.96735395189 2.2218999601
7168 2.14173532505 2.41798235538
7171 7.01644986943 8.33649695491
7176 1.64479651522 2.68402057801
7177 0.287571080422 0.287571080422
7178 0.993827757174 1.28696796097
7181 2.76115760112 2.76115760112
7203 1.0 1.0
7215 2.0 2.2360679775
7222 3.3152639087 3.3152639087
7226 1.0753499454 1.0753499454
7234 5.4109277177 5.4109277177
7251 0.177604405691 0.251170559265
7262 1.343866171 1.38716265417
7263 3.41463414634 3.41463414634
7272 7.03022269353 7.03022269353
7278 3.36122047244 3.36122047244
7290 3.72333910265 4.61300660539
7293 1.48025276461 1.48025276461
7304 3.76295905027 3.8586733683
7310 2.12367120906 2.58376824323
7320 3.32116369138 4.6709515409
7326 0.836479659665 0.836479659665
7328 1.51961588644 2.02720957025
7334 12.0 12.0
7335 1.0 1.0
7339 0.907907495253 0.915488271159
7342 7.18078913325 7.18078913325
7351 2.86750310434 4.36386431859
7355 7.0 7.0
7356 1.26611418048 1.46343210095
7382 1.13570883731 1.14592150827
7385 5.0 5.0
7387 2.52636261022 2.95486277723
7389 4.91130434783 4.99513623551
7407 1.80803267529 1.80803267529
7413 0.528372792183 0.528372792183
7414 2.53889789303 2.53889789303
7420 1.32010243278 1.35835783227
7431 3.48328919888 4.57152666971
7436 1.66638001638 1.67197358228
7437 1.82246376812 2.64307807087
7442 2.40300981083 2.65568170376
7446 1.0 1.0
7450 1.23333333333 1.23333333333
7453 0.580231785644 0.693524039535
7459 0.49621785174 0.49621785174
7465 1.51009114503 2.10328778623
7466 1.38773885584 1.70682398265
7474 2.90666432145 3.01450317842
7484 3.0 3.0
7493 3.53970730416 3.9325653223
7504 1.0 1.0
7513 2.39868627731 2.82796414121
7515 1.0 1.0
7518 2.54719939399 2.74530983468
7538 0.0 0.0
7543 4.9815498155 4.9815498155
7547 2.25050505051 2.25050505051
7553 4.44316382172 4.75881908894
7557 3.81071311206 3.81071311206
7561 3.17247287264 3.17247287264
7562 5.07955936353 5.07955936353
7564 1.00492610837 1.00492610837
7568 1.16423416092 1.16544706587
7574 4.75886524823 5.75775589357
7578 6.77009222661 6.77009222661
7580 0.766138855055 0.766138855055
7587 2.0 2.0
7591 3.51408340158 3.99974087742
7600 5.63807890223 6.11282299595
7611 5.63257575758 5.63257575758
7621 0.855151816824 0.855151816824
7632 2.81783803497 3.21338768186
2.44424131596 3.40125845603