5 0.498683055312 0.498683055312
14 1.0 1.0
22 0.478873239437 0.478873239437
24 0.0 0.0
25 1.0 1.0
35 0.75 1.11803398875
55 0.0 0.0
68 10.0 10.0
69 1.5 1.58113883008
76 1.57840157178 1.94348741875
83 4.0 4.0
95 2.0 2.0
97 5.49162861492 5.49162861492
122 2.51461988304 2.56673854925
136 3.34149722736 3.34149722736
151 11.0 11.0
161 5.0 5.0
171 1.0 1.0
172 7.06213592233 7.06213592233
189 4.0 4.0
234 0.501858736059 0.501858736059
243 2.0 2.0
276 6.55319148936 6.55319148936
316 5.44404966674 5.44942671253
323 5.8954248366 5.8954248366
343 11.0 11.0
348 3.0 3.0
365 0.375958188153 0.531685168572
369 1.21383664933 1.56989797359
370 0.504987531172 0.504987531172
380 5.0 5.0
381 0.734053497942 0.734053497942
384 1.16904384575 1.65327766166
420 10.0 10.0
433 3.49186529426 4.12098336286
452 0.831378681261 0.864902774838
475 10.0 10.0
476 2.0 2.0
485 2.38655054682 3.06983614756
509 1.52798982188 1.52798982188
523 0.0 0.0
524 3.27295132471 3.27295132471
531 5.0 5.7879184514
532 2.0 2.0
544 6.0 6.0
550 3.5003236246 3.5003236246
555 3.77237851662 3.96710148334
566 2.02039106145 2.02049395856
569 0.634375 0.634375
579 1.0 1.0
590 0.0 0.0
591 0.0 0.0
594 0.0 0.0
617 1.0 1.0
625 5.0 5.0
626 11.0 11.0
649 4.0 4.0
652 3.0 3.0
659 0.508350730689 0.707205394073
676 3.5194493562 4.7938912403
683 4.0 4.0
684 1.0 1.0
714 1.4934114202 1.4934114202
767 2.0 2.0
777 0.867435820999 1.2170813279
785 4.0 4.0
810 5.28144266338 6.4035533785
814 4.0 4.0
817 3.44441103092 3.92273919311
888 0.980754426482 0.980754426482
924 1.33333333333 2.30940107676
928 1.0 1.0
936 0.660411081323 0.660411081323
950 1.96854725747 2.57470030359
954 2.77370141664 2.77370141664
961 4.00515907137 4.00515907137
986 2.48850902184 3.22384945711
1040 2.0 2.0
1041 0.303278688525 0.303278688525
1051 1.0 1.41421356237
1053 0.33445993522 0.579301600898
1070 1.44503546099 1.83596444119
1073 4.72345736552 4.72346479457
1074 1.0 1.0
1077 1.96569468268 1.96569468268
1079 4.24633141357 5.93649640501
1088 7.5 7.90569415042
1103 3.0 3.0
1129 1.0 1.0
1145 4.0 4.0
1154 6.0 6.7082039325
1165 2.63323782235 2.63323782235
1166 3.0 3.0
1181 1.01408450704 1.01408450704
1193 1.5 1.58113883008
1211 0.0 0.0
1216 1.23368691739 1.51299711795
1219 3.9687620445 4.67197647506
1221 1.0 1.0
1226 0.0413223140496 0.0413223140496
1234 2.0 2.0
1261 1.0 1.0
1266 2.0140969163 2.0140969163
1267 1.99285714286 2.11462352514
1283 12.0 12.0
1284 2.0 2.0
1285 4.0 4.0
1287 2.98839907193 3.14761206925
1289 0.0 0.0
1297 1.04955473066 1.1743305574
1312 2.0 2.0
1313 1.32785388128 1.34749376806
1330 5.0 6.2449979984
1365 3.45203359859 5.23216996974
1374 4.0 4.0
1384 4.75984990619 4.75984990619
1387 4.0 4.0
1389 0.5 0.707106781187
1391 1.28522309514 1.36223603951
1413 6.5885509839 6.5885509839
1422 4.0 4.0
1426 7.64504504505 7.64504504505
1434 1.0 1.0
1437 0.334661354582 0.579650469465
1438 5.2 5.44058820349
1455 10.6166194523 10.6166194523
1458 1.62312312312 1.88696508017
1480 0.999474789916 0.999474927911
1483 7.0 7.0
1496 6.0 6.0
1512 0.916002452483 0.916002452483
1513 1.33333333333 1.41421356237
1545 1.87850711112 1.92205762188
1547 4.66711956522 4.66711956522
1585 1.49553571429 1.49553571429
1597 7.0 7.0
1599 1.66666666667 2.08166599947
1602 2.01613990918 2.46576722384
1605 2.16666666667 2.48327740429
1609 1.0 1.0
1622 3.42905317769 5.24902466063
1628 3.43092948718 4.21382773758
1629 1.0 1.0
1631 3.7601862631 3.76782581359
1651 4.75155734701 4.75155734701
1653 1.33745194948 1.63302432458
1662 3.0 3.0
1674 7.0 7.0
1678 0.294947994056 0.294947994056
1684 3.10538057125 3.39506053728
1718 1.25062137531 1.27548614189
1722 3.0 3.0
1731 2.24956293706 2.24956293706
1754 6.77683299917 7.39307117485
1770 2.0 2.2360679775
1792 3.2484970493 4.1898521735
1793 0.474603174603 0.474603174603
1802 2.0 2.2360679775
1807 1.48369565217 1.48369565217
1809 6.0 6.0
1811 3.55024946543 3.55024946543
1817 4.0 4.0
1831 7.01761252446 7.01761252446
1838 1.0 1.0
1847 1.5283171521 1.5283171521
1849 1.00538409888 1.05956883383
1853 3.0 3.0
1896 1.43535620053 1.43535620053
1899 1.98611111111 1.98620823383
1901 2.41095890411 3.29973812912
1902 3.32045501281 3.70089662116
1921 1.74372848008 1.74372848008
1924 1.34071340713 1.34071340713
1926 4.75675675676 4.75675675676
1957 3.08430682303 3.39571639399
1965 2.39554317549 3.21476768425
1966 1.31646932185 1.31646932185
1984 3.0 3.0
1989 2.0 2.0
2005 2.6664442962 2.6664442962
2023 2.34330015154 2.40452875882
2045 1.0 1.0
2069 5.0 5.0
2092 2.48031496063 2.48031496063
2096 1.5 2.12132034356
2100 4.0 4.69041575982
2103 2.76153932767 3.41104504675
2108 0.666666666667 0.816496580928
2115 7.26926605505 7.47246070363
2117 4.49678341673 4.49678341673
2146 0.491009949343 0.491643977122
2151 0.272098945071 0.272098945071
2155 3.0 3.0
2183 3.5 3.53553390593
2195 2.0 2.0
2204 6.0 6.0
2211 3.0 3.0
2240 11.0 11.0
2242 1.09116331096 1.30061482171
2245 0.5 0.707106781187
2246 0.750520833333 1.06139674134
2250 1.0 1.0
2259 3.55311973019 3.55311973019
2262 1.00429553265 1.29101588738
2272 0.0 0.0
2278 5.0 5.0
2287 3.0 3.0
2292 0.0 0.0
2299 3.45344827586 3.74684092065
2319 7.0 7.0
2320 2.30286063809 2.81040510297
2332 1.82407407407 1.92456771909
2355 6.0 6.0
2358 6.0 6.7082039325
2367 9.0 9.0
2402 4.87096774194 4.87096774194
2404 0.725797425853 0.725797425853
2409 3.09400179051 3.1731975732
2414 0.0 0.0
2422 3.5 4.30116263352
2475 4.33333333333 5.44671154612
2477 3.0 3.0
2478 1.0 1.0
2499 2.54430379747 2.54430379747
2505 1.0 1.0
2506 0.5 0.707106781187
2537 1.0 1.0
2538 0.0 0.0
2551 4.0 4.0
2561 2.0 2.2360679775
2562 4.0 4.0
2572 0.995330063976 1.09241396919
2584 2.0 2.0
2585 3.03837953092 3.03837953092
2590 0.611764705882 0.611764705882
2645 2.0 2.0
2669 1.7381017381 1.95572127816
2679 2.79865771812 2.79865771812
2683 2.29623134072 2.63386677768
2685 4.5 5.7008771255
2687 8.0 8.0
2699 4.58786610879 4.58786610879
2715 5.03536067893 5.03536067893
2716 8.86769230769 8.86769230769
2721 3.70894308943 3.7317136936
2733 4.57347670251 4.57347670251
2739 2.11111111111 2.68741924943
2764 0.750252721045 0.78015157739
2765 1.21060153142 1.58213465
2771 2.90070609003 2.90240505465
2772 0.0 0.0
2777 1.0 1.0
2788 0.0 0.0
2803 2.49747048904 3.12209700111
2838 2.02985074627 2.24977412792
2846 6.0 6.0
2850 10.0 10.0
2860 0.0450980392157 0.0450980392157
2890 1.0 1.0
2895 4.0 4.0
2899 3.0 3.10912635103
2913 2.00241935484 2.54951434848
2928 2.79940385516 3.26991266112
2935 1.00830483635 1.00830483635
2964 2.0 2.0
2976 1.38161760544 1.61288786979
2977 1.37819897156 2.03190858245
2981 0.0168582375479 0.0168582375479
3000 2.40450928382 2.7846563925
3011 2.18660812294 2.18660812294
3045 3.00870147256 3.60798480822
3051 2.5 3.53553390593
3052 1.99838709677 1.99838709677
3064 1.5385620915 1.5385620915
3092 2.22289156627 2.23403839844
3097 0.0 0.0
3102 2.0 2.0
3110 1.25165982062 1.75635065363
3115 1.99031476998 1.99031476998
3118 0.0 0.0
3127 5.86476333584 5.86476333584
3128 0.384423364953 0.384423364953
3129 5.0 6.40312423743
3138 3.0 3.0
3165 0.688933500789 0.752893486714
3169 1.91654787277 2.17956390083
3186 1.99879561015 2.62166364398
3187 0.0 0.0
3193 0.498529411765 0.498529411765
3203 2.0 2.0
3212 2.00663349917 2.00663349917
3219 3.0 3.60555127546
3224 4.0 4.0
3225 6.0 6.0
3231 5.0 5.0
3242 1.00634920635 1.00634920635
3243 0.0 0.0
3245 0.959278025083 1.25151052085
3252 0.881983240223 2.17006659065
3278 1.0 1.0
3284 0.839300937766 0.854546811321
3290 0.0179211469534 0.0179211469534
3293 2.28735632184 2.28735632184
3294 3.46280235472 3.46443697144
3321 0.824324324324 1.14104289273
3341 3.71461449942 3.78272848115
3345 3.0 3.0
3353 1.0 1.0
3368 1.73927038627 1.73927038627
3374 1.0 1.0
3381 0.493584260051 0.493584260051
3385 12.0 12.0
3389 0.981220657277 1.3876555612
3395 1.61569450616 2.04512683711
3398 6.49690210657 6.49690210657
3409 1.0 1.0
3413 1.0 1.0
3423 0.651033386328 0.738662417868
3426 1.0 1.0
3429 2.72433192686 3.1156745283
3431 2.0 2.0
3440 3.0 3.0
3450 2.0 2.0
3452 1.08653619429 1.08997679536
3468 1.4045846395 1.46169310734
3478 1.61926812436 2.00931729074
3481 1.0 1.0
3486 4.49098712446 4.49098712446
3502 2.66337302778 3.80101360495
3514 10.0689655172 10.0689655172
3517 2.0 2.0
3522 7.14223385689 7.14223385689
3523 1.86204757719 2.41680248331
3545 2.97418546366 3.59856967529
3565 1.0 1.0
3571 0.0184940554822 0.0184940554822
3573 1.0 1.0
3580 2.99832214765 2.99832214765
3594 6.0 6.0
3595 1.32486187845 1.60542827846
3608 5.77893175074 5.77893175074
3619 0.0349462365591 0.0349462365591
3632 2.43212981522 3.73706087664
3636 3.98604427334 3.98604427334
3657 1.0 1.0
3661 2.49275362319 2.49275362319
3683 6.0 6.0
3709 3.0 3.0
3719 0.0 0.0
3722 0.0 0.0
3735 0.0 0.0
3736 1.99774096386 2.23505976077
3738 0.500780031201 0.500780031201
3755 1.3797708896 2.00259862847
3758 1.50163934426 1.50163934426
3783 1.0 1.0
3802 0.994623655914 0.994623655914
3840 4.0 4.0
3843 2.66145354186 2.66145354186
3857 2.65043840221 2.74927827071
3874 2.31468531469 2.31468531469
3876 8.0 8.0
3889 2.5 2.91547594742
3912 1.0 1.0
3913 1.24724505517 1.2715164379
3927 2.27369542066 3.07226057779
3953 1.0 1.0
3993 0.860028860029 1.13948470817
3995 2.66666666667 2.94392028878
4004 1.66666666667 1.8742795337
4023 0.966874566875 1.93354315972
4048 6.0 6.0
4050 2.0 2.0
4082 1.13246073298 1.25306958431
4106 3.25234042553 3.48512191824
4113 4.0 4.0
4162 2.40016299919 2.40016299919
4172 1.0 1.0
4179 2.02218278616 2.02218278616
4207 1.0 1.0
4210 5.0 5.83095189485
4212 1.27507267442 1.46674126976
4221 5.0 5.0
4227 9.66666666667 9.8488578018
4240 2.32579710145 2.42154531354
4253 3.02631578947 3.02631578947
4271 3.76218611521 3.96058424716
4296 0.550480769231 0.550480769231
4308 1.65203761755 1.65203761755
4349 7.0 7.0
4357 3.3395107487 3.3395107487
4382 2.16544117647 2.5708915052
4395 1.47324417859 1.99662596354
4399 7.0 7.0
4416 11.0 11.0
4417 5.0 5.0
4420 1.0 1.0
4423 6.7032967033 6.7032967033
4444 2.52877245788 2.67855818295
4447 5.85357142857 5.85540261604
4459 1.0 1.0
4462 3.6805637111 3.6805637111
4498 1.0737704918 1.07630160946
4514 1.0 1.0
4525 0.0 0.0
4526 4.0 4.0
4550 3.53555764411 4.8439351133
4569 0.666666666667 0.666666666667
4582 3.09058614565 3.93314151536
4592 1.5 2.12132034356
4593 6.0 6.0
4595 1.0 1.0
4602 3.07185628743 3.07185628743
4606 2.17601970657 2.84812669213
4613 5.0 6.40312423743
4616 3.0 3.0
4619 1.42977334319 1.77926394378
4624 12.0 12.0
4629 2.0 2.0
4645 1.0 1.0
4651 1.0 1.0
4656 8.0 8.0
4660 3.0 4.24264068712
4665 4.43449781659 5.12314086654
4675 1.05398110661 1.05398110661
4688 2.33333333333 3.51188458428
4709 4.0 4.0
4748 3.47691740513 4.09381290058
4781 1.0 1.41421356237
4790 6.0 6.32455532034
4801 4.0 4.0
4802 0.733804475854 0.780595327848
4807 0.446886446886 0.612594699114
4810 2.0 2.0
4812 1.0 1.0
4819 2.0 2.0
4827 2.66666666667 2.70801280155
4828 0.0569185475957 0.0569185475957
4855 2.94014962594 4.1579994764
4861 11.0 11.0
4863 1.0 1.0
4885 1.0 1.0
4894 0.0 0.0
4910 6.0 6.0
4920 2.68547128547 2.99806197183
4956 1.0 1.0
4960 4.00145772595 4.00145772595
4964 1.0 1.41421356237
4966 4.0 4.0
4967 1.0170212766 1.0170212766
4988 1.00171526587 1.00171526587
4993 6.0 6.0
5003 4.0 4.0
5026 1.16597510373 1.43356041732
5036 1.0 1.0
5066 1.0 1.0
5069 7.5 8.27647267862
5077 3.0 3.31662479036
5086 10.0 10.0
5096 6.01878914405 6.01878914405
5099 1.66683316683 1.66683316683
5113 4.01089324619 4.01092283121
5121 4.65067178503 4.65067178503
5132 3.5 3.53553390593
5151 2.40760836903 2.85639472544
5154 0.0 0.0
5183 4.0 5.0
5217 4.56275795096 4.88546702011
5219 1.2244255587 1.2244255587
5223 1.5 1.58113883008
5228 0.990291262136 1.40048333361
5229 2.54117647059 2.77668659844
5246 2.81467181467 2.81467181467
5251 1.74852071006 1.74852071006
5272 1.71565244652 1.97624396435
5291 1.5 1.58113883008
5293 2.52754158965 2.52754158965
5310 5.11212121212 5.11212121212
5311 2.5 2.91547594742
5325 9.5 9.82344135219
5336 2.31045969354 2.31045969354
5344 2.0 3.40587727319
5356 2.98591549296 2.98591549296
5363 5.03025210084 5.03025210084
5371 5.10010318519 6.10424758526
5372 7.34929906542 7.34929906542
5374 10.0 10.0
5404 0.0151724137931 0.0151724137931
5446 1.94649446494 1.94649446494
5478 2.0 2.0
5488 1.0 1.0
5492 1.0 1.0
5493 6.0 6.0
5499 0.660098522167 0.660098522167
5506 1.45539906103 1.45539906103
5507 2.195703125 2.70775907874
5512 1.35331379523 1.502277563
5515 0.621065545707 0.900674645442
5518 8.47749196141 8.47749196141
5523 2.0 2.0
5545 9.0 9.0
5554 6.5 6.5
5562 1.5 1.58113883008
5573 12.0 12.0
5575 1.0 1.0
5578 2.0 2.0
5584 1.34737963003 1.90808958664
5608 4.0 4.0
5633 10.0 10.0
5655 1.0 1.0
5659 6.0 6.0
5662 2.75 2.95803989155
5674 1.0 1.0
5687 4.16915422886 4.17601164872
5707 0.0 0.0
5724 3.0 3.0
5729 2.5463190067 4.29743779537
5736 0.0 0.0
5749 0.832 0.848792082904
5763 0.0 0.0
5772 3.20195758564 3.9007281174
5785 1.0 1.0
5786 3.0 3.0
5826 2.0 2.0
5837 2.97460821145 3.30995759609
5849 4.92141136484 7.02652790699
5865 1.10940043524 1.36968056455
5870 11.0 11.0
5896 2.16003927344 2.58925994881
5897 5.0 5.0
5898 0.411648177496 0.411648177496
5931 0.0 0.0
5933 3.16956802063 3.33308727347
5934 12.0 12.0
5941 0.0 0.0
5948 2.1712962963 3.47678404037
5968 1.0 1.0
5969 3.0 3.0
5974 1.75029726516 1.76801922281
6004 2.02275077559 2.02275077559
6006 1.0 1.0
6026 1.0 1.0
6041 1.19783313501 1.46244528634
6043 2.50185960019 3.06111748142
6045 1.58563535912 1.58563535912
6065 0.0 0.0
6091 8.30206349206 9.09358865483
6115 1.0 1.0
6124 12.0 12.0
6150 2.0 2.0
6154 0.330827067669 0.330827067669
6194 11.496791934 11.496791934
6201 2.0 2.0
6202 1.50418975261 1.66292322135
6228 1.0 1.0
6234 1.0 1.0
6240 2.0 2.0
6280 6.0 6.0
6287 1.0 1.0
6290 2.50173611111 2.72431349926
6297 6.0 6.0
6299 3.0 3.0
6325 1.0 1.0
6328 0.666666666667 0.816496580928
6343 0.0 0.0
6349 12.0 12.0
6375 1.01253481894 1.01253481894
6378 6.49692780338 7.44361997901
6379 1.0 1.0
6384 1.0 1.0
6386 0.75 1.11803398875
6404 2.48874824191 2.48874824191
6418 1.06962962963 1.06962962963
6419 2.0 2.0
6435 6.0 6.0
6450 4.00922131148 4.39386027651
6456 2.25183374083 2.26587189165
6463 0.94692020532 0.951372833884
6484 2.48464163823 2.48464163823
6517 4.03550577786 4.09996411924
6521 7.0 7.0
6533 1.33333333333 1.82574185835
6549 0.893483984204 1.34271900364
6560 5.88961038961 5.88961038961
6562 1.50320512821 1.95790576137
6564 3.0 3.0
6574 1.52667410714 1.75034475951
6595 1.33180428135 1.49002958435
6615 0.937373737374 0.937373737374
6631 3.47877358491 3.47877358491
6640 2.0 2.0
6644 1.37091633466 1.50836264029
6657 3.0 3.0
6680 1.48209366391 1.48209366391
6697 2.2710994463 3.12953886372
6716 1.0 1.0
6736 4.33333333333 4.43471156522
6737 6.0 6.0
6748 2.92242484949 3.69532706101
6766 8.34096692112 8.58827366443
6770 1.0 1.0
6779 3.01743343881 3.01757129942
6800 1.0 1.0
6823 2.05219065027 2.2665333607
6838 3.0 3.0
6839 3.0 3.41565025532
6854 2.75600301251 3.41626735361
6863 2.29189686924 2.29189686924
6872 11.0 11.0
6878 6.07928047968 6.07928047968
6883 1.0 1.0
6889 1.49578947368 1.49578947368
6895 3.5 4.58257569496
6921 1.0 1.0
6940 9.12513513514 9.56728484084
6948 1.53438864629 1.53438864629
6955 1.0 1.0
6980 2.0 2.0
6993 3.49273356401 3.49273356401
7001 2.98909657321 3.15541186888
7006 3.39914893617 5.49514325257
7013 3.42098487287 3.42098487287
7030 0.653536240417 0.668981007488
7045 2.0 2.0
7052 2.0 2.0
7063 9.0 9.0
7081 2.0 2.0
7094 1.11575831383 1.40908607587
7099 5.0 5.0
7109 3.0 3.16227766017
7121 1.90162708456 2.25836126374
7125 1.0 1.0
7130 3.0 3.0
7135 1.0 1.0
7142 2.13894849785 3.02492997488
7159 1.71586734098 2.02628335991
7163 4.5 4.52769256907
7166 1.0 1.0
7168 2.96063959961 3.7995332961
7176 1.29620563035 1.80643663779
7177 0.0 0.0
7181 3.0 3.0
7222 3.0 3.0
7226 2.31637931034 2.31637931034
7251 0.327536231884 0.327536231884
7262 0.492668621701 0.492668621701
7272 12.0 12.0
7278 5.0 5.0
7290 4.49741602067 4.49741602067
7304 1.51834862385 1.51834862385
7310 2.53720693326 2.54729357793
7320 2.50980392157 2.50980392157
7326 0.369352409639 0.369352409639
7328 1.91222760291 2.54726239151
7334 12.0 12.0
7339 7.0 7.0
7351 1.6 2.2803508502
7355 7.0 7.0
7356 4.0 4.0
7382 1.0 1.0
7387 1.49859729661 2.32707324036
7407 0.0 0.0
7413 0.0530805687204 0.0530805687204
7420 0.866850828729 0.866850828729
7431 6.5 7.71362431027
7437 0.5 0.707106781187
7442 0.504725897921 0.504725897921
7453 4.11620342992 5.6592408037
7465 2.50296359018 2.50296359018
7474 5.0 5.0
7493 0.903790087464 0.903790087464
7513 2.25 2.78388218142
7518 4.05378653577 4.30725224304
7547 0.0 0.0
7553 3.66666666667 3.87298334621
7557 2.0 2.0
7561 4.33094812165 4.33094812165
7562 1.0 1.0
7564 0.503051438535 0.503051438535
7568 2.75 3.88908729653
7578 7.0 7.0
7611 0.0 0.0
7621 1.0 1.0
7632 1.0 1.0
2.4982601682 3.51277843856