5 1.57651480206 1.57651480206
6 0.25100029151 0.263960925917
9 2.01799763957 2.61240568014
14 1.0 1.0
15 2.3122118302 2.86108269673
22 3.31566530827 4.55769145998
24 7.67531973704 7.67531973704
25 0.771521892934 0.817628618968
35 2.18414385494 3.61456120068
55 0.153143217656 0.184030469294
57 2.44217086402 2.44217086402
58 1.0 1.0
59 7.0 7.0
66 3.48555080338 3.48555080338
68 0.822101800722 0.836858854948
69 0.90350089617 1.06489386804
76 1.4500330757 1.92233889273
81 1.32417173274 1.32417173274
83 6.97341923096 7.29746243967
85 0.528768207622 0.6935646961
89 9.17386065103 9.17386065103
95 1.33881537553 1.33881537553
97 2.15166233357 2.15166233357
122 2.79422110725 3.4364270663
126 3.46609062939 3.82766529071
134 1.06490671899 1.41965470371
136 2.85121986101 3.07901058279
151 2.30970159361 2.30970159361
156 3.39749232127 5.25986126791
161 2.63948391803 2.94936831055
164 1.93400033311 1.94085578343
171 1.1409996013 1.54214658583
172 2.54559731618 2.75752916312
186 2.46843409279 2.46858887502
189 2.15177503703 3.10432139583
196 3.65749291583 5.31948219314
205 1.2342903433 1.33405783825
219 0.00177292390611 0.00177292390611
221 4.49682346065 4.49682346065
234 0.0619121641779 0.0619121641779
243 1.7018955869 1.7018955869
259 3.35792248952 3.35792248952
274 9.27196877197 9.27196877197
276 4.88520616864 5.3886806736
291 2.16331037244 2.16331037244
299 0.637841508508 0.909729637059
303 1.0 1.0
304 0.631268391871 0.70513410531
307 4.33333333333 4.65474668126
308 3.37918748724 4.27639641532
316 0.807339265884 1.16883241965
323 4.50325511316 4.53128815273
326 2.6684831476 2.6684831476
328 3.41465238737 3.41465238737
331 2.49339171493 3.10723038308
334 0.169398817525 0.293407358696
342 2.54121407116 3.02398810096
343 2.19618007438 2.47451040845
346 2.28836798288 2.28836798288
347 5.01351605863 5.01351605863
348 2.12016760246 2.30429463048
360 2.0 2.0
362 0.672162229 0.672162229
365 2.19947638259 2.88863684253
369 1.09314060779 1.45435316496
370 6.54034138806 6.54034138806
373 1.0 1.0
376 1.44266777853 1.44266777853
380 2.22352992968 2.2275506622
381 0.616161156837 0.725938584672
383 2.0 2.0
384 0.447086400945 0.787447237101
393 0.674023447768 0.674023447768
405 3.0 3.0
410 1.08433958114 1.11372453584
419 0.492337458335 0.492337458335
420 2.60821156256 3.88166162986
427 1.20341693065 1.22048791745
431 4.58224274878 6.46103803942
433 3.00054668023 3.35373718699
445 1.22170489424 1.26121768928
452 1.40757259583 1.47652738094
475 2.15874381136 2.15874381136
476 1.75118735496 2.81441145764
480 2.08304881425 2.08304881425
485 2.17753170204 2.9763691605
493 2.9436822553 3.73791886174
502 2.85042366021 2.85042366021
509 0.898715098518 1.16355073573
512 9.0 9.0
515 0.598796092528 0.764998593978
517 2.32052330237 2.84336407551
520 2.09949889283 2.10620054685
523 0.766112628512 0.892832339396
524 1.76363873092 1.76363873092
531 3.09384283921 4.10312667953
532 1.02215950725 1.03966707514
538 0.678848444455 0.817041639653
544 1.38447418692 2.00842473518
545 3.0 3.0
549 2.0 2.0
550 2.48587232671 2.48587232671
552 1.0 1.0
553 3.0 3.0
555 1.70272274684 2.88718950375
564 2.69488065773 2.69488065773
566 1.36239365559 1.43549787583
569 0.956809550994 0.957783864846
575 2.74291753396 2.84174648066
579 3.4452639399 3.81694100489
590 1.33148116184 1.47389399439
591 0.575007812012 0.575007812012
594 3.16479387679 3.16479387679
599 0.293776252706 0.293776252706
611 0.865680684831 1.49445238851
617 3.09349559752 3.09349559752
618 2.0 2.0
621 2.55811189364 2.55811189364
625 3.13872042705 3.13872042705
626 4.84914047924 5.87583862924
638 2.62119372887 2.62119372887
643 7.69433049752 7.69433049752
649 1.41445706308 1.6255972001
650 2.3758351727 2.3758351727
652 4.84997076082 4.84997076082
659 2.99556889749 3.66681064166
676 1.68800078857 2.28763007231
683 2.20604519148 2.97105384804
684 0.708478029532 1.01582525822
687 0.0541923059983 0.0541923059983
689 1.63063642993 1.77686122811
691 4.18883840747 4.18883840747
712 0.0 0.0
714 0.297204069943 0.420310026506
723 5.79024168177 5.79024168177
725 3.44770913333 4.00571448428
732 0.503694490283 0.503694490283
745 0.707874572808 0.851676652603
758 2.0 2.0
764 3.36079075916 3.52405732884
767 0.589402185043 0.589402185043
772 1.0 1.0
777 1.04825154529 1.35141291723
779 0.498088371752 0.498088371752
783 2.61432186441 2.61432186441
785 1.68283295827 1.68283295827
806 1.29019697272 1.29019697272
809 3.47863320912 3.47863320912
810 1.94209086029 2.58958015283
814 2.78141135972 2.78141135972
817 3.66687267116 5.25189756452
831 2.15189507674 2.15189507674
845 1.0 1.0
848 2.21880279404 2.21880279404
853 8.05503317711 8.10826175435
860 7.96924913626 7.96924913626
878 1.54789383979 1.54789383979
881 0.699107086709 0.700890462977
886 1.6018650694 1.6018650694
888 1.81792111776 1.81792111776
924 1.15791554095 1.36154639101
928 0.975013624212 1.02426530039
936 0.871779110646 0.871779110646
943 2.0 2.0
950 2.39403267993 3.2335527776
954 3.29130054793 3.29130054793
961 3.17234010002 3.7326119294
963 0.507929568289 0.507929568289
978 1.58054801321 1.58054801321
986 0.964092951976 1.21808775239
988 2.17231377719 2.17231377719
992 1.07054056647 1.07054056647
993 7.99393582894 7.99393582894
1005 1.0 1.0
1007 1.38996016806 1.38996016806
1013 0.166274108767 0.166274108767
1023 0.523938140232 0.523938140232
1037 0.153843195323 0.153843195323
1040 1.12590604583 1.12590604583
1041 1.24030548104 1.54762610902
1051 2.43253422507 2.49784710538
1053 1.17779491547 1.1813822135
1056 1.38816198667 1.81828213793
1069 0.156081979192 0.194970240482
1070 1.26633262442 1.50220642998
1073 2.30816257639 2.30891644995
1074 1.4542138118 1.4542138118
1077 0.46889591445 0.46889591445
1079 1.94413982673 2.58927306975
1084 1.59960548416 1.59960548416
1088 8.23032698123 8.35225363218
1103 2.51961774038 2.51961774038
1129 0.485954045869 0.485954045869
1145 1.51340826068 1.51340826068
1148 8.5 9.19238815543
1152 0.971015892952 0.971015892952
1154 1.81565552138 1.81842422405
1165 1.87040967066 2.34144651421
1166 0.838440779057 0.838440779057
1181 1.91987675524 1.91987675524
1193 0.894794458848 1.04394003276
1211 1.36426466672 1.36426466672
1212 0.326519098264 0.326519098264
1216 1.37450313918 1.54809058632
1219 2.96451424308 3.54273794713
1221 0.163670539001 0.163670539001
1226 0.321861309309 0.321861309309
1230 7.0 7.0
1234 0.874199170567 1.12471369443
1237 2.0 2.0
1239 0.71969420681 0.71969420681
1244 1.33288562265 1.33288562265
1261 1.72405521133 1.72405521133
1263 2.5 2.91547594742
1264 0.0 0.0
1266 2.3863138693 3.04955189305
1267 1.34574242298 1.63959380449
1269 2.0 2.0
1275 1.78387011195 1.78387011195
1283 11.4207621608 11.4207621608
1284 4.83363674504 4.83363674504
1285 0.303422119156 0.303422119156
1287 3.8736277805 4.56339400412
1289 1.07643558124 1.9006118378
1292 1.8680849131 2.30100843088
1295 0.666749439422 0.666749439422
1296 1.0 1.0
1297 2.59514029924 2.996790962
1308 3.81592590295 3.81592590295
1312 1.05885381601 1.21761375774
1313 1.36444794688 1.58067264097
1325 0.382521990761 0.382521990761
1330 0.990465959202 1.3731742051
1337 2.52250156367 2.52250156367
1345 1.08246117911 1.08246117911
1365 1.20842942301 1.70687111369
1369 1.95248721847 2.32898455768
1374 1.19514402777 1.44987926207
1384 4.50547648675 5.9222675641
1387 4.03863394072 5.44425721312
1389 1.36761094995 2.41844893574
1391 1.14517252468 1.25402293134
1413 9.13601218997 9.32422486275
1422 1.38928282768 1.38928282768
1424 1.33874664467 1.79980143116
1426 9.76354669747 9.78835926769
1434 2.41245299719 3.27353887597
1437 0.50914888708 0.610142969187
1438 3.71853136568 4.51691419705
1443 3.0 3.0
1453 2.21464732543 2.28783341624
1455 5.87414591654 7.63301307903
1458 1.46965918187 1.76099223714
1461 1.22505361412 1.22505361412
1465 1.53333198659 1.53333198659
1474 0.0 0.0
1479 8.05917162356 8.11181458641
1480 0.480637367557 0.67716424683
1482 2.79661509407 2.79661509407
1483 1.8217758696 1.8217758696
1496 0.775819913472 0.83620906167
1499 0.683697435503 0.711717970526
1504 0.638980946194 0.638980946194
1512 2.37155226046 3.62473838051
1513 1.31035734083 1.94611937042
1518 2.54523705382 3.27012426458
1530 1.67341283594 1.73557646702
1544 1.0 1.0
1545 1.11687332295 1.27625806992
1547 2.61583437461 3.69934844949
1569 1.0 1.0
1579 1.13560958509 1.13607734136
1585 0.70403191618 0.805953965656
1597 7.56565216856 7.59121957651
1598 1.62840884855 1.62840884855
1599 2.37276041353 2.67774296614
1602 1.58484072058 2.09749468757
1605 3.45468136133 3.56344547113
1609 0.131239804297 0.135630185664
1622 1.35886779259 1.51615249571
1627 4.34064043978 4.34064043978
1628 2.41473267255 2.7376847515
1629 3.82947584517 3.82947584517
1631 2.01485146361 2.14086836549
1638 3.37158603299 3.37158603299
1651 1.95254057817 2.29389783209
1653 1.40823029251 1.60169884309
1658 2.81220190337 2.81220190337
1662 5.46669928815 5.46669928815
1674 1.40941642172 1.46767723162
1678 1.10180300793 1.10180300793
1683 5.0 5.0
1684 2.10036750483 2.2013329362
1687 0.0871482032091 0.0871482032091
1691 9.58276273391 9.58692870617
1718 1.90270502878 2.16461087019
1719 0.0 0.0
1722 1.36733567383 1.57500788919
1731 1.32349755109 1.32349755109
1732 2.52697443209 2.5813372179
1754 3.44787702071 4.58756357377
1764 9.15233412391 9.15233412391
1770 2.74459687027 2.75007834089
1778 0.474150714937 0.474150714937
1789 1.06179725151 1.24138261592
1792 2.60061122476 3.41293344317
1793 2.64591137563 3.54155054448
1797 0.183927535832 0.183927535832
1802 3.61774984575 4.23898628294
1806 0.765981419788 0.765981419788
1807 1.42766633636 1.85102885948
1809 4.92767884476 4.92767884476
1811 1.81832844406 1.81832844406
1817 2.09227902739 2.09227902739
1825 0.935884318941 0.935884318941
1828 3.0 3.0
1831 7.35783632904 7.35783632904
1832 2.14186775453 2.14186775453
1833 1.57361207915 1.57361207915
1836 0.115576919584 0.115576919584
1837 1.0 1.0
1838 2.04518359726 2.04518359726
1839 1.5 1.58113883008
1842 5.0 5.0
1843 2.9920143387 2.9920143387
1847 0.220300531931 0.220300531931
1849 0.477104520853 0.59296573749
1853 2.30818363861 2.70511420377
1855 3.0 3.0
1859 3.98895393792 3.98895393792
1867 0.0820354076991 0.0820354076991
1872 1.84676916684 1.84676916684
1878 0.0 0.0
1880 1.0 1.0
1888 2.54921409252 3.13056410781
1896 1.02007601579 1.02007601579
1899 1.40433053289 1.7891694935
1901 2.55619121817 3.12721331167
1902 1.24800677653 1.40944880962
1907 0.214790018073 0.214790018073
1918 1.50607276522 1.50607276522
1921 2.25641228232 2.7896051689
1924 1.49358290115 1.49358290115
1926 0.308426753884 0.308426753884
1939 1.0 1.0
1940 4.24509842365 4.59353242823
1941 3.52453912457 3.52453912457
1946 4.66592143692 5.73471034319
1955 1.87169448199 1.87169448199
1957 2.45701997941 2.81165373369
1959 3.61827062681 3.61827062681
1962 1.31953601343 1.48465704045
1965 2.95073127075 3.79464991543
1966 3.28691790086 4.26199997227
1972 0.83985993064 0.83985993064
1984 1.31910979439 1.33804287096
1989 1.87940414722 2.19321704147
2005 1.37956887091 1.67811964871
2007 1.64600908501 1.64600908501
2011 0.653692109469 0.653692109469
2023 2.6406317872 3.42760956369
2033 0.720952130187 0.720952130187
2040 2.07442729367 2.87806147269
2045 0.322826922567 0.322826922567
2062 2.0417942312 2.58715429429
2069 2.33127703056 3.29692359427
2071 3.0 3.0
2080 3.0 3.0
2091 1.0 1.0
2092 2.33901134411 2.44698625474
2096 0.920206767185 1.04894382435
2100 4.66785479489 5.55369684667
2103 2.29539945536 3.10724179916
2108 2.26925882148 2.77012981002
2114 1.0 1.0
2115 1.42272944819 1.87600862567
2117 1.85922388854 1.85922388854
2127 0.499490850585 0.706386735179
2142 0.227979845082 0.227979845082
2146 2.25537831725 2.60240646429
2149 0.856853416124 0.856853416124
2151 0.540967898174 0.680198258512
2155 1.84890214349 1.85869619147
2181 3.0 3.0
2183 1.92573977218 2.03648385956
2186 2.94701954868 2.94701954868
2192 0.285342527278 0.285342527278
2195 1.92448135395 2.59348463183
2197 0.0 0.0
2202 4.10150593687 4.20863830722
2204 3.76766648228 3.76766648228
2205 3.0 3.0
2210 1.0 1.41421356237
2211 0.366907231075 0.448260333938
2212 1.99343295344 1.99343295344
2233 3.0 3.0
2240 2.35437671491 2.35437671491
2242 2.68900528095 3.41042908798
2245 0.760876064074 0.910824176318
2246 1.58505023365 1.6369335234
2250 0.874770484796 0.874770484796
2254 3.09815184031 3.29842546943
2259 2.647620171 2.647620171
2262 0.62991216873 1.07448802397
2272 0.661260431549 0.702140949074
2278 2.98037206802 3.58789928592
2287 0.32668419895 0.462001224767
2289 1.0 1.0
2292 0.797541063672 0.923670377608
2299 4.23259771471 5.76701613918
2301 4.0 4.0
2319 0.952171505568 1.09785318505
2320 2.40851786152 3.4505230731
2329 1.0 1.0
2332 1.68162800625 1.75549997715
2346 2.0 2.0
2355 2.3442910914 2.70237289426
2358 2.07505442768 2.07580473179
2364 0.5 0.707106781187
2367 2.25576845663 2.25576845663
2376 1.0 1.0
2378 6.2611298847 6.2611298847
2386 2.40199148358 2.5965595176
2394 0.59128670249 0.71879518926
2402 7.09770373149 7.09770373149
2404 1.09191802343 1.09191802343
2409 2.01626063197 2.26039277871
2414 0.287641042855 0.287641042855
2422 2.93710224588 3.56587686701
2428 2.71352891394 2.71352891394
2430 0.244176463219 0.244176463219
2431 2.14642460987 2.68134542994
2450 2.437517278 3.0411208403
2451 2.0 2.0
2466 0.0 0.0
2475 6.22247995894 7.30562488491
2477 1.76636487526 1.95398205336
2478 0.609983277926 0.759617006668
2484 1.77119779478 2.18758483431
2494 2.25839597348 2.9778649074
2496 1.25409764641 1.76669695315
2499 4.19476096631 4.19476096631
2505 5.53395747118 5.89895389218
2506 3.34514558405 3.59263470875
2507 2.28209470661 2.28209470661
2508 3.52783002572 3.84445695487
2518 2.0 2.0
2527 0.417284165312 0.417357880568
2530 1.61572476616 1.95372096515
2537 0.733282337952 0.733282337952
2538 2.0307377318 2.03114794791
2539 1.8020859482 1.97252519198
2541 6.0 6.0
2551 2.21086718103 2.80005672857
2554 1.03278999242 2.00107489475
2561 2.5988684765 3.3438377322
2562 3.3917127147 3.63495726347
2572 0.90776642242 1.22437711808
2580 1.0 1.0
2584 0.163113626371 0.163113626371
2585 3.67523217018 5.2023135282
2586 5.67023028496 6.28400916493
2587 2.38712698664 2.38712698664
2590 1.41075976127 1.41075976127
2596 1.0 1.0
2609 1.00854664331 1.00854664331
2618 0.49448750238 0.69931093229
2627 1.31514660901 1.71287190468
2634 3.0 3.0
2636 1.17214974912 1.18828606169
2645 1.65505987116 1.68374335816
2647 9.0 9.0
2649 0.0 0.0
2654 0.498199322945 0.498199322945
2669 0.738275363947 0.929354145216
2672 0.0 0.0
2676 2.39755901216 2.39755901216
2679 1.63672399049 1.6765544668
2683 1.96430111097 2.13792546221
2685 0.963805668846 1.15251260514
2687 2.83592088824 2.83592088824
2690 1.02955200662 1.05567258494
2693 1.02891328885 1.43989632031
2699 0.250622382656 0.250622382656
2704 2.60232240861 2.60232240861
2713 2.33333333333 2.64575131106
2714 2.0 2.82842712475
2715 3.96347320937 5.16937396681
2716 6.72853641137 7.26072401261
2721 1.34297742687 1.61193363883
2733 4.33836076488 4.33836076488
2739 0.912529004501 1.22268202644
2743 1.0 1.0
2750 0.162056014185 0.162056014185
2758 3.60298763113 3.60298763113
2761 3.0 3.0
2764 1.39426920628 1.84253057812
2765 2.17403426451 2.9766037074
2771 1.72409325485 2.14170029442
2772 0.427646687832 0.44119630651
2775 5.36884441417 5.36884441417
2777 1.21255609621 1.68956111879
2788 1.16581425145 1.16581425145
2800 1.8612149117 2.05071959566
2803 2.51997336848 3.28309395824
2805 1.0 1.0
2806 5.00299131237 5.00299131237
2838 1.03915689042 1.04057937855
2843 5.0 5.0
2846 0.498682199146 0.498682199146
2850 4.23074130682 4.4642554396
2852 3.0429718307 3.0429718307
2855 7.0 7.0
2857 8.0626948649 8.11542340842
2860 2.90416660774 2.90416660774
2861 1.45048719593 1.45048719593
2863 2.94572625227 4.03329829716
2868 3.01234517098 3.01234517098
2877 1.88555373629 1.88555373629
2883 0.740597553151 0.740597553151
2890 2.2564407184 3.46960648349
2895 3.99669218771 3.99669218771
2899 1.39782300955 1.91378073069
2907 2.35125082637 2.35125082637
2913 1.67946617522 1.98684717874
2919 2.60742679374 2.60742679374
2928 2.70527026302 3.54777453315
2935 0.406775161282 0.406775161282
2961 2.45647593262 2.90054675121
2964 2.20641409658 2.66683608575
2966 2.54319150833 2.54319150833
2976 1.33739415859 1.66236510279
2977 1.41644749804 1.90747652134
2981 1.15067969833 1.62730683533
2987 3.78847992178 3.78847992178
3000 1.72113951099 2.55975978291
3011 0.261904029934 0.265546615796
3014 1.0 1.0
3021 3.0 3.0
3045 2.30679748255 2.4581466861
3046 0.329136917073 0.329136917073
3050 8.28141873554 8.28141873554
3051 4.0420277181 4.93723617686
3052 0.738364067592 0.772727923531
3062 2.0 2.0
3064 1.24144561439 1.76290025021
3070 0.556111407408 0.698410639585
3074 0.466138571511 0.466138571511
3075 1.0 1.0
3079 3.23664523146 4.02087301886
3092 2.75599109446 3.13951516898
3097 1.2086668596 1.2086668596
3098 2.00297834002 2.00297834002
3102 1.13362476748 1.38267724152
3107 1.17769468379 1.17769468379
3110 1.64554347098 2.33289055653
3115 3.82438995373 4.01036199007
3116 0.879667400696 0.879667400696
3118 0.683373764256 0.683373764256
3127 2.35835635259 2.35835635259
3128 0.669266475809 0.742268539189
3129 0.87768007153 1.00674556261
3138 2.38078306624 2.38078306624
3139 2.26335045666 2.27205817216
3150 0.928483275126 0.932483122883
3165 1.13827506697 1.16303124799
3169 1.73115972356 2.26056285066
3182 0.690115967107 0.690115967107
3186 1.97618329517 2.1574778485
3187 0.629257015973 0.709857625991
3188 6.59973450383 6.59973450383
3193 1.2783997022 1.2783997022
3198 0.0 0.0
3203 2.69383006649 2.69383006649
3212 2.87152392744 2.87152392744
3215 0.0 0.0
3219 2.62239406688 3.60768556944
3224 3.99732672648 4.04665591099
3225 2.8064340643 3.43475458525
3231 1.288485029 1.288485029
3242 0.828108608605 0.938116629859
3243 1.03160840634 1.03160840634
3244 2.06520300283 2.53451715503
3245 1.16650568884 1.46025207432
3247 0.0 0.0
3252 1.99305823271 2.68649712245
3277 2.29406016719 2.29406016719
3278 2.26850871792 2.77220127242
3284 1.27835900175 1.55610210294
3286 0.123899384983 0.123899384983
3290 0.687127416695 0.687127416695
3293 0.113162859865 0.113162859865
3294 2.10447164158 2.20992126776
3296 1.05032105292 1.05032105292
3297 2.0 2.0
3298 0.509090702484 0.509090702484
3300 4.1369842257 4.47537757853
3321 1.1211019294 1.57268635123
3323 1.69859279452 1.69859279452
3328 2.8627349374 2.8627349374
3332 3.0 3.0
3341 1.36205120075 1.61337300049
3345 1.11527577885 1.39232667917
3347 0.825431487057 0.843689104787
3351 1.75805319947 2.0657729977
3352 0.505184954743 0.707144799536
3353 0.307032510952 0.307032510952
3366 0.327023965578 0.327023965578
3368 1.67270945575 1.67270945575
3374 1.0 1.0
3381 0.382114887569 0.382114887569
3385 2.65395612066 3.41056788967
3389 1.65565834321 1.65945900894
3395 1.92147874759 2.52451119336
3398 7.61458006406 7.61458006406
3399 1.69962366543 1.69962366543
3408 0.992095017885 0.992095017885
3409 2.4651077566 2.4651077566
3410 2.62673386655 2.62673386655
3412 4.43710517874 4.70431106428
3413 1.03479547285 1.37894002097
3418 3.0 3.0
3421 0.0054544462828 0.0054544462828
3423 3.13853855949 3.6070814267
3426 0.969552342277 1.0465429114
3429 2.72829319708 3.33965558552
3431 1.67844862494 1.67844862494
3440 3.07917582641 4.22008555974
3450 1.15749645866 1.15749645866
3452 0.89336642075 1.31698366072
3457 3.0 3.0
3468 1.50218520239 1.58390351972
3478 1.86985565802 2.0326877263
3481 0.0331660215259 0.0331660215259
3486 2.37751368399 2.37751368399
3487 3.9465689642 4.40051557452
3488 4.85654060364 6.86818558788
3495 0.342659570335 0.342659570335
3502 1.62993919121 2.52369793703
3510 1.10084390425 1.10084390425
3514 10.6198419833 10.6198419833
3516 1.63850535019 2.80963604461
3517 2.29564328515 2.35041054123
3522 8.14442512876 8.14442512876
3523 1.9886331246 2.67620189993
3545 1.47797869867 1.75712986331
3554 0.744044722864 0.744044722864
3565 1.0 1.0
3571 0.308811615458 0.308811615458
3573 2.70587417708 2.70587417708
3578 0.453382126707 0.453382126707
3580 2.00190943026 2.14830783951
3583 1.83703134334 1.96140218255
3587 2.98952920697 2.98952920697
3592 6.3162434116 6.3162434116
3594 5.95230152326 5.95249263489
3595 1.97946494366 2.90758040068
3597 0.104935842535 0.104935842535
3604 2.0 2.0
3607 1.49194284793 2.10992580983
3608 2.52309974616 2.94717918795
3614 4.45925770141 4.63859183554
3619 0.518473711309 0.518473711309
3632 1.49433417411 1.8330425304
3636 2.13621872801 2.28311336522
3657 1.98489616077 1.99697880308
3661 1.05543203081 1.33836187633
3679 4.60338323136 4.60338323136
3683 0.0823915627073 0.0823915627073
3709 5.03823638026 5.07623169715
3719 1.92715073783 3.08308402102
3722 1.16786863231 1.16786863231
3728 4.5 6.36396103068
3729 1.54083392336 1.54083392336
3730 3.06501066231 3.06501066231
3733 0.0 0.0
3735 1.16094075737 1.16094075737
3736 2.5629833926 3.0352155727
3738 0.657758966247 0.657758966247
3743 3.0 3.0
3748 12.0 12.0
3750 4.0 4.0
3755 3.41216378678 4.621920228
3758 1.47949738745 1.59847121566
3760 1.60325881918 1.60325881918
3783 0.130736417219 0.130736417219
3802 0.669942365572 0.686541834075
3810 3.93595725604 3.93595725604
3814 0.75077180584 0.75077180584
3828 3.62923970428 3.62923970428
3831 1.95254207993 2.2399720823
3832 1.02590619884 1.02590619884
3840 2.34168703738 2.52659155993
3843 1.38634619202 1.38634619202
3849 2.0 2.0
3852 3.38834153775 3.38834153775
3857 1.11278801012 1.18587545788
3864 8.97042722346 8.97042722346
3868 2.25573376961 2.37534567191
3874 1.19582185952 1.69114749191
3876 4.82730436056 4.82730436056
3878 3.59254654068 4.57818063913
3879 1.5 1.58113883008
3882 3.33492336146 4.67336776061
3889 1.20932188834 1.61477247428
3895 1.73784306702 2.19838224048
3902 3.47904306582 3.47904306582
3912 0.932908923223 0.937721432087
3913 1.59967494396 2.14516304693
3918 1.0 1.0
3924 3.12521064977 3.12521064977
3927 1.96447582088 2.97643833167
3936 1.51113426331 1.95512370094
3953 1.71149702887 2.22892959398
3961 1.60246037046 2.28035748669
3983 1.77019483124 1.77019483124
3985 0.637363603398 0.637363603398
3993 0.989728908974 1.29736741461
3994 1.25826164567 1.28449268063
3995 1.34745879318 1.65821275965
4004 0.679849100216 0.909063903277
4023 3.18605707775 3.81886727918
4046 1.79568431202 2.16214209171
4048 8.74027373175 8.86336412396
4050 3.93576766389 3.93576766389
4053 2.22878552241 2.22878552241
4054 0.525421574443 0.525421574443
4064 1.15866006018 1.40445043183
4070 3.96695111115 4.9936045779
4075 1.03422005141 1.34646983853
4082 1.84912993178 3.19762309348
4091 2.11482258013 2.976601492
4093 6.6300418581 7.14788658902
4105 1.83603395737 1.83603395737
4106 2.4326422978 2.47179872942
4113 1.87640266809 2.56580886711
4159 1.97012949741 1.97012949741
4161 0.0 0.0
4162 0.485120355384 0.485120355384
4172 0.725702538648 0.921303852787
4175 0.0 0.0
4179 1.38570732974 1.39238599266
4182 0.442927586522 0.442927586522
4186 0.472711147496 0.472711147496
4193 4.14608654948 4.26515603481
4195 2.46418190634 3.13312877787
4207 0.490181036975 0.555323545971
4210 1.39501111146 1.45996445572
4212 2.32726249314 2.88449403467
4219 0.154311302446 0.218229136747
4221 2.69441611786 2.78246149317
4227 6.71616472312 7.45521980851
4240 1.59644950544 1.89231622946
4247 1.0 1.0
4252 0.984840318016 0.984840318016
4253 0.797716111518 1.07118078926
4260 2.15936893334 3.32949864228
4271 2.47154257945 3.43665006104
4274 1.22834133643 1.22834133643
4282 1.0 1.0
4286 4.0 4.0
4296 0.648478038131 0.941684948945
4297 0.0 0.0
4308 1.33118684895 1.33118684895
4315 1.75111736143 2.10812440899
4341 0.927571556087 0.972026878819
4349 5.0 5.38516480713
4357 2.80580706306 2.80580706306
4362 3.23114931346 3.23114931346
4363 5.22559942544 5.36740005093
4367 1.0 1.0
4377 2.0 2.0
4382 1.80854251765 1.99192035881
4388 1.97669866716 1.97669866716
4395 0.925621581927 1.18956591117
4399 0.630388847403 0.630388847403
4415 0.0 0.0
4416 11.4843863111 11.4843863111
4417 5.27573170463 5.27573170463
4420 1.93646290673 2.02724120916
4423 2.66917857903 4.1231102166
4426 1.96521536357 2.32175873454
4431 0.138152934327 0.138152934327
4433 0.889246707723 0.889246707723
4437 4.09477707447 4.09477707447
4442 3.30135048586 3.90309382222
4444 1.16657746102 1.49093638825
4447 6.39637449936 6.93691000354
4456 1.07306921165 1.21781139472
4459 1.87821189722 1.87821189722
4461 0.442440359871 0.603915084271
4462 2.84625585365 2.84625585365
4474 1.03692726301 1.03692726301
4475 3.39183908979 3.39183908979
4479 3.0 3.0
4490 2.75476974944 2.75476974944
4492 1.46543118276 1.46543118276
4498 1.05709173065 1.08417486234
4501 0.5 0.707106781187
4508 0.272957348088 0.272957348088
4510 1.0 1.0
4514 1.0 1.0
4523 1.06631007893 1.58669092966
4524 1.5 1.95789002075
4525 0.982734572698 0.982734572698
4526 3.0 3.0
4531 2.82949743726 3.08149977313
4534 1.0 1.0
4538 1.10236510599 1.60893165979
4543 8.40644010269 8.52328041089
4546 5.18123979795 5.18123979795
4550 1.25743787904 1.52875796947
4553 2.71384731454 3.04503874271
4558 1.5667255484 1.62238441862
4565 0.00429791216978 0.00429791216978
4569 0.44169952112 0.457333317472
4570 2.88274540791 3.49201377477
4576 1.0 1.0
4582 2.3839121355 3.44478855039
4583 7.57056404485 7.57056404485
4592 2.69370166642 2.71106018687
4593 3.03997254716 3.63474306549
4595 1.68188199103 1.74335846513
4602 1.78770866486 2.42959195081
4606 2.17253674964 2.44063626885
4613 0.956654222053 1.39614667106
4616 6.96542769867 7.89048001997
4619 0.752625190413 0.892881455364
4623 2.48254005206 2.48254005206
4624 2.98484374228 2.98484374228
4629 1.03359244174 1.22298280266
4636 2.03867082838 2.03867082838
4637 1.48996622477 1.48996622477
4638 1.0 1.0
4644 1.0407137303 1.0407137303
4645 0.860426642121 0.878243228585
4651 1.23811235336 1.23811235336
4656 9.36208715237 9.36208715237
4660 2.91940992748 3.31343237376
4665 5.43695758071 5.88228847079
4673 5.91384261918 5.91384261918
4675 2.95434151168 3.54586667963
4688 3.08131172276 3.43697044929
4698 0.378432657548 0.378432657548
4703 2.56676136739 2.57637276792
4709 2.61552769021 3.69705410564
4730 3.4953705847 3.4953705847
4740 2.17130961167 2.17594847519
4744 1.41158685616 1.41158685616
4747 1.0 1.0
4748 2.15366698893 2.68882261253
4749 2.18813130203 2.18813130203
4760 1.84567693141 2.17692100955
4774 3.65364092818 4.95451421126
4781 2.50531312378 4.29454699155
4782 1.52693557348 1.52693557348
4790 1.1029896347 1.48976844884
4801 0.764055472264 0.764055472264
4802 0.989469824697 1.54058476358
4805 1.0 1.0
4806 2.63460638458 2.63460638458
4807 1.32041125013 1.43663819182
4810 1.34622634022 1.34622634022
4812 1.68472700792 1.68472700792
4813 0.534913441016 0.534913441016
4819 0.976546087423 0.976546087423
4820 2.99091795568 3.59295762901
4821 2.00135990281 2.83035031775
4827 3.31731861023 4.16556900816
4828 1.50829873967 2.12135280851
4851 2.99643500116 2.99643500116
4855 0.477032030399 0.605777690265
4861 7.84498616773 8.45726630846
4863 0.761461459805 1.00484567516
4871 8.05030975059 8.1032626287
4881 4.0 4.0
4885 0.121930292485 0.121930292485
4894 3.08035472282 4.11103666175
4900 0.0 0.0
4910 6.62410841735 7.0382667918
4916 0.542931506359 0.542931506359
4920 1.78400022002 2.12411794517
4929 6.0 6.0
4948 3.0 3.0
4956 0.950521244208 1.19455321916
4960 2.92734652564 2.92734652564
4964 1.84748633653 2.66984828816
4966 2.62648777541 2.62648777541
4967 1.95169214806 2.65520896209
4971 0.0 0.0
4983 2.37699028435 3.00944275003
4988 0.472603406326 0.472603406326
4993 3.09697280554 3.09697280554
5003 1.53314472879 1.68866658397
5009 1.0 1.0
5026 1.39792519652 1.72717753873
5036 0.184218311943 0.184218311943
5045 4.0 4.0
5047 2.0 2.0
5062 1.93532445565 1.93532445565
5065 2.2947156467 2.29767708485
5066 0.693155179384 0.882220388975
5067 3.0421868429 3.11756742569
5069 4.53629269434 5.75785118599
5077 0.649202161961 0.795791539575
5078 1.21631328722 1.21631328722
5085 2.74367867584 2.74367867584
5086 2.47330888862 3.20775133135
5096 5.45887072596 5.45887072596
5099 1.80363792765 1.97457430674
5113 2.66661576854 3.46736489798
5121 2.23262203446 2.62432956928
5124 4.41559432422 4.41559432422
5127 3.02644361814 3.17917803881
5131 4.0975665935 4.0975665935
5132 4.8468505047 5.17848190831
5151 1.69252401708 2.02222440486
5154 1.04238917849 1.04238917849
5157 4.0 4.0
5159 1.54288518124 1.54288518124
5167 1.10269314445 1.11403252071
5183 1.69164992831 2.08828303351
5191 4.49051882604 5.26621830236
5202 1.49594285414 1.51635944946
5204 1.66637270402 1.78510010948
5210 0.0 0.0
5211 3.4551775753 4.40203037146
5217 2.5710744381 2.97556727551
5219 1.20277663317 1.20277663317
5223 3.01944459496 3.89006772192
5228 1.20127579357 1.42904039959
5229 1.49142166051 2.17916887875
5233 1.85791610602 1.85791610602
5246 1.23001874831 1.23001874831
5251 2.65013901286 3.39071669203
5254 6.18761819287 6.18761819287
5271 4.56910987671 4.56910987671
5272 1.4530070901 2.10829973335
5280 1.78902689176 1.99874730917
5289 0.90518773032 0.90518773032
5291 1.42836955145 1.79375509842
5293 1.78705174705 1.78705174705
5294 2.41184665258 2.83430096697
5295 5.74689514825 5.74689514825
5300 5.5 7.77817459305
5310 3.59024237114 3.59024237114
5311 1.64026159715 2.21987893742
5320 2.0 2.0
5321 1.83762789619 1.83762789619
5322 1.56640404874 1.56640404874
5325 8.33943337736 8.96179527597
5326 0.0 0.0
5336 1.85407025358 1.85407025358
5344 1.71405564392 1.86945485566
5356 0.753309096043 0.753309096043
5361 1.5111697576 1.5111697576
5363 4.26622895556 5.30066452108
5367 0.0 0.0
5368 0.387950539046 0.548644913849
5371 4.43236837338 5.57198615723
5372 7.14298493339 7.14298493339
5374 4.0 4.0
5381 8.0 8.0
5382 0.0 0.0
5387 1.34932473986 1.34932473986
5404 0.95691304119 1.21607399459
5414 2.07362593135 2.48310253764
5421 0.804863552434 0.948987180394
5423 2.62580912238 3.08838612379
5424 3.14876968588 3.14876968588
5446 1.77846723505 2.51513248405
5456 2.64902012686 2.64902012686
5459 2.0 2.0
5462 3.50360854503 3.50360854503
5463 8.0 8.0
5475 1.89149888143 1.89149888143
5477 2.93498588926 4.13319710729
5478 0.926638260441 1.01866578677
5479 0.0 0.0
5481 2.0 2.0
5482 1.01044846145 1.48545336891
5484 3.1650134399 4.11784044024
5488 0.737061515137 1.04051470669
5492 2.20957873684 3.13582600811
5493 1.46495118327 1.53696505236
5496 0.386994931959 0.570149494019
5499 0.0256151090185 0.0256151090185
5506 0.778971692549 0.778971692549
5507 2.60106458723 3.13438216712
5512 1.07613964109 1.30237957524
5515 1.95320502088 2.39176210143
5518 2.57445073467 2.78188489879
5519 3.0 3.0
5521 1.0 1.0
5523 1.64461012861 1.64461012861
5545 1.28969046294 1.28969046294
5546 3.55412231644 3.55412231644
5554 2.74228949646 3.54748958376
5562 1.3563824443 1.59597180811
5565 0.718835172995 0.901238435596
5573 3.36855404623 5.00191830236
5575 0.403751449862 0.403751449862
5578 0.993380881983 1.36120695797
5581 0.0 0.0
5584 0.954972151172 1.24329163801
5600 3.0 3.0
5608 4.15356173533 4.15356173533
5617 7.36335746984 7.36335746984
5633 10.1295158017 10.1295158017
5642 2.0 2.2360679775
5646 0.321245763525 0.321245763525
5649 1.96566956615 2.8817655643
5652 1.97357946412 1.97357946412
5655 1.45601273764 1.45601273764
5659 2.59150834427 3.61834658406
5662 1.34230096657 1.67893479799
5669 1.05271292095 1.05271292095
5674 1.3703853322 1.74228903498
5683 0.237230951241 0.33549522866
5685 2.74388852673 2.74388852673
5687 4.809864258 5.25470384622
5692 3.0097713504 3.0097713504
5700 2.51223912531 2.51223912531
5702 9.0 9.0
5707 1.59757189967 2.12594353322
5720 4.0 4.0
5721 3.11188326105 4.91243008707
5724 1.93565418604 2.65634908129
5725 3.0 3.0
5729 3.50895282491 4.54921506158
5736 1.41013157783 1.41013157783
5737 2.81308443764 2.95381336845
5740 5.10281625457 5.10281625457
5745 1.0 1.0
5749 0.799053458221 0.828085980167
5763 0.862426293689 0.862426293689
5768 2.90238954204 2.90238954204
5772 4.05520763548 4.62455322453
5785 2.58372481123 2.75628777795
5786 1.70986129477 2.08306695547
5792 1.64521006265 1.64521006265
5799 0.90246673419 0.90246673419
5815 0.66700392797 0.66700392797
5816 0.745531113962 0.787763324766
5826 3.67466121851 4.64994904972
5827 1.515677497 1.515677497
5831 3.00397606409 4.24264441335
5837 1.04556507841 1.47077792957
5846 1.97695762056 2.47129747715
5849 4.09660306119 6.65777033985
5851 2.86150663422 3.03972635623
5865 0.661089676955 0.758119583735
5870 4.0189536842 4.0189536842
5891 0.491166101437 0.491166101437
5892 2.93551443285 2.93551443285
5896 1.29307366099 1.54974255427
5897 3.95927148059 4.03290936043
5898 0.283929894421 0.283929894421
5911 5.66176088421 6.99370004475
5915 1.0 1.0
5931 2.96307131276 3.36232426889
5933 2.57317441642 3.30554054426
5934 4.40062876201 4.61814837678
5936 2.0417298387 2.18378147894
5937 10.1875252394 10.1875252394
5941 0.58691765656 0.750257904593
5945 1.19107092185 1.19107092185
5948 2.77820079741 3.42354967068
5956 6.85661733577 7.90764269863
5957 1.08073755334 1.08073755334
5963 0.0 0.0
5964 1.0 1.0
5968 3.57675725296 3.57675725296
5969 2.72331494495 2.93929522636
5974 0.8940938682 1.21733675862
5976 9.0 9.0
5992 7.92752699396 7.99706377546
6004 0.999666535201 0.999666535201
6006 2.74448319683 3.34338237753
6013 1.28685883538 1.28685883538
6018 4.02060971789 4.02060971789
6022 1.29702662967 1.29702662967
6026 1.09566784774 1.42067050162
6038 1.75107286928 1.75107286928
6040 3.23032376723 3.23032376723
6041 1.19441486564 1.49104216745
6043 1.29554329205 1.86195367371
6045 2.2174476035 2.23866942508
6055 0.671448685792 0.671448685792
6061 0.871079350257 0.88056786699
6063 0.0 0.0
6065 0.0233815446285 0.0233815446285
6071 3.93373627036 3.93373627036
6077 1.07104115909 1.07104115909
6083 5.0 5.0
6091 8.39229382695 8.58463253035
6099 0.925387197893 0.982198090762
6103 1.1363777649 1.1363777649
6107 5.73947004009 6.09025121245
6115 0.602922071981 0.602922071981
6117 1.0 1.0
6120 2.71761741409 4.40441567679
6124 5.76959084538 5.76959084538
6148 2.99367881644 3.21777530247
6150 1.37498924143 1.808665524
6154 0.554185227693 0.554185227693
6168 2.13297445707 2.13980754073
6183 0.0 0.0
6194 5.82995344295 6.49950327633
6201 1.52664135531 1.52664135531
6202 3.87083593152 5.5599234095
6215 0.0 0.0
6228 1.4700928204 1.4700928204
6234 0.981237853935 0.981237853935
6240 3.31258228888 3.81902530842
6269 1.5181815427 1.60417807858
6276 0.0 0.0
6277 0.0 0.0
6280 2.84563304376 2.86527947607
6282 0.5 0.707106781187
6283 1.46754441849 1.53000253285
6285 2.00156219624 2.00156219624
6287 0.973282078208 1.08296265189
6290 2.74652336897 2.88219485539
6297 3.10500038095 3.7512736463
6299 2.40796746787 2.86439125357
6303 0.75346754379 1.06556401924
6325 1.11773158784 1.18727831262
6328 1.24867671003 2.35615640307
6343 1.77388123217 2.09274944957
6346 2.0 2.0
6349 2.0 2.0
6372 6.75848079084 6.75848079084
6375 0.481379541096 0.481379541096
6377 1.72416671555 2.51697563295
6378 5.89652624209 6.79351941959
6379 0.459516040844 0.459516040844
6384 2.25072253082 2.57489004811
6386 0.455583195999 0.802788816717
6400 6.51381752677 6.51381752677
6403 2.6108826257 2.6108826257
6404 1.20917827539 1.22713799247
6410 1.0 1.0
6411 5.49955149872 6.16402562931
6415 1.91130918724 2.70299937448
6418 1.02243413501 1.03555514617
6419 2.25709280167 2.32135172688
6421 1.52668757836 1.52668757836
6431 7.97501838924 7.97501838924
6435 6.65971670884 6.65971670884
6440 0.380367933499 0.380367933499
6444 0.256202972811 0.256202972811
6450 2.310457332 2.84019362781
6454 5.32730543256 5.32730543256
6455 0.475977099973 0.490471138979
6456 1.99197260655 2.38475300539
6458 2.37845729672 2.53745939151
6463 0.460515369043 0.593943646152
6470 0.8793865809 1.27333033214
6476 11.7221877362 11.7221877362
6484 0.800006976237 1.13351437448
6488 3.01553777344 3.01553777344
6497 1.53762752128 1.53762752128
6517 1.63762395567 1.98544950936
6521 3.52947059095 4.14276252339
6526 0.120549237461 0.120549237461
6530 2.55293430834 2.75202136693
6533 1.37488736737 1.52249053275
6538 3.20721655725 3.30345904617
6549 1.32369829491 1.72090679567
6560 0.30837570214 0.348808692297
6562 1.64508095628 2.31613156587
6564 6.27066156905 6.27066156905
6574 0.825804161069 1.05612887108
6583 1.0 1.0
6591 0.0 0.0
6595 2.33866938853 2.67996360318
6614 2.30037143934 2.30037143934
6615 1.29894369196 1.29894369196
6619 0.0 0.0
6631 2.27510313449 3.24018052793
6640 2.36243309435 2.44695355176
6644 2.90781354573 4.3355638318
6651 1.78753110607 2.23758582384
6655 1.0 1.0
6657 3.84387007658 3.84387007658
6680 1.31839693911 1.31839693911
6689 7.44208964131 7.44208964131
6697 1.25160106818 1.34195576306
6703 2.0 2.0
6704 0.875999444271 0.875999444271
6716 2.2462332798 3.16266715642
6732 1.79769312045 1.79769312045
6736 2.76333481566 3.19342674833
6737 1.63895846722 2.32849944903
6738 0.574945513261 0.574945513261
6740 3.08562612386 3.63124164907
6748 1.80400376308 2.45424168145
6766 2.83546249993 4.25599604966
6770 9.54087018195 9.54087018195
6775 2.17960020209 2.17960020209
6779 2.66542039317 2.85880136155
6780 4.60215169382 4.60215169382
6800 1.53559774728 2.096338281
6809 7.0 7.0
6814 4.0 4.0
6816 3.87361148138 3.87361148138
6823 1.86537005152 2.23858045982
6826 2.0 2.0
6829 0.896930982923 0.91864456579
6830 2.22512000224 2.35343278883
6833 0.485915988874 0.485915988874
6838 5.19338748332 5.19338748332
6839 2.38234714878 3.03110930775
6844 2.41949949054 2.41949949054
6854 2.4306293444 3.07711017686
6863 1.61527083804 1.80079611869
6872 1.83172924557 2.24077806786
6878 3.69789527132 4.2663009534
6883 1.68182068624 2.14408826683
6887 1.59408216684 1.59408216684
6889 1.63384427617 1.63384427617
6895 1.02211647173 1.48798863846
6902 4.45682631645 5.08913512929
6917 6.58219291895 6.58219291895
6921 0.897172229232 0.967495009499
6940 1.83892966205 1.99868291162
6941 8.0 8.0
6948 1.71985674719 1.71985674719
6955 0.635689732285 0.748868268354
6968 1.72475464034 1.85804381864
6971 1.43205489067 2.08080608818
6975 1.54054896962 2.60452265703
6980 1.80076889905 2.14367944043
6993 0.410736371368 0.410736371368
7001 1.72837554391 2.50693202855
7006 1.36444561301 1.64763025766
7011 1.76252214578 1.76252214578
7012 2.09638584203 2.14752926499
7013 3.350102003 3.350102003
7030 1.25821008177 1.25889202029
7043 0.836049144323 1.1077012739
7045 3.75892682249 3.75892682249
7052 5.39750423831 6.47801625744
7060 0.0 0.0
7063 1.00453982791 1.00453982791
7074 0.38104550128 0.38104550128
7079 2.09476493027 2.83160039271
7080 3.27862086254 4.20108089902
7081 0.118307740504 0.118307740504
7088 1.67350362031 1.67350362031
7094 0.585624304675 0.655131243482
7095 1.75526297323 1.75526297323
7099 4.63079948677 4.82897648908
7109 0.788072654491 0.86622007268
7112 2.02272285562 2.02272285562
7113 2.71874170888 3.127986623
7119 1.06814051068 1.59654095929
7121 0.872692479906 1.09222332485
7123 1.0 1.0
7125 2.0 2.2360679775
7127 11.0 11.0
7129 0.856822324504 1.20075428625
7130 1.04033837504 1.14465806935
7134 1.88966006608 1.99233892756
7135 1.88352352622 2.39112969921
7137 0.230388122638 0.230388122638
7142 2.39054622286 3.09536055449
7158 1.2583726716 1.2583726716
7159 1.43705187771 1.75124400136
7163 2.59907423316 2.86351388257
7164 1.40983230333 1.40983230333
7166 1.22439044455 1.26579679124
7168 1.99365755894 2.28126505168
7171 4.94073859135 6.0015965604
7173 0.0 0.0
7176 5.2354570624 7.11086185493
7177 0.800644325759 0.800644325759
7178 0.753299519909 0.952405071142
7181 1.5195284723 1.5195284723
7203 0.60298312288 0.7219494769
7215 2.80653182736 3.33256012171
7222 3.15692123222 3.15692123222
7226 1.36402465635 1.36402465635
7234 5.28186734607 5.28186734607
7251 0.312032618147 0.441280760487
7262 0.440675493003 0.571495273199
7263 0.844439945336 0.844439945336
7272 9.9265405829 9.9265405829
7275 4.0 4.0
7278 3.5820822249 3.5820822249
7290 5.1237457528 5.38867502129
7293 1.28146345091 1.46916416659
7294 5.0 5.0
7297 0.0 0.0
7304 1.68075386681 1.85475813274
7310 1.84390203841 1.95126247303
7313 0.0 0.0
7320 2.572090255 2.6614350741
7326 0.303633004279 0.303633004279
7328 1.67753910609 2.34439416208
7334 12.0 12.0
7335 1.0 1.0
7339 1.75039527673 2.14009918893
7342 6.88270401222 6.88270401222
7351 4.24575915205 5.94331979673
7355 6.23873837003 6.23873837003
7356 6.37663741158 7.18332591428
7382 1.32736711879 1.38280583131
7387 1.76193306203 2.34516666436
7389 4.8407853277 5.5794994621
7398 5.0 5.0
7407 1.77166739467 1.77166739467
7411 4.0 4.0
7413 0.317016507527 0.317016507527
7414 1.83157213818 1.83157213818
7420 1.56025489206 1.65779397764
7431 2.97269363119 3.71398183487
7436 3.05575521609 3.55322067174
7437 2.9798248345 4.25093732599
7438 0.0 0.0
7442 2.92608326784 3.18158138082
7446 0.762480735631 0.762480735631
7450 3.38437506423 3.38437506423
7453 1.28423420306 1.64025347561
7459 0.0 0.0
7465 0.793200291225 1.12166236375
7466 1.12986986291 1.42019650601
7474 2.91891324883 3.06593134803
7478 4.0 4.0
7484 1.99449695629 1.99449695629
7491 6.0 6.0
7493 3.02962091936 4.10201696325
7494 4.0 4.0
7497 4.0 4.0
7498 2.0 2.0
7504 1.0 1.0
7513 0.890025424152 1.15351413136
7515 1.83637553632 1.83637553632
7518 0.752905637757 0.941100353604
7525 0.355677503589 0.355677503589
7538 0.449174979906 0.449174979906
7543 1.11180669847 1.11180669847
7547 5.74385681301 5.74385681301
7553 3.97690151921 4.36813633265
7557 1.97444541271 1.97444541271
7561 2.91999413474 2.91999413474
7562 6.55886867203 6.55886867203
7564 1.02544490465 1.02544490465
7568 2.43725549966 2.61645722809
7574 3.98862371002 4.00284631653
7578 3.50328220389 3.50328220389
7580 0.252896550584 0.252896550584
7585 1.48612683403 1.48612683403
7587 0.518986540652 0.518986540652
7591 1.36199482345 1.50714785968
7594 1.4613160287 1.4613160287
7600 2.07599282748 2.92359441895
7608 1.7658473041 1.91336908051
7611 8.59839763651 8.59839763651
7621 1.06350613283 1.06350613283
7632 1.47384568195 1.88466465763
7638 6.0 6.0
2.17999963473 3.0879241318