5 1.47123776127 1.47123776127
6 0.467954334083 0.552414076088
9 1.74903025807 1.99751010521
14 1.0 1.0
15 1.95418634175 2.55828467175
22 3.77215907631 4.846179652
24 9.4640725734 9.4640725734
25 0.826442525437 0.853156593313
35 0.45771164407 0.570618262406
55 0.5 0.707106781187
57 2.02057838112 2.02057838112
58 1.0 1.0
59 7.0 7.0
66 3.0 3.0
68 0.242115890353 0.258994091846
69 1.48338447727 1.56700951574
76 1.53702078414 1.98409720687
81 1.57267813546 1.57267813546
83 7.06830260216 7.54481401279
85 1.0 1.0
89 12.0 12.0
95 2.0 2.0
97 2.55963911609 2.55963911609
122 3.01971039177 3.69454792923
126 3.23984391293 3.93871671163
134 1.0826939635 1.29891552515
136 3.29936994604 3.36872686606
151 4.17904079845 4.17904079845
156 2.0 2.0
161 2.65818810808 3.03210863799
164 1.51634323209 1.60184491472
171 1.05351305546 1.40888837288
172 2.60983949777 2.73815681583
186 1.50987414948 1.59364098704
189 3.60071715148 4.39135714685
196 4.5 6.36396103068
205 2.0 2.0
219 1.0 1.0
234 0.185134703668 0.185134703668
243 2.0 2.0
259 4.0 4.0
274 9.28316937415 9.28316937415
276 5.40597535184 5.76412483
291 1.97687536132 1.97687536132
299 0.471619288565 0.563004327721
304 0.5 0.707106781187
308 0.524752066798 0.524752066798
316 1.1269354825 1.28651887002
323 4.98149344838 4.98149344838
326 3.0 3.0
328 3.04966027855 3.04966027855
331 2.56795958924 3.28181658997
334 0.0 0.0
342 3.21556720144 3.82992730054
343 2.48846171597 2.48846171597
346 4.0 4.0
347 4.52741194182 4.52741194182
348 1.79079403795 2.00000105892
365 2.15968657052 2.47003592949
369 1.04625173317 1.44620954001
370 5.73056836446 5.73056836446
376 3.0 3.0
380 2.33881720554 2.34703452381
381 0.104916069504 0.104916069504
384 0.570448016409 0.972246178439
393 2.25117389202 2.25117389202
405 3.0 3.0
410 0.9691932219 0.969682710454
420 2.48860024688 3.48770642365
427 1.40021344338 1.45628585356
431 6.27030997407 7.55137128641
433 2.99287646673 3.38407159601
445 1.29081732552 1.30798781381
452 1.27687431263 1.27844941364
475 1.01089888559 1.01089888559
476 2.32037694139 3.35705401439
480 5.0 5.0
485 1.8547510967 2.43792791412
493 3.52454077067 4.22564494641
502 3.01906116434 3.01906116434
509 0.769142615938 0.912828817381
515 0.756729676377 0.794871218164
517 2.45022556721 3.04444503619
520 1.80379740166 1.83116842821
523 0.522799391008 0.739349989164
524 1.50512947884 1.50512947884
531 3.27174370426 4.63054427841
532 1.3230917059 1.34602790517
538 0.813681414044 0.855281634613
544 1.25728313473 1.61898590994
545 3.0 3.0
550 2.66569983152 2.66569983152
555 0.705275739284 0.849984246906
564 1.0 1.0
566 1.65204161087 1.68828804551
569 1.07586150845 1.07586150845
575 4.0 4.472135955
579 4.32159966184 4.7587963858
590 1.24461230119 1.76014759624
591 0.0 0.0
594 3.16479387679 3.16479387679
599 0.666821652333 0.666821652333
611 1.01689281238 1.48372060562
617 2.21792125268 2.21792125268
621 2.51690794029 2.51690794029
625 3.5530397161 3.5530397161
626 6.10994848108 6.85589162665
638 3.03853490299 3.03853490299
643 10.0599691159 10.0599691159
649 1.44225711966 1.48680038462
650 4.0 4.0
652 4.60373231781 4.60373231781
659 3.39453335016 4.2680436465
676 1.6497066384 2.14765971307
683 2.23099903501 2.35981337787
684 0.629551520883 0.731205993144
687 0.18462328348 0.18462328348
689 1.81336167083 2.1125907999
691 6.0 6.0
714 0.358023701908 0.50632197489
723 5.7839923874 5.7839923874
725 2.18738675837 2.45722923225
745 0.854350993201 0.971983422255
764 4.16865574141 4.55318706884
767 0.172432329876 0.172432329876
772 1.0 1.0
777 1.18033626656 1.46589680256
779 0.386038759856 0.386038759856
783 2.61432186441 2.61432186441
785 1.7798961359 1.7798961359
806 0.937415751974 0.937415751974
809 3.0 3.0
810 2.23533633265 3.00562115311
814 4.0 4.0
817 3.95341549163 5.78356476033
831 1.80448699972 1.80448699972
845 1.0 1.0
848 2.10021307414 2.10021307414
853 7.61338893389 7.7098496627
860 8.92702529461 8.92702529461
878 1.46599753167 1.46599753167
881 0.605957072367 0.625514059611
886 1.27062925894 1.27062925894
888 1.78953271339 1.78953271339
924 0.863554979297 1.20567641668
928 1.60421679258 2.12643417009
936 0.721371415445 0.721371415445
950 2.40602734331 3.21313724244
954 3.21255835081 3.21255835081
961 3.06744728835 3.72065677848
963 0.353967012375 0.353967012375
978 0.721705601066 0.721705601066
986 0.835707450231 1.01677506324
988 1.00272470284 1.00272470284
992 2.0 2.0
1005 1.0 1.0
1013 0.168616208672 0.168616208672
1023 1.0 1.0
1037 2.0 2.0
1040 0.767041177223 0.767041177223
1041 1.22298357514 1.70940131265
1051 2.29492163806 2.40079170719
1053 0.791286717148 0.984813112651
1056 3.00877175884 4.2426588229
1069 1.49189997202 1.57604922669
1070 1.07435489745 1.29821828125
1073 2.21634347245 2.21723471318
1074 1.70527728086 1.70527728086
1077 0.496043995845 0.496043995845
1079 1.95206960762 2.78229791805
1084 3.0 3.0
1088 8.18965273554 8.49799078336
1103 2.70395435986 2.70395435986
1129 0.480783821714 0.480783821714
1145 1.34893761754 1.34893761754
1148 8.5 9.19238815543
1152 0.0 0.0
1154 1.38862952517 1.52166342262
1165 1.85472011986 2.3159646266
1166 1.2026439145 1.2026439145
1181 2.09231522248 2.09231522248
1193 0.56047095458 0.796336922379
1211 1.30366332528 1.30366332528
1212 1.68420937219 1.68420937219
1216 1.39750041642 1.48356108116
1219 3.04228661906 3.61272631649
1221 0.572872551495 0.572872551495
1226 0.126913034343 0.126913034343
1234 1.04265580436 1.31094995993
1239 0.778709328293 0.778709328293
1244 1.290502448 1.290502448
1261 0.696011826653 0.696011826653
1266 3.53659438441 4.35326608004
1267 1.42711965465 1.694092625
1269 2.0 2.0
1275 1.48482319017 1.48482319017
1283 12.0 12.0
1284 5.48903897068 5.48903897068
1285 0.732865285694 0.732865285694
1287 3.43147847835 4.46427712968
1289 1.33333333333 2.08166599947
1292 1.97663059886 2.33568955843
1295 0.753372835988 0.753372835988
1297 2.83001570158 3.06043179267
1308 3.62735008393 3.62735008393
1312 0.879847124627 1.14779837214
1313 1.28283003969 1.50470746419
1325 0.511587783901 0.511587783901
1330 1.37692301951 2.35768088954
1337 3.0 3.0
1345 0.0339012256469 0.0339012256469
1365 1.73671987985 2.33808151834
1369 1.85636338293 2.36389266115
1374 1.37667822355 1.59265596563
1384 5.33378859242 6.73367946496
1387 5.31847904548 5.31847904548
1389 1.72435538962 3.01933641795
1391 0.832027155926 0.951589047985
1413 7.20738384195 7.20738384195
1422 1.31063090297 1.31063090297
1424 1.1689904798 1.18114204232
1426 9.64092967466 9.70182787918
1434 0.603382837032 0.722063724325
1437 0.351955791423 0.387961987924
1438 4.02808638804 4.75051559473
1453 1.0 1.0
1455 5.81824428236 7.55429973549
1458 1.49329146876 1.71254746562
1461 1.29431836629 1.29431836629
1479 7.61460482299 7.71090697763
1480 0.688229124039 0.818748083616
1482 0.94418734448 0.94418734448
1483 2.02993633722 2.02993633722
1496 1.01084456316 1.01084456316
1499 0.900911932638 1.01229110266
1512 1.50770387752 1.92503299513
1513 1.53686770476 2.37440428422
1518 0.157697614824 0.157697614824
1530 1.99617178827 2.15493418969
1545 1.239841243 1.39026034454
1547 2.6349100742 3.72632556256
1569 1.0 1.0
1579 1.57435677 1.8229162259
1585 0.748107994134 1.04351875181
1597 7.44932514691 7.46084765242
1598 0.989598305469 0.989598305469
1599 2.20198066504 2.62425826271
1602 1.66406515441 2.14309973314
1605 3.68717733424 3.85210067816
1609 0.186600332972 0.24466566656
1622 1.90709048757 2.0008904475
1627 6.0 6.0
1628 2.94888339112 3.38028838268
1629 2.42057728964 2.42057728964
1631 1.18802534268 1.58071405151
1638 3.723757631 3.723757631
1651 1.85792411721 2.14693180089
1653 1.55084979405 1.67685232809
1658 3.0 3.0
1662 5.79225692209 5.79225692209
1674 1.79906230639 1.96853390923
1678 1.1728306773 1.1728306773
1684 2.38585449845 2.51272873892
1687 1.49642579149 1.49642579149
1691 8.60924920185 8.62492082072
1718 1.72786622626 1.83351113119
1719 0.0 0.0
1722 1.39015190829 1.64973628142
1731 1.65572478418 1.65572478418
1732 3.05394886418 3.05394886418
1754 3.89730635964 4.97077583776
1764 9.00370363512 9.00370363512
1770 3.19078725774 3.250415199
1778 0.0 0.0
1789 1.19547075871 1.50883736574
1792 2.79233086016 3.61232531618
1793 0.169166572934 0.169166572934
1797 0.555281248182 0.555281248182
1802 1.64000767015 1.98469271253
1806 0.295736505272 0.295736505272
1807 2.62186351851 2.62186351851
1809 4.82719711418 4.82719711418
1811 1.76073625358 1.76073625358
1817 2.87168498605 2.87168498605
1825 0.0 0.0
1831 7.01589095275 7.01589095275
1832 3.48270812792 3.48270812792
1833 1.67714124975 1.67714124975
1836 0.00226496718629 0.00226496718629
1837 1.0 1.0
1838 2.0925800829 2.0925800829
1847 2.0 2.0
1849 0.549131541979 0.559681687331
1853 2.50390782424 2.55280687535
1855 3.0 3.0
1859 4.79781647697 4.79781647697
1867 0.0571869278028 0.0571869278028
1872 0.0 0.0
1878 0.0 0.0
1888 2.19380553641 3.07427517407
1896 1.43978708031 1.43978708031
1899 1.86537378679 2.12375626115
1901 2.06471354275 2.44743871721
1902 1.08303020911 1.31564525104
1907 0.0 0.0
1918 3.0 3.0
1921 3.55268366591 4.41335213172
1924 1.39764001735 1.39764001735
1926 0.0886127186601 0.0886127186601
1939 1.0 1.0
1941 4.0 4.0
1946 5.59129767116 6.08805852111
1955 1.0 1.0
1957 2.58291743999 2.99575802568
1959 3.0 3.0
1962 1.24970132135 1.45763558538
1965 2.7090561887 3.53173102645
1966 0.304754648699 0.304754648699
1972 2.21976065755 2.21976065755
1984 1.1933498573 1.19574261504
1989 1.8801751919 2.18839355534
2005 1.60975007305 1.72136296267
2007 3.0 3.0
2011 0.950823834782 0.950823834782
2023 2.63552331257 3.33591110153
2033 2.0 2.0
2040 1.82809954967 2.58486851129
2045 0.716949572371 0.716949572371
2062 3.66666666667 3.87298334621
2069 4.91567729782 4.91567729782
2092 2.97695293678 3.16038204334
2096 0.7138277885 0.957086685476
2100 3.85662447409 4.70994477105
2103 2.3306055086 3.17203205238
2108 2.34831170387 3.18654792449
2115 1.59878398704 2.13704126553
2117 1.97158254155 1.97158254155
2127 0.739819311635 1.04626250422
2142 0.0 0.0
2146 2.03895440127 2.06998949998
2149 1.01711742554 1.01711742554
2151 0.392806193243 0.392806193243
2155 2.03298553845 2.25125457654
2183 1.85359627344 1.91308157969
2186 3.2705359515 3.2705359515
2192 2.0 2.0
2195 2.46182642802 3.03482559711
2202 4.10150593687 4.20863830722
2204 3.74721524488 3.74721524488
2210 2.0 2.0
2211 1.34561596018 1.51325281312
2212 1.0 1.0
2233 3.0 3.0
2240 1.0 1.0
2242 2.90719096718 3.5906705628
2245 0.698755609147 1.00196903865
2246 1.22467646626 1.23475123474
2250 1.42507220315 1.42507220315
2254 0.0 0.0
2259 2.56254054193 2.56254054193
2262 0.975291009858 1.19177976564
2272 0.854884118812 0.874612675015
2278 2.33038432389 2.69139857971
2287 0.848814418497 0.848814418497
2289 1.0 1.0
2292 0.399602892991 0.404992688403
2299 1.55128691851 1.85635715791
2319 1.40354312473 1.52177284458
2320 2.45348633693 3.54244361345
2329 1.0 1.0
2332 1.58934576708 1.69543629422
2346 2.0 2.0
2355 2.44853843029 2.84492601461
2358 2.69007903916 2.75848314838
2367 2.41788708776 2.41788708776
2378 4.0109155079 4.0109155079
2386 3.25243855328 3.71388431804
2394 0.255046970472 0.255046970472
2402 6.00864650109 6.00864650109
2404 1.14752388506 1.14752388506
2409 1.85802385068 2.11561417866
2414 0.313970260499 0.313970260499
2422 3.36990758717 3.95170332524
2428 2.21146977761 2.21146977761
2430 1.44964101236 1.44964101236
2431 2.28692807681 2.98557361833
2450 2.32838650066 3.02767918705
2451 2.0 2.0
2475 6.26061528021 7.0724642685
2477 1.70209338369 1.76984004319
2478 0.17848821184 0.242477496179
2484 2.31198101709 2.65829840548
2494 2.22596373549 2.97012600962
2496 1.0 1.0
2499 4.45356365333 4.45356365333
2505 7.14602098407 7.69485621231
2506 2.90496170865 3.09929147617
2507 3.55555746465 3.55555746465
2508 4.0 4.472135955
2518 2.0 2.0
2527 0.0 0.0
2530 1.46490246057 1.74465539817
2537 1.19860745014 1.19860745014
2538 1.77920140369 1.79668452286
2539 2.41889536986 2.41889536986
2541 6.0 6.0
2551 2.17670843849 2.66142609386
2554 1.25 2.06155281281
2561 3.01138159938 3.37131015642
2562 1.56371562781 2.21142784855
2572 0.996562478034 1.1752462519
2580 1.0 1.0
2584 2.0 2.0
2585 4.06004209713 5.52645117554
2586 5.23951073402 5.92222709118
2587 3.48527369883 3.48527369883
2590 1.20407919978 1.20407919978
2609 1.00854664331 1.00854664331
2618 0.162587483902 0.229933424806
2627 1.70607462147 2.43029107871
2634 3.0 3.0
2636 1.26545809258 1.46319376633
2645 2.19468345028 2.19468345028
2647 9.0 9.0
2669 1.29375665934 1.53199489432
2676 1.02272669882 1.02272669882
2679 1.16841073998 1.16841073998
2683 1.85749881487 2.09497208861
2685 1.32416325078 1.40378917951
2687 4.76051217881 4.76051217881
2690 1.1209544433 1.12991023091
2693 4.0 4.0
2699 0.374557370118 0.374557370118
2704 4.46412989371 4.46412989371
2714 0.0 0.0
2715 4.01720965192 4.83503000774
2716 9.14929440604 9.14929440604
2721 2.13044910987 2.35556076932
2733 4.69117418522 4.69117418522
2739 0.96052920988 1.45179955515
2750 2.0 2.0
2758 4.00527224558 4.00527224558
2761 3.0 3.0
2764 1.61867009833 1.83109258695
2765 2.30407223395 3.10262047866
2771 1.58451097475 2.10702128988
2772 0.131885704666 0.163215375058
2775 4.0 4.0
2777 1.51970282399 1.71153023023
2788 1.11823824136 1.11823824136
2800 1.64759324903 2.10055062431
2803 1.95015771045 2.38270806326
2805 1.0 1.0
2806 5.25267272967 5.25267272967
2838 1.49344338706 1.49613169504
2843 5.0 5.0
2846 0.658940781087 0.658940781087
2850 4.92680556355 5.04233669636
2852 5.0 5.0
2857 7.62079725452 7.71683588363
2860 2.98848509773 2.98848509773
2861 1.74425736206 1.74425736206
2863 3.69393386542 4.97002253788
2877 3.0 3.0
2883 0.740597553151 0.740597553151
2890 0.749144028745 0.828899398258
2895 3.99191527205 3.99191527205
2899 1.64569262422 2.28130849372
2907 2.74164423407 2.74164423407
2913 1.65308722262 1.84925867633
2919 0.0 0.0
2928 2.69970372356 3.43285877622
2935 0.226306798147 0.226306798147
2961 2.34990525639 2.96666619601
2964 1.38340178356 1.38340178356
2966 1.99212613925 1.99212613925
2976 1.63645508406 1.89809058792
2977 1.47024851187 1.9066116623
2981 2.31033116265 2.31033116265
2987 4.00165765318 4.00165765318
3000 1.75892356086 2.52804352408
3011 0.301532003982 0.308314876014
3045 2.19983944304 2.36938226052
3046 0.0 0.0
3050 12.0 12.0
3051 3.98158060699 5.28731646223
3052 1.09873735767 1.10316492282
3064 0.98814472215 0.988215836508
3070 0.1626260252 0.22570896204
3074 1.48688834111 1.48688834111
3075 1.0 1.0
3079 2.96709794562 4.02160451637
3092 2.469940312 2.73843664661
3097 1.13826081685 1.13826081685
3102 1.15520263823 1.50431470557
3107 2.49308768502 2.49308768502
3110 1.5140518475 2.21216346995
3115 3.7783219831 3.983277102
3116 0.0 0.0
3118 0.610759962759 0.610759962759
3127 3.64750886116 3.64750886116
3128 0.178524577766 0.178524577766
3129 1.47837619952 1.70398424379
3138 2.56417290386 2.56417290386
3139 2.5996727814 2.6709651777
3150 1.36707943776 1.52495967564
3165 1.25432780422 1.25789095712
3169 1.74694302394 2.11643694533
3182 0.00171818353637 0.00171818353637
3186 2.23164592846 2.50437209883
3187 0.973733510142 0.99233696868
3188 6.4583354376 6.4583354376
3193 1.45148812855 1.45148812855
3198 0.0 0.0
3203 3.81467009131 3.81467009131
3212 3.17489665445 3.17489665445
3219 2.711901774 3.33143030361
3224 4.35972174122 4.40974107766
3225 3.75828599576 4.35373044771
3231 1.82297398582 1.82297398582
3242 0.194169106341 0.274596583581
3243 0.888040256456 0.888040256456
3244 2.10589817476 2.49952529575
3245 0.941640903866 1.20659885395
3252 1.47712178342 2.43540191845
3277 1.52050798175 1.52050798175
3278 2.54450222827 3.129183039
3284 1.19959389018 1.54789958415
3286 2.0 2.0
3290 0.684364831656 0.684364831656
3293 0.566926653945 0.566926653945
3294 2.87189118008 2.88326923535
3296 1.18628749457 1.18628749457
3300 3.82589101752 4.2234597418
3321 1.40121404356 1.83398369089
3328 6.0 6.0
3341 1.24814159835 1.4369222323
3345 1.09643106544 1.37495072401
3347 1.0 1.0
3351 6.0 6.0
3352 0.47300332599 0.47300332599
3353 0.22493789893 0.22493789893
3366 1.32182512037 1.32182512037
3368 2.11344696143 2.11344696143
3381 0.320413687073 0.320413687073
3385 2.97258718433 3.86173436905
3389 1.49089136067 1.50539058467
3395 1.93326269192 2.43097320404
3398 7.25600047483 7.25600047483
3399 1.16241193439 1.16241193439
3409 2.4651077566 2.4651077566
3410 2.98839327167 2.98839327167
3413 0.985172732346 1.24519594813
3418 3.0 3.0
3423 2.60347250558 3.54638865066
3426 0.750585224707 0.790939890057
3429 2.58709656972 3.32426413623
3431 1.99533342666 1.99533342666
3440 3.92735110524 5.00338609359
3450 2.0 2.0
3452 1.02275668841 1.48697155359
3468 1.60253019736 1.71205889857
3478 1.89786838378 2.081801616
3481 0.146359802543 0.146359802543
3486 2.16655383445 2.16655383445
3487 5.0 5.0
3488 0.0 0.0
3495 0.0122636881627 0.0122636881627
3502 1.77480286971 2.65041711225
3510 2.0 2.0
3514 10.6855319844 10.6855319844
3516 2.41236979095 4.08413949051
3517 2.32954463784 2.37730898496
3522 7.63599258791 7.63599258791
3523 1.95610784938 2.58190672439
3545 0.694994131492 0.721086766336
3565 1.0 1.0
3571 0.258552409896 0.258552409896
3573 2.12191777587 2.12191777587
3578 0.549559753993 0.549559753993
3580 3.01178711243 3.37853745726
3583 1.55705884818 1.60822750715
3594 6.16182107526 6.16394557276
3595 2.34637247612 3.23265381308
3597 0.594652680341 0.594652680341
3604 2.0 2.0
3608 5.46951602766 5.46951602766
3614 4.03502565629 5.00724524123
3619 0.834596036716 0.834596036716
3632 2.01500482606 2.27556682778
3636 2.48094822098 2.8893445119
3657 1.85597570846 1.87943040087
3661 1.93392106826 2.51171702921
3679 4.60338323136 4.60338323136
3683 0.268557996663 0.268557996663
3709 3.0 3.0
3719 2.15248851709 3.23489926333
3722 2.11265754588 2.11265754588
3728 4.5 6.36396103068
3729 2.18365760298 2.18365760298
3730 2.66104674968 2.66104674968
3735 0.79989620562 0.79989620562
3736 2.48713320558 3.0672752479
3738 0.509401387987 0.509401387987
3750 4.0 4.0
3755 3.00449948086 4.21775359389
3758 1.37070049443 1.45984697422
3760 0.72803420806 0.72803420806
3783 0.0538268844585 0.0538268844585
3802 0.906613256361 0.906613256361
3810 2.0 2.0
3814 2.04255092814 2.04255092814
3828 2.64778394887 2.64778394887
3831 1.34387312753 1.42596540674
3832 2.0 2.0
3840 2.35709774051 2.5451157179
3843 1.53476879908 1.53476879908
3849 2.0 2.0
3852 5.0 5.0
3857 1.07343821969 1.11870114537
3864 9.37197778401 9.37197778401
3868 1.66500998976 1.66500998976
3874 2.5469313854 2.5469313854
3876 6.87158997167 6.87158997167
3879 2.0 2.0
3882 2.83617542306 3.8138099532
3889 1.14325012677 1.60889794
3895 1.7469104697 1.89429055689
3902 3.31201683316 3.31201683316
3912 0.766476898252 0.801261427129
3913 1.32143618392 1.77816662552
3918 1.0 1.0
3924 5.08788048254 5.08788048254
3927 1.1187037846 1.29018649159
3936 1.54801261983 1.86144727329
3953 1.89345608842 2.26257171689
3961 0.5 0.707106781187
3983 1.16738054602 1.16738054602
3985 0.637363603398 0.637363603398
3993 0.976533977585 1.24825574601
3994 2.05141127572 2.05141127572
3995 1.08079515596 1.08145751271
4004 0.751406263288 1.00799564845
4023 3.41079191388 4.12179940519
4048 9.37571779916 9.43116651893
4050 3.15617708999 3.15617708999
4053 3.4115092816 3.4115092816
4064 0.801335820972 1.17802405608
4070 1.19686420255 1.19686420255
4075 1.35271600811 1.65306579837
4082 1.00578171719 1.4408592472
4091 2.43580101695 3.20826413941
4093 5.42849293887 5.9608377067
4105 1.0 1.0
4106 2.26928590588 2.27256786176
4113 2.0 2.82842712475
4159 2.73972443688 2.73972443688
4161 0.0 0.0
4162 0.410454597998 0.410454597998
4172 1.62264635322 2.12839945873
4175 0.0 0.0
4179 2.06183182664 2.0627587489
4182 0.442927586522 0.442927586522
4186 0.0 0.0
4193 4.5 4.52769256907
4195 3.98003780341 3.98003780341
4207 0.355793014479 0.578600824271
4210 1.19021860089 1.19633097765
4212 2.01753038017 2.05626817229
4219 0.810902586525 0.810902586525
4221 2.68411720233 2.76992806809
4227 7.54951468799 8.18614597835
4240 1.45786564359 1.72817178316
4252 0.684133534202 0.684133534202
4253 0.353344978312 0.374090856072
4260 2.6479135791 3.91585053486
4271 1.903958396 2.02771773717
4274 1.53311954099 1.53311954099
4296 0.315843940298 0.415449988663
4308 1.41660254345 1.41660254345
4315 1.49885209062 1.799376571
4341 1.01435539791 1.07540793126
4349 7.0 7.0
4357 2.81749420799 2.81749420799
4362 5.47548078973 5.47548078973
4363 6.0 6.0
4367 1.0 1.0
4377 2.0 2.0
4382 1.79160336747 1.98255925623
4388 1.0 1.0
4395 1.25834421244 1.5379708896
4399 0.325639102083 0.325639102083
4415 0.0 0.0
4416 11.4843863111 11.4843863111
4417 4.97595837794 4.97595837794
4420 2.45546887868 2.90084535936
4423 3.02201430617 4.2033463521
4426 2.60030281175 2.91559015786
4431 0.0219687230476 0.0219687230476
4433 1.36756066113 1.36756066113
4437 3.476575878 3.476575878
4444 1.40996985889 1.57180703939
4447 6.49160403184 7.07599233392
4456 2.99629360573 2.99629360573
4459 2.06726253008 2.06726253008
4461 0.139634861858 0.19747351542
4462 2.54269142946 2.54269142946
4474 1.52631461077 1.52631461077
4475 2.0 2.0
4492 1.0 1.0
4498 1.0401807408 1.04114698923
4508 0.0 0.0
4514 1.0 1.0
4523 0.0 0.0
4524 3.0 3.0
4525 0.87146088567 0.87146088567
4526 3.0 3.0
4531 2.5550594597 2.78525837674
4538 1.41121544362 1.87277719529
4543 8.50098615439 8.63248081567
4546 5.18123979795 5.18123979795
4550 1.40467759001 1.71307686848
4553 4.5 4.74341649025
4558 1.75088964806 1.7685221308
4569 0.208765653648 0.295239218746
4570 1.06110192098 1.06110192098
4582 2.31959841755 3.58154402758
4583 6.0 6.0
4592 3.09509977267 3.09656044177
4593 2.7263303061 3.60039192625
4595 1.67399996112 1.70614301219
4602 1.37178513499 2.01336140202
4606 2.02942764399 2.42811713458
4613 1.87680452226 2.07151668712
4616 2.97965009468 2.97965009468
4619 0.918260630955 1.20474190114
4624 2.49959904412 2.49959904412
4629 1.45645642483 1.51512330168
4636 3.0 3.0
4637 0.989208827179 0.989208827179
4644 0.944576791112 0.944576791112
4645 1.13244839159 1.2511609684
4651 0.900883456823 0.900883456823
4656 8.0 8.0
4660 3.19932847448 3.43335420598
4665 5.32605118095 5.95232179016
4673 5.0 5.0
4675 2.66595955009 3.51796495334
4688 2.51020330496 3.27962580536
4698 1.0 1.0
4709 3.03963975541 3.83967047831
4730 3.0 3.0
4740 1.48571519269 2.07780778289
4744 1.67100359655 1.67100359655
4748 2.26080845497 2.74894269486
4749 3.44099525478 3.44099525478
4760 2.0 2.2360679775
4774 0.254040546365 0.254040546365
4781 1.42010710487 3.15511361178
4782 2.0 2.0
4790 1.08053438572 1.09357207283
4801 1.32636261668 1.32636261668
4802 0.938612142699 1.52490908417
4805 1.0 1.0
4806 3.0 3.0
4807 1.17883487807 1.3613444889
4810 1.95995144112 1.95995144112
4812 1.83619855855 1.83619855855
4813 1.0 1.0
4819 0.805801924943 0.805801924943
4820 3.0 3.0
4827 2.43995114301 2.72592820968
4828 1.43822388243 1.43822388243
4855 0.453828849314 0.613914360027
4861 8.20974328018 9.05616329
4863 1.18721824126 1.4629431566
4871 7.4973718835 7.62250173204
4885 0.315917643393 0.315917643393
4894 2.3169275492 3.09868536309
4900 0.0 0.0
4910 6.0 6.0
4920 1.55592947031 1.78585882313
4929 6.0 6.0
4956 0.867631504412 1.05984121778
4960 2.98087138028 2.98087138028
4964 2.55374602739 3.32077651583
4966 4.39502863573 4.39502863573
4967 2.59476880576 3.20260442696
4971 0.0 0.0
4983 2.75324978897 3.88811361577
4988 0.389242426996 0.389242426996
4993 4.0031809743 4.0031809743
5003 1.54606946683 1.85704726615
5009 1.0 1.0
5026 1.74849832128 2.08323452489
5036 0.197949966545 0.197949966545
5047 2.0 2.0
5062 1.0 1.0
5065 1.29559413802 1.41237710614
5066 1.24406870395 1.24406917085
5067 4.70951364968 4.88312132113
5069 7.05812345344 8.0189758267
5077 1.29677604743 1.39575346921
5078 2.0 2.0
5085 2.75072462476 2.75072462476
5086 2.51143021365 3.53557085908
5096 6.8309480832 6.8309480832
5099 2.64135348969 2.64135348969
5113 1.88388730682 1.90654341294
5121 2.05868672821 2.45692385904
5124 4.80499308378 4.80499308378
5127 3.5 3.53553390593
5131 2.01831367665 2.01831367665
5132 4.6032985998 4.87159068382
5151 1.817983498 2.18268562041
5154 0.637951889968 0.637951889968
5159 1.84823015208 1.84823015208
5167 1.99475278103 2.23373244339
5183 2.1153161062 2.40202961899
5191 4.33333333333 5.9160797831
5202 0.773194057877 1.093461523
5204 2.23315039476 2.23315039476
5210 0.0 0.0
5217 2.49619006407 3.05512879206
5219 0.91591528221 0.91591528221
5223 1.90244089147 2.39464620721
5228 1.0327702994 1.24175235204
5229 2.0018094617 2.5938815727
5233 1.50649339405 1.50649339405
5246 1.08434920307 1.08434920307
5251 2.73363666163 3.23701490147
5254 5.61176791726 5.61176791726
5271 4.52120955036 4.52120955036
5272 1.03553809567 1.89846804312
5280 0.973485313121 1.34828882522
5289 0.0453923388572 0.0453923388572
5291 1.26556276981 1.71689487895
5293 1.94681988068 1.94681988068
5294 2.76405415114 3.25700831915
5295 4.33479692208 4.33479692208
5300 0.0 0.0
5310 4.56478088469 4.56478088469
5311 1.52616730076 2.1979700704
5321 1.47549858236 1.47549858236
5322 1.0 1.0
5325 8.341543277 8.9702211434
5336 1.72764794933 1.72764794933
5344 1.49793608108 1.75472560287
5356 0.765043173119 0.765043173119
5361 0.502491037255 0.502491037255
5363 4.27973392965 5.33010071367
5367 0.0 0.0
5368 1.51845277846 1.51845277846
5371 4.4541994062 5.63118316661
5372 6.99675688823 6.99675688823
5387 0.959945673442 0.959945673442
5404 0.711453738414 0.767740429428
5414 2.06844234661 2.51246879758
5421 0.37968532725 0.37968532725
5423 1.0 1.0
5424 0.0 0.0
5446 3.6397557407 3.6397557407
5459 2.0 2.0
5462 3.97515605105 3.97515605105
5475 6.0 6.0
5477 4.50152223799 5.1484068979
5478 1.04621562395 1.12763131149
5482 1.05746078259 1.29634421504
5484 3.44169181461 4.22764781478
5488 0.510473142428 0.712701642806
5492 0.898679448125 1.15488382124
5493 1.55366187906 1.64936554795
5496 0.251535047323 0.435671481848
5499 0.348180822086 0.348180822086
5506 0.908380356479 0.908380356479
5507 2.566644705 3.0722354252
5512 1.01119531217 1.25423927369
5515 1.96835492803 2.71174732437
5518 2.85655016547 2.98220673894
5519 3.0 3.0
5523 1.80546225534 1.80546225534
5545 0.976724095485 0.976724095485
5546 7.0 7.0
5554 3.18836881232 3.9740228742
5562 1.14285714286 1.30930734142
5565 0.00518547629964 0.00518547629964
5573 2.98208107352 5.24053632637
5575 0.471513122894 0.471513122894
5578 3.27172465673 3.70015106335
5581 0.0 0.0
5584 1.04679152026 1.30623900868
5608 4.15291408591 4.15291408591
5617 9.49958575666 9.49958575666
5633 9.58103898442 9.58103898442
5642 3.0 3.0
5646 0.851181485654 0.851181485654
5649 2.61967202291 3.08454967834
5652 2.16772551984 2.16772551984
5655 1.11079800795 1.11079800795
5659 3.22426895555 3.99431972041
5662 1.35916646779 1.66494368842
5669 1.82904345029 1.82904345029
5674 1.33171999006 1.72434840247
5683 0.269230183391 0.380748976752
5685 1.0 1.0
5687 4.34566237525 4.89005674299
5700 3.0 3.0
5702 9.0 9.0
5707 0.298478059055 0.299185218747
5720 4.0 4.0
5721 2.83427087584 4.09267954786
5724 2.07528259422 2.47607671222
5729 2.61944431309 3.74703531595
5736 1.61174745572 1.61174745572
5737 2.74880541467 2.90391122678
5740 2.0 2.0
5749 0.854781794538 0.855250717
5763 1.28391510937 1.28391510937
5768 2.0 2.0
5772 3.94991953907 4.53941416014
5785 3.61471919867 4.01852204274
5786 2.0675057634 2.34971277279
5792 1.0 1.0
5799 1.0 1.0
5815 0.328205689677 0.328205689677
5816 1.0 1.0
5826 5.0 5.44671154612
5827 2.43678257804 2.43678257804
5837 1.70524687007 2.70664050439
5846 4.0 4.0
5849 4.38205996586 6.68319627125
5851 2.34190860276 2.35186942043
5865 0.533472122609 0.719517451057
5870 4.37964602342 4.37964602342
5891 2.43165255426 2.43165255426
5892 2.30773031707 2.30773031707
5896 1.50206526253 1.61028403723
5897 4.52977200061 4.52977200061
5898 0.223116709737 0.223116709737
5911 8.545744032 8.545744032
5931 3.38027921293 3.7855553466
5933 2.52666355586 3.02935519734
5934 5.3209498158 5.3209498158
5936 2.33899960123 3.23652163253
5941 0.333399232737 0.333535089209
5945 1.00244344942 1.00244344942
5948 2.46647254751 3.08673877696
5956 6.53323485481 7.75748324874
5957 3.32467554955 3.32467554955
5968 2.52670156813 2.52670156813
5969 2.19489605175 2.33789671403
5974 0.847645448288 1.19411173123
5992 7.60988776396 7.70618198748
6004 0.672061863814 0.672061863814
6006 2.55872196849 2.96014763662
6013 0.0 0.0
6018 5.0 5.0
6022 0.0222571978188 0.0222571978188
6026 0.530013638537 0.530013638537
6038 1.53469104563 1.53469104563
6041 1.50099387479 1.8209469657
6043 1.66190376679 2.26616093894
6045 1.89462043379 1.89754879808
6055 0.676410326055 0.676410326055
6061 3.0 3.0
6063 0.0 0.0
6065 0.11172011371 0.11172011371
6071 3.0 3.0
6077 1.32206465847 1.32206465847
6091 10.163503491 10.2365353633
6099 0.502866873846 0.711161153061
6103 0.377610858154 0.377610858154
6107 6.76390885149 6.87806758842
6115 1.0 1.0
6120 3.13003958846 4.76391375632
6124 4.51514281613 4.51514281613
6148 2.0 2.0
6150 1.29249508111 1.56196230538
6154 0.526116288603 0.526116288603
6168 1.45882933539 1.68508783107
6183 0.0 0.0
6194 5.93513900169 6.63996256874
6201 1.39694072892 1.39694072892
6202 5.09672773106 7.05958124868
6228 1.96584412309 1.96584412309
6234 1.18707556961 1.18707556961
6240 3.21007983689 3.77083902521
6269 3.0 3.0
6280 6.0 6.0
6283 1.97510344946 1.97526035608
6285 1.99803347033 1.99803347033
6287 0.973282078208 1.08296265189
6290 2.41373394426 2.54097395149
6297 2.55696657377 2.99369720767
6299 2.95833903423 3.24130639346
6303 1.0 1.0
6325 1.29105649724 1.54133415363
6328 1.02169507595 2.35697011728
6343 1.82103741173 1.98410285542
6346 2.0 2.0
6372 4.74138376925 4.74138376925
6375 0.0454551931286 0.0454551931286
6377 2.67707930986 3.32577535199
6378 5.59893226467 6.47319933467
6379 0.728070541846 0.728070541846
6384 3.27237640474 3.27237640474
6386 0.51305448579 0.870872173766
6400 7.0 7.0
6403 5.0 5.0
6404 1.25981889592 1.28633180369
6411 4.48562657851 5.14226793395
6418 1.21145501154 1.22108063992
6419 2.5 2.5495097568
6421 1.32539729778 1.32539729778
6431 7.04761723363 7.04761723363
6435 6.42105254016 6.42105254016
6440 0.515151077891 0.515151077891
6444 1.0 1.0
6450 2.16428316748 2.78290620964
6454 3.50493086921 3.50493086921
6455 0.984163437691 0.984493289939
6456 2.00914411259 2.32434015896
6458 2.0 2.0
6463 0.831236616113 0.879335152117
6470 1.0497570876 1.68868299448
6476 12.0 12.0
6484 1.12215581028 1.29390226057
6497 0.417667135714 0.417667135714
6517 1.55620002024 2.02604092876
6521 3.5129662929 3.89963953782
6526 1.5 1.5
6533 1.57509528991 1.69848760018
6538 4.5 4.52769256907
6549 1.20575299976 1.60076381422
6560 0.946603380589 1.00610376236
6562 1.70642644661 2.36143115916
6564 5.69901823282 5.69901823282
6574 0.986243456726 1.29549313071
6583 1.0 1.0
6595 2.58675626783 2.9476373311
6615 1.43260357339 1.43260357339
6631 2.68489027623 4.08260492413
6640 2.0 2.0
6644 2.55262586212 3.95146140188
6651 2.61977235214 2.65919848624
6657 3.49053513522 3.49053513522
6680 0.940133349216 0.940133349216
6689 5.99097757928 5.99097757928
6697 1.59257122895 1.63430771753
6704 0.00743162901308 0.00743162901308
6716 0.886330754782 1.50050910268
6732 2.73394521029 2.73394521029
6736 2.84785672428 3.13135270732
6737 1.81848499075 2.19610006972
6738 0.452959365881 0.452959365881
6740 2.59811649151 3.53825574144
6748 1.94016415043 2.61194253806
6766 2.94800781397 4.39853101083
6770 10.6726989757 10.6726989757
6775 1.77179155331 1.77179155331
6779 2.37159227641 2.5832919115
6780 2.0 2.0
6800 1.11595307229 1.57755731545
6816 3.80337935139 3.80337935139
6823 2.16133062563 2.60006823574
6826 2.0 2.0
6829 0.985244116561 1.0954162104
6830 2.0 2.0
6838 5.44751814089 5.44751814089
6839 2.61689676391 3.25625261399
6844 3.56482421138 3.56482421138
6854 2.44944319963 3.02393302626
6863 1.42496673173 1.57468812428
6872 1.60665964239 2.25116108857
6878 3.56403644887 3.84244025706
6883 0.886993526953 0.886993526953
6889 1.64097612773 1.64097612773
6895 0.801196234668 0.95086516235
6902 5.0 5.0
6917 9.0 9.0
6921 0.870081044433 1.02294239916
6940 2.1383881125 2.36082679567
6948 1.56947806735 1.56947806735
6955 0.860680318575 1.07955977356
6968 4.0 4.0
6971 0.5 0.707106781187
6975 0.666666666667 1.15470053838
6980 0.867197215232 0.867197215232
6993 0.649397271162 0.649397271162
7001 1.42952667025 1.57058021776
7006 1.8372079874 2.43576026979
7011 1.15343183402 1.15343183402
7012 2.37820030518 2.88507514652
7013 3.40834449891 3.40834449891
7030 1.25091469722 1.255092063
7043 0.754330572265 0.793327221251
7045 3.16717491515 3.16717491515
7052 5.1499138307 6.22616640784
7063 1.01038934054 1.01038934054
7074 1.0 1.0
7080 3.78521568868 4.68025580253
7081 0.0921514421779 0.0921514421779
7088 1.5123964015 1.5123964015
7094 0.676557492422 0.727552776658
7095 1.50936935709 1.50936935709
7099 5.0 5.0
7109 2.37344948635 2.87731281541
7112 1.23303042872 1.23303042872
7113 2.56977170216 3.13228970696
7119 1.30607875704 1.80626114058
7121 1.56350953896 2.09537162669
7125 1.0 1.0
7129 0.995054499416 0.995054499416
7130 0.945478926551 1.25446331241
7134 2.20630832882 2.22863901025
7135 0.332049562619 0.332049562619
7137 0.105315762017 0.105315762017
7142 2.07491212088 2.40379475995
7159 1.13132487299 1.54835779078
7163 4.01386897315 4.01400344435
7164 2.02830055186 2.02830055186
7166 0.934709025618 0.934709025618
7168 2.19966861738 2.50214591188
7171 6.07295399357 7.10787047582
7176 3.43776937114 5.03349156846
7177 0.440054078874 0.440054078874
7178 0.880232409583 1.21110215602
7181 1.86716862221 1.86716862221
7203 1.0 1.0
7215 1.0 1.0
7222 3.23018544254 3.23018544254
7226 1.26703381355 1.26703381355
7234 6.54304933832 6.54304933832
7251 0.201568860178 0.285061415815
7262 1.08972436567 1.09341193286
7263 1.71194189736 1.71194189736
7272 11.294998875 11.294998875
7278 2.52244512554 2.52244512554
7290 7.24423495725 7.28355139445
7293 1.5 1.5
7297 0.0 0.0
7304 2.34141782231 2.39357406908
7310 1.28079039753 1.28570484308
7320 2.52233278115 2.56805466582
7326 0.379916036704 0.379916036704
7328 1.30865953909 1.85603322014
7334 12.0 12.0
7335 1.0 1.0
7339 1.4740921833 1.5408450885
7342 6.07134850884 6.07134850884
7351 3.93888905119 5.5473436561
7355 7.0 7.0
7356 5.0 5.38516480713
7382 0.93433926485 1.06081715547
7387 1.71405143908 2.17333717459
7389 5.17318554224 5.79205569748
7407 1.92927510432 1.92927510432
7413 0.0395239807953 0.0395239807953
7414 2.62182274106 2.62182274106
7420 2.12083391471 2.12083391471
7431 2.97347623263 3.8229751848
7436 3.38336782024 3.58839804488
7437 2.81452166153 4.04412743479
7442 2.85503851526 3.02938456046
7446 0.228455985171 0.228455985171
7450 3.778601569 3.778601569
7453 1.25011251752 1.46273474215
7459 0.0 0.0
7465 1.62018223103 2.11640103586
7466 1.19135167062 1.49236563538
7474 3.13053372249 3.24079911366
7484 1.33825256932 1.33825256932
7493 3.84464439911 4.40217545062
7504 1.0 1.0
7513 1.63772744116 1.76171931072
7515 1.0 1.0
7518 1.11912783099 1.15870551386
7538 0.0 0.0
7543 0.0 0.0
7547 8.52959905283 8.52959905283
7553 4.21425199069 4.59033253156
7557 2.09027988602 2.09027988602
7561 2.70469809619 2.70469809619
7562 6.63481126423 6.63481126423
7564 0.890502763787 0.890502763787
7568 2.25117661736 2.65452973764
7574 3.03571246365 3.03571246365
7578 4.0 4.0
7580 0.971327535124 0.971327535124
7591 1.5746933959 1.73848106506
7600 3.89674100107 3.89674100107
7608 4.0 4.0
7611 8.90011846415 8.90011846415
7621 0.820782113073 0.820782113073
7632 1.88670636055 2.32748541927
2.2073817724 3.11394483469