5 1.86493782559 1.86493782559
6 0.290155309554 0.380806126989
9 1.52813142978 1.77423197677
14 1.0 1.0
15 1.94265358035 2.53874263634
22 3.41986044857 4.5729773562
24 8.02324567776 8.02324567776
25 0.697146180642 0.737402841505
35 1.85919267485 3.37514030066
55 0.5 0.707106781187
57 1.77113661542 1.77113661542
58 1.0 1.0
59 7.0 7.0
66 3.48555080338 3.48555080338
68 0.504405811249 0.536024503062
69 1.39854310462 1.47634221442
76 1.53389848593 1.96870342288
81 1.57267813546 1.57267813546
83 6.88552183463 7.31043700603
85 1.0 1.0
89 10.1372369625 10.1372369625
95 1.58789118783 1.58789118783
97 2.25800729147 2.25800729147
122 3.01026466813 3.69323314591
126 3.66446812641 4.25913116611
134 1.31202047262 1.50511998063
136 3.75591200369 3.84907404557
151 3.1858697458 3.1858697458
156 0.673110607312 0.673110607312
161 2.65818810808 3.03210863799
164 1.51634323209 1.60184491472
171 1.15459889239 1.42452485639
172 2.57999609465 2.74261785767
186 1.50987414948 1.59364098704
189 2.2776057483 3.40656544142
196 4.5 6.36396103068
205 1.35714089498 1.50169878396
219 1.0 1.0
234 0.631603760175 0.631603760175
243 2.0 2.0
259 4.0 4.0
274 9.28316937415 9.28316937415
276 4.97370662587 5.47262517173
291 1.50169286289 1.50169286289
299 1.11803085503 1.28291548188
304 0.5 0.707106781187
308 0.997757885237 0.997757885237
316 0.926168749028 1.20297953436
323 4.98392024441 4.98392024441
326 3.0 3.0
328 3.34829686617 3.34829686617
331 2.56795958924 3.28181658997
334 0.0 0.0
342 2.93567592455 3.57567917719
343 2.24423085799 2.25748108651
346 2.13733316167 2.13733316167
347 4.27158226325 4.27158226325
348 1.82774347429 2.01136978937
365 2.03872202964 2.35372895182
369 1.04753556436 1.45889614102
370 6.05940251438 6.05940251438
376 3.0 3.0
380 2.21433260822 2.21549450654
381 0.210718562967 0.210718562967
384 0.726394551558 1.03804806516
393 1.73437575117 1.73437575117
405 3.0 3.0
410 0.967714989541 1.06800496651
420 1.97727101794 3.16293147597
427 1.40021344338 1.45628585356
431 6.27101439825 7.70340116665
433 2.96636397056 3.33214746046
445 1.25620101046 1.27243504856
452 1.61663209412 1.64538698446
475 1.01089888559 1.01089888559
476 2.2173706045 3.13073612582
480 3.06138384891 3.06138384891
485 1.97973349958 2.52452686007
493 3.5588859612 4.25041119583
502 3.01906116434 3.01906116434
509 0.818777863818 0.970292725169
515 0.756729676377 0.794871218164
517 2.49400267369 3.07346881201
520 1.80379740166 1.83116842821
523 0.504668521384 0.713709067444
524 1.42729100877 1.42729100877
531 3.53462541726 4.93201000695
532 0.57829692058 0.691106324282
538 0.726542606637 0.823056529789
544 1.27075714843 1.57626181119
545 3.0 3.0
550 2.66526338008 2.66526338008
555 0.595491167958 0.834197973967
564 1.95367973625 1.95367973625
566 1.71212563086 1.73615835345
569 0.988057384269 0.988057384269
575 3.507276356 3.81744278945
579 4.27005039491 4.70933627723
590 1.24461230119 1.76014759624
591 0.252935363382 0.252935363382
594 3.16479387679 3.16479387679
599 0.573969507912 0.573969507912
611 1.01689281238 1.48372060562
617 2.32012614759 2.32012614759
621 2.51690794029 2.51690794029
625 3.5530397161 3.5530397161
626 5.94509261955 6.63458339255
638 3.03853490299 3.03853490299
643 10.0599691159 10.0599691159
649 1.44643693926 1.48944233686
650 4.0 4.0
652 4.60373231781 4.60373231781
659 3.45285251405 4.38461118256
676 1.61038034206 2.14165483021
683 1.42993126243 1.46398025755
684 0.57546369379 0.660425703023
687 0.188698956368 0.188698956368
689 1.67996621719 1.97245205397
691 6.0 6.0
714 0.245117131243 0.346647971375
723 6.04921084474 6.04921084474
725 2.18738675837 2.45722923225
745 1.23261511634 1.54518901389
758 2.0 2.0
764 4.00656617746 4.47508110979
767 0.172432329876 0.172432329876
772 1.0 1.0
777 1.15011890626 1.43197062943
779 0.29233997109 0.29233997109
783 2.61432186441 2.61432186441
785 1.7798961359 1.7798961359
806 0.937415751974 0.937415751974
809 3.0 3.0
810 2.17765181173 2.88763979499
814 4.0 4.0
817 3.85268951881 5.42660770887
831 1.80448699972 1.80448699972
845 1.0 1.0
848 2.14890007377 2.14890007377
853 7.72836581901 7.80131121017
860 7.57183700601 7.57183700601
878 1.40704236197 1.40704236197
881 0.632260562982 0.657794210786
886 1.6018650694 1.6018650694
888 1.81792111776 1.81792111776
924 1.02425073052 1.26798127823
928 1.67334378857 2.13543816068
936 0.685203899396 0.685203899396
950 2.46949247935 3.27942231265
954 3.17315503296 3.17315503296
961 3.0627222472 3.71408732595
963 0.353967012375 0.353967012375
978 1.45212861446 1.45212861446
986 0.824371664646 0.987771360922
988 1.12135723855 1.12135723855
992 2.0 2.0
1005 1.0 1.0
1013 0.168616208672 0.168616208672
1023 1.0 1.0
1037 2.0 2.0
1040 0.855108661837 0.855108661837
1041 1.28019641322 1.7592482237
1051 2.42538216366 2.49252167445
1053 0.85106082577 1.04878002454
1056 2.55654103059 3.0027586576
1069 0.672518734797 0.741065071285
1070 1.68100644852 2.25479129324
1073 2.25336894513 2.26016450541
1074 1.70527728086 1.70527728086
1077 0.496043995845 0.496043995845
1079 1.93880123461 2.74384059959
1084 3.0 3.0
1088 8.07823850393 8.4214749297
1103 2.42445480957 2.42445480957
1129 0.538644729399 0.538644729399
1145 1.34893761754 1.34893761754
1148 8.5 9.19238815543
1152 0.0 0.0
1154 1.38862952517 1.52166342262
1165 2.01059365641 2.46214467653
1166 1.04510107524 1.04510107524
1181 1.97300903355 1.97300903355
1193 0.606252070907 0.868974021536
1211 1.30366332528 1.30366332528
1212 1.68420937219 1.68420937219
1216 1.32279480365 1.47306433168
1219 2.96164799125 3.54440676978
1221 0.486371098153 0.486371098153
1226 0.295821022664 0.295821022664
1234 1.05684931388 1.31515812735
1239 1.06612253312 1.06612253312
1244 1.06772484935 1.06772484935
1261 0.696011826653 0.696011826653
1266 3.64452479105 4.42156977752
1267 1.3527089301 1.65740144052
1269 2.0 2.0
1275 1.65085741387 1.65085741387
1283 12.0 12.0
1284 5.48903897068 5.48903897068
1285 0.100763959338 0.100763959338
1287 3.54635443245 4.62608285438
1289 1.33333333333 2.08166599947
1292 1.97836802439 2.33636637073
1295 0.416303044833 0.416303044833
1297 2.66716397021 2.94838906386
1308 3.95355823007 3.95355823007
1312 0.877489378651 1.14674067107
1313 1.30558722974 1.48394920205
1325 0.258905145002 0.258905145002
1330 1.02424733579 1.56596857479
1337 3.0 3.0
1345 0.0339012256469 0.0339012256469
1365 1.51422639994 2.12189211304
1369 2.01096635328 2.37901129648
1374 1.42068855505 1.56653999054
1384 5.68113690811 7.07449759954
1387 3.44178618868 3.44178618868
1389 1.6356207033 2.91457627193
1391 0.931227547189 1.02139691653
1413 6.76251302383 6.76251302383
1422 1.31063090297 1.31063090297
1424 0.838653350653 0.97604687573
1426 10.6040440051 10.684316707
1434 1.24938362145 1.75510954694
1437 0.404049860418 0.440814413559
1438 4.07641671804 4.81048234346
1443 3.0 3.0
1453 1.64394197629 1.64394197629
1455 5.79769846294 7.52537161929
1458 1.29052211144 1.57606255239
1461 1.3389615165 1.3389615165
1465 3.0 3.0
1479 7.72860375852 7.80160421988
1480 0.691634295916 0.82345555738
1482 0.94418734448 0.94418734448
1483 2.02993633722 2.02993633722
1496 0.0274682289946 0.0274682289946
1499 0.985309928126 0.98706380153
1512 1.27279107683 1.66141043753
1513 1.51222572428 2.36871101635
1518 1.16089258917 1.43240107878
1530 2.27054837361 2.39790356121
1545 1.25184614226 1.40350543772
1547 2.67153827924 3.7781256669
1569 1.0 1.0
1579 1.37567330884 1.77243537266
1585 0.881480093146 0.998396557248
1597 7.64865406251 7.67158244817
1598 0.989598305469 0.989598305469
1599 2.78835832947 3.32114945039
1602 1.63179323329 2.11618912114
1605 3.7174986787 3.87226377888
1609 0.0236964851583 0.0236984239385
1622 1.77252857602 1.82253685269
1627 4.5 4.5
1628 3.04307073838 3.45108216566
1629 2.42057728964 2.42057728964
1631 1.1550516538 1.53027384416
1638 2.89743312156 2.89743312156
1651 2.03179772996 2.31606235278
1653 1.58974049997 1.78015723083
1658 3.0 3.0
1662 5.6010950011 5.6010950011
1674 1.79906230639 1.96853390923
1678 1.06115572825 1.06115572825
1684 2.27518905895 2.34887021312
1687 1.49642579149 1.49642579149
1691 8.57692363561 8.58667871644
1718 1.65631692701 1.7709514656
1719 0.0 0.0
1722 1.39939030578 1.52666735455
1731 1.5320882071 1.5320882071
1732 3.05394886418 3.05394886418
1754 3.90772606228 4.98778449719
1764 8.01866797757 8.01866797757
1770 2.90593730148 2.92517039621
1778 0.310127463514 0.310127463514
1789 1.19547075871 1.50883736574
1792 2.78528425231 3.57296507599
1793 0.236024192933 0.236024192933
1797 0.555281248182 0.555281248182
1802 1.62126802757 1.9957243469
1806 0.295736505272 0.295736505272
1807 1.23129303548 1.73880793138
1809 4.75190184937 4.75190184937
1811 1.73329187241 1.73329187241
1817 2.87168498605 2.87168498605
1825 0.0 0.0
1831 7.11016502669 7.11016502669
1832 3.48270812792 3.48270812792
1833 1.75300499411 1.75300499411
1836 0.378921767329 0.378921767329
1837 1.0 1.0
1838 2.08346114519 2.08346114519
1847 2.0 2.0
1849 0.540069609746 0.54007317809
1853 2.50390782424 2.55280687535
1855 3.0 3.0
1859 3.80086490137 3.80086490137
1867 0.0340461406268 0.0340461406268
1872 0.0 0.0
1878 0.0 0.0
1888 2.58695903021 3.16642837127
1896 1.44402138005 1.44402138005
1899 1.6132192413 1.96983333098
1901 2.15542900166 2.53648070381
1902 1.01008698332 1.25511339563
1907 0.0 0.0
1918 1.5263153278 1.5263153278
1921 3.61270734673 4.4235147622
1924 1.46558873314 1.46558873314
1926 0.148988464869 0.148988464869
1939 1.0 1.0
1941 4.0 4.0
1946 5.85988433004 6.23845649518
1955 1.99908677467 1.99908677467
1957 2.50442082141 2.88520335488
1959 3.0 3.0
1962 1.32652259962 1.48769419442
1965 2.64155736466 3.40873524564
1966 0.237177586718 0.237177586718
1972 1.73516345166 1.73516345166
1984 1.39785835807 1.40117730577
1989 1.85023570073 2.17837785798
2005 1.64007990775 1.76055797749
2007 3.0 3.0
2011 0.746659256827 0.746659256827
2023 2.63282020589 3.22305965398
2033 2.0 2.0
2040 1.8656400498 2.60208119142
2045 0.364437944096 0.364437944096
2062 3.66666666667 3.87298334621
2069 2.33127703056 3.29692359427
2071 3.0 3.0
2092 2.97695293678 3.16038204334
2096 0.763816894383 0.985789117174
2100 3.7487991156 4.65246010768
2103 2.28151236675 3.1193547208
2108 2.16500985592 2.77140209106
2114 1.0 1.0
2115 1.43938068465 1.94018587907
2117 2.0873891321 2.0873891321
2127 0.499490850585 0.706386735179
2142 0.0 0.0
2146 2.03484965027 2.11652933142
2149 1.01711742554 1.01711742554
2151 0.422430699382 0.422430699382
2155 2.03298553845 2.25125457654
2183 1.90160740497 1.97178348053
2186 3.2705359515 3.2705359515
2192 2.0 2.0
2195 2.40817422422 2.91463508169
2202 4.10150593687 4.20863830722
2204 3.74721524488 3.74721524488
2210 2.0 2.0
2211 0.939757520076 1.02986340138
2212 1.99343295344 1.99343295344
2233 3.0 3.0
2240 1.0 1.0
2242 2.73600249482 3.36350631857
2245 0.800048634938 1.13521009214
2246 1.33223347222 1.34203639827
2250 1.16830698974 1.16830698974
2254 2.1620371442 2.45453354783
2259 2.48938415005 2.48938415005
2262 0.675746317468 1.06568613854
2272 0.897454772858 0.900385218805
2278 2.41083442357 2.82283812714
2287 0.848814418497 0.848814418497
2289 1.0 1.0
2292 0.360969851161 0.375787901998
2299 4.29101862457 5.78072876102
2319 1.45661858932 1.48246554408
2320 2.47444696938 3.52581304384
2329 1.0 1.0
2332 1.66587702895 1.7935584949
2346 2.0 2.0
2355 2.38789871738 2.76194191361
2358 2.48084197041 2.4942647167
2367 2.82819026357 2.82819026357
2378 5.20875652062 5.20875652062
2386 3.25243855328 3.71388431804
2394 0.371196434879 0.371196434879
2402 6.00864650109 6.00864650109
2404 1.1015787985 1.1015787985
2409 1.91658190792 2.16760321932
2414 0.5871799152 0.5871799152
2422 2.89284126298 3.53301647465
2428 2.18344663021 2.18344663021
2430 0.989199962691 0.989199962691
2431 2.41672431602 2.88605972502
2450 2.32838650066 3.02767918705
2451 2.0 2.0
2475 6.26061528021 7.0724642685
2477 1.70209338369 1.76984004319
2478 0.347617702367 0.429870331317
2484 2.31198101709 2.65829840548
2494 2.2117190771 2.96694726103
2496 0.00972743720939 0.00972743720939
2499 4.500118472 4.500118472
2505 6.75041735669 7.49185703582
2506 3.04969332096 3.32087244331
2507 2.77805525374 2.77805525374
2508 4.0 4.472135955
2518 2.0 2.0
2527 0.29032344772 0.41057935724
2530 1.71335817016 2.08951347596
2537 0.609802793935 0.609802793935
2538 2.01174630816 2.01179921272
2539 1.805106087 1.97651303983
2541 6.0 6.0
2551 2.54785902421 3.24095088941
2554 1.25 2.06155281281
2561 3.01575502316 3.45458523656
2562 1.5712341425 2.22206063398
2572 1.03409558865 1.12745452407
2580 1.0 1.0
2584 2.0 2.0
2585 3.6799517453 5.01443656355
2586 5.97333887402 7.17760549224
2587 2.38712698664 2.38712698664
2590 1.52875742872 1.52875742872
2609 1.00854664331 1.00854664331
2618 0.162587483902 0.229933424806
2627 1.70607462147 2.43029107871
2634 3.0 3.0
2636 1.26545809258 1.46319376633
2645 1.8680316376 1.8680316376
2647 9.0 9.0
2669 1.09377261778 1.40849155799
2676 1.02272669882 1.02272669882
2679 1.05467184196 1.05467184196
2683 1.8665439905 2.11399814334
2685 1.33839518797 1.41720792587
2687 4.76051217881 4.76051217881
2690 1.1209544433 1.12991023091
2693 2.76747052246 2.76747052246
2699 0.103229489522 0.103229489522
2704 3.38748574715 3.38748574715
2714 0.0 0.0
2715 3.95717583064 4.7928638462
2716 9.14929440604 9.14929440604
2721 1.29159318304 1.63863266397
2733 4.30767913957 4.30767913957
2739 0.996670271544 1.4510370915
2750 2.0 2.0
2758 4.00527224558 4.00527224558
2761 3.0 3.0
2764 1.32434132064 1.65525991523
2765 2.27635235383 3.09469768567
2771 1.92177194896 2.34318180756
2772 0.230932043175 0.240711164066
2775 4.0 4.0
2777 1.30406184002 1.76149828529
2788 1.2596908827 1.2596908827
2800 1.64759324903 2.10055062431
2803 2.02919687123 2.40163084968
2805 1.0 1.0
2806 5.58441699747 5.58441699747
2838 1.59846543609 1.59938906199
2843 5.0 5.0
2846 0.501259382399 0.501259382399
2850 4.33555027402 4.51121753004
2852 4.50392919589 4.50392919589
2855 7.0 7.0
2857 7.7341110252 7.80706158499
2860 2.95824224947 2.95824224947
2861 1.1805229652 1.1805229652
2863 3.67002271065 4.48690486771
2877 2.6710417299 2.6710417299
2883 0.740597553151 0.740597553151
2890 0.708754440933 0.819744355818
2895 3.99191527205 3.99191527205
2899 1.52474388721 2.26551274751
2907 2.74164423407 2.74164423407
2913 1.6992318983 1.95822568856
2919 0.0 0.0
2928 2.59966051974 3.37392848749
2935 0.335236648434 0.335236648434
2961 2.39294425066 2.96558593316
2964 2.69170089178 2.99280808729
2966 1.68292649878 1.68292649878
2976 1.55527975286 1.8031648702
2977 1.45187617474 1.89555494669
2981 0.983458657029 1.3908205708
2987 4.00165765318 4.00165765318
3000 1.87140866862 2.62243730987
3011 0.281916142921 0.285437891801
3021 3.0 3.0
3045 1.91602533599 2.09954595768
3046 0.482850509208 0.482850509208
3050 8.52939603775 8.52939603775
3051 4.00928738888 5.34267288223
3052 1.1200461631 1.12646104626
3064 0.704339020756 0.863868620586
3070 0.551996551821 0.69641137885
3074 0.771778189144 0.771778189144
3075 1.0 1.0
3079 2.81903782337 4.02968935003
3092 2.15944342688 2.53071479071
3097 1.40133600121 1.40133600121
3102 1.02129501655 1.24160688479
3107 1.70018792857 1.70018792857
3110 1.63470657223 2.32868924091
3115 3.80052892256 3.99528827224
3116 0.0 0.0
3118 0.62210424839 0.62210424839
3127 3.64750886116 3.64750886116
3128 0.198295435523 0.198295435523
3129 0.973654821419 1.20293887129
3138 2.71073916405 2.71073916405
3139 2.75901335383 2.80920713282
3150 1.03068958662 1.10561771629
3165 1.30536293142 1.30536293676
3169 1.79566388477 2.21258614701
3182 0.00171818353637 0.00171818353637
3186 2.19841193428 2.49252924521
3187 0.747649768912 0.827630539598
3188 6.62825156404 6.62825156404
3193 1.22000767501 1.22000767501
3198 0.0 0.0
3203 3.81467009131 3.81467009131
3212 1.8760084889 1.8760084889
3219 2.6162842751 3.47589735839
3224 3.79444406364 3.80303810388
3225 3.98255012741 4.43120845243
3231 1.78322577275 1.78322577275
3242 0.252643810485 0.256517905205
3243 0.86223520095 0.86223520095
3244 2.10589817476 2.49952529575
3245 0.877791000141 1.04838810038
3252 1.57213430677 2.44024879433
3277 1.47646705246 1.47646705246
3278 2.54450222827 3.129183039
3284 1.10180713624 1.49192819213
3286 2.0 2.0
3290 0.529830231562 0.529830231562
3293 0.884657810866 0.884657810866
3294 2.64638003671 2.71384569873
3296 0.194384799567 0.194384799567
3298 1.0 1.0
3300 3.49037915352 4.26397421559
3321 1.33672395996 1.79214034177
3328 6.0 6.0
3341 1.22381451051 1.41741121934
3345 1.09643106544 1.37495072401
3347 0.905008097331 0.909979734834
3351 2.62663392404 2.62663392404
3352 0.0103699094855 0.0103699094855
3353 0.229498682144 0.229498682144
3366 1.32182512037 1.32182512037
3368 2.2619248022 2.2619248022
3374 1.0 1.0
3381 0.4775703843 0.4775703843
3385 2.97258718433 3.86173436905
3389 1.37043250857 1.39936043048
3395 1.90697438578 2.39862447925
3398 7.7095258561 7.7095258561
3399 1.02446348519 1.02446348519
3409 2.4651077566 2.4651077566
3410 2.62673386655 2.62673386655
3413 0.967771490771 1.24376707951
3418 3.0 3.0
3423 2.4440713379 3.27412110765
3426 1.80336716827 2.39222234503
3429 2.6186250636 3.23253895604
3431 1.99533342666 1.99533342666
3440 3.96329336522 5.00958404615
3450 2.0 2.0
3452 0.959734061224 1.41951148011
3468 1.6219339938 1.73708715179
3478 1.88090608689 2.08812452639
3481 0.117013748383 0.117013748383
3486 2.24867520293 2.24867520293
3487 5.0 5.0
3488 0.0 0.0
3495 0.0122636881627 0.0122636881627
3502 1.67318688975 2.47585855974
3510 0.950423770817 0.950423770817
3514 10.7398700755 10.7398700755
3516 2.41236979095 4.08413949051
3517 2.34836640609 2.39335641252
3522 7.78923516372 7.78923516372
3523 1.93436942346 2.56051547188
3545 1.29689663427 1.67307976162
3554 0.0 0.0
3565 1.0 1.0
3571 0.317731887783 0.317731887783
3573 2.50417435239 2.50417435239
3578 0.0090018453783 0.0090018453783
3580 2.12981553406 2.22529227272
3583 1.53466499209 1.59487972427
3587 2.98467491667 2.98467491667
3592 10.0 10.0
3594 5.89534150138 5.89627041605
3595 2.54322763836 3.47952451009
3597 0.594652680341 0.594652680341
3604 2.0 2.0
3608 5.46951602766 5.46951602766
3614 3.79622617241 4.67368832064
3619 0.961011352449 0.961011352449
3632 1.99236030119 2.26603945923
3636 2.48094822098 2.8893445119
3657 1.74208971522 1.78965881495
3661 1.9406484487 2.51262200654
3679 4.60338323136 4.60338323136
3683 0.268557996663 0.268557996663
3709 3.0 3.0
3719 1.99609078229 3.10940955276
3722 1.42255358174 1.42255358174
3728 4.5 6.36396103068
3729 2.15433358 2.15433358
3730 2.91086546603 2.91086546603
3735 0.853050530659 0.853050530659
3736 2.76732313692 3.15459826684
3738 0.509401387987 0.509401387987
3743 3.0 3.0
3750 4.0 4.0
3755 3.11465518516 4.4995842293
3758 1.5265398572 1.70992836347
3760 0.972279503736 0.972279503736
3783 0.0538268844585 0.0538268844585
3802 0.959337899715 0.960199256524
3810 2.0 2.0
3814 2.04255092814 2.04255092814
3828 3.55631306451 3.55631306451
3831 2.63128958317 3.31229577667
3832 2.0 2.0
3840 2.35709774051 2.5451157179
3843 1.54239733039 1.54239733039
3849 2.0 2.0
3852 5.0 5.0
3857 1.00596192503 1.01628661617
3864 9.37197778401 9.37197778401
3868 1.66500998976 1.66500998976
3874 2.50197186985 2.50197186985
3876 6.13328788967 6.13328788967
3878 6.0 6.0
3879 2.0 2.0
3882 2.51017962556 3.69441258293
3889 1.28814346588 1.88164503057
3895 1.59664936594 1.71902294275
3902 3.31201683316 3.31201683316
3912 0.766476898252 0.801261427129
3913 1.46518279188 1.97437607657
3918 1.0 1.0
3924 3.51517437421 3.51517437421
3927 1.11135435468 1.27980591684
3936 1.46743992055 1.84257947283
3953 1.72022931151 2.21588037317
3961 0.00615092615374 0.00869872318777
3983 1.14522579594 1.14522579594
3985 0.637363603398 0.637363603398
3993 1.07139301396 1.43039443619
3994 1.07037350929 1.07037350929
3995 1.0717156347 1.07466403923
4004 1.21372751702 1.77582769451
4023 3.41841702074 4.10596342346
4046 0.50660763843 0.50660763843
4048 8.86620350546 8.94041312634
4050 3.15617708999 3.15617708999
4053 3.25656456084 3.25656456084
4064 1.05537907129 1.2981015815
4070 1.19686420255 1.19686420255
4075 1.20446515014 1.50366404252
4082 1.8934200695 3.36034686053
4091 2.57228458911 3.40074537847
4093 5.79868666372 6.17450642593
4105 1.0 1.0
4106 2.20421199621 2.21421356718
4113 2.0 2.82842712475
4159 3.15044041092 3.15044041092
4161 0.0 0.0
4162 0.530387039967 0.530387039967
4172 1.18099602606 1.49643434219
4175 0.0 0.0
4179 1.51879825155 1.59320533881
4182 0.442927586522 0.442927586522
4186 0.0 0.0
4193 4.0 4.08248290464
4195 3.98003780341 3.98003780341
4207 0.628221434179 0.704847861572
4210 1.19021860089 1.19633097765
4212 1.22145028165 1.67626190553
4219 0.342445780937 0.484291467778
4221 2.79577448258 2.9068216293
4227 7.41903676 8.02733725541
4240 1.4150775472 1.70872942682
4252 0.684133534202 0.684133534202
4253 0.278086590695 0.341434840882
4260 2.6994738676 3.94912691845
4271 1.91696460776 2.0256288674
4274 1.23065583689 1.23065583689
4282 1.0 1.0
4296 0.434158815295 0.578640992744
4308 1.45575975298 1.45575975298
4315 0.835985231631 0.899764226939
4341 0.768444936851 0.916078085046
4349 7.0 7.0
4357 2.7953993126 2.7953993126
4362 3.45252650725 3.45252650725
4363 6.0 6.0
4367 1.0 1.0
4377 2.0 2.0
4382 1.74410450662 1.94774732429
4388 1.0 1.0
4395 1.0696283033 1.44170587869
4399 1.17685428722 1.17685428722
4415 0.0 0.0
4416 11.4843863111 11.4843863111
4417 4.55383519339 4.55383519339
4420 2.48359082478 2.90993473666
4423 3.21054415738 4.51669745459
4426 2.39542157971 2.83892317047
4431 0.0219687230476 0.0219687230476
4433 1.04923815151 1.04923815151
4437 4.60592955227 4.60592955227
4444 1.31736349906 1.47155596393
4447 6.63290757655 7.13950892287
4456 0.761401099601 1.07678376146
4459 2.15316394267 2.15316394267
4461 0.695814535248 0.807797611541
4462 2.55043581745 2.55043581745
4474 1.24247755344 1.24247755344
4475 2.96069926202 2.96069926202
4479 3.0 3.0
4492 1.0 1.0
4498 0.978660611126 0.97962069791
4508 1.7763568394e-15 1.7763568394e-15
4514 1.0 1.0
4523 0.962887363147 0.962887363147
4524 1.5 2.12132034356
4525 0.774282310096 0.774282310096
4526 3.0 3.0
4531 2.74915226545 2.8967754359
4534 1.0 1.0
4538 1.01831049 1.41440587004
4543 8.50098615439 8.63248081567
4546 5.18123979795 5.18123979795
4550 1.3910807102 1.70336908502
4553 4.5 4.74341649025
4558 1.91245654854 1.95096771366
4565 0.0 0.0
4569 0.447037447139 0.447334196646
4570 1.53055096049 1.60092743226
4582 2.37861628581 3.60343323574
4583 6.0 6.0
4592 3.09509977267 3.09656044177
4593 2.783206244 3.67518784924
4595 1.67399996112 1.70614301219
4602 1.32567310317 1.97048696529
4606 2.09902326199 2.48627579668
4613 1.39492495139 1.65456706432
4616 3.13179513819 3.13179513819
4619 0.853744682551 1.09160796263
4623 2.0 2.0
4624 2.66487650575 2.66487650575
4629 1.45645642483 1.51512330168
4636 3.0 3.0
4637 0.989208827179 0.989208827179
4644 0.849524131102 0.849524131102
4645 1.02084232025 1.1619164597
4651 0.970770278847 0.970770278847
4656 9.57535700832 9.57535700832
4660 3.37305687988 3.65146331134
4665 5.69291494351 6.27859331162
4673 5.0 5.0
4675 2.37054156919 3.18271854513
4688 2.73598658244 3.15958465458
4698 1.0 1.0
4703 5.0 5.0
4709 2.83744639969 3.74182087824
4730 3.4953705847 3.4953705847
4740 2.55043091128 2.80659066538
4744 1.67100359655 1.67100359655
4748 2.21774063998 2.7491800622
4749 2.97561037148 2.97561037148
4760 2.0 2.2360679775
4774 0.254040546365 0.254040546365
4781 1.43259477285 3.15892789284
4782 2.0 2.0
4790 1.41529330774 1.4923113635
4801 1.32636261668 1.32636261668
4802 1.00347559294 1.54247372344
4805 1.0 1.0
4806 3.0 3.0
4807 1.18007661123 1.37165975798
4810 1.95995144112 1.95995144112
4812 1.83619855855 1.83619855855
4813 1.0 1.0
4819 0.857648883964 0.857648883964
4820 3.99719893186 3.99719893186
4827 3.20992863833 3.88831332399
4828 1.43822388243 1.43822388243
4855 0.470028074421 0.6240109695
4861 8.15491255002 8.98829241997
4863 1.2221572949 1.48236819135
4871 7.60947990258 7.70601599634
4885 0.315917643393 0.315917643393
4894 3.19895890984 4.04917782503
4900 0.0 0.0
4910 6.0 6.0
4916 1.02013332737 1.02013332737
4920 1.777953188 1.98669829885
4929 6.0 6.0
4956 0.945961173028 1.11482444958
4960 3.01040653674 3.01040653674
4964 2.24763399392 3.04201830278
4966 2.82111418475 2.82111418475
4967 2.07009730714 2.67977403237
4971 0.0 0.0
4983 2.84629059185 3.9174981876
4988 0.433734314232 0.433734314232
4993 3.737396133 3.737396133
5003 1.24561808984 1.3354564605
5009 1.0 1.0
5026 1.62561815521 2.20027911472
5036 0.178237622271 0.178237622271
5047 2.0 2.0
5062 1.0 1.0
5065 2.38043053894 2.39466903045
5066 1.01951536451 1.03147922026
5067 4.70951364968 4.88312132113
5069 4.99585579558 6.51395323276
5077 0.909376294974 1.22634260538
5078 2.0 2.0
5085 2.67058347889 2.67058347889
5086 2.51143021365 3.53557085908
5096 6.36608351806 6.36608351806
5099 2.64649750476 2.64649750476
5113 1.84420089015 1.86745295218
5121 1.9811446052 2.4922227677
5124 4.50434692723 4.50434692723
5127 3.5 3.53553390593
5131 2.01831367665 2.01831367665
5132 5.09207937021 5.61087692678
5151 1.81407239083 2.15373644332
5154 0.865247806795 0.865247806795
5157 4.0 4.0
5159 1.40546570272 1.40546570272
5167 1.95036428767 2.10013889805
5183 2.05920197825 2.36331032826
5191 4.17371144095 5.26516323299
5202 0.870882192413 1.23161340774
5204 1.82518197915 1.82518197915
5210 0.0 0.0
5211 1.0 1.0
5217 2.25424212597 2.65834404815
5219 0.951617530484 0.951617530484
5223 1.9048949117 2.31595781366
5228 1.37306064627 2.06471717981
5229 1.99577451135 2.63476621999
5233 1.50649339405 1.50649339405
5246 1.07839320312 1.07839320312
5251 3.88297152416 4.42012091472
5254 5.8248328233 5.8248328233
5271 4.35982931013 4.35982931013
5272 1.79718260861 2.84867722447
5280 1.42835104063 1.82839774551
5289 0.0453923388572 0.0453923388572
5291 1.01881158588 1.30258718574
5293 1.95738635025 1.95738635025
5294 3.05556456549 3.49978840825
5295 5.43345029043 5.43345029043
5300 0.0 0.0
5310 4.25030195873 4.25030195873
5311 1.65736063926 2.24078047815
5321 1.59238221268 1.59238221268
5322 0.507283508423 0.507283508423
5325 8.30183907578 8.92786616741
5336 1.64115425669 1.64115425669
5344 1.70100503618 1.88852268215
5356 1.06511472914 1.06511472914
5361 0.85628511083 0.85628511083
5363 4.5337131999 5.35757942057
5367 0.0 0.0
5368 0.898716165615 1.27097659014
5371 4.37831677882 5.57352486993
5372 6.94727135417 6.94727135417
5387 0.959945673442 0.959945673442
5404 0.148891056462 0.201290980444
5414 2.14423902067 2.56587896161
5421 0.294900732974 0.294900732974
5423 1.0 1.0
5424 1.46179191796 1.46179191796
5446 3.68392086828 3.68392086828
5459 2.0 2.0
5462 3.97515605105 3.97515605105
5475 6.0 6.0
5477 3.22835810593 4.19680336512
5478 1.06772705498 1.1556766851
5482 0.925110263179 1.10791536127
5484 3.22026631941 4.31635750723
5488 0.540071364144 0.648595073428
5492 0.998240739675 1.17966480749
5493 1.49702553402 1.57737751695
5496 0.45039892556 0.640811140246
5499 0.206917295221 0.206917295221
5506 0.717273673932 0.717273673932
5507 2.44860464404 3.0054482011
5512 0.968004753457 1.11479830258
5515 1.94914577916 2.67105181997
5518 2.88617090612 3.01915242645
5519 3.0 3.0
5523 1.60020161127 1.60020161127
5545 0.976724095485 0.976724095485
5546 7.0 7.0
5554 2.92635629443 3.73419734823
5562 1.5 1.81659021246
5565 0.11140906221 0.11140906221
5573 2.97340115407 5.23972458865
5575 0.494271574665 0.494271574665
5578 2.83196464602 3.07643451861
5581 0.0 0.0
5584 1.02646461421 1.27071007333
5608 3.99932946959 3.99932946959
5617 9.49958575666 9.49958575666
5633 9.18941376536 9.18941376536
5642 3.0 3.0
5646 0.851181485654 0.851181485654
5649 2.45232178179 2.90159345499
5652 2.59385726266 2.59385726266
5655 1.36337036339 1.36337036339
5659 2.38958919722 3.40499649601
5662 1.3621654648 1.66574431621
5669 1.39719476959 1.39719476959
5674 1.14709679369 1.62592868126
5683 0.242371678625 0.342765315047
5685 2.66412225394 2.66412225394
5687 4.16538136459 4.62565384823
5700 3.0 3.0
5702 9.0 9.0
5707 2.10261044647 2.948417639
5720 4.0 4.0
5721 3.22057317027 4.91864966745
5724 2.27775030988 2.59920587661
5725 3.0 3.0
5729 3.17624510704 4.30284237767
5736 1.61174745572 1.61174745572
5737 2.74880541467 2.90391122678
5740 2.0 2.0
5749 0.925492938398 0.931284772232
5763 1.28391510937 1.28391510937
5768 2.0 2.0
5772 3.99381733196 4.52846101925
5785 3.61471919867 4.01852204274
5786 2.102123742 2.35467427494
5792 1.0 1.0
5799 0.0482858522453 0.0482858522453
5815 0.367843954132 0.367843954132
5816 1.0 1.0
5826 4.42226147326 5.32513454999
5827 2.61558657552 2.61558657552
5831 1.0 1.0
5837 1.47359052126 2.08804742425
5846 4.0 4.0
5849 4.3029538445 6.67283819143
5851 2.34190860276 2.35186942043
5865 0.667200642875 0.779579308323
5870 4.52834063757 4.52834063757
5891 2.43165255426 2.43165255426
5892 2.30773031707 2.30773031707
5896 1.49343149174 1.60267721087
5897 4.52977200061 4.52977200061
5898 0.139060793828 0.139060793828
5911 8.545744032 8.545744032
5915 1.0 1.0
5931 3.14859397344 3.64557778566
5933 2.39611499238 2.90054362763
5934 5.3209498158 5.3209498158
5936 2.06090760816 2.78472164861
5941 0.333399232737 0.333535089209
5945 1.00244344942 1.00244344942
5948 2.47259574328 3.08765432426
5956 6.45643667275 7.73494125287
5957 3.32467554955 3.32467554955
5968 2.52670156813 2.52670156813
5969 2.88211726509 3.03921449467
5974 0.900499508105 1.2093094992
5992 7.60988776396 7.70618198748
6004 0.933376525041 0.933376525041
6006 2.53962194834 2.94466415465
6013 0.0 0.0
6018 5.0 5.0
6022 0.665951754127 0.665951754127
6026 0.505679647242 0.505679647242
6038 1.75107286928 1.75107286928
6041 1.47322470288 1.81903278113
6043 1.54602687791 2.16258980852
6045 1.89462043379 1.89754879808
6055 0.771429438282 0.771429438282
6061 3.0 3.0
6063 0.0 0.0
6065 0.224035366256 0.224035366256
6071 3.0 3.0
6077 1.4320448785 1.4320448785
6091 9.20679895504 9.33440003654
6099 0.307342400615 0.434647791243
6103 0.818835591853 0.818835591853
6107 6.7800882702 6.89620379355
6115 1.0 1.0
6120 3.10788621036 4.75593759004
6124 3.67268702737 3.67268702737
6148 3.0 3.16227766017
6150 1.22309703069 1.61054350506
6154 0.51158758916 0.51158758916
6168 1.45882933539 1.68508783107
6183 0.0 0.0
6194 4.80403517791 5.88793375325
6201 1.52979008457 1.52979008457
6202 5.04514997291 7.04816406091
6228 1.96584412309 1.96584412309
6234 1.14059166342 1.14059166342
6240 3.3269525268 3.82639067329
6269 3.0 3.0
6277 0.0 0.0
6280 4.5 4.74341649025
6283 1.87785608142 1.88182427431
6285 1.99803347033 1.99803347033
6287 0.973282078208 1.08296265189
6290 2.48164100439 2.56060028124
6297 2.55696657377 2.99369720767
6299 2.69219066052 3.20212156943
6303 2.62563771721 2.62563771721
6325 1.29105649724 1.54133415363
6328 1.39280206233 2.58469649634
6343 1.83583991598 2.11067125295
6346 2.0 2.0
6372 6.33634228813 6.33634228813
6375 0.112598405379 0.112598405379
6377 2.3009046566 3.15920958281
6378 5.70641234574 6.61782365318
6379 0.728070541846 0.728070541846
6384 3.753483798 3.753483798
6386 0.51305448579 0.870872173766
6400 6.51381752677 6.51381752677
6403 5.0 5.0
6404 1.25645819867 1.28236422777
6411 4.48562657851 5.14226793395
6418 1.16561994192 1.17483879339
6419 2.33949981501 2.36400497225
6421 1.48484940307 1.48484940307
6431 7.04761723363 7.04761723363
6435 6.43125746449 6.43125746449
6440 0.35034297322 0.35034297322
6444 0.503401283418 0.503401283418
6450 2.18385891442 2.79331246283
6454 4.26355668723 4.26355668723
6455 0.873580858162 0.884113830087
6456 2.00527644494 2.36389428735
6458 2.5 2.5495097568
6463 0.842080184125 0.895829978583
6470 0.922508311086 1.39833309274
6476 12.0 12.0
6484 1.03869104878 1.19177506939
6497 0.417667135714 0.417667135714
6517 1.50409282651 1.90552602198
6521 3.33377170267 3.77979097746
6526 1.5 1.5
6530 0.0 0.0
6533 1.51758576092 1.64206398023
6538 3.77586157353 3.78250824939
6549 1.16300929688 1.57255952785
6560 1.01955071861 1.01993843725
6562 1.61693110766 2.23650422497
6564 6.03941061716 6.03941061716
6574 1.00701818926 1.34120385924
6583 1.0 1.0
6595 2.00888438559 2.2568842019
6615 1.34952219036 1.34952219036
6631 2.98410622491 4.11934100143
6640 2.79683904849 2.80420809417
6644 2.61916564066 3.98175393138
6651 1.67038146494 2.0926069176
6657 3.33539670124 3.33539670124
6680 1.15640114444 1.15640114444
6689 5.99097757928 5.99097757928
6697 1.59290435009 1.63684244823
6703 2.0 2.0
6704 0.971417357769 0.971417357769
6716 1.43739806502 2.08048422462
6732 2.596048007 2.596048007
6736 2.65042501507 2.90042723105
6737 1.9648576012 2.32366810037
6738 0.387190445699 0.387190445699
6740 2.89823070818 3.5801082936
6748 1.88823665417 2.4919316794
6766 2.91475045673 4.35060211598
6770 10.0238837293 10.0238837293
6775 2.37040064779 2.37040064779
6779 2.36967411466 2.5335790287
6780 3.48818918304 3.48818918304
6800 1.13434015593 1.60251243545
6816 3.83478538654 3.83478538654
6823 2.20983105982 2.68279435069
6826 2.0 2.0
6829 1.32194505861 1.32955831774
6830 2.0 2.0
6838 5.59749407847 5.59749407847
6839 2.25910654668 2.96147031768
6844 3.32402387945 3.32402387945
6854 2.33316975823 2.88387088381
6863 1.41399465257 1.54999227101
6872 2.41338328256 2.9375062388
6878 3.48891241224 3.80209094028
6883 2.52332727333 2.92365231688
6887 1.0 1.0
6889 1.74807861127 1.74807861127
6895 1.17464193976 1.59245036858
6902 5.0 5.0
6917 9.0 9.0
6921 1.1985669881 1.41156490534
6940 2.00824216198 2.17490079812
6948 1.66662623691 1.66662623691
6955 0.779980454222 1.06992552993
6968 4.0 4.0
6971 0.66149816558 0.743076923993
6975 0.666666666667 1.15470053838
6980 0.925973218596 0.928927535345
6993 0.649397271162 0.649397271162
7001 1.72157237991 2.43554827496
7006 1.81537864573 2.42449109208
7011 1.69358531891 1.69358531891
7012 2.37820030518 2.88507514652
7013 3.27178526101 3.27178526101
7030 1.23214557245 1.23910056481
7043 0.502887048177 0.647748963708
7045 3.92873421574 3.92873421574
7052 5.36684367531 6.29090590189
7060 0.0 0.0
7063 0.817655868212 0.817655868212
7074 0.54782331459 0.54782331459
7079 1.015872456 1.015872456
7080 3.45767432123 4.6306509055
7081 0.0706263744177 0.0706263744177
7088 1.5123964015 1.5123964015
7094 0.66799706633 0.72296889407
7095 1.99193576259 1.99193576259
7099 5.0 5.0
7109 2.28433457073 2.85686756715
7112 1.34670684535 1.34670684535
7113 3.15330254966 3.65795302254
7119 1.36356484079 1.94576547255
7121 1.35017200486 1.78703241962
7125 1.0 1.0
7129 0.507137855788 0.507137855788
7130 0.909627776931 1.16542444946
7134 2.07872520021 2.12525571374
7135 3.14745890043 4.24776273521
7137 0.0929843139281 0.0929843139281
7142 1.76621871988 2.2504835675
7159 1.34126578029 1.70611035824
7163 4.08973190132 4.0911767052
7164 1.40983230333 1.40983230333
7166 1.46735451281 1.56103827028
7168 2.13864011804 2.4236898768
7171 6.01697642925 6.92562845084
7176 4.99181531412 6.79914814342
7177 0.696167581685 0.696167581685
7178 0.882868222555 1.1479824598
7181 1.27475449721 1.27475449721
7203 0.0253401426845 0.0253401426845
7215 1.47690901208 1.55199949606
7222 3.15692123222 3.15692123222
7226 1.47412477127 1.47412477127
7234 5.91639016616 5.91639016616
7251 0.161229713368 0.228013247303
7262 1.08972436567 1.09341193286
7263 0.833332029233 0.833332029233
7272 11.294998875 11.294998875
7278 2.61097065036 2.61097065036
7290 5.33360252927 5.49640339511
7293 1.5 1.5
7297 0.0 0.0
7304 2.11849077639 2.12772312577
7310 1.41746004059 1.41903272042
7320 2.52357672797 2.53446678993
7326 0.309150903775 0.309150903775
7328 1.3180905116 1.86112943713
7334 12.0 12.0
7335 1.0 1.0
7339 1.35480373059 1.46901599414
7342 6.07134850884 6.07134850884
7351 4.14904249602 5.75672696754
7355 7.0 7.0
7356 5.0 5.38516480713
7382 0.93433926485 1.06081715547
7387 1.74659602508 2.18205963079
7389 5.12225913915 5.72371081383
7407 2.01151757016 2.01151757016
7411 4.0 4.0
7413 0.0122099739834 0.0122099739834
7414 2.17378444651 2.17378444651
7420 1.56927539204 1.66934110596
7431 2.95317550154 3.88750957036
7436 3.52880317636 3.84523752386
7437 2.81670801893 3.93039224335
7442 2.90340524473 3.0895228427
7446 0.228455985171 0.228455985171
7450 3.778601569 3.778601569
7453 1.12181113141 1.38151436227
7459 0.0 0.0
7465 1.26305489923 1.58242185793
7466 1.22690771399 1.5130972206
7474 3.13697140987 3.24755234112
7484 1.98795202228 1.98795202228
7493 3.93277073211 4.53471279013
7498 2.0 2.0
7504 1.0 1.0
7513 1.52807694865 1.70567142196
7515 1.0 1.0
7518 0.946415657537 1.02762382512
7538 0.0 0.0
7543 0.0 0.0
7547 6.89432493729 6.89432493729
7553 4.25364913916 4.62889865768
7557 2.23528134458 2.23528134458
7561 2.76871226379 2.76871226379
7562 7.06607110139 7.06607110139
7564 0.914856836565 0.914856836565
7568 2.03202895223 2.26877860473
7574 2.51785623182 2.57055929342
7578 3.50328220389 3.50328220389
7580 0.971327535124 0.971327535124
7585 1.0 1.0
7587 2.0 2.0
7591 1.55679484254 1.7357714759
7600 1.86765512771 2.62896333173
7608 2.34730516105 2.34730516105
7611 8.93147574162 8.93147574162
7621 0.981143493628 0.981143493628
7632 1.87288731233 2.31852248582
2.20011571427 3.10194574336