5 1.65971260086 1.65971260086
6 0.188133854657 0.244417892145
9 1.95072434258 2.50539401483
14 1.0 1.0
15 2.14773235205 2.70903322751
19 0.0 0.0
22 2.46583535226 3.69626977357
24 7.71858649943 7.71858649943
25 0.705992447074 0.763724062321
35 3.61936211235 5.65660312336
55 0.153143217656 0.184030469294
57 2.44217086402 2.44217086402
58 1.0 1.0
59 7.0 7.0
66 3.48555080338 3.48555080338
68 0.874790699025 0.933986540883
69 0.948430748015 1.06623237024
76 1.45054791927 1.89890618947
81 1.32643822211 1.32643822211
83 7.20989062072 7.54791530912
85 0.048836433765 0.0579065031164
89 9.34888391674 9.34888391674
95 1.4629324417 1.4629324417
97 2.15671707087 2.15671707087
122 2.75880412018 3.38894050396
126 3.41905498822 3.84254423341
134 1.05192537519 1.34623013717
136 2.62693529898 2.80727033552
151 2.28582856619 2.28582856619
155 0.516013095153 0.516013095153
156 3.50083936842 5.16700154895
161 2.66818238092 2.97612046406
164 1.78401457475 1.79102809346
171 1.08392789144 1.47465216426
172 2.51513558958 2.74471701204
186 2.4697655823 2.46993554205
189 2.40570549975 3.22873804533
196 3.65749291583 5.31948219314
205 0.876101964615 1.03388344366
219 0.311737525365 0.311737525365
221 4.49682346065 4.49682346065
234 0.187646716607 0.187646716607
243 2.44596239402 2.44596239402
259 3.35792248952 3.35792248952
274 9.30983657346 9.30983657346
276 3.95064378063 4.4932757825
291 2.24853295247 2.24853295247
299 0.531054331768 0.768735349095
303 0.0138064337981 0.0138064337981
304 1.15898465996 1.17849039482
307 4.33333333333 4.65474668126
308 2.08606857691 2.87244083432
316 0.857264523374 1.17876162964
323 4.56144214171 4.59586462927
326 2.51111080248 2.51111080248
328 3.54528478494 3.54528478494
331 2.50717616925 3.1229454549
334 1.62704911314 3.01074175389
342 2.71745268923 3.03546224454
343 2.08291667738 2.30378452711
346 1.14418399144 1.61812051855
347 4.96285052584 4.96285052584
348 2.04459898615 2.26947012911
360 2.0 2.0
362 4.56905696596 5.71381235788
365 2.29465898823 2.99021039904
369 1.09296688956 1.46481327415
370 6.5355429506 6.5355429506
373 1.0 1.0
376 1.44266777853 1.44266777853
380 2.40867163575 2.4287258696
381 0.284433396911 0.291001540854
383 2.0 2.0
384 0.594149121003 1.06277921199
391 5.0 5.0
393 0.740753511443 0.740753511443
405 3.0 3.0
410 1.17909973827 1.18062325
419 0.492337458335 0.492337458335
420 2.61057848547 3.92827181334
427 1.01410011963 1.04490439147
431 4.78222574348 6.48421126841
433 2.56453243573 2.92223601737
445 0.893785557528 0.906372512028
452 1.41041477964 1.47783624496
475 2.15874381136 2.15874381136
476 1.62455181853 2.77690007229
480 3.47772861576 3.47772861576
485 2.22648358184 3.11848563827
488 8.0 8.0
493 2.7261063584 3.59006039949
502 2.85042366021 2.85042366021
509 0.951358721744 1.16351458231
512 9.0 9.0
515 0.50782410559 0.6231225263
517 2.3606387066 2.84793436127
520 2.55936614544 2.5771886617
523 0.813723684266 0.884955122106
524 1.7545162808 1.7545162808
531 3.01111363898 4.11507666215
532 1.25771375929 1.33980079526
538 0.763622904783 0.866882153627
544 1.33136068148 1.98521758756
545 2.61691154522 2.61691154522
549 2.0 2.0
550 2.26444733056 2.27983642034
552 1.0 1.0
553 3.0 3.0
555 1.72409249977 2.88776089816
564 2.69488065773 2.69488065773
566 1.3239609376 1.40766428311
569 0.935409920872 0.937637242428
575 2.74291753396 2.84174648066
579 3.42545254925 3.7898547515
590 1.38054237111 1.53783844935
591 0.423515393533 0.423515393533
594 3.49219668371 3.49219668371
599 0.330347933195 0.330347933195
611 1.19418932774 1.63231464909
617 2.98296195656 2.98296195656
618 2.0 2.0
621 2.49242050042 2.49242050042
625 3.13872042705 3.13872042705
626 4.90502728943 5.95353962363
638 2.52314306074 2.52314306074
643 7.75129624519 7.75129624519
649 1.64290386395 1.84523152044
650 2.3758351727 2.3758351727
652 4.84997076082 4.84997076082
659 3.1194378331 3.75439831849
676 1.65559686728 2.27225315309
683 2.00083756286 2.66498243944
684 0.745735052788 1.0123227044
687 0.151248164464 0.151248164464
689 1.71720598375 1.85371898406
691 4.38121773211 4.38121773211
712 0.0 0.0
714 0.346052803741 0.489392568348
723 6.14686177043 6.14686177043
725 3.49412595692 4.0428109416
732 0.503694490283 0.503694490283
745 0.707111980019 0.851641954003
758 0.0573819820576 0.0573819820576
764 2.72294215776 2.79421078321
767 0.690470560697 0.690470560697
772 1.0 1.0
777 1.03266645446 1.33614247867
779 0.603143871529 0.603143871529
783 2.61432186441 2.61432186441
785 2.12070645554 2.12070645554
806 1.29019697272 1.29019697272
809 4.46180994522 4.46180994522
810 2.15580513188 2.77949166983
814 2.80904415629 2.80904415629
817 3.5427430923 4.94322656098
831 2.14068828839 2.14068828839
845 1.0 1.0
848 2.23976799127 2.23976799127
851 2.0 2.2360679775
853 8.16673138469 8.22215539185
860 8.21807857676 8.21807857676
869 1.0 1.0
878 1.50600025485 1.50600025485
881 0.909037835805 0.909038522076
886 1.66137908313 1.66137908313
888 1.81792111776 1.81792111776
924 1.11547341442 1.33127304805
928 0.603761139321 0.607213018519
936 0.804248376425 0.804248376425
943 2.0 2.0
950 2.32841055893 3.13445462603
954 3.28836553933 3.28836553933
961 3.15392855649 3.70726685385
963 0.507929568289 0.507929568289
978 1.38101174382 1.38101174382
986 0.90694126889 1.19236842734
988 2.02760893258 2.02760893258
992 0.36051868948 0.36051868948
993 7.99393582894 7.99393582894
1005 1.0 1.0
1007 1.38996016806 1.38996016806
1013 0.230718138501 0.230718138501
1023 0.675692141068 0.675692141068
1037 0.202130276657 0.202130276657
1040 1.12590604583 1.12590604583
1041 1.14899499099 1.4068870187
1051 2.60983070821 2.66889214082
1053 1.17740063647 1.181350041
1056 1.10145909298 1.41462842926
1069 0.289762035558 0.354653257487
1070 1.11318543233 1.34164605336
1073 2.25332007942 2.25405051896
1074 1.4542138118 1.4542138118
1077 0.46889591445 0.46889591445
1079 2.45120044349 3.32077208867
1084 1.59960548416 1.59960548416
1088 8.58837457994 8.667895752
1103 2.41433007049 2.41433007049
1129 0.325634710813 0.325634710813
1145 1.56593246241 1.56593246241
1148 8.5 9.19238815543
1152 0.971015892952 0.971015892952
1154 1.7348682147 1.74429447545
1165 2.0378473846 2.38524717745
1166 0.838440779057 0.838440779057
1181 1.75861429684 1.75861429684
1193 0.938983866001 1.12237457119
1211 1.36426466672 1.36426466672
1212 0.411323407515 0.411323407515
1216 1.38217169707 1.55933512138
1219 2.96250912914 3.50569268677
1221 0.30375139114 0.30375139114
1226 0.348688807363 0.348688807363
1230 7.0 7.0
1234 0.971405918158 1.18079487262
1235 0.0 0.0
1237 2.0 2.0
1239 0.5753596528 0.5753596528
1244 1.28902725404 1.28902725404
1261 1.65782282198 1.65782282198
1263 1.27092474141 1.29948063235
1264 0.0 0.0
1266 2.44895551901 3.14647401659
1267 1.34707522517 1.64592972858
1269 3.0 3.16227766017
1275 1.78387011195 1.78387011195
1283 10.6866888691 10.6866888691
1284 4.34268055886 4.34268055886
1285 0.801012128838 0.801012128838
1287 3.82931312518 4.50237359208
1289 1.09765640089 1.77874664778
1292 2.1021129064 2.45979401452
1295 0.666749439422 0.666749439422
1296 1.0 1.0
1297 2.63394643465 3.00096139201
1308 3.45168018679 3.45168018679
1312 1.07350592997 1.21252241593
1313 1.32050623965 1.52897341048
1325 0.448091689094 0.448091689094
1330 1.00424176556 1.33769695209
1337 2.52250156367 2.52250156367
1345 1.33420927731 1.33420927731
1365 1.51165750191 2.33732964505
1369 2.01439548616 2.37882240568
1374 1.24432895807 1.47936348593
1384 4.4906871203 6.01572269711
1387 3.97215711692 5.41123456869
1389 1.42523091476 2.38785126349
1391 1.01342416666 1.096814834
1408 3.0 3.0
1413 9.13601218997 9.32422486275
1422 1.38928282768 1.38928282768
1424 1.43895776536 1.94133418761
1426 9.33859347278 9.39374966036
1434 2.8792208261 3.93313673498
1437 0.532304706234 0.627893291615
1438 3.64681919748 4.51654347771
1443 5.37659022312 5.37659022312
1453 2.21464732543 2.28783341624
1455 5.88469771643 7.64787153361
1458 1.47343526425 1.81299351593
1461 1.17926682855 1.17926682855
1465 1.73077005256 1.73077005256
1474 1.47356886412 1.47356886412
1479 8.13389792099 8.19264128674
1480 0.415933451464 0.585659849871
1482 2.61495663659 2.61495663659
1483 1.33804236263 1.33804236263
1487 2.0 2.0
1496 0.813762914425 0.828205455898
1499 0.781512053978 0.781575044241
1504 0.969490174591 0.969490174591
1510 1.0 1.0
1512 2.36457751701 3.52875151568
1513 1.31373702574 1.94556649931
1518 3.20774988655 3.95405169018
1530 1.54133137587 1.63149428781
1544 1.0 1.0
1545 1.63426961932 2.26098285062
1547 2.62156002406 3.7074457406
1565 0.0 0.0
1569 1.0 1.0
1579 1.17259942529 1.19952145604
1585 1.00916779911 1.19657253811
1597 7.70080563194 7.74420656469
1598 2.03642363065 2.03642363065
1599 1.90592010674 2.29941786128
1602 1.5892322427 2.09352061678
1605 3.45220760862 3.57237749847
1609 0.0922557709865 0.0923782038111
1622 1.29248364645 1.45434875051
1627 2.67032021989 3.1496951779
1628 2.35125198954 2.69703902224
1629 4.71524934289 4.71524934289
1631 2.2818145937 2.40757660929
1638 3.58491142102 3.58491142102
1651 1.89303257955 2.23088666357
1653 1.30295219695 1.45755384763
1658 2.81220190337 2.81220190337
1662 5.31237735501 5.31237735501
1674 1.40941642172 1.46767723162
1678 1.01470971055 1.01470971055
1683 5.0 5.0
1684 2.0538619332 2.19505633846
1687 0.0740190301475 0.0740190301475
1691 9.62538783831 9.62614495874
1718 1.90683458033 2.16768522233
1719 0.0 0.0
1722 1.27458447276 1.46922505503
1731 1.32181274512 1.32181274512
1732 2.52697443209 2.5813372179
1754 3.37849464988 4.56874024076
1764 8.57030151561 8.57030151561
1770 1.78666171409 2.19001201009
1778 0.540975137613 0.540975137613
1789 1.29932536983 1.39129513029
1792 2.58367174178 3.39813089802
1793 2.69137451218 3.54587766397
1797 0.237671705987 0.237671705987
1802 3.60625722993 4.23920308368
1806 0.765981419788 0.765981419788
1807 1.46709573593 1.93661691966
1809 5.01913323261 5.01913323261
1811 1.83342434056 1.83342434056
1817 2.29065664045 2.29065664045
1825 1.08700390973 1.08700390973
1828 3.0 3.0
1831 7.1431472269 7.1431472269
1832 1.64797287725 1.64797287725
1833 1.61362114741 1.61362114741
1836 0.0942942887312 0.0942942887312
1837 1.0 1.0
1838 2.12716142423 2.12716142423
1839 1.25968275765 1.46111952599
1842 5.0 5.0
1843 2.9920143387 2.9920143387
1847 0.25147397725 0.25147397725
1849 3.00299483792 4.64355821372
1853 2.15247022007 2.67927852799
1855 3.0 3.0
1859 4.10569664444 4.10569664444
1867 0.0173880431633 0.0173880431633
1872 1.84676916684 1.84676916684
1878 0.00365753745318 0.00365753745318
1880 1.0 1.0
1888 1.7904549534 2.22272058595
1896 1.09738954739 1.09738954739
1899 1.40388295645 1.78606167554
1901 2.57239060528 3.13255987745
1902 1.26516356728 1.42939590966
1907 0.264825359658 0.264825359658
1918 1.41103377724 1.41103377724
1921 2.34926784498 2.81674109862
1924 1.4457023773 1.4457023773
1926 0.243607047023 0.243607047023
1939 1.0 1.0
1940 4.24509842365 4.59353242823
1941 3.36037849172 3.36037849172
1946 4.60823747359 5.72187955558
1955 1.87169448199 1.87169448199
1957 2.4917267595 2.85694157426
1959 3.01853169661 3.01853169661
1962 1.31953601343 1.48465704045
1965 2.96549886916 3.65750220658
1966 3.13553447754 4.24696823501
1972 1.05183575785 1.05183575785
1984 1.28000206995 1.31249310043
1989 1.86196339798 2.18617905886
2005 1.36718386575 1.67216106474
2007 1.72484241217 1.74665195301
2011 0.777338117146 0.777338117146
2023 3.04188829457 3.70551353761
2033 0.892991699426 0.892991699426
2040 2.02531273635 2.84602270573
2045 0.271805509398 0.271805509398
2058 3.0 3.0
2062 1.62761572743 1.98330686772
2069 2.70467845533 3.33894630602
2071 3.0 3.0
2080 3.0 3.0
2091 1.0 1.0
2092 2.24195590983 2.26609524421
2096 0.758211586153 0.851392882598
2100 4.64367198145 5.56429182198
2103 2.27851295591 3.10338519282
2108 2.17685851438 2.58688910682
2114 2.0 2.2360679775
2115 1.65336903849 1.96072233912
2117 1.93137805555 1.93137805555
2127 0.499490850585 0.706386735179
2142 0.185850426335 0.185850426335
2146 2.23902089871 2.57798075919
2149 0.889064084686 0.889064084686
2151 0.536863032504 0.676466073552
2155 1.87168859729 1.87919278847
2181 3.0 3.0
2183 1.95209806252 2.03712046173
2186 2.94701954868 2.94701954868
2192 0.860339096673 0.860339096673
2195 1.741876989 2.29693941395
2197 0.0 0.0
2202 4.10150593687 4.20863830722
2204 3.76766648228 3.76766648228
2205 3.0 3.0
2210 1.0 1.41421356237
2211 0.195018372614 0.213946024857
2212 1.52257140773 1.52257140773
2216 1.0 1.0
2233 3.0 3.0
2240 1.12848242807 1.59591515468
2242 2.5335000299 3.30909693728
2245 0.799417345211 0.967435520848
2246 1.48243968268 1.58063028164
2250 0.654333527271 0.654333527271
2254 2.55611299784 2.89108305616
2259 2.64613222275 2.64613222275
2262 0.584449268752 1.03325973125
2272 0.668352711367 0.710016925594
2278 2.98216700427 3.60020881511
2287 0.402228701907 0.568837285413
2289 1.0 1.0
2292 0.95513790989 1.18183956175
2299 4.15931388535 5.65826190893
2301 4.0 4.0
2319 0.762885180738 0.999944895862
2320 2.42506625596 3.4605621905
2329 1.0 1.0
2332 1.70293465592 1.7909943398
2346 2.0 2.0
2355 3.20544225085 3.22298436148
2358 1.98333449771 1.99069177597
2364 1.66666666667 2.38047614285
2366 5.0 5.0
2367 1.91468717822 1.91468717822
2376 0.0323135638368 0.0323135638368
2378 6.2611298847 6.2611298847
2386 2.63713219145 2.94755086367
2394 0.5405130381 0.709424141478
2402 7.14102320308 7.14102320308
2404 1.15345286409 1.15345286409
2409 1.673597892 2.08574680423
2414 0.27763520456 0.27763520456
2422 2.93710224588 3.56587686701
2428 2.71352891394 2.71352891394
2430 0.266834218067 0.266834218067
2431 2.25344434912 2.90441520153
2450 2.42145620052 3.10396364808
2451 2.0 2.0
2466 0.0 0.0
2475 6.21973598069 7.30185003357
2477 1.91992895619 2.03624391154
2478 0.534315794323 0.65593214995
2484 1.59883262619 2.16262774739
2494 1.92222756164 2.58147031028
2496 1.01002890114 1.42153487466
2499 4.08480954412 4.08480954412
2505 5.63145287014 6.12376859548
2506 2.38823881292 2.74224901298
2507 2.0224256672 2.0224256672
2508 3.52783002572 3.84445695487
2518 2.0 2.0
2527 0.267634800718 0.328353887884
2530 1.75011757561 2.06242627312
2537 0.93767058642 0.93767058642
2538 2.00256624453 2.00260618744
2539 1.68340474166 2.05049055232
2541 6.0 6.0
2551 2.28247637145 2.87495155046
2554 1.85782089693 2.54809316194
2561 2.70869949466 3.35878138244
2562 3.434085944 3.67485031017
2572 0.918323478473 1.2223276586
2580 1.0 1.0
2584 0.105786007153 0.105786007153
2585 3.6478009633 5.13894096624
2586 3.7716958063 4.72963060377
2587 2.14981375742 2.15502746003
2590 1.41702124972 1.41702124972
2596 0.531351065936 0.531351065936
2609 1.00854664331 1.00854664331
2618 0.435502857089 0.615894046948
2627 1.63511677809 2.17676586197
2634 3.0 3.0
2636 1.36100570326 1.41414544658
2645 1.61867651773 1.64745423477
2647 9.0 9.0
2649 0.0 0.0
2654 3.24909966147 4.25724104118
2669 0.792597266334 1.13244154942
2672 0.990164149417 0.990164149417
2676 2.39755901216 2.39755901216
2679 1.6947189973 1.721995636
2683 1.88097205213 2.07425785533
2685 1.04651736684 1.19272411072
2687 2.42026365761 2.42026365761
2690 1.02955200662 1.05567258494
2693 1.02518567418 1.43462497532
2699 0.0910585707109 0.0910585707109
2704 2.60232240861 2.60232240861
2713 2.33333333333 2.64575131106
2714 2.0 2.82842712475
2715 3.65621402757 4.85638645135
2716 6.71808639929 7.2471151876
2721 1.49963569882 1.7318607251
2733 4.3826294892 4.3826294892
2739 0.879051366483 1.12650922491
2743 1.0 1.0
2750 0.162056014185 0.162056014185
2758 3.81012925555 3.81012925555
2761 3.0 3.0
2764 1.12368840615 1.36712634478
2765 2.17027042831 2.97239776859
2771 1.44215808303 1.95926788829
2772 0.45641401822 0.481707887079
2775 5.68000060758 5.68000060758
2777 1.0978894657 1.52884694416
2788 1.11150213972 1.11150213972
2800 1.68004377091 1.93719856876
2803 2.30339213477 3.07210745178
2805 1.0 1.0
2806 4.81984431756 4.81984431756
2838 1.03758297244 1.03820169337
2843 2.63421047843 2.63421047843
2846 0.318068750438 0.318068750438
2850 4.21403311434 4.44867204647
2852 3.14337718705 3.14337718705
2855 7.0 7.0
2857 8.17563888302 8.23080280867
2860 2.83304466497 2.83304466497
2861 1.62732583423 1.62732583423
2863 3.40953517392 4.35094506644
2868 3.33333333333 3.33333333333
2877 2.02984996661 2.02984996661
2883 0.740597553151 0.740597553151
2890 2.25900156245 3.46985283401
2895 3.8210716855 3.8210716855
2899 1.36474211764 1.88981491755
2907 2.30580919671 2.30580919671
2913 1.62951215489 1.95085395739
2919 2.60742679374 2.60742679374
2928 2.60311869569 3.30725197882
2935 0.427292892606 0.427292892606
2961 2.2206974159 2.80231315658
2964 1.98133630295 2.35495434453
2966 2.70942354197 2.70942354197
2976 1.32480569703 1.64558037554
2977 1.29536286356 1.8213921122
2981 1.30033594392 1.53731738466
2987 3.91440273012 3.91440273012
3000 1.65787374971 2.34612434686
3011 0.286008967625 0.304697352107
3014 0.520242095462 0.520242095462
3021 3.48070770566 3.48070770566
3045 2.54839310797 2.69176852658
3046 0.156395182923 0.156395182923
3050 8.78941217974 8.78941217974
3051 3.85997177676 4.83548042818
3052 0.730500205583 0.762912436271
3062 2.0 2.0
3064 0.930818094045 1.42707596738
3070 0.431240311056 0.508593447882
3074 0.871819915761 0.871819915761
3075 1.0 1.0
3079 3.19054666341 3.84777221909
3092 2.55338448154 2.97145890665
3097 1.17805237097 1.17805237097
3098 1.40394079846 1.40394079846
3102 0.988406048973 1.38133138945
3107 1.2876169535 1.2876169535
3110 1.66572117188 2.34488470428
3115 3.69316956916 3.81896234519
3116 1.12909713388 1.12909713388
3118 0.665421131839 0.665421131839
3127 2.41767827472 2.41767827472
3128 0.688365766049 0.751661625281
3129 0.872606057318 1.02224382243
3138 2.30862199512 2.30862199512
3139 2.11516060658 2.11818653696
3150 1.02059152939 1.03328485757
3165 1.08213869119 1.12434971416
3169 1.76615274587 2.25773310031
3182 0.54460873664 0.54460873664
3186 2.0450200413 2.24689967051
3187 2.2170992115 3.64617065258
3188 6.2027260926 6.2027260926
3193 1.30934269947 1.30934269947
3198 0.0 0.0
3203 2.57053002654 2.57053002654
3212 3.05093729821 3.05093729821
3215 0.252475186258 0.357053832568
3219 2.65409309832 3.5747169088
3224 3.67221729224 3.80434749559
3225 2.81758357896 3.37784943408
3231 1.38725336132 1.38725336132
3242 0.750547430788 0.838324184829
3243 1.00350449554 1.00350449554
3244 1.95959813688 2.36904948126
3245 1.07854335195 1.30462056018
3247 0.0 0.0
3252 2.02322381974 2.60314941036
3277 2.23952041104 2.23952041104
3278 2.29996957294 2.75238915951
3284 1.31277615755 1.56248171923
3286 0.100723888314 0.100723888314
3290 0.633975108231 0.633975108231
3293 0.0966918164007 0.0966918164007
3294 2.01281246285 2.11044083206
3296 1.07262755541 1.07262755541
3297 2.0 2.0
3298 0.509090702484 0.509090702484
3300 4.15804911762 4.45955458746
3321 1.12959267036 1.62763955544
3323 1.69859279452 1.69859279452
3328 1.71455567257 1.71455567257
3332 3.0 3.0
3341 1.32850016255 1.5629390152
3345 1.07580658163 1.32747736496
3347 0.775397847595 0.807271917584
3351 1.75805319947 2.0657729977
3352 0.342234910895 0.380702400182
3353 0.187507062806 0.187507062806
3366 0.159355445892 0.159355445892
3368 1.58968641007 1.58968641007
3374 1.0 1.0
3381 0.317494800042 0.317494800042
3385 2.59956483812 3.37157072062
3389 1.68428507999 1.68428518658
3395 1.90930161108 2.42591513922
3398 7.4530629444 7.4530629444
3399 1.71505485535 1.71505485535
3408 0.992095017885 0.992095017885
3409 2.55997498437 2.55997498437
3410 2.71468451819 2.71468451819
3412 3.15711531356 3.79067059848
3413 0.75362815599 0.989107848713
3418 3.0 3.0
3421 0.0054544462828 0.0054544462828
3423 2.62127753916 3.10216119195
3426 1.35762940831 1.52977854035
3429 2.89016705433 3.48403498098
3431 1.67844862494 1.67844862494
3440 2.74595415711 3.70081233611
3450 1.15749645866 1.15749645866
3452 0.929104441601 1.37789870607
3457 3.0 3.0
3468 1.50200633849 1.5836771782
3478 1.70368469127 1.90399033241
3481 0.0297529407864 0.0297529407864
3486 2.2855840413 2.2855840413
3487 3.67208628025 4.03485937527
3488 4.85654060364 6.86818558788
3495 0.14361441637 0.14361441637
3502 1.66574398616 2.5249212882
3510 0.968246410098 0.968246410098
3514 10.6050889522 10.6050889522
3516 1.50285243671 2.7782062453
3517 2.29175175361 2.34749111061
3522 8.22586803383 8.22586803383
3523 1.97359174002 2.62465618935
3545 1.55040783906 1.91844046486
3554 0.744044722864 0.744044722864
3565 1.0 1.0
3571 0.175471942838 0.175471942838
3573 2.51575337305 2.51575337305
3578 0.686611013769 0.686611013769
3580 2.26997432074 2.44513708616
3583 1.83377116722 1.9718291054
3587 2.98952920697 2.98952920697
3592 4.44414783896 4.67290198863
3594 5.95230152326 5.95249263489
3595 1.96938982921 2.83781876024
3597 0.104935842535 0.104935842535
3604 1.55669635494 1.55669635494
3607 1.49194284793 2.10992580983
3608 2.72532957891 3.22555165352
3614 3.94306079036 4.0599508456
3619 0.242221710345 0.242221710345
3632 1.51556447601 1.81368388634
3636 2.17462500074 2.33270960849
3657 1.88342730143 1.89579222501
3661 1.02803279095 1.33415713229
3679 4.60338323136 4.60338323136
3683 0.219363825779 0.219363825779
3709 5.3063866833 5.39946518813
3719 2.01228313142 3.11661137579
3722 0.990951787533 0.990951787533
3728 4.5 6.36396103068
3729 1.54083392336 1.54083392336
3730 3.02346061736 3.02346061736
3733 2.47261388711 2.47261388711
3735 1.07860040147 1.07860040147
3736 2.54568364835 3.03909611761
3738 0.803849945309 0.803849945309
3743 3.0 3.0
3748 12.0 12.0
3750 4.0 4.0
3755 3.39200422931 4.5839401386
3758 1.74606666776 1.92358826218
3760 1.58515759863 1.58515759863
3783 0.130736417219 0.130736417219
3802 0.689201435734 0.709694540063
3810 2.65883821684 2.65883821684
3814 0.75077180584 0.75077180584
3828 3.62923970428 3.62923970428
3831 1.90768154535 2.21156582638
3832 0.574860702104 0.574860702104
3840 2.75626527803 2.96441371658
3843 1.44980588175 1.44980588175
3849 2.0 2.0
3852 3.24172383006 3.24172383006
3857 1.15709914704 1.26956386049
3864 8.97042722346 8.97042722346
3868 2.33060694648 2.42483314871
3874 1.17886198927 1.66716261339
3876 4.4166775224 4.4166775224
3878 3.23410740375 4.13060403421
3879 1.5 1.58113883008
3882 3.2548993749 4.76722497352
3889 1.00166723585 1.38407398222
3895 1.81708303427 2.24268223183
3902 3.30252425868 3.30252425868
3912 0.94327125068 0.946676795088
3913 1.611944375 2.13700211839
3918 1.0 1.0
3924 3.54769178018 3.54769178018
3927 1.82242357607 2.88002677392
3936 1.66922957924 2.17774102579
3953 1.76455110447 2.11826632677
3961 1.5731859789 2.10442225989
3983 1.79581145266 1.79581145266
3985 0.637363603398 0.637363603398
3993 1.02750967391 1.24233795451
3994 0.747357056173 0.853834440399
3995 1.36752201124 1.66682709071
4004 0.620695337929 0.76275731963
4023 3.11982041136 3.76669125421
4046 1.90450367219 2.19709955205
4048 8.64228632589 8.76427797725
4050 4.19065284789 4.19065284789
4053 1.96630244623 1.96630244623
4054 0.525421574443 0.525421574443
4064 1.12529677758 1.64125423141
4070 3.82221335246 4.97067831277
4075 0.914774241542 1.11739242344
4082 1.73066337367 3.11960320928
4091 2.38593839759 3.20581271373
4093 6.36634332804 7.11135859716
4105 1.77257455074 1.77257455074
4106 2.09317275803 2.10002858699
4113 1.87640266809 2.56580886711
4130 0.0 0.0
4144 1.0 1.0
4159 1.7782487516 1.7782487516
4161 0.0 0.0
4162 0.504814006132 0.504814006132
4172 0.836134338378 0.952949530303
4175 0.0 0.0
4179 1.53464368976 1.60221368444
4182 0.442927586522 0.442927586522
4186 0.277261700491 0.277261700491
4192 0.0 0.0
4193 4.14608654948 4.26515603481
4195 2.56122021963 2.99289488133
4207 0.498285348607 0.557267484562
4210 1.21954210404 1.38307168376
4212 2.29662808289 2.86870645279
4219 0.136545831453 0.193104966726
4221 2.69175314271 2.7792188456
4227 7.07448931181 7.70045602507
4240 1.47215490242 1.77337293316
4247 0.5 0.707106781187
4252 0.984840318016 0.984840318016
4253 0.832536457395 1.14760850687
4260 2.22633068855 3.30123054924
4271 2.70061802274 3.61462064376
4274 1.48268598142 1.48268598142
4282 1.0 1.0
4286 4.0 4.0
4296 0.729173535128 0.978685218803
4297 0.0 0.0
4308 1.21352694433 1.21352694433
4315 1.91442036303 2.62868409965
4341 1.0063518127 1.0246714758
4349 5.0 5.38516480713
4357 2.842868811 2.842868811
4362 2.92192179878 2.92192179878
4363 5.22559942544 5.36740005093
4367 1.0 1.0
4377 2.0 2.0
4382 1.8994716636 2.07705146683
4388 2.32556622239 2.63990767646
4395 0.972024263663 1.21247134981
4399 0.0407443289136 0.0407443289136
4415 0.0 0.0
4416 11.4843863111 11.4843863111
4417 5.23530243252 5.23530243252
4418 2.0 2.0
4420 2.05863751851 2.15141268208
4423 2.40118788438 3.50644562281
4426 1.86130247693 2.11894730535
4431 0.41127461553 0.41127461553
4433 0.807625816983 0.807625816983
4437 3.68578849895 3.68578849895
4442 3.30135048586 3.90309382222
4444 1.14296502029 1.47764871035
4447 6.51730332943 7.08166334323
4456 1.02095851767 1.14745128685
4459 1.63623664603 1.63623664603
4461 0.470026677262 0.601204547482
4462 2.81246555976 2.81246555976
4474 1.22186225792 1.22186225792
4475 3.39183908979 3.39183908979
4479 3.0 3.0
4490 2.75476974944 2.75476974944
4492 1.46543118276 1.46543118276
4498 1.10238677066 1.11520736585
4501 0.5 0.707106781187
4508 0.272957348088 0.272957348088
4510 1.98248569665 1.98248569665
4514 1.0 1.0
4523 1.59819447512 1.95769368001
4524 1.5 1.95789002075
4525 1.01693886012 1.01693886012
4526 3.0 3.0
4531 2.43251371861 2.7981323595
4534 1.0 1.0
4538 1.562693439 1.8771408987
4543 8.40644010269 8.52328041089
4546 5.18123979795 5.18123979795
4550 1.13480968048 1.42881913557
4553 2.56717502991 2.76880156973
4558 1.40192428782 1.42770231414
4565 0.00429791216978 0.00429791216978
4569 0.79305486926 0.826504483367
4570 2.39252570521 3.08521516808
4576 1.0 1.0
4582 2.42144055315 3.46925534244
4583 7.57056404485 7.57056404485
4592 2.55901450902 2.59673322862
4593 2.95452525515 3.51365275667
4595 1.60758519955 1.69369674218
4602 1.67933067342 2.24407449922
4606 2.07863501228 2.32857458991
4613 0.956654222053 1.39614667106
4616 6.98846174979 7.90005326983
4619 0.760048934302 0.92777750567
4623 2.01301490206 2.01301490206
4624 2.67056156228 2.67056156228
4629 1.01390211585 1.19330435456
4636 1.80686207193 1.80686207193
4637 1.22631571191 1.22631571191
4638 1.0 1.0
4644 1.08927836879 1.08927836879
4645 0.928545005858 0.953815814547
4651 1.17242028381 1.17242028381
4656 9.14863220473 9.14863220473
4660 3.01899001185 3.38867211353
4665 5.27705674025 5.82475714162
4673 5.91384261918 5.91384261918
4675 3.05728384785 3.58697271745
4688 3.25851691845 3.69800134978
4698 0.378432657548 0.378432657548
4703 1.7536925274 1.75849990291
4709 2.7712770493 3.80522299598
4730 3.4953705847 3.4953705847
4740 2.1578354043 2.16520648499
4744 1.41158685616 1.41158685616
4747 0.502923862617 0.502923862617
4748 2.14515404605 2.67755437485
4749 2.18813130203 2.18813130203
4760 1.60931305892 1.85271088066
4774 3.50160700052 4.94974799004
4781 2.50976658607 4.26638893383
4782 1.52693557348 1.52693557348
4790 0.901672956534 1.16610647504
4801 0.807827635467 0.807827635467
4802 0.801157277042 1.38234842487
4805 1.0 1.0
4806 2.88650702925 2.88650702925
4807 1.41794751641 1.5201291167
4810 1.34622634022 1.34622634022
4812 1.19640248155 1.21241611365
4813 0.534913441016 0.534913441016
4819 0.979324092782 0.979542327744
4820 2.99091795568 3.59295762901
4821 2.24787159562 2.85173963583
4827 3.33258636936 4.20181443556
4828 1.53192127072 2.12180063509
4851 2.99643500116 2.99643500116
4855 0.386664983198 0.540103863572
4861 7.63844234424 8.26270593763
4863 0.632873143548 0.908650590835
4871 8.15666178998 8.21170064318
4881 4.0 4.0
4885 0.482523190945 0.482523190945
4894 2.95731982491 4.08833582656
4900 0.0 0.0
4910 6.62410841735 7.0382667918
4916 0.856199987967 0.856199987967
4920 1.83468935733 2.1351300465
4929 8.5 8.86002257333
4948 1.03635041803 1.03635041803
4956 0.919723270032 1.11741922894
4960 3.03078945413 3.03078945413
4964 1.91719721477 2.64425789389
4966 2.35729214124 2.35729214124
4967 1.94940181734 2.6649680469
4971 0.0 0.0
4983 2.13210907284 2.71036965198
4988 0.508332670977 0.508332670977
4993 2.92506047773 2.92506047773
5003 1.60396759827 1.72244915465
5009 1.0 1.0
5026 1.46434511058 1.84337362
5036 0.211707649111 0.211707649111
5045 5.47692378696 5.47692378696
5047 1.53246676584 1.53246676584
5062 1.93532445565 1.93532445565
5065 2.19617770162 2.20774533061
5066 0.695165791742 0.954741256024
5067 2.67763511236 2.70821060229
5069 4.39784838834 5.61639073995
5077 0.683698271192 0.802799657783
5078 1.15602575837 1.15602575837
5085 2.60532245021 2.60532245021
5086 1.95603818484 2.48049630992
5096 5.56012123303 5.56012123303
5099 2.11420517005 2.20924607068
5103 5.0 5.0
5113 2.42534544274 3.38209197406
5121 2.12941156663 2.50260882331
5124 4.85026582753 4.85026582753
5127 3.24415681221 3.33104373234
5131 4.21090667836 4.21090667836
5132 4.21277386526 4.7087592422
5150 3.0 3.0
5151 1.60130798043 1.96721773692
5154 1.07715112194 1.07715112194
5157 4.0 4.0
5159 1.27750169213 1.27750169213
5167 1.26534679039 1.29916923725
5182 3.0 3.0
5183 1.57131376456 1.98895199518
5191 4.39789143883 5.22628607724
5202 1.16525980818 1.32999012349
5204 1.60856900731 1.7107350891
5210 0.0 0.0
5211 3.50401574171 4.40689582211
5217 2.54581024559 2.88002911835
5219 1.15136929132 1.15136929132
5223 2.55905531103 3.53876908154
5228 1.03008031912 1.30046993202
5229 1.64707713779 2.28651681056
5233 2.07646991687 2.07646991687
5246 1.31806791328 1.31806791328
5251 2.6301271238 3.41643752055
5254 5.93355495257 5.93355495257
5256 0.0 0.0
5271 4.56910987671 4.56910987671
5272 1.44514812193 2.16188670548
5280 2.3089814979 2.46451924067
5289 1.26334807097 1.26334807097
5291 1.45288546697 1.78534297366
5293 1.77276143388 1.77276143388
5294 2.45031075821 2.8552617627
5295 5.74689514825 5.74689514825
5300 5.5 7.77817459305
5310 3.53994997088 3.53994997088
5311 1.72253531647 2.3077827606
5320 2.0 2.0
5321 1.24768592526 1.24768592526
5322 2.444699891 2.444699891
5325 8.40949630181 8.94867998923
5326 0.0 0.0
5336 1.68506873704 1.68506873704
5344 1.75652118822 1.90100196514
5356 0.572043695133 0.572043695133
5361 1.83069368034 1.83069368034
5363 4.39598000524 5.39240841428
5367 0.0 0.0
5368 0.399412102792 0.564854012744
5371 4.54040036632 5.72854846729
5372 7.30863477895 7.30863477895
5374 2.07280202133 2.07280202133
5381 8.0 8.0
5382 0.0 0.0
5387 1.23898886633 1.23898886633
5404 0.659505803874 0.844587399034
5414 2.12267840418 2.50723493362
5421 0.854896850362 0.978034791525
5423 1.51372061115 1.59851773682
5424 3.59255109643 3.59255109643
5446 1.81627314359 2.56409828925
5456 2.64902012686 2.64902012686
5459 2.0 2.0
5462 3.50360854503 3.50360854503
5463 8.0 8.0
5475 2.44566534364 2.44566534364
5477 2.74510005174 4.10185853569
5478 0.963100136437 1.04249813543
5479 0.0 0.0
5481 2.0 2.0
5482 0.898983050796 1.32776142104
5484 3.14947895964 4.09596329167
5488 0.843747806659 1.08072674833
5492 2.20957873684 3.13582600811
5493 1.71810038176 1.72620508115
5496 0.147081096623 0.274731447782
5499 0.167221068122 0.167221068122
5506 0.730615131726 0.730615131726
5507 2.65883347261 3.16164876763
5509 3.0 3.0
5512 1.12383765342 1.3377911045
5515 1.97625193895 2.3623935708
5518 2.55673137382 2.75878977291
5519 3.0 3.0
5521 1.0 1.0
5523 1.71629380006 1.71629380006
5545 0.679733416478 0.961288216382
5546 3.04180125404 3.04180125404
5554 2.69904780952 3.52338482158
5562 1.29853998391 1.51000172197
5565 0.775403969572 0.915672355399
5573 3.46022933441 4.8058767406
5575 0.312102255297 0.312102255297
5578 0.642089764653 0.895235470054
5581 0.0 0.0
5584 0.933540597214 1.21077564497
5600 3.0 3.0
5608 4.27537694769 4.27537694769
5613 4.0 4.0
5617 7.29463488647 7.29463488647
5633 10.3073034701 10.3073034701
5642 2.0 2.2360679775
5646 0.0116045720269 0.0116045720269
5649 1.96775309327 2.85720116853
5652 2.20012712942 2.20012712942
5655 1.40998902431 1.40998902431
5659 2.58129059592 3.5992282147
5662 1.35499039948 1.68983117713
5669 1.26896647766 1.26896647766
5674 1.30566904611 1.74010982043
5683 0.216559420025 0.306261268859
5685 2.74388852673 2.74388852673
5687 4.7756792173 5.25546056341
5692 3.0097713504 3.0097713504
5700 2.51223912531 2.51223912531
5702 9.0 9.0
5707 1.78057410469 2.21508064971
5720 4.0 4.0
5721 2.7228753826 4.41528139593
5723 2.0 2.0
5724 1.94437951246 2.66868265176
5725 3.0 3.0
5729 3.54805942764 4.57796381835
5736 1.43234014421 1.43234014421
5737 2.80038216212 2.94368537251
5740 5.10281625457 5.10281625457
5745 1.0 1.0
5749 0.819127286748 0.838670927552
5763 0.379255613121 0.379255613121
5768 3.79289712411 3.79289712411
5772 4.21471162874 4.77638424201
5785 2.34338646533 2.45138519484
5786 1.43847514027 1.95235441099
5792 1.64521006265 1.64521006265
5799 0.90246673419 0.90246673419
5815 0.695611956902 0.695611956902
5816 0.745531113962 0.787763324766
5826 3.83934585025 4.68621621613
5827 1.515677497 1.515677497
5831 2.12985080342 2.85208357603
5837 1.12049543417 1.60818104793
5846 1.2105116823 1.31835573474
5849 3.93794406755 6.39589002378
5851 2.73606644598 2.96829864096
5865 0.65920985881 0.735279556007
5870 3.99386176126 3.99386176126
5891 0.562893570931 0.562893570931
5892 2.81848687339 2.81848687339
5896 1.24201222134 1.49218850143
5897 4.077748793 4.17879040167
5898 0.25953373809 0.25953373809
5911 5.08075239361 6.23271326875
5915 1.0 1.0
5931 2.4981532228 3.15193810529
5933 1.87576656101 2.85595474191
5934 4.34524576512 4.54871926237
5936 1.66658472177 1.76833847007
5937 10.4819159695 10.4819159695
5941 0.745639443558 0.910355404716
5945 1.95256572543 1.95256572543
5948 2.75693611488 3.38329449466
5956 6.91400321155 7.92920121032
5957 0.399996875085 0.399996875085
5963 0.0 0.0
5964 1.0 1.0
5968 3.78069951158 3.78069951158
5969 1.71984974022 1.86807156022
5974 0.904052135083 1.21751290474
5976 7.53403830444 7.53403830444
5992 8.12389013615 8.18311428402
6004 1.02715166796 1.02715166796
6006 2.77025973335 3.31853551146
6013 1.55881224077 1.55881224077
6018 2.44067614673 2.44067614673
6022 1.33057146058 1.33057146058
6026 1.0843410053 1.41923458609
6038 2.29160182452 2.29160182452
6040 3.23032376723 3.23032376723
6041 1.20953859289 1.39208016573
6043 1.25912050093 1.70442124498
6045 2.18088549323 2.19583712007
6055 0.714463470461 0.714463470461
6061 0.871079350257 0.88056786699
6063 0.665629962943 0.665629962943
6065 0.0129191682874 0.0129191682874
6071 4.25473849673 4.25473849673
6077 1.14229897795 1.14229897795
6083 5.0 5.0
6091 7.81295691131 8.24004217864
6099 0.925387197893 0.982198090762
6103 1.50315104788 1.50315104788
6107 5.89612722072 6.26867824443
6115 0.53620216912 0.53620216912
6117 1.0 1.0
6120 3.48801662475 5.46979270222
6124 5.89973112833 5.89973112833
6148 2.96719408983 3.19760946126
6150 1.56260754865 1.83124798535
6154 0.539371503729 0.539371503729
6168 1.25995466393 1.4625910198
6183 0.0 0.0
6194 5.7778236212 6.4735957002
6198 7.0 7.0
6201 1.61453048374 1.61453048374
6202 3.97316890043 5.88644006044
6215 0.0 0.0
6228 1.52752891256 1.52752891256
6234 0.92157208277 0.92157208277
6240 3.27011710163 3.798129884
6269 1.50950114868 1.59401313313
6276 0.0 0.0
6277 0.0 0.0
6280 2.84563304376 2.86527947607
6282 1.19469707013 1.54581200202
6283 1.29916979459 1.32578470164
6285 1.93405426354 1.93405426354
6287 1.09379842357 1.24535767175
6290 2.39539865075 2.46261289754
6297 2.84489028088 3.3907257127
6299 2.65789418031 3.17514664894
6303 0.799327975054 1.13042046311
6325 1.06353841284 1.11379492871
6328 1.16959199843 2.30449424908
6343 1.83627382118 2.06706604037
6346 2.0 2.0
6349 2.0 2.0
6372 6.9418874957 6.9418874957
6375 0.481379541096 0.481379541096
6377 1.97526903072 2.56114531013
6378 5.95795040559 6.87782458612
6379 0.104194928879 0.104194928879
6384 2.05830588091 2.59847156912
6386 0.48963193691 0.822533068909
6397 4.0 4.0
6400 7.59293442542 7.59293442542
6403 2.55973908551 2.55973908551
6404 0.942091871663 1.02444789624
6410 1.0 1.0
6411 5.23146965904 5.70777508304
6415 1.81180713846 2.30094252668
6418 1.04586969661 1.06936772784
6419 2.34995110841 2.43430336862
6421 1.58344510103 1.58344510103
6431 7.72067687583 7.72067687583
6435 6.7381791205 6.7381791205
6440 0.30905667424 0.30905667424
6444 0.256202972811 0.256202972811
6450 2.23072086853 2.77088614597
6454 5.32730543256 5.32730543256
6455 0.34820624487 0.426409635304
6456 1.92254006403 2.31821354197
6458 3.69964320952 4.62993717466
6463 0.607004473687 0.714289027284
6470 0.823232359861 1.41312231778
6476 11.7221877362 11.7221877362
6484 1.1392813733 1.50291265953
6488 3.01174457233 3.01174457233
6497 1.56634899712 1.56634899712
6517 1.57653342313 1.91641147627
6521 3.56585042863 4.12789586474
6526 0.512177960598 0.512177960598
6530 3.17142723288 3.28184499015
6533 1.19572449387 1.36181053791
6538 3.28515206875 3.38997558838
6549 1.32320148313 1.72171030033
6560 0.21742525029 0.30330372484
6562 1.41903077401 2.05674266903
6564 5.94132793044 5.94132793044
6574 0.721736864893 0.981158410878
6583 0.765618364747 0.765618364747
6591 0.0 0.0
6595 2.31878450002 2.6724588165
6614 2.22838386496 2.22838386496
6615 1.25827989975 1.25827989975
6619 0.0 0.0
6631 2.29530839057 3.28101196028
6640 1.65051520664 1.65218900731
6644 2.93103117398 4.33637768823
6651 1.9970238759 2.52325153125
6655 1.0 1.0
6657 3.49348471284 3.49348471284
6680 1.29305500706 1.29305500706
6689 7.72820627875 7.72820627875
6697 1.11610064336 1.28872161173
6703 2.0 2.0
6704 1.42499528458 1.42499528458
6716 2.28959376003 3.20365256657
6732 1.81830095141 1.81830095141
6736 2.71706455021 3.25688657502
6737 1.76639715974 2.34050589911
6738 0.832364667202 0.832364667202
6740 2.89790329239 3.18387582349
6748 1.79824770049 2.46618738481
6766 2.69540554684 4.172592361
6770 9.61059019064 9.61059019064
6775 1.79096258079 1.79096258079
6779 2.52661755321 2.71856726255
6780 4.60215169382 4.60215169382
6800 1.52166689243 2.05849737756
6809 7.0 7.0
6814 4.0 4.0
6816 3.43674382063 3.43674382063
6823 1.72289493976 2.12420915081
6826 2.0 2.0
6829 0.896930982923 0.91864456579
6830 2.07197501032 2.26799683043
6833 0.485915988874 0.485915988874
6838 5.27139137268 5.27139137268
6839 2.31761339564 3.0080281393
6844 2.25760576294 2.25760576294
6854 2.45866564349 3.15673321368
6863 1.54615564148 1.70342901458
6872 1.32852002881 1.98508041167
6878 3.65441924421 4.20547848597
6883 1.49987265601 2.01509936673
6887 1.23057073793 1.23057073793
6889 1.5703426238 1.5703426238
6895 0.958831980229 1.46532788609
6902 4.45682631645 5.08913512929
6917 6.24296963633 6.24296963633
6921 0.953441995631 1.08900763057
6940 1.98707129809 2.14622542104
6941 8.0 8.0
6948 1.69718177737 1.69718177737
6955 0.667910852173 0.785775123732
6968 1.90218576804 2.09106859117
6971 1.35869090362 2.04313008344
6975 1.27940201739 2.05831700285
6980 1.79508644998 2.14200328246
6983 1.0 1.0
6993 0.769981153987 0.769981153987
7001 1.54977133743 2.20815614778
7005 0.0 0.0
7006 1.25156684937 1.58381157989
7011 1.60508548011 1.60508548011
7012 1.91829169772 2.04113817775
7013 3.31551602992 3.31551602992
7030 1.29312987996 1.29440291525
7043 0.829083852452 1.10520546166
7045 3.71567919646 3.71567919646
7052 5.59589056875 6.86912894874
7060 0.0 0.0
7063 1.00411624269 1.00411624269
7074 0.38104550128 0.38104550128
7079 2.06300785744 2.82983038011
7080 3.56037203198 4.72769870235
7081 0.103545226575 0.103545226575
7088 1.64363786923 1.64363786923
7094 1.36664705726 1.80843384587
7095 1.75526297323 1.75526297323
7099 4.41183504221 4.68898244535
7109 0.627983191469 0.715416708026
7112 1.97332853247 1.97332853247
7113 2.73071821593 3.13251616662
7119 0.980046350076 1.53065801762
7121 0.857165646581 1.0951402092
7123 1.0 1.0
7125 0.736211202222 1.09568160993
7127 7.12962362854 7.12962362854
7129 0.854301975859 1.199564238
7130 0.796820384723 0.854230469339
7134 1.93130970679 2.01933165881
7135 1.87388669733 2.38951363545
7137 0.234925451194 0.234925451194
7142 2.34239200126 2.99908244947
7158 1.20876232202 1.20876232202
7159 1.3576048136 1.6690061381
7163 2.58883020231 2.84959153562
7164 1.40983230333 1.40983230333
7166 0.933837443156 0.944263695404
7168 1.88531143608 2.15062977516
7171 4.66152349736 5.83136000297
7173 0.0 0.0
7176 5.22850414 7.08947352473
7177 0.808452140945 0.808452140945
7178 0.840898961776 1.03292835278
7181 1.42656397124 1.42656397124
7203 0.642835910515 0.735393904425
7215 2.59109086487 3.36470719361
7222 3.15692123222 3.15692123222
7226 1.47243351585 1.47243351585
7234 5.01582433317 5.01582433317
7251 0.234282002236 0.331324784982
7262 0.44423083026 0.574563927624
7263 0.774886942628 0.774886942628
7272 9.88764050588 9.88764050588
7275 4.97872379227 4.97872379227
7278 3.2861286663 3.2861286663
7290 4.80735332069 5.19859773836
7293 1.83069563715 2.10096402701
7294 5.0 5.0
7297 0.0 0.0
7304 1.17955022372 1.57739915725
7310 1.71751088724 1.83709182645
7313 0.99636376859 0.99636376859
7320 2.59059685199 2.66743554056
7326 0.413235258699 0.413235258699
7328 1.67723335621 2.34453055499
7334 12.0 12.0
7335 1.0 1.0
7339 1.47607752646 1.75916228076
7342 6.90904730016 6.90904730016
7345 8.0 8.0
7351 4.26122388304 5.95471354679
7355 6.23873837003 6.23873837003
7356 6.37663741158 7.18332591428
7382 1.33594330055 1.4712760901
7387 1.83135442066 2.46651878006
7389 4.6268990673 5.51258614146
7398 5.0 5.0
7407 1.91574236003 1.91574236003
7411 3.26228048631 3.26228048631
7413 0.330962523905 0.330962523905
7414 1.85806922323 1.85806922323
7420 1.53298000578 1.62298964404
7431 2.94175624488 3.7267603649
7436 3.10105569814 3.52467801157
7437 2.96836144774 4.24690836153
7438 0.0 0.0
7442 2.98073290706 3.22180694033
7444 0.0 0.0
7446 0.720619987408 0.720619987408
7450 2.60727744878 2.60727744878
7453 1.38767660888 1.7071279964
7459 0.0 0.0
7465 0.872426903827 1.12725367263
7466 1.13192845371 1.41378340623
7474 2.35774870696 2.73415123348
7478 4.0 4.0
7484 1.99449695629 1.99449695629
7491 6.0 6.0
7493 2.68489162278 3.64883366818
7494 4.0 4.0
7497 4.0 4.0
7498 2.0 2.0
7504 1.0 1.0
7513 0.883788417831 1.15067794117
7515 1.69199655059 1.69199655059
7518 0.734068629287 1.03016942292
7525 0.806852534073 0.806852534073
7538 0.449174979906 0.449174979906
7543 1.11180669847 1.11180669847
7547 6.16690624578 6.16690624578
7553 3.68477081458 4.17688505935
7557 2.07004104753 2.07004104753
7561 2.90307130335 2.90307130335
7562 6.67124998947 6.67124998947
7564 1.0428795325 1.0428795325
7568 2.40769010912 2.56640841461
7574 3.95002220534 3.96128732236
7578 2.79744521311 2.79744521311
7580 0.58823932522 0.58823932522
7585 1.48612683403 1.48612683403
7587 0.518986540652 0.518986540652
7591 1.36199482345 1.50714785968
7594 1.4613160287 1.4613160287
7600 2.4727659604 3.24750925211
7608 1.7658473041 1.91336908051
7611 8.97057938988 8.97057938988
7621 0.997286906884 0.997286906884
7632 1.33143665483 1.59345925759
7638 6.0 6.0
2.16174884457 3.06990663265