5 1.23409452949 1.23409452949
6 0.41436662518 0.591441237452
9 2.04707297015 3.0731225944
14 1.0 1.0
15 1.84473674051 2.58385949752
22 4.15236316197 5.16885169014
24 8.0 8.0
25 0.876985326383 0.887370158761
35 0.592641409241 0.724867406894
55 0.5 0.707106781187
57 4.0 4.0
68 0.291288606672 0.294415283957
69 1.39542184604 1.4759971353
76 1.54460934167 1.98671218765
81 1.50314083504 1.50314083504
83 7.96913219314 8.36639350042
85 1.0 1.0
89 12.0 12.0
95 2.0 2.0
97 2.50278217987 2.50278217987
122 3.83564912938 3.94821019717
126 8.02572264557 8.02572264557
134 0.652836930476 0.652836930476
136 3.77232613695 3.93142844932
151 4.17904079845 4.17904079845
161 2.63044286593 3.01310844798
164 1.51634323209 1.60184491472
171 1.05351305546 1.40888837288
172 2.66067883583 2.74458278794
186 2.0 2.2360679775
189 2.01569958968 2.25714210725
196 9.0 9.0
205 2.0 2.0
234 0.369187181888 0.369187181888
243 2.0 2.0
274 9.36687420078 9.36687420078
276 7.15047232348 7.29596817391
291 1.01780158202 1.01780158202
299 1.11337519686 1.42478322784
304 1.0 1.0
308 0.524752066798 0.524752066798
316 1.05112210253 1.24817458513
323 4.77904515671 4.77904515671
328 4.0 4.0
331 2.82928718411 3.51971486574
334 0.0 0.0
342 3.60027532039 4.14110605141
346 4.0 4.0
347 7.0 7.0
348 1.32291894641 1.88350974661
365 2.20550203605 2.53809889954
369 1.00769895322 1.42189497383
370 5.74663135857 5.74663135857
376 3.0 3.0
380 3.14114782667 3.17198281614
381 0.0711522559092 0.0711522559092
384 0.719725132224 1.09229873886
393 1.92617779965 1.92617779965
405 3.0 3.0
410 1.16627499824 1.17806822661
420 2.76122469288 3.82215565154
427 1.49515853594 1.57501778508
431 6.65786482679 7.83425267942
433 2.99661946506 3.39255016649
445 0.99859927324 1.07806073385
452 1.29812657208 1.30075863728
475 1.0 1.0
476 1.01247332095 1.7321855418
480 5.0 5.0
485 1.66594328236 2.28351914023
493 4.13961665915 4.94516618749
502 3.01906116434 3.01906116434
509 0.829770843114 0.935019339752
515 1.0 1.0
517 2.84625951496 3.48809269579
520 1.80379740166 1.83116842821
523 0.605605748952 0.856455863619
524 1.79954671807 1.79954671807
531 3.16885675218 4.71386892797
532 1.35912858908 1.37546927932
538 0.403770472487 0.403770472487
544 1.07166363455 1.44650126023
545 3.0 3.0
550 2.64471822169 2.64471822169
555 0.806697954663 0.89696689377
564 1.0 1.0
566 1.58170299447 1.63607968863
569 1.21800537946 1.21800537946
579 4.30909173987 4.75146660528
590 0.0 0.0
591 0.0 0.0
594 3.16479387679 3.16479387679
599 0.355665660286 0.355665660286
611 1.2 1.54919333848
617 1.87155579542 1.87155579542
621 4.0 4.0
625 3.00050967361 3.00050967361
626 9.30488437379 9.30488437379
638 7.0 7.0
643 10.0599691159 10.0599691159
649 1.22645826164 1.39535918846
650 4.0 4.0
652 3.76722880496 3.76722880496
659 2.99724494958 4.28905496913
676 1.68010476715 2.19106314425
683 2.56404564708 2.60084337824
684 0.590889394836 0.718952624555
687 0.343090977838 0.343090977838
689 1.62540979159 1.84763064604
691 6.0 6.0
714 0.300729904174 0.425296309094
723 5.7839923874 5.7839923874
725 1.94670518853 1.94670518853
745 0.939748675464 1.01296205263
764 4.16865574141 4.55318706884
767 1.0236217028 1.0236217028
777 1.11999875363 1.37399690024
779 1.03983145007 1.03983145007
783 0.0 0.0
785 2.81014846451 2.81014846451
806 0.937415751974 0.937415751974
809 3.0 3.0
810 2.05993081501 2.70034850069
814 4.0 4.0
817 4.311691364 5.79843844937
831 2.29381596072 2.29381596072
845 1.0 1.0
848 2.37796638292 2.37796638292
853 7.5007704053 7.62592500197
860 7.64217369775 7.64217369775
878 1.19287886655 1.19287886655
881 1.0 1.41421356237
886 1.98113272272 1.98113272272
888 1.69243314556 1.69243314556
924 0.788510294141 1.18477706072
928 1.71024484791 2.14205644
936 0.671810540827 0.671810540827
950 2.52994962411 3.28599765354
954 3.07173888343 3.07173888343
961 2.53715658513 3.58808125256
963 0.353967012375 0.353967012375
978 0.325145601572 0.325145601572
986 0.880589106513 1.0373552548
988 1.00272470284 1.00272470284
992 2.0 2.0
1013 0.869646294877 0.869646294877
1023 1.0 1.0
1037 2.0 2.0
1040 2.0 2.0
1041 1.22800529715 1.68781975592
1051 2.26797968707 2.38318811668
1053 0.75133875314 0.920911222897
1056 3.00877175884 4.2426588229
1069 1.22447538776 1.44940622305
1070 1.01941611913 1.21866717121
1073 2.17014747472 2.17026925401
1074 1.70527728086 1.70527728086
1077 0.891315159984 0.891315159984
1079 1.47122216717 2.19716250886
1084 3.0 3.0
1088 7.5873728408 8.01640348552
1103 3.01369183919 3.01369183919
1129 0.227190444341 0.227190444341
1145 1.54223802601 1.54223802601
1148 8.5 9.19238815543
1154 1.091279642 1.13861187903
1165 1.96638437407 2.36088823344
1166 0.878656288406 0.878656288406
1181 2.03491407612 2.03491407612
1193 0.533744117236 0.75674648453
1211 0.0789247294855 0.0789247294855
1212 2.0 2.0
1216 1.15456918187 1.42258445307
1219 2.99081498159 3.58762326521
1221 0.537093176794 0.537093176794
1226 0.362000826668 0.362000826668
1234 0.897489272867 1.10505320728
1239 1.13291448542 1.13291448542
1244 1.42509903982 1.42509903982
1261 0.696011826653 0.696011826653
1266 2.34852715704 2.69140952292
1267 1.46711199984 1.71336143758
1275 1.48482319017 1.48482319017
1283 12.0 12.0
1284 5.48903897068 5.48903897068
1285 0.732865285694 0.732865285694
1287 3.40839190412 4.43176486789
1289 0.25 0.5
1292 1.94206151459 2.32326289979
1295 0.998569415535 0.998569415535
1297 2.6796067214 3.01633115622
1308 3.0 3.0
1312 1.5 1.58113883008
1313 1.21641507566 1.41321771576
1325 2.0 2.0
1330 1.88052856927 2.86922014707
1337 3.0 3.0
1345 0.715446822415 0.715446822415
1365 1.97005426233 2.4994115395
1369 1.70569923745 2.24852679536
1374 1.45443945246 1.63009210283
1384 5.35694777506 6.7681086792
1387 5.31847904548 5.31847904548
1389 1.66789876614 2.95724416792
1391 0.832045543322 0.931180314623
1413 7.20738384195 7.20738384195
1422 1.87223865409 1.87223865409
1424 2.0 2.2360679775
1426 9.51811479551 9.55490300856
1434 0.603382837032 0.722063724325
1437 0.354219468617 0.401650901639
1438 4.39245870055 5.00275834398
1455 5.62071547793 7.27622525846
1458 1.50546323136 1.70705896054
1461 1.02406581889 1.02406581889
1479 7.5015877385 7.62665646984
1480 0.589781197288 0.683301061778
1482 0.0 0.0
1483 1.08032324019 1.08032324019
1496 1.50339552809 1.50339552809
1499 1.23779823387 1.45364920117
1512 1.68063227405 2.0505333272
1513 1.44102428125 2.28610516204
1518 0.599004999752 0.599004999752
1530 1.33333333333 1.41421356237
1545 1.37260247631 1.48667431164
1547 5.4437674372 5.4437674372
1579 1.24585650621 1.45632786257
1585 0.718429703205 0.9971738915
1597 7.45011520036 7.46162583836
1598 0.669364831292 0.669364831292
1599 2.22937885623 2.6255153889
1602 1.65073920733 2.14058154671
1605 3.62732794947 3.82107825642
1609 0.189797111594 0.245077571634
1622 2.17158099156 2.20831866323
1628 3.02801845181 3.41327573155
1629 2.42057728964 2.42057728964
1631 1.19233042447 1.58763028844
1638 2.36495462398 2.36495462398
1651 2.05859431203 2.55187663336
1653 1.35672290696 1.65058612902
1658 3.0 3.0
1662 6.35788109133 6.35788109133
1674 1.75083055099 1.90503389329
1678 0.836673264788 0.836673264788
1684 2.56247941236 2.69279161113
1687 1.49642579149 1.49642579149
1691 8.60924920185 8.62492082072
1718 1.41708877928 1.47719452279
1722 1.19264850579 1.55532884314
1731 1.83054379331 1.83054379331
1732 3.05394886418 3.05394886418
1754 4.04522887021 5.0842307633
1764 10.0 10.0
1770 3.52656581811 3.65372126266
1778 0.0 0.0
1789 0.901536581876 1.11807929825
1792 2.91626084157 3.71901943792
1793 0.129231681554 0.129231681554
1797 0.539108565377 0.539108565377
1802 1.72809755138 2.1236458766
1806 0.295736505272 0.295736505272
1807 2.92674335324 2.92674335324
1809 5.03956996338 5.03956996338
1811 1.45831743451 1.45831743451
1817 2.87168498605 2.87168498605
1831 6.62814587622 6.62814587622
1832 3.0 3.0
1833 1.67714124975 1.67714124975
1836 0.00226496718629 0.00226496718629
1837 1.0 1.0
1838 2.10491843563 2.10491843563
1847 2.0 2.0
1849 0.437717342338 0.45954524408
1853 2.10323213215 2.14411567382
1855 3.0 3.0
1859 4.15743107943 4.15743107943
1867 1.0 1.0
1872 0.0 0.0
1888 2.28539510747 3.09716059325
1896 1.37830964109 1.37830964109
1899 2.0140807425 2.24992086942
1901 2.14366638104 2.56277547604
1902 1.01351753083 1.25816572118
1921 3.57661447394 4.41711336434
1924 1.63373291055 1.63373291055
1926 0.0188036023461 0.0188036023461
1939 1.0 1.0
1941 4.0 4.0
1946 5.59129767116 6.08805852111
1957 2.22383269186 2.77788388211
1959 3.0 3.0
1965 2.83932735845 3.57811518114
1966 0.304754648699 0.304754648699
1972 2.63870208246 2.63870208246
1984 1.21250588247 1.26188965125
1989 1.94930978206 2.21444317166
2005 1.52446160393 1.61215481758
2011 1.0999968751 1.0999968751
2023 2.69246844031 3.41467139384
2033 2.0 2.0
2040 1.59160589455 2.12784263602
2045 0.211945177678 0.211945177678
2062 3.66666666667 3.87298334621
2069 4.48281152864 4.48281152864
2092 4.95796589544 5.8168202064
2096 0.729478260658 0.992035133926
2100 4.26471368467 5.02093670787
2103 2.35986947174 3.204791915
2108 2.32714140228 3.15964742412
2115 1.79913960981 2.31523964293
2117 2.36858261936 2.36858261936
2127 0.0 0.0
2142 0.0 0.0
2146 2.0232663581 2.02332905169
2149 1.47311972475 1.47311972475
2151 0.422064351568 0.422064351568
2155 2.03298553845 2.25125457654
2183 1.68348901651 1.71058252051
2186 3.2705359515 3.2705359515
2192 2.0 2.0
2195 2.99453087639 3.33206600215
2202 4.10150593687 4.20863830722
2204 3.82009587651 3.82009587651
2211 0.936151134022 1.24547138376
2240 1.0 1.0
2242 2.8979100639 3.6444761763
2245 0.756021710248 1.12607225753
2246 1.31300884238 1.32940027738
2250 1.42507220315 1.42507220315
2259 2.54920908369 2.54920908369
2262 0.99728405764 1.24505196018
2272 0.863174374875 0.880344173748
2278 2.25645364356 2.58227860828
2287 0.848814418497 0.848814418497
2289 1.0 1.0
2292 0.399602892991 0.404992688403
2299 1.32821452549 2.00204994232
2319 1.35091052923 1.37598248668
2320 2.43538153229 3.53207032683
2329 1.0 1.0
2332 1.44040412909 1.64647172757
2346 2.0 2.0
2355 2.94072199959 3.52338583731
2358 2.83484722415 2.87284879042
2367 2.07594794284 2.07594794284
2378 4.49775385887 4.49775385887
2386 3.46928140993 3.93521739081
2394 0.493523483848 0.493523483848
2402 6.00864650109 6.00864650109
2404 1.36765926898 1.36765926898
2409 2.13601404453 2.36887015962
2414 0.455425725469 0.455425725469
2422 3.18967729339 3.93724795336
2428 2.06690146508 2.06690146508
2430 1.44964101236 1.44964101236
2431 0.920104948876 0.92356718009
2450 2.49258409249 3.12133770674
2451 2.0 2.0
2475 6.10314793657 6.86013892763
2477 2.27203858678 2.30592148008
2478 0.465410980441 0.621020811189
2484 3.62396203418 3.62396203418
2494 0.838945603229 0.855846230088
2499 4.34402425312 4.34402425312
2505 4.29204196814 4.29204196814
2506 2.19740790324 2.31400315847
2507 3.55555746465 3.55555746465
2508 4.0 4.472135955
2527 0.0 0.0
2530 1.70623473553 1.84661974277
2537 1.31276403854 1.31276403854
2538 2.31517326353 2.33547479243
2539 2.32544541305 2.32544541305
2541 6.0 6.0
2551 2.13628398515 2.70009275954
2554 1.25 2.06155281281
2561 2.62625937303 3.1523014715
2562 1.7003151634 2.40460876439
2572 1.38736335514 1.5224346959
2580 1.0 1.0
2584 2.0 2.0
2585 4.45839808696 5.11994621641
2586 4.5 5.7008771255
2587 3.48527369883 3.48527369883
2590 1.26827390266 1.26827390266
2609 1.00854664331 1.00854664331
2618 0.0 0.0
2627 2.27476616196 2.806258417
2634 3.0 3.0
2636 1.0 1.0
2645 2.00722877631 2.00722877631
2647 9.0 9.0
2669 1.28534270831 1.52931646536
2676 1.02272669882 1.02272669882
2679 1.06009129015 1.06009129015
2683 2.12116774967 2.39341101008
2685 1.31774229323 1.40069153175
2687 8.0 8.0
2690 1.16344891251 1.17798307759
2693 4.0 4.0
2699 0.638704461624 0.638704461624
2704 4.0 4.0
2715 3.19753111303 3.48981152995
2716 9.14929440604 9.14929440604
2721 2.42580122714 2.61432814242
2733 4.6208581154 4.6208581154
2739 0.997762062925 1.47025562028
2750 2.0 2.0
2758 3.63768002174 3.63768002174
2761 3.0 3.0
2764 1.6341302687 1.85120757383
2765 2.28757855076 2.88833944791
2771 1.74501766587 2.31451416088
2772 0.663080085623 0.793054923647
2777 0.466902557443 0.495085610456
2788 1.62309511749 1.62309511749
2800 1.64759324903 2.10055062431
2803 2.01660289849 2.45169918772
2806 4.97943532839 4.97943532839
2838 1.33393493282 1.33524083353
2843 5.0 5.0
2846 0.497561094581 0.497561094581
2850 3.76944584595 3.76944584595
2852 5.0 5.0
2857 7.62079725452 7.71683588363
2860 2.93677268455 2.93677268455
2861 1.98231456825 1.98231456825
2863 3.76682212197 4.97649712221
2877 3.0 3.0
2883 0.740597553151 0.740597553151
2890 0.623716043117 0.728430723301
2895 3.99191527205 3.99191527205
2899 1.69206372588 2.3005278693
2907 2.65871135958 2.65871135958
2913 1.47836875518 1.70739264559
2919 0.0 0.0
2928 2.72794212009 3.46578657554
2935 0.208478913607 0.208478913607
2961 2.12226559075 3.01081499088
2964 2.0 2.0
2966 1.99212613925 1.99212613925
2976 1.21708843556 1.35554596628
2977 1.64606698927 2.29071415708
2981 2.71278334179 2.71278334179
2987 4.00165765318 4.00165765318
3000 1.66898816538 2.50804135087
3011 0.322561581049 0.333661198373
3045 2.15826106498 2.34684669731
3046 0.0 0.0
3050 12.0 12.0
3051 3.93281179304 5.14739643544
3052 0.900694605233 0.900694605233
3064 1.17352274007 1.17352274007
3070 0.616772466651 0.726134710598
3074 1.48688834111 1.48688834111
3075 1.0 1.0
3079 3.2543530381 4.08839781363
3092 2.53614881743 2.80272970932
3097 1.32652591546 1.32652591546
3102 1.66027081288 2.34386722723
3107 2.49308768502 2.49308768502
3110 1.55260862371 2.23110713557
3115 3.71179957217 3.95006776896
3116 0.0 0.0
3118 0.633882567356 0.633882567356
3127 3.09193903357 3.09193903357
3128 0.252342641429 0.252342641429
3129 1.50689165775 1.773543485
3138 2.49860044926 2.49860044926
3139 1.93095244712 1.97934293114
3150 1.24682041716 1.49576806612
3165 1.32249857226 1.3239840836
3169 2.02228341162 2.4426636736
3182 0.00171818353637 0.00171818353637
3186 2.26854872719 2.60512069751
3187 1.09130241091 1.21588980448
3188 5.66169178979 5.66169178979
3193 1.80571386046 1.80571386046
3198 0.0 0.0
3203 3.81467009131 3.81467009131
3212 2.33441909198 2.33441909198
3219 2.4186911433 3.08002523383
3224 4.35972174122 4.40974107766
3225 3.75828599576 4.35373044771
3231 2.25933665676 2.25933665676
3242 0.375909152029 0.531615821019
3243 0.868288486633 0.868288486633
3244 1.15884726214 1.17108499101
3245 1.09091260824 1.36639300985
3252 1.47475174382 2.43787099964
3277 1.86767858329 1.86767858329
3278 2.79143493179 3.51981879837
3284 0.995502822358 1.47935997703
3286 2.0 2.0
3290 0.737794921004 0.737794921004
3293 0.852290447591 0.852290447591
3294 2.8654072305 2.88519358986
3296 1.07202175351 1.07202175351
3300 3.60763072464 3.93470641794
3321 1.45243122406 1.9122382404
3328 6.0 6.0
3341 1.24387415099 1.43239564738
3345 1.09643106544 1.37495072401
3347 1.0 1.0
3351 6.0 6.0
3352 0.47300332599 0.47300332599
3353 0.593471552228 0.593471552228
3366 0.514154992603 0.514154992603
3368 1.94754125354 1.94754125354
3381 0.66359792745 0.66359792745
3385 3.00945613986 3.92665167302
3389 1.68353221291 1.6856144166
3395 1.92888816535 2.48470727854
3398 7.31061377054 7.31061377054
3399 1.59384974286 1.59384974286
3409 2.9085844299 2.9085844299
3410 2.98839327167 2.98839327167
3413 1.14031402895 1.30573470751
3418 3.0 3.0
3423 2.55271308458 3.53238103255
3426 0.590127430472 0.590127430472
3429 2.87689191299 3.63394288702
3431 1.50496021904 1.50496021904
3440 4.07164455426 5.03133046664
3450 2.0 2.0
3452 1.49089672749 1.73134071259
3468 1.60678205017 1.717536903
3478 1.95191357977 2.17985281877
3481 0.289902453241 0.289902453241
3486 2.19277434866 2.19277434866
3487 5.0 5.0
3488 0.0 0.0
3495 0.0161284319442 0.0161284319442
3502 1.64930256298 2.54479215103
3510 2.0 2.0
3514 10.7097778743 10.7097778743
3516 0.333333333333 0.57735026919
3517 2.46974961796 2.53827160757
3522 7.65057643714 7.65057643714
3523 2.16341050764 2.70616397567
3545 0.894211625241 0.900146159777
3565 1.0 1.0
3571 0.124926355696 0.124926355696
3573 2.34155968233 2.34155968233
3578 0.0395152792413 0.0395152792413
3580 2.42689114507 2.42919628928
3583 2.05869537685 2.21284379229
3594 6.16182107526 6.16394557276
3595 2.04205284158 2.6746661907
3597 3.0 3.0
3604 2.0 2.0
3608 6.32876280752 6.32876280752
3614 4.03502565629 5.00724524123
3619 0.834596036716 0.834596036716
3632 2.39577065443 2.5768487131
3636 3.96189644196 3.96189644196
3657 1.84917111457 1.90472805713
3661 2.13392299941 2.8347611433
3679 4.60338323136 4.60338323136
3683 0.268557996663 0.268557996663
3709 3.0 3.0
3719 2.41260252447 3.3067523675
3722 2.11265754588 2.11265754588
3728 0.0 0.0
3729 1.26991111286 1.26991111286
3730 2.79441438296 2.79441438296
3735 0.869360106447 0.869360106447
3736 2.25900911038 2.66471778957
3738 0.649946021395 0.649946021395
3755 3.03681273031 4.21945325816
3758 0.987037618779 0.988245018898
3760 0.320442416273 0.320442416273
3783 0.0538268844585 0.0538268844585
3802 0.918106764822 0.918106764822
3810 2.0 2.0
3814 2.04255092814 2.04255092814
3828 2.0 2.0
3831 1.21505690606 1.73097397784
3832 2.0 2.0
3840 3.07129322152 3.07129322152
3843 1.69755869937 1.69755869937
3849 2.0 2.0
3852 5.0 5.0
3857 0.956075737094 1.01209949027
3864 9.37197778401 9.37197778401
3868 1.66500998976 1.66500998976
3874 2.22315576273 2.22315576273
3876 6.87158997167 6.87158997167
3879 2.0 2.0
3882 2.83617542306 3.8138099532
3889 2.75015262351 3.26918588973
3895 1.59457003817 1.75277254637
3902 3.37139393195 3.37139393195
3912 1.0 1.0
3913 1.20504787488 1.53642420424
3918 1.0 1.0
3924 5.08788048254 5.08788048254
3927 1.15704133379 1.32749971214
3936 0.757130386683 0.79513022299
3953 2.04643247215 2.46968274637
3961 1.0 1.0
3983 1.38452550751 1.38452550751
3985 0.637363603398 0.637363603398
3993 0.920574735456 1.18685842183
3994 2.05141127572 2.05141127572
3995 1.04557287651 1.05049594116
4004 0.881748216408 1.12820951747
4023 3.43724213796 4.16769977535
4048 8.77050909818 8.84253083029
4050 2.00076980516 2.00076980516
4053 3.32576202453 3.32576202453
4064 1.18836163541 1.43908311483
4070 0.670192205994 0.670192205994
4075 1.47602047461 1.80522106436
4082 1.12730299414 1.48924251676
4091 2.83366548223 3.6635162678
4093 5.76031963704 6.4022318794
4105 1.0 1.0
4106 2.52539201399 2.55355394035
4113 2.0 2.82842712475
4159 2.73972443688 2.73972443688
4161 0.0 0.0
4162 0.490515890852 0.490515890852
4172 1.59544771371 2.1256106257
4175 0.0 0.0
4179 2.55236384945 2.55236384945
4182 0.0 0.0
4193 4.5 4.52769256907
4195 3.97111965488 3.97111965488
4207 0.506827066805 0.70717269297
4210 1.54779902305 1.54806501996
4212 2.2391064453 2.23910911904
4219 0.810902586525 0.810902586525
4221 3.27319874814 3.27319874814
4227 7.5218716264 8.14508057661
4240 1.75167334769 1.93754686492
4252 1.0 1.0
4253 0.524579460284 0.526806410567
4260 0.820212918219 1.08075278573
4271 1.9347408947 2.05191145266
4274 5.0 5.0
4296 0.356837463892 0.473267716506
4308 1.34404253405 1.34404253405
4315 1.49885209062 1.799376571
4341 1.2274138558 1.36379893478
4349 7.0 7.0
4357 2.60405974584 2.60405974584
4362 5.0 5.0
4363 6.0 6.0
4377 2.0 2.0
4382 1.82043154416 1.98758328447
4388 1.0 1.0
4395 1.32596613487 1.56358900772
4399 0.0 0.0
4415 0.0 0.0
4416 11.4843863111 11.4843863111
4417 4.97595837794 4.97595837794
4420 0.886409199687 0.886409199687
4423 3.14213380475 4.21037679098
4426 1.14077835976 1.14943195217
4431 0.0219687230476 0.0219687230476
4433 1.36756066113 1.36756066113
4437 3.0 3.0
4444 1.31901737549 1.50900752955
4447 7.65212417757 7.67424968105
4456 2.99629360573 2.99629360573
4459 1.69964209921 1.69964209921
4461 0.0827114543883 0.11697166056
4462 2.49124299314 2.49124299314
4474 1.99365777346 1.99365777346
4475 2.0 2.0
4498 1.25656688018 1.28249245159
4508 0.0 0.0
4514 1.0 1.0
4524 3.0 3.0
4525 0.676769143362 0.676769143362
4526 3.0 3.0
4531 3.15633243785 3.22320641375
4538 1.41121544362 1.87277719529
4543 8.50098615439 8.63248081567
4546 4.44123178185 4.44123178185
4550 1.55176988869 1.8741208469
4553 3.0 3.0
4558 1.75088964806 1.7685221308
4569 0.162080791193 0.229216853106
4570 2.0 2.0
4582 1.28848642922 1.70017503909
4592 3.09509977267 3.09656044177
4593 2.45253938512 3.30748887547
4595 1.96072276215 2.05531260078
4602 1.41568348322 2.02540481407
4606 2.03009280877 2.39067745912
4613 1.73545555724 1.88486096777
4616 2.68053060538 2.68053060538
4619 1.03803434615 1.2657702943
4629 2.00074580832 2.12721097135
4636 3.0 3.0
4637 0.0 0.0
4644 0.923237215589 0.923237215589
4645 1.26039039209 1.32355640173
4651 0.805820124112 0.805820124112
4656 8.0 8.0
4660 3.14844089666 3.41305491362
4665 5.30657372054 5.94289767039
4673 5.0 5.0
4675 2.90460138984 3.54866648083
4688 2.9436273989 3.76426407914
4698 1.0 1.0
4709 3.32106644288 4.07035353334
4740 2.22857278903 2.54478442583
4744 1.51440289704 1.51440289704
4748 2.1639814892 2.63702767184
4749 3.44099525478 3.44099525478
4760 1.0 1.0
4774 0.991749311067 0.991749311067
4781 1.38719589242 3.28557066614
4782 2.0 2.0
4790 0.839630818872 0.934064847113
4801 1.0 1.0
4802 0.938612142699 1.52490908417
4806 3.0 3.0
4807 1.26785804928 1.55870040239
4810 1.95995144112 1.95995144112
4812 1.0 1.0
4813 1.0 1.0
4819 1.06001612378 1.06001612378
4827 2.43995114301 2.72592820968
4828 1.15256511613 1.15256511613
4855 0.356433122225 0.578734942849
4861 8.37013630444 9.24833886957
4863 1.18721824126 1.4629431566
4871 7.4973718835 7.62250173204
4885 0.0604091399615 0.0604091399615
4894 3.55217763394 3.83590348507
4900 0.0 0.0
4910 6.0 6.0
4920 1.77346131571 2.02919236921
4956 0.947053352946 1.11546408451
4960 3.09317809728 3.09317809728
4964 2.71622591888 3.51533567258
4966 4.39502863573 4.39502863573
4967 2.45064594715 3.07354134219
4983 2.8 3.89871773792
4988 0.323058726546 0.323058726546
4993 4.0031809743 4.0031809743
5003 1.64983879798 1.82909921947
5009 1.0 1.0
5026 1.75610494615 2.09561304769
5036 0.848374365268 0.848374365268
5062 1.0 1.0
5065 1.814059831 2.09726192165
5066 1.17090733181 1.17312404141
5067 1.96296479186 1.96296479186
5069 6.96982409055 7.96025272738
5077 1.30822604254 1.44306251704
5085 2.6691343542 2.6691343542
5086 2.51143021365 3.53557085908
5096 6.58339917163 6.58339917163
5099 2.57665207421 2.57665207421
5113 1.8691117844 1.88977554629
5121 1.96215006095 2.43086073701
5124 4.80499308378 4.80499308378
5131 3.0 3.0
5132 4.57976627714 4.84951802892
5151 1.8288155274 2.20759569272
5154 0.659319319431 0.659319319431
5159 1.97719142398 1.97719142398
5167 0.986166417992 0.986166417992
5183 2.28217976799 2.61055329472
5191 4.33333333333 5.9160797831
5202 2.39097511569 2.39097511569
5204 2.00268329115 2.00268329115
5217 2.69301316403 3.1686215492
5219 1.09533939632 1.09533939632
5223 2.21518268317 2.71040039616
5228 1.03994837579 1.24437039264
5229 1.40223027218 1.77274979731
5233 1.50649339405 1.50649339405
5246 1.09141864993 1.09141864993
5251 2.54328146821 2.9748946732
5254 5.53629522088 5.53629522088
5271 5.0 5.0
5272 1.1288336839 1.87725532463
5280 0.973485313121 1.34828882522
5289 0.689531988437 0.689531988437
5291 1.01150999736 1.22131761675
5293 2.06412053563 2.06412053563
5294 2.92280607506 3.45514811203
5295 4.1661718403 4.1661718403
5300 0.0 0.0
5310 4.50229697827 4.50229697827
5311 1.73271532627 2.29777058508
5321 2.08040587982 2.08040587982
5322 1.0 1.0
5325 8.11363795649 8.72320892162
5336 2.16733655901 2.16733655901
5344 1.49036617795 1.86853579597
5356 0.298995313171 0.298995313171
5361 4.0 4.0
5363 6.75599539372 6.84660027954
5367 0.0 0.0
5368 1.51845277846 1.51845277846
5371 4.662068567 6.06371008645
5372 7.13433831418 7.13433831418
5387 0.721562613184 0.721562613184
5404 0.352430090315 0.352430090315
5414 1.90572497462 2.46995178762
5421 1.0 1.0
5423 1.0 1.0
5424 0.0 0.0
5446 3.5596211046 3.5596211046
5459 2.0 2.0
5462 3.97515605105 3.97515605105
5475 6.0 6.0
5477 4.45746572112 5.13161584827
5478 0.96581089941 1.0880683667
5482 2.04834446595 2.09663441282
5484 3.43327901466 4.20811734101
5488 0.896753881565 1.07955551985
5492 0.898679448125 1.15488382124
5493 1.93279774976 2.14611714113
5496 0.261203298251 0.369397246923
5499 0.377425044092 0.377425044092
5506 1.08435463226 1.08435463226
5507 2.68845571302 3.49666198791
5512 0.955806840785 1.24234688409
5515 1.62599567706 2.25229746723
5518 2.83527117959 2.9557470469
5519 3.0 3.0
5523 1.99173329239 1.99173329239
5545 0.213316482229 0.213316482229
5546 7.0 7.0
5554 3.14832259859 3.94384461285
5562 1.2 1.26491106407
5565 0.347608545142 0.347608545142
5573 3.12416037553 5.41698313372
5575 0.439988486753 0.439988486753
5578 3.81656331436 3.99583256924
5581 0.0 0.0
5584 1.0366061475 1.34009758982
5608 4.15291408591 4.15291408591
5617 9.49958575666 9.49958575666
5633 8.46249394604 8.46249394604
5646 1.04508135135 1.04508135135
5649 2.54196213381 2.98567719239
5652 2.1987952034 2.1987952034
5655 0.298056726943 0.298056726943
5659 2.47114787154 3.74754404012
5662 1.38297189411 1.70449389069
5669 2.92003110717 2.92003110717
5674 1.21033505955 1.59333053313
5683 0.303563224806 0.429303229559
5687 5.0547981908 5.2703114895
5700 3.0 3.0
5702 9.0 9.0
5707 0.654950933822 0.736070195347
5720 4.0 4.0
5721 2.83427087584 4.09267954786
5724 2.02405174268 2.4052405058
5729 2.59022475687 3.6943152444
5736 1.72388237215 1.72388237215
5737 3.28516184798 3.37739144466
5740 2.0 2.0
5749 0.926701866594 0.926705611121
5763 1.28391510937 1.28391510937
5768 2.0 2.0
5772 4.12764359834 4.7142737376
5785 3.61471919867 4.01852204274
5786 2.31697101262 2.69591180607
5792 1.0 1.0
5799 1.0 1.0
5815 0.815751679407 0.815751679407
5826 5.0 5.44671154612
5827 2.43678257804 2.43678257804
5837 1.98384551557 2.95955967395
5846 4.0 4.0
5849 4.40017635564 6.68502875499
5851 3.06284108861 3.20300832957
5865 0.536777691204 0.723670287606
5870 4.4966720526 4.4966720526
5891 2.43165255426 2.43165255426
5892 1.49529333391 1.49529333391
5896 0.942310812544 1.03088370971
5897 4.74595149896 4.74595149896
5898 0.376947372335 0.376947372335
5911 8.545744032 8.545744032
5931 3.3251210233 3.7442555604
5933 2.79472080096 3.15540981656
5934 5.92771302069 5.92771302069
5936 2.22841116119 3.24546243058
5941 0.276584157411 0.344360649674
5945 1.0 1.0
5948 1.7289775075 2.71013541181
5956 6.75147925905 8.55157541939
5957 3.32467554955 3.32467554955
5968 2.30851105525 2.30851105525
5969 2.12278942461 2.29689645714
5974 0.240642027907 0.268054130639
5992 7.49600258066 7.62134047407
6004 0.672046237561 0.672046237561
6006 2.0215774507 2.15893433872
6013 0.0 0.0
6022 0.0222571978188 0.0222571978188
6026 0.572471286241 0.572471286241
6038 2.0 2.0
6041 1.49699527338 1.82056704417
6043 1.75125205695 2.28854307315
6045 2.21457970662 2.22495117418
6055 0.538406576329 0.538406576329
6061 3.0 3.0
6063 0.0 0.0
6065 0.0288971642613 0.0288971642613
6077 0.893599291704 0.893599291704
6091 10.0963909703 10.1658721272
6099 0.502866873846 0.711161153061
6103 0.00358155926764 0.00358155926764
6107 6.68685813344 6.79245160679
6115 1.0 1.0
6120 3.13169960007 4.76453578446
6124 4.51514281613 4.51514281613
6150 1.5000442635 1.68794546058
6154 0.428975446386 0.428975446386
6168 1.43882267552 1.76753395598
6183 0.0 0.0
6194 6.13740837364 6.74087452423
6201 1.39694072892 1.39694072892
6202 5.05563439563 7.04794938622
6228 1.95557165608 1.95557165608
6234 0.941642818682 0.941642818682
6240 1.68979948056 1.68979948056
6269 3.0 3.0
6280 6.0 6.0
6283 1.60962137724 1.6562839271
6285 1.99803347033 1.99803347033
6287 1.44818217467 1.44818217467
6290 2.74975929449 2.83893683679
6297 2.55696657377 2.99369720767
6299 3.0555420041 3.31654540199
6303 1.0 1.0
6325 1.49506625296 1.74015846879
6328 1.44148308798 2.69954216207
6343 1.77528091892 1.94000106881
6346 2.0 2.0
6372 4.74138376925 4.74138376925
6375 0.141269632611 0.141269632611
6377 4.344993055 4.93740388017
6378 6.74378231002 7.26991666504
6379 0.952459795741 0.952459795741
6384 3.16129885364 3.16129885364
6386 0.592432427255 0.94052956093
6400 7.0 7.0
6403 5.0 5.0
6404 1.29139360359 1.32386089586
6411 4.48562657851 5.14226793395
6418 1.46066134711 1.51766046823
6419 2.5 2.5495097568
6421 1.0 1.0
6431 8.0 8.0
6435 6.30043135822 6.30043135822
6440 1.0 1.0
6450 2.10543517957 2.78395004403
6454 3.50493086921 3.50493086921
6455 0.946088616836 0.946088616836
6456 2.52503589209 2.67110714021
6463 0.838231905385 0.886545154819
6470 2.03073950123 2.71166111427
6484 1.41210846149 1.54325631537
6497 0.417667135714 0.417667135714
6517 1.57596649732 2.10153075234
6521 3.51345863508 3.85342260782
6533 1.45369394417 1.60195153983
6538 4.5 4.52769256907
6549 1.11811263322 1.57244928854
6560 1.10191537131 1.13524988241
6562 1.94312139142 2.58915485777
6564 5.19760119663 5.19760119663
6574 0.887529015682 1.1049039596
6583 1.0 1.0
6595 2.41836767823 2.88964756127
6615 0.960890560716 0.960890560716
6631 2.97817070509 4.11798141867
6640 2.0 2.0
6644 2.55749348685 3.95195137912
6651 3.20904591021 3.29071736289
6657 3.49053513522 3.49053513522
6680 0.935141127031 0.935141127031
6689 5.99097757928 5.99097757928
6697 1.72840389364 1.86103157005
6704 0.0098036011895 0.0098036011895
6716 0.72005027537 1.22627531156
6732 2.73394521029 2.73394521029
6736 2.76128830187 3.06929983716
6737 1.73282754696 1.77761192076
6738 0.54910035479 0.54910035479
6740 2.5 3.53553390593
6748 1.99543898691 2.64191957747
6766 2.95654598716 4.55149304828
6770 11.0 11.0
6775 1.25747704871 1.25747704871
6779 2.54658995003 2.75619689249
6800 1.22511750927 1.61204939953
6816 4.0 4.0
6823 2.48278525859 2.88065406984
6826 2.0 2.0
6829 0.753231840857 0.792623952734
6830 2.0 2.0
6838 5.50705886857 5.50705886857
6839 2.61521952448 3.25593909128
6844 3.36021800072 3.36021800072
6854 2.34440000595 2.89322312975
6863 1.37749655789 1.54024730308
6872 1.60665964239 2.25116108857
6878 1.88659143066 1.88659143066
6883 1.34903600854 1.34903600854
6889 1.59384391881 1.59384391881
6895 0.798068473874 0.949519952353
6902 5.0 5.0
6917 9.0 9.0
6921 1.3367287525 1.62876773454
6940 2.64710373065 2.8083185775
6948 1.5102963671 1.5102963671
6955 0.769284669627 1.0695564756
6971 0.5 0.707106781187
6975 0.0 0.0
6980 0.982794993504 0.982794993504
6993 0.0287126606308 0.0287126606308
7001 1.4297405035 1.65786486475
7006 1.5028919924 2.12255652851
7011 0.996165399118 0.996165399118
7012 2.49878258281 2.97775148606
7013 3.28141733627 3.28141733627
7030 1.38482501629 1.38512399365
7043 0.754330572265 0.793327221251
7045 2.96428745353 2.96428745353
7052 4.67044740324 5.21582101021
7063 1.01038934054 1.01038934054
7074 1.0 1.0
7080 5.73710620192 6.35658225249
7081 0.133799413892 0.133799413892
7088 1.5123964015 1.5123964015
7094 0.732307230263 0.78263020828
7095 1.50936935709 1.50936935709
7099 5.0 5.0
7109 2.56324057056 2.93844854994
7112 1.95340668793 1.95340668793
7113 3.0 4.24264068712
7119 1.38911571752 1.82411971412
7121 1.23355658599 1.77234320044
7125 1.0 1.0
7129 0.995054499416 0.995054499416
7130 1.0621660896 1.25570639561
7134 2.04872343681 2.10245563533
7135 0.0616114013603 0.0616114013603
7137 0.0737155860389 0.0737155860389
7142 2.08248940638 2.42375809079
7159 1.17250750789 1.58462097951
7163 4.27259002123 4.33406861583
7164 2.02830055186 2.02830055186
7166 0.934709025618 0.934709025618
7168 2.28365103804 2.55968293362
7171 4.78859644578 5.46269168507
7176 2.92605821614 4.18075612873
7177 0.491107204623 0.491107204623
7178 0.802817380421 1.01636799535
7181 2.22197278626 2.22197278626
7203 1.0 1.0
7215 1.0 1.0
7222 2.5351225156 2.5351225156
7226 0.975054170886 0.975054170886
7234 7.63807438508 7.63807438508
7251 0.201568860178 0.285061415815
7262 1.08972436567 1.09341193286
7263 2.51127802589 2.51127802589
7272 12.0 12.0
7278 3.31536168784 3.31536168784
7290 6.56653632189 6.56653632189
7293 1.5 1.5
7297 0.0 0.0
7304 3.07152943395 3.15943407116
7310 1.4411022236 1.44122805738
7320 3.01568232327 3.16962024104
7326 0.981307034786 0.981307034786
7328 1.33577111637 1.79402320694
7334 12.0 12.0
7335 1.0 1.0
7339 1.4740921833 1.5408450885
7342 7.04401209038 7.04401209038
7351 3.94040079748 5.5405192017
7355 7.0 7.0
7382 0.925887138117 0.994643410909
7387 1.91093211453 2.22183431153
7389 5.63546232075 5.86797857624
7407 1.64385475387 1.64385475387
7413 0.0986676161691 0.0986676161691
7414 3.00661146097 3.00661146097
7420 2.32172405513 2.32172405513
7431 2.74862036236 3.81691425584
7436 3.38853977925 3.67432844851
7437 1.33333333333 1.82574185835
7442 2.89384686481 3.0946578453
7446 1.0 1.0
7450 7.0 7.0
7453 1.75424873884 1.96305800897
7465 1.49821153423 2.10851767775
7466 1.20944599818 1.50303390123
7474 3.12593970736 3.23599480002
7484 1.33825256932 1.33825256932
7493 3.6457841567 4.41829646324
7504 1.0 1.0
7513 1.64107402524 1.76368833266
7515 1.0 1.0
7518 0.952958421494 0.977145409148
7538 0.0 0.0
7543 0.0 0.0
7547 8.52959905283 8.52959905283
7553 4.24949891289 4.61147880139
7557 2.15125364079 2.15125364079
7561 2.88967036386 2.88967036386
7562 7.48275465734 7.48275465734
7564 1.00352267993 1.00352267993
7568 2.39100510101 2.89854159754
7574 4.0 4.0
7580 0.962027118966 0.962027118966
7591 1.62225559858 1.7492243211
7600 3.52187972466 3.52187972466
7611 8.90011846415 8.90011846415
7621 0.869082414444 0.869082414444
7632 2.07306263226 2.52597829373
2.23510013577 3.13989762711