5 1.5694095617 1.5694095617
6 0.203256031774 0.257964105588
9 2.05173612801 2.60328991604
14 1.0 1.0
15 2.07677659931 2.63439009223
19 0.0 0.0
22 2.24422431857 3.39977020941
24 7.59142725763 7.59142725763
25 0.823793486075 0.867671562058
35 3.22184762046 5.27496288596
55 0.132051591306 0.163314978768
57 2.46498757983 2.46498757983
58 1.0 1.0
59 7.0 7.0
66 3.48555080338 3.48555080338
68 0.750178921541 0.768265398721
69 1.05841258181 1.25537719077
76 1.41689403244 1.88269874741
81 1.30809420565 1.30809420565
83 7.2473738795 7.61707363808
85 1.07321178352 1.46230945178
89 9.73254949284 9.73254949284
95 2.03709563087 2.03709563087
97 1.9463568182 1.9463568182
119 5.0 5.0
122 2.93147807065 3.57092831116
126 2.71288164387 3.22152447518
134 0.904424321433 1.16227098565
136 2.70194389994 2.91090812709
146 0.0 0.0
151 1.79083880574 1.79083880574
155 0.0393228971613 0.0393228971613
156 4.0715329242 5.71964502052
161 2.78707562048 3.48857875204
164 1.48025349733 1.48083324493
171 1.20157276511 1.6442484927
172 2.76690014987 2.88509405423
186 2.26985907895 2.27628597031
189 2.26960546127 3.14721608355
196 4.50754164494 6.03476402198
205 0.889404443179 1.05222748394
219 0.0898522733524 0.0898522733524
221 3.5298744616 3.5298744616
222 4.0 4.0
234 0.504533488951 0.504533488951
243 2.56934446421 2.56934446421
259 4.47393189754 4.47393189754
274 9.53655641397 9.53655641397
276 3.96141951101 4.42734712999
288 10.0 10.0
291 2.23356300685 2.23356300685
299 0.666460953978 1.05151696607
303 0.955853728688 0.955853728688
304 1.84069150888 1.85837425342
307 4.44579400715 4.82570128679
308 1.85669696487 2.22888358312
316 0.386937373406 0.440591396404
323 4.5536713113 4.58720768358
326 1.56476005447 1.56476005447
328 3.10134069185 3.10134069185
331 2.7541772232 3.13977544499
334 1.72220555795 3.02038188693
342 2.70148783689 2.92555882816
343 1.84071882653 2.20283792856
346 1.04982085692 1.48467089392
347 4.53482813833 4.53482813833
348 2.14854145276 2.42508767439
360 2.0 2.0
362 2.58814182849 2.97492995217
365 2.17252731824 2.89435696458
369 1.02725583305 1.41540794482
370 6.53422123421 6.53422123421
373 1.0 1.0
376 1.44266777853 1.44266777853
380 1.90619296095 1.94174050808
381 0.788342172624 1.17120106089
383 0.0894136109413 0.0894136109413
384 0.803710483582 1.23130182669
391 5.0 5.0
393 0.897790100786 0.897790100786
405 3.25278449018 3.25278449018
406 1.0 1.0
410 0.642822464807 0.788875576728
419 0.492337458335 0.492337458335
420 2.58511372145 3.69289891555
427 0.972577605503 1.00423128608
431 4.85655778472 6.50921065713
433 2.75288979593 2.95693170126
445 1.03059205895 1.04354542235
452 1.5683085462 1.64656679443
475 2.07926734034 2.07926734034
476 1.19186457138 2.21779745148
480 4.21336010436 4.21336010436
485 2.22407689028 3.10206919367
488 8.0 8.0
493 2.50605631479 3.42104026509
502 2.65029525928 2.65029525928
509 0.925401502831 1.12057315181
512 7.08326394671 7.08326394671
515 0.936575805307 1.03422556828
516 1.0 1.0
517 2.46752112352 2.88870085101
520 3.64180230049 4.00589146721
523 0.785724299367 0.848331789538
524 1.522253246 1.522253246
531 3.01021737279 3.94541424821
532 1.64727258033 1.85554729636
535 0.0 0.0
538 0.731066185967 0.830783451209
544 1.41760780452 1.97242911474
545 2.14941956247 2.14941956247
549 2.16187766987 2.32223824922
550 2.22882131706 2.24053646668
552 1.0 1.0
553 3.0 3.0
555 1.20175713879 2.04715431348
564 1.581677876 1.85891219524
566 0.941420023087 1.24363714686
569 0.928340694625 0.931102304446
575 3.29442834356 3.5396048999
579 3.41977387362 3.76453687512
590 1.24990654443 1.29513830504
591 0.3489490161 0.493488431146
594 3.36312431357 3.36312431357
599 0.233911578021 0.233911578021
611 1.37788480442 1.78153012296
617 3.51575185732 3.51575185732
618 1.40569699362 1.40569699362
621 2.79496197219 2.79496197219
625 3.11451511267 3.11451511267
626 3.0357130859 4.92179748223
638 2.39684914941 2.39684914941
643 8.06782193149 8.06782193149
649 1.53874662883 1.80916789393
650 2.48681524172 2.48681524172
652 4.72366440287 4.72366440287
659 3.05495250026 3.72786656869
676 1.42139553022 2.13856659389
681 3.0 3.0
683 1.4191375178 2.31918507747
684 0.437856692921 0.586067625309
687 0.219092099166 0.219092099166
689 1.79808188035 1.94248151977
691 4.18555323339 4.18555323339
712 1.92031253037 1.92031253037
714 0.364703313372 0.515768372014
723 6.09263222256 6.09263222256
725 2.89389083528 3.69620630871
732 1.57672823353 1.57672823353
745 0.739910077247 0.779800343817
758 0.924398474821 0.924398474821
764 2.08311575929 2.08436591107
767 0.843063763856 0.843063763856
772 1.0 1.0
777 0.993721552613 1.31630322888
779 0.571883622369 0.571883622369
783 2.48162488201 2.48162488201
785 2.14126414779 2.14126414779
795 1.0 1.0
806 1.12867944101 1.12867944101
809 4.67973306791 4.67973306791
810 2.09027142897 2.73489386217
814 2.61844674063 2.61844674063
817 3.45809661075 4.80645481041
831 2.18885054493 2.18885054493
845 1.0 1.0
848 2.15760417983 2.15760417983
851 2.0 2.2360679775
853 8.43694714033 8.53171018833
860 8.93281977357 8.93281977357
869 1.0 1.0
878 1.65105354655 1.65105354655
881 1.02212471239 1.02684329732
886 1.79129609612 1.79129609612
888 2.1044971434 2.1044971434
912 1.0 1.0
924 1.10669146162 1.3328085295
928 0.501445837775 0.555008848947
936 0.970949776013 0.970949776013
943 1.68288815812 2.13702975102
950 2.28587136648 3.10326439015
954 3.37202972979 3.37202972979
961 3.16230078136 3.8362522666
963 1.1523950997 1.1523950997
978 0.897106375095 0.897106375095
986 1.17532158752 2.22426673808
988 2.07979435236 2.07979435236
992 0.734621494555 0.734621494555
993 7.54573325998 7.54573325998
1005 1.71710055146 1.71710055146
1007 0.336716737794 0.336716737794
1013 0.0617825505987 0.0617825505987
1023 0.989197008981 0.989197008981
1037 0.131155747709 0.131155747709
1040 1.34924146787 1.34924146787
1041 0.826920439583 0.923942567683
1046 11.0 11.0
1051 2.96970740054 3.26326357494
1053 1.07061363477 1.07701454527
1056 0.895670819486 1.10132398927
1069 0.486266675528 0.486438290463
1070 1.07205170693 1.30928761425
1073 2.21230583204 2.21637841935
1074 1.47513698389 1.47513698389
1077 0.2927905849 0.2927905849
1079 2.36745529987 3.2515579374
1084 0.79980274208 1.13109188507
1088 8.8712927325 8.92235735288
1103 2.64631532234 2.64631532234
1112 3.0 3.0
1129 0.420862694412 0.420862694412
1145 1.49892734267 1.57978215963
1148 8.5 9.19238815543
1152 2.18244007905 2.18244007905
1154 1.43817816961 1.48912262292
1165 1.31050082384 1.78719495715
1166 0.171678643684 0.171678643684
1168 4.0 4.0
1181 1.6801262948 1.6801262948
1193 0.859523146996 1.07339187781
1211 1.71612026648 1.71612026648
1212 0.139589308053 0.139589308053
1216 1.13321985592 1.46045418356
1218 3.0 3.0
1219 3.1255175551 3.65352793707
1221 0.806493808966 0.806493808966
1226 0.431102293857 0.431102293857
1230 7.0 7.0
1234 1.10479396812 1.32761214542
1235 1.47000074998 1.47000074998
1237 2.0 2.0
1239 0.287383879646 0.287383879646
1244 1.2650744255 1.2650744255
1256 2.0 2.0
1261 1.60519658617 1.60519658617
1263 1.63998290844 1.67993588361
1264 0.0 0.0
1266 2.7633121589 3.21968951858
1267 1.38825808148 1.69083544879
1269 1.3776859619 1.37768874257
1275 1.85839312193 1.85839312193
1283 10.631733553 10.631733553
1284 5.15582545323 5.15582545323
1285 0.773227267219 0.773227267219
1287 4.52340677033 4.84460304649
1289 1.18463008667 1.73097043838
1292 2.23993897677 2.89289899385
1295 0.568828733109 0.568828733109
1296 1.0 1.0
1297 2.85197716992 3.17527854973
1308 3.36461766308 3.36461766308
1312 0.315008712089 0.396617669841
1313 1.42491805385 1.633988545
1325 0.285597015292 0.285597015292
1330 1.10447245168 1.44817372748
1337 2.52250156367 2.52250156367
1345 1.51650508432 1.51650508432
1365 1.79901644765 3.00938206494
1369 2.14706425599 2.390986872
1374 1.35828861267 1.55864825181
1384 4.41278651042 5.92840338057
1387 4.26652174908 5.43409669909
1389 1.23436333886 2.03269215192
1391 0.890688071183 1.01620351187
1406 1.0 1.0
1408 3.0 3.0
1413 9.17106041698 9.35165061207
1422 0.897229198973 0.897229198973
1424 1.49336838017 1.63262991766
1426 9.40153658036 9.452823031
1434 3.10018710013 4.11165429938
1437 0.590767706653 0.687035012453
1438 3.33489418842 4.27321677584
1443 5.37659022312 5.37659022312
1453 1.11460795342 1.31509760812
1455 5.90327808882 7.67403597921
1458 1.34292136892 1.71075535123
1461 1.11691821557 1.11691821557
1465 1.9526968496 2.02413766794
1474 1.47356886412 1.47356886412
1479 8.43905317121 8.53338357118
1480 0.700285673895 0.791378513404
1482 2.50460366555 2.50460366555
1483 1.62354406944 1.62354406944
1487 1.68208025664 1.68208025664
1496 0.937849018228 1.13101152585
1499 1.05030308432 1.07606741119
1504 0.588649205193 0.588649205193
1510 1.0 1.0
1512 2.03961153776 3.2806856845
1513 1.30480154286 1.94410223406
1518 3.34959328744 4.00947765239
1526 1.0 1.0
1530 1.58362037502 1.65160211589
1539 4.0 4.0
1544 0.5 0.707106781187
1545 1.48285500666 1.93954182662
1547 2.72383335875 3.85208207759
1565 0.204785194047 0.204785194047
1569 0.558136154875 0.558136154875
1579 1.43769859594 1.44457444697
1585 0.935644015065 1.16557543315
1597 7.27819614532 7.38770688588
1598 2.20859420863 2.20859420863
1599 1.93395158617 2.34099416482
1602 1.3484329965 1.77600940728
1605 3.66350335946 3.78010505498
1609 0.437051878828 0.449982132886
1622 1.43977934964 1.81937128006
1627 2.67032021989 3.1496951779
1628 2.23128643309 2.50323743343
1629 4.71524934289 4.71524934289
1631 1.74598218371 2.01188176277
1638 3.07602739318 3.07602739318
1651 2.05140820228 2.2268684168
1653 1.35795870168 1.52817272495
1658 2.46098246709 2.46098246709
1662 5.22004982948 5.22004982948
1674 1.55424437752 1.65010981909
1678 1.02848438879 1.02848438879
1683 5.0 5.0
1684 2.08141430394 2.20686750447
1687 0.386406749652 0.386406749652
1691 9.501256672 9.50193569282
1718 1.85689684818 2.19832895233
1719 0.0 0.0
1722 1.364294371 1.53350940781
1731 1.34637187245 1.34637187245
1732 2.36734794045 2.46490508938
1752 0.641976614994 0.641976614994
1754 3.09466529236 4.28954081543
1764 8.39837731486 8.39837731486
1770 1.83413600185 2.25115960174
1778 0.146351645083 0.146351645083
1789 1.3259988969 1.98410398117
1792 2.54099327009 3.35951087173
1793 2.62001374204 3.5396054295
1797 0.22827252042 0.251886500665
1802 3.9352932191 4.64394422678
1806 0.765981419788 0.765981419788
1807 1.56880212459 1.90573924671
1809 2.48838338545 3.51910553209
1811 2.19370203225 2.19370203225
1817 2.15438218798 2.15438218798
1825 1.77651985424 1.77651985424
1828 3.0 3.0
1830 0.0 0.0
1831 7.30719868358 7.30719868358
1832 1.74648479861 1.74648479861
1833 1.90589642502 1.90589642502
1836 0.122561809 0.122561809
1837 0.406696336162 0.406696336162
1838 2.03818882899 2.03818882899
1839 1.02092945379 1.41452327095
1842 3.52406331325 3.52406331325
1843 2.02553532995 2.02553532995
1847 1.34870504008 1.34870504008
1849 2.99537561237 4.63804776635
1853 1.64545929565 2.31670274675
1855 5.413068997 5.413068997
1859 4.20818404595 4.20818404595
1862 3.0 3.0
1867 0.0651633508821 0.0651633508821
1872 1.84676916684 1.84676916684
1878 0.155688951429 0.155688951429
1880 0.545221777789 0.545221777789
1888 1.91517849988 2.23241313414
1896 2.06423048528 2.26643157431
1899 1.35187282638 1.76528306599
1901 2.42973488656 3.02554412444
1902 1.33415894773 1.51318289384
1907 2.41490061429 3.11233454671
1918 1.28486727068 1.28486727068
1921 2.33288305105 2.62478790549
1924 1.44253716298 1.44253716298
1926 0.278034717862 0.278034717862
1939 1.0 1.0
1940 3.44307258774 3.57249506944
1941 3.27737137481 3.27737137481
1946 4.74863938476 5.75507791927
1955 2.79915763505 2.79915763505
1957 2.46530587275 2.8384619748
1959 2.81911420416 2.81911420416
1962 1.59134915582 1.75022109399
1965 2.95006779165 3.70307521041
1966 1.84801553432 2.24736889499
1972 1.12850852683 1.12850852683
1984 1.18966138594 1.23121644293
1989 1.75339650168 2.05375058196
2000 0.0 0.0
2005 1.46591243643 1.74326174775
2007 2.21536441298 2.34395066389
2011 1.98053317336 2.22751526626
2023 2.94183660208 3.49029257177
2033 2.47209723415 2.47209723415
2040 1.9965478569 2.96991514018
2045 0.191046454349 0.191046454349
2058 1.5 2.12132034356
2062 1.54254684664 1.84396561352
2069 2.39155809565 3.29802559117
2071 1.5 2.12132034356
2080 3.0 3.0
2091 1.0 1.0
2092 1.9051853676 1.93273997581
2096 1.00693517866 1.6255085014
2100 4.26031453293 5.22560689173
2103 2.26516314646 3.04942807996
2108 2.06598452991 2.5207216435
2114 1.87800448064 2.07311183908
2115 1.66961546454 1.91251999441
2117 1.94203829837 1.94203829837
2127 0.996375755163 1.13208115872
2142 0.123341672944 0.123341672944
2146 2.33276476529 2.64300699046
2149 1.12166712021 1.12166712021
2151 0.634145663566 0.860428053981
2155 1.166495284 1.23708959074
2181 3.0 3.0
2183 1.74227284274 1.80678214905
2186 3.51138288642 3.51138288642
2192 1.99203261671 1.99203261671
2195 1.29417214407 1.82460247513
2197 0.0 0.0
2200 10.0 10.0
2202 4.10150593687 4.20863830722
2204 3.76538851937 3.76538851937
2205 3.0 3.0
2210 0.69440724029 0.982040137028
2211 1.14227986749 1.88803412272
2212 1.42428685141 1.42428685141
2216 1.0 1.0
2233 3.0 3.0
2240 1.29684345195 1.51768487941
2242 2.51215106893 3.23799357939
2245 1.05501820497 1.12891852392
2246 1.63781520569 1.70601500646
2250 0.436762663548 0.436762663548
2254 2.35632036964 2.66790553561
2259 2.55466698888 2.55466698888
2262 0.678388794161 1.00952461851
2272 0.904203675443 0.907740488117
2278 2.83600733058 3.50118860216
2287 0.485363439478 0.686407558789
2289 0.139909423977 0.139909423977
2292 0.959297311717 1.1876510784
2299 4.33793545157 5.88282421604
2301 4.0 4.0
2319 0.859586751374 1.10690679639
2320 2.48293599328 3.53989928722
2329 2.04507642653 2.04507642653
2332 1.76015856656 1.84316020575
2346 2.0 2.0
2355 3.3681294688 3.40481942544
2358 1.84797667259 1.87255824304
2364 1.34234071939 1.84054911607
2366 2.75960868207 2.75960868207
2367 1.85683267612 1.85683267612
2376 0.209365635702 0.209365635702
2378 5.99426208425 5.99426208425
2386 1.76105528846 1.99704928925
2394 1.51088433809 2.08026011735
2402 8.07205939222 8.07205939222
2404 1.17610944406 1.17610944406
2409 1.967103838 2.20945056924
2414 0.385090336062 0.385090336062
2422 2.95282668441 3.43316302745
2428 2.23432456019 2.23432456019
2430 0.0680264170312 0.0680264170312
2431 2.25421243149 3.05448596932
2450 2.21675112538 2.66249310846
2451 2.0 2.0
2466 3.71224405443 3.71224405443
2475 6.50091698 7.40417141468
2477 1.8355728868 2.04861192398
2478 0.517907913448 0.637655929271
2484 1.3466330285 1.75761503664
2494 1.66458665497 2.24103040011
2496 1.73142436575 1.77216354126
2499 3.91593002959 3.91593002959
2505 5.69462486414 6.01292655537
2506 2.06044334481 2.42966743781
2507 1.74908918218 1.74908918218
2508 3.31446860746 3.33703851581
2518 2.0 2.0
2527 1.95850334007 2.50540912968
2530 1.81041518273 2.14558186834
2537 0.818687843706 0.818687843706
2538 2.07416161788 2.07851831658
2539 1.54772121153 1.86193647906
2541 6.0 6.0
2551 2.24007822298 2.94716340837
2554 1.82796466501 2.22550116784
2561 2.57125349018 3.20958915365
2562 1.97609096873 2.57271831081
2572 0.888245395152 1.10531145262
2580 2.26961419087 2.26961419087
2584 0.0405591860871 0.0573593510431
2585 3.38222706426 4.85408740094
2586 3.61548708082 4.5663296482
2587 2.31659690476 2.35617529605
2590 1.42946044131 1.42946044131
2596 0.528877906842 0.528877906842
2609 1.00854664331 1.00854664331
2618 0.778229136344 0.844922451782
2627 1.63286531719 2.14479059753
2634 4.51375758637 5.72018355687
2636 1.18855438149 1.31237230477
2645 1.47993989643 1.58557191544
2647 9.0 9.0
2649 0.952188641242 0.952188641242
2654 3.24909966147 4.25724104118
2669 1.1373498907 1.43525688766
2672 0.990164149417 0.990164149417
2676 2.31902592039 2.31902592039
2679 1.83010224165 1.83797156213
2683 1.85611399682 2.01284635443
2685 1.37578457079 1.57795918897
2687 2.15691232245 2.15691232245
2690 0.80008179816 0.808531017427
2693 2.0750418632 2.07873114591
2699 0.220869548797 0.220869548797
2704 2.60232240861 2.60232240861
2713 2.47397378647 2.87134371413
2714 2.0 2.82842712475
2715 3.77491563965 5.23726028183
2716 4.20200608067 5.28912155705
2721 1.37282402598 1.63348860663
2733 4.31548439673 4.31548439673
2738 1.0 1.0
2739 0.929522601518 1.47993115006
2743 1.0 1.0
2750 1.45746838529 1.45746838529
2758 3.71266633042 3.71266633042
2761 3.0 3.0
2764 1.5909650763 2.01685638961
2765 2.4390442737 3.15521306216
2771 1.52967574983 2.08589330649
2772 0.364850839708 0.368534277227
2775 6.17704477143 6.17704477143
2777 1.07101506895 1.32115754408
2788 0.97531499083 0.97531499083
2800 1.81555417254 2.10567048271
2803 2.24006487327 2.77954790806
2805 1.0 1.0
2806 4.69542700688 4.69542700688
2838 1.10681344819 1.10958507423
2843 2.63421047843 2.63421047843
2846 0.311968498967 0.311968498967
2850 4.5123170077 4.67589334987
2852 3.3330388755 3.3330388755
2855 10.080999243 10.080999243
2857 8.44435334352 8.53899698013
2859 2.0 2.0
2860 2.85445891597 2.85445891597
2861 1.65838303512 1.65838303512
2863 4.05908912901 4.95665553594
2867 2.0 2.0
2868 3.33333333333 3.33333333333
2877 2.10772557874 2.10772557874
2883 1.28433446234 1.28433446234
2890 1.66405090002 2.37944690903
2895 3.59250148728 3.59250148728
2899 1.15108214827 1.61145876081
2907 2.20267338787 2.20267338787
2911 3.0 3.0
2913 1.56575687248 1.9120427214
2919 2.60742679374 2.60742679374
2928 2.3726225919 2.99912896127
2935 0.391749117189 0.391749117189
2961 2.29910812828 2.78021095301
2964 1.97688388294 2.69552747661
2966 2.18001708184 2.18001708184
2976 1.69462561142 2.03211039114
2977 1.22034273922 1.62041273875
2981 1.40499315636 1.68198602486
2987 4.15770626323 4.15770626323
3000 1.66861361968 2.3357944355
3011 0.623870655144 0.712879073705
3014 0.520242095462 0.520242095462
3016 0.0 0.0
3021 3.48070770566 3.48070770566
3045 1.98915439274 2.19119678689
3046 0.156395182923 0.156395182923
3050 8.50867993814 8.50867993814
3051 3.33638402384 4.32036785754
3052 0.55094245306 0.594294353132
3058 0.0 0.0
3062 2.31811298068 2.31811298068
3064 0.911738276265 1.30422444063
3070 0.277885721329 0.336546903607
3074 1.11745307233 1.11745307233
3075 1.0 1.0
3079 3.15262667686 3.81958712349
3092 2.27951833656 2.67215684774
3097 1.14171809098 1.14171809098
3098 0.529813870154 0.529813870154
3102 1.30364860198 1.68139527322
3107 1.60785951543 1.60785951543
3110 1.66168624744 2.31011207875
3115 3.2242651148 3.28722848844
3116 0.166668931067 0.166668931067
3118 0.915992673736 0.915992673736
3127 2.6506392958 2.6506392958
3128 0.227696466368 0.302571154295
3129 0.922657258936 1.17663522268
3138 2.27715786257 2.27715786257
3139 2.66177130749 2.96993429721
3150 1.21630389976 1.26171353284
3165 1.20433069797 1.22546824447
3169 1.82831560413 2.32178492061
3182 0.310117467 0.310117467
3186 1.96386398246 2.17362110841
3187 2.37103185945 3.69090152572
3188 6.66422585745 6.66422585745
3193 1.22861279342 1.22861279342
3198 0.0 0.0
3203 3.12853494599 3.12853494599
3212 3.07275908081 3.07275908081
3215 0.893324408423 1.2252731444
3219 3.07418248919 3.87005387635
3224 3.57529104803 3.65083254405
3225 2.25434550082 3.2292627486
3231 1.48086173447 1.48086173447
3242 0.746969770096 0.822964479719
3243 0.983252414305 0.983252414305
3244 2.13399616049 2.65649777739
3245 1.06349680515 1.30546236542
3247 0.317133032818 0.317133032818
3252 2.080306894 2.63845718329
3269 1.0 1.0
3276 1.0 1.0
3277 2.29392825107 2.29392825107
3278 2.45606778391 2.95725217018
3284 2.26310195124 3.12311965208
3286 0.100723888314 0.100723888314
3287 1.0 1.0
3290 0.500853077414 0.500853077414
3293 0.20915506936 0.20915506936
3294 1.9379199846 2.06455973694
3296 1.32933139315 1.32933139315
3297 2.0 2.0
3298 0.661707242586 0.661707242586
3300 4.30348357333 4.56696604215
3321 1.08882567182 1.53119943617
3323 1.69859279452 1.69859279452
3328 1.71455567257 1.71455567257
3332 3.0 3.0
3341 1.36669782507 1.53551592506
3345 0.959339864568 1.13080380219
3347 0.735115820419 0.781382683467
3351 1.71747263065 1.92278931609
3352 0.404058247935 0.417462815623
3353 0.245687612783 0.245687612783
3366 0.662043395601 0.662043395601
3368 1.75163746805 1.75163746805
3374 1.0 1.0
3381 0.339662117477 0.339662117477
3385 2.74222158842 3.54946090977
3389 1.66368045611 1.66892662297
3395 1.81483318189 2.34989131936
3398 7.20700804491 7.20700804491
3399 1.604103298 1.604103298
3408 0.687670801285 0.687670801285
3409 2.58150040706 2.58150040706
3410 2.4929365083 2.4929365083
3412 3.21365134941 3.98636103078
3413 0.486658923619 0.583941600455
3418 3.39892728155 3.39892728155
3421 0.0054544462828 0.0054544462828
3423 2.33342594487 2.98676758536
3426 1.45813421277 1.6793803485
3429 2.99175743516 3.70051149674
3431 1.86575072409 1.86575072409
3440 2.99330154111 4.69211876654
3450 0.75497112373 0.75497112373
3452 0.865217220433 1.2695209035
3457 0.78855244192 0.78855244192
3464 1.0 1.0
3468 1.53079609257 1.62021022367
3478 1.89194573266 2.120730035
3481 0.115176019703 0.115176019703
3486 2.29112632672 2.29112632672
3487 4.46967208955 4.89380144122
3488 5.49784678118 6.88612431709
3495 0.0994428671663 0.0994428671663
3499 2.0 2.0
3502 1.63815082222 2.45595761031
3510 0.412881327227 0.412881327227
3514 10.6669583167 10.6669583167
3516 1.98311806822 2.85934563048
3517 1.52400367238 1.61049556357
3522 8.19716831257 8.19716831257
3523 2.05088907699 2.68028919434
3545 1.60713861513 1.93489492769
3554 0.581685209016 0.581685209016
3565 1.0 1.0
3571 0.215911664926 0.215911664926
3573 2.60293351667 2.60293351667
3578 0.83300973168 0.83300973168
3580 2.00814335697 2.20365281902
3583 1.78700118656 1.94122149487
3587 2.04379384453 2.04379384453
3592 5.37542184811 5.41261359589
3594 5.64209888695 5.65343904689
3595 1.93883208557 2.74796954883
3597 0.204983971191 0.204983971191
3604 1.68242105574 1.68242105574
3607 1.44100591217 1.90252814887
3608 2.42294082482 2.80987594593
3614 3.40264760392 3.45223993645
3615 1.0 1.0
3619 0.231286623298 0.231286623298
3632 1.49017725941 1.81230428485
3636 1.47197252896 2.0500495212
3657 1.95315437294 1.96714777807
3661 0.801107087949 1.09817132343
3679 2.6942549397 2.6942549397
3683 0.0296052837316 0.0296052837316
3709 5.40985410226 5.47965279485
3719 2.06806094184 3.40342946071
3721 8.0 8.0
3722 0.946599946885 0.946599946885
3728 4.5 6.36396103068
3729 1.77009913088 1.77009913088
3730 2.86759863903 2.86759863903
3733 1.20817356045 1.20817356045
3735 1.20588950018 1.20588950018
3736 2.69159771834 3.10388476465
3738 1.17621338776 1.17621338776
3743 3.0 3.0
3748 12.0 12.0
3750 4.0 4.0
3755 3.36668527857 4.54023347137
3758 1.85781375274 2.07254000566
3760 2.25767755689 2.25767755689
3783 0.226534839348 0.226534839348
3802 0.750493321197 0.750538918737
3810 1.82569106307 1.82569106307
3814 0.379418175312 0.379418175312
3828 3.60107888648 3.60107888648
3831 2.07569068865 2.5516035928
3832 0.16354946166 0.16354946166
3840 2.1505759429 2.59146085143
3843 1.33797883135 1.33797883135
3849 2.0 2.0
3852 2.43910166892 2.43910166892
3857 1.17026679315 1.23995098274
3864 8.99850023246 8.99850023246
3868 2.16787717377 2.24747727669
3874 1.12318355984 1.58842142336
3876 4.68338003796 4.68338003796
3878 3.49401720663 3.91428793333
3879 1.32382838745 1.55212991622
3882 3.84256598047 5.03464981098
3889 1.08022297835 1.56703255996
3895 1.67361620428 1.99620638125
3902 3.01712473216 3.01712473216
3912 0.875735936581 0.893194573167
3913 2.28437571548 3.2424033013
3918 1.0 1.0
3924 3.31508174372 3.31508174372
3927 1.8512655641 2.49796698799
3936 1.9595869103 2.58703204317
3953 1.76525622465 2.12061584816
3961 1.81756138961 2.20899787945
3983 1.97022092024 1.97022092024
3985 0.760998497123 0.760998497123
3993 1.25893347074 1.38277948463
3994 0.543756146613 0.570725737019
3995 0.914733989456 0.939303245667
4004 1.47281961771 1.95313663193
4023 3.07182454938 3.71526521025
4046 1.26941201461 1.2750835419
4048 8.21468061224 8.3313398974
4050 4.37008731252 4.37008731252
4053 1.50379841172 1.50379841172
4054 0.560126675073 0.560126675073
4064 1.13790034728 1.63628315541
4070 2.95995519943 3.73070470247
4075 0.740698272037 0.889741376636
4082 1.41878558457 2.50278074665
4091 2.46136655926 3.18819912218
4093 6.22032160159 7.10244822848
4105 1.91988393571 1.91988393571
4106 1.92661161688 1.98396877233
4113 1.87640266809 2.56580886711
4130 0.0 0.0
4144 1.0 1.0
4159 0.684632549805 0.684632549805
4161 0.869052815364 0.869052815364
4162 0.533860598982 0.533860598982
4172 0.718963852695 0.893752165947
4175 0.470790879882 0.470790879882
4179 1.20434616644 1.27049064872
4182 0.442927586522 0.442927586522
4186 0.417287268161 0.417287268161
4192 0.0 0.0
4193 3.22260756502 3.33765336959
4195 2.16006434333 2.44582663709
4207 0.377872823671 0.435607648259
4210 1.29549808523 1.37544486638
4212 2.27863905998 2.91182965257
4219 0.208423834773 0.294755813858
4221 2.23496189507 2.3437795039
4227 7.58696521692 8.25065197568
4240 1.35746928506 1.73830840704
4247 0.5 0.707106781187
4252 0.984840318016 0.984840318016
4253 1.30189692347 1.76960240607
4260 2.50210757295 3.38086233874
4271 2.45206940152 3.1974308741
4274 1.22947306468 1.22947306468
4282 2.5 3.0
4286 2.7966930345 2.7966930345
4296 1.01009814801 1.32268058063
4297 0.0 0.0
4298 12.0 12.0
4301 0.0 0.0
4308 1.28585136734 1.28585136734
4315 2.16360957114 2.78326610536
4317 0.00941154325781 0.00941154325781
4341 1.12740114666 1.1425808344
4349 5.0 5.38516480713
4357 2.84641095141 2.84641095141
4362 3.08196791654 3.08196791654
4363 6.05963471081 6.40009905943
4367 2.33333333333 3.0
4377 2.0 2.0
4382 2.18380429572 2.74453750409
4388 2.44555863114 2.68530995261
4395 1.1518732072 1.36263412653
4399 0.233865927045 0.233865927045
4415 0.24281541782 0.24281541782
4416 10.544453886 10.544453886
4417 5.44053691695 5.44053691695
4418 0.804247018547 0.846798798482
4420 2.38168645841 2.51490854295
4423 2.1236049678 3.22584213694
4426 1.74821871303 1.93341443671
4431 0.575810738969 0.575810738969
4433 0.920830863085 0.920830863085
4437 3.71798608727 3.71798608727
4442 3.67044890173 3.98207263384
4444 0.978606276699 1.35270869894
4447 6.27969672199 6.88315517575
4456 0.827640267326 1.04679697422
4459 1.6708252133 1.6708252133
4461 0.66572372208 1.00592455986
4462 2.63727119045 2.63727119045
4474 1.02938067053 1.02938067053
4475 2.71816111889 2.71816111889
4479 2.06161863347 2.06161863347
4490 2.75476974944 2.75476974944
4492 1.3349513974 1.3349513974
4498 1.26136472089 1.35185185305
4501 1.11423128957 1.57576100132
4508 0.264250650848 0.264250650848
4510 1.25052808571 1.25052808571
4514 1.0 1.0
4523 1.46930014042 2.15444406439
4524 1.7938213977 2.207400673
4525 1.15200614685 1.15200614685
4526 3.0 3.0
4531 2.40656014964 2.73729344732
4534 1.23740119888 1.25996867271
4538 1.51479899665 1.91083768234
4543 8.42048799609 8.53946158955
4546 5.18123979795 5.18123979795
4550 0.930763391823 1.08263388814
4553 2.12848801661 2.65674838109
4558 1.51951178155 1.52472129143
4565 0.000490787910913 0.000490787910913
4569 0.808853276429 0.817670028478
4570 2.30302990368 2.95768395441
4576 2.95435779341 2.95435779341
4582 2.30558671936 3.40501038063
4583 7.57056404485 7.57056404485
4592 2.47702452677 2.5316306705
4593 2.69658441296 3.33006023186
4595 1.42728819139 1.47026405036
4602 1.69953254687 2.42140400196
4606 2.1177943837 2.37095196632
4610 1.0 1.0
4613 1.16815050881 1.47438646127
4616 7.05527414722 7.92851312953
4619 0.743560343733 1.00737936558
4623 2.38039612419 2.38039612419
4624 2.39904013392 2.39904013392
4629 1.13210175184 1.36490386903
4636 1.80686207193 1.80686207193
4637 1.14964357271 1.14964357271
4638 1.0 1.0
4644 1.01177423663 1.01177423663
4645 1.0519322032 1.06603135208
4651 1.32220475689 1.32220475689
4656 8.34976751316 8.34976751316
4660 3.04941142352 3.38573884287
4665 5.11495540605 5.67731932084
4673 4.2735694206 4.2735694206
4675 3.3956716631 3.73306245565
4688 3.11423540853 3.72073196197
4698 3.106545961 4.24531554582
4703 1.70317475409 1.7337573232
4709 2.79113143442 3.80023571998
4730 3.90017427203 3.90017427203
4740 2.47909467278 2.5050002423
4744 1.24076987006 1.24076987006
4747 0.502923862617 0.502923862617
4748 2.24081673616 2.80545673598
4749 2.29476875379 2.29476875379
4760 0.999805591847 1.14373685399
4774 3.70921411341 4.95858256869
4781 2.57524968589 4.18594969571
4782 1.52693557348 1.52693557348
4790 1.22201892374 1.25481143309
4801 0.294714538322 0.294714538322
4802 0.763557753633 1.36701558037
4805 1.0 1.0
4806 2.45413305636 2.45413305636
4807 1.54679123592 1.64931780573
4810 1.34622634022 1.34622634022
4812 1.10031581079 1.1048792447
4813 0.767456720508 0.801914081863
4819 0.940497239996 0.942377650885
4820 3.48633556428 3.79355465954
4821 2.49352305962 2.91467529358
4827 3.3492270283 4.14821902572
4828 1.57504877126 2.12397378424
4851 3.49135593529 3.49135593529
4855 0.456901020437 0.461345705271
4861 7.005672531 7.73908815277
4863 0.697381095958 0.916479083106
4871 8.48285199389 8.58052442439
4881 4.0 4.0
4885 0.215407097923 0.215407097923
4894 2.92170543576 3.98773904734
4900 1.1192758742 1.1192758742
4910 4.2547363683 5.63320739465
4916 0.87966842321 0.87966842321
4920 1.69410308156 1.94041552235
4929 8.27529611333 8.71232099003
4948 0.869890288501 0.869890288501
4956 0.892613699332 1.08220299998
4960 3.0728786394 3.0728786394
4964 2.02279729693 2.75712050396
4966 2.40586272416 2.47813933225
4967 1.89441512383 2.49037549062
4971 0.955147485621 0.955147485621
4983 2.10583495643 2.70268860995
4988 0.644696070161 0.644696070161
4993 2.85545776086 2.85545776086
4999 2.0 2.0
5003 1.51997076287 1.70719861529
5009 0.59413438206 0.59413438206
5026 1.11845247532 1.3548663972
5036 0.0036172026645 0.0036172026645
5045 8.0734366473 8.0734366473
5047 1.53246676584 1.53246676584
5062 1.93532445565 1.93532445565
5065 2.2515596618 2.2993703341
5066 0.831255129484 1.01449387717
5067 2.5802282526 2.6102658805
5069 4.77583121323 5.71943844326
5077 0.508912286655 0.666913663094
5078 2.00511013808 2.06748826007
5085 2.53975285507 2.53975285507
5086 1.59138331692 2.16253441975
5096 5.57246234318 5.57246234318
5099 1.20680159848 1.61112330155
5103 5.0 5.0
5113 1.90556629515 2.01120384951
5119 1.0 1.0
5121 1.78073737893 2.18369174816
5124 5.00807289478 5.00807289478
5127 3.01563053979 3.17222489535
5131 5.02883590953 5.02883590953
5132 4.23233601164 4.7547559403
5150 2.7530863245 2.76413651495
5151 1.51524717102 1.87181538571
5154 1.29846883052 1.29846883052
5157 3.8403963717 3.8403963717
5159 1.104832031 1.104832031
5167 1.41014229238 1.64799365956
5182 3.0 3.0
5183 1.49711995528 1.85294976246
5191 4.17559797876 5.10128028232
5202 1.10139403395 1.53819930395
5204 1.74317119446 1.79177542559
5210 0.0 0.0
5211 3.89855310488 4.50463688923
5217 2.50444469484 2.88379963452
5219 1.22042370779 1.22042370779
5223 2.82908904239 3.7069784494
5224 3.0 3.0
5228 1.52556259347 2.99096708068
5229 1.36396610687 1.98431623044
5233 2.20778399639 2.20778399639
5246 1.98275450003 1.98275450003
5250 1.0 1.0
5251 2.63213305147 3.53466956328
5254 5.58155710182 5.58155710182
5256 0.0 0.0
5271 4.36234884487 4.36234884487
5272 1.40779611889 2.1480018003
5280 2.07027678355 2.30316902676
5289 0.388006176819 0.388006176819
5291 2.92921528577 3.87620287064
5293 1.69645048581 1.69645048581
5294 2.51043094413 2.84980064978
5295 5.8527463707 5.8527463707
5300 4.27985232239 6.05262519928
5310 3.57485546693 3.57485546693
5311 1.69176013859 2.30620329502
5320 2.0 2.0
5321 0.877242079174 0.877242079174
5322 2.19309831987 2.19309831987
5325 8.21639726486 8.89457009935
5326 0.0 0.0
5336 1.79828961122 1.79828961122
5344 1.91703885813 2.06386165742
5356 0.632713429586 0.632713429586
5361 2.23857715182 2.23857715182
5363 4.29976854861 5.34140237132
5367 0.0 0.0
5368 0.309946971343 0.43833121049
5371 4.73166124275 5.92097786456
5372 7.26854502728 7.26854502728
5374 1.08575207476 1.08575207476
5381 8.0 8.0
5382 0.0 0.0
5387 1.34341567921 1.34341567921
5404 0.7000319307 0.836580922207
5414 2.18588073565 2.54049234375
5421 0.941801165949 1.02642001445
5423 1.97523358191 2.42481518545
5424 3.59255109643 3.59255109643
5446 2.57846313273 3.15730008199
5456 2.82200845816 2.82761608549
5459 2.0 2.0
5462 3.50360854503 3.50360854503
5463 8.0 8.0
5475 2.44566534364 2.44566534364
5477 2.77448653447 4.11086620861
5478 0.735126041082 0.879787732503
5479 1.7763568394e-15 1.7763568394e-15
5481 3.93017978705 3.93017978705
5482 1.41012137429 1.79680739888
5484 2.96391042235 4.00984135055
5488 0.974634299237 1.20333892016
5492 3.08431369134 4.20450533533
5493 1.79305401887 1.81999457767
5496 0.941460176771 1.37450897476
5499 0.0647767971473 0.0647767971473
5506 2.38458768882 2.88024571535
5507 2.61935300777 3.18854074894
5509 3.0 3.0
5512 1.18073739883 1.45683876194
5515 1.86233949718 2.27627772894
5517 1.0 1.0
5518 2.92388411478 2.95892706094
5519 3.0 3.0
5521 1.0 1.0
5523 1.52361575352 1.52361575352
5545 0.743928946014 1.0520744049
5546 3.04180125404 3.04180125404
5554 2.20861805506 2.95265659912
5562 1.27202056831 1.48359555586
5565 0.833360216162 0.937336176904
5573 3.1718436523 4.50779480716
5575 0.182885605704 0.182885605704
5578 0.407363581158 0.475839819577
5581 0.0 0.0
5584 0.861145826515 1.14866065666
5600 3.0 3.0
5608 3.97642838112 3.97642838112
5613 4.0 4.0
5617 7.87004405286 7.87004405286
5633 10.0818246375 10.0818246375
5642 2.0 2.2360679775
5646 0.0350488877433 0.0350488877433
5649 2.34117926693 3.17308692289
5652 1.87084296934 1.87084296934
5655 1.49409232032 1.49409232032
5659 2.86710314262 3.71860107696
5662 1.30714439683 1.6585616661
5669 1.59401526525 1.63659708632
5674 1.35840561338 1.72829377739
5683 0.821517698735 1.1854407871
5685 2.42670700537 2.42670700537
5687 4.99707764197 5.58616588749
5692 3.63920005345 3.63920005345
5700 2.38074277674 2.46069949422
5702 9.0 9.0
5707 1.4442114783 1.84927954463
5720 4.56881631655 4.56881631655
5721 2.80862776636 4.42300673497
5723 0.417064231778 0.417064231778
5724 2.50395869451 2.82284154518
5725 3.0 3.0
5729 3.22839192111 4.19898273861
5736 1.51006956286 1.51006956286
5737 2.50476812428 2.57400445702
5740 7.1888591861 7.1888591861
5745 1.0 1.0
5749 0.799486048477 0.808310539226
5763 0.16125945484 0.16125945484
5768 4.25126857307 4.25126857307
5772 4.26391213639 4.77964387053
5785 2.11919260424 2.24999406559
5786 1.53426061373 1.89418028852
5792 1.64521006265 1.64521006265
5797 3.0 3.0
5799 2.18002012667 2.32913175783
5815 0.579809482191 0.579809482191
5816 0.745531113962 0.787763324766
5826 3.4068811792 4.25394532871
5827 1.59730895069 1.59730895069
5831 2.20180805963 2.85976672449
5835 0.977848802253 0.977848802253
5837 1.10795203611 1.59385062605
5846 1.06921029347 1.15040330812
5849 3.84326189871 6.22349802894
5851 3.16388922939 3.24547997572
5865 0.58154625805 0.687089736912
5870 3.91932372838 3.91932372838
5891 0.759383522509 0.759383522509
5892 1.95789682004 1.95789682004
5896 1.22448002235 1.49530667421
5897 1.85568245891 3.13288337296
5898 0.323433780084 0.323433780084
5911 5.45423655371 6.44750520087
5915 1.0 1.0
5931 2.10283568966 2.79964397566
5933 1.88468841987 2.77423653928
5934 4.2708994685 4.45598111857
5936 1.15959648265 1.19236322455
5937 10.2833527162 10.2833527162
5941 0.942162176235 1.0909362669
5945 1.59657854429 1.59657854429
5948 2.4404989766 2.94315394185
5956 6.99302757599 8.08389298819
5957 0.806840629405 1.14104496078
5963 0.0 0.0
5964 1.0 1.0
5968 3.84143509198 3.84143509198
5969 1.9675067843 2.07631581035
5974 0.935551705551 1.21326168926
5976 6.12512642983 6.12512642983
5992 8.46813952897 8.56429921958
6004 1.12075422674 1.12075422674
6006 2.77271662139 3.1867111775
6013 1.67971174599 1.67971174599
6018 0.811629124137 0.811629124137
6022 0.617626504019 0.617626504019
6026 1.07030028619 1.41770386911
6038 2.08006023851 2.08006023851
6040 3.87546435474 3.87546435474
6041 0.802109890036 1.03197587246
6043 1.28642145674 1.68036699984
6045 2.15742268091 2.17458463287
6053 2.0 2.0
6055 0.933755140353 0.933755140353
6061 0.867984451878 0.87796646499
6063 0.665629962943 0.665629962943
6065 4.07881463787 5.65795223507
6071 4.15265591469 4.15265591469
6077 0.883145498642 0.883145498642
6083 5.0 5.0
6091 7.66400413805 8.17953795261
6099 1.02643651679 1.25666014632
6103 1.81879069744 1.81879069744
6107 5.49950548916 5.78402017989
6115 0.220459197004 0.220459197004
6117 1.0 1.0
6120 3.02143020739 5.09782551423
6124 5.97140873961 5.97140873961
6148 2.21597830291 2.67238007214
6150 1.59352557864 1.87554096882
6154 0.57099658351 0.57099658351
6168 1.62032841859 1.65574704793
6182 2.0 2.0
6183 0.500993996263 0.646269005148
6194 5.58617162378 6.47900560335
6198 8.9650764825 8.9650764825
6201 1.11837762066 1.11837762066
6202 4.06475839762 5.89030073987
6215 0.0 0.0
6228 1.89104471652 1.89104471652
6234 1.0 1.0
6240 2.44485125294 3.28505259455
6269 3.07098695594 3.73017769141
6276 0.0 0.0
6277 1.42762672419 1.42762672419
6280 2.35895694254 2.38122156803
6282 1.8645454572 2.49594177383
6283 1.32647377095 1.46158315111
6285 2.41575424207 2.41575424207
6287 1.09379842357 1.24535767175
6290 2.51758357434 2.59126464514
6297 2.81024012037 3.34281600265
6299 2.72846970666 3.30759433305
6303 0.919480904984 1.30034236617
6325 1.05372776707 1.0961345332
6328 1.17872867348 2.29416343966
6343 1.90359653929 2.13690881422
6346 2.61194193208 2.61194193208
6349 1.68791416013 1.68791416013
6372 6.75949549912 6.75949549912
6375 0.540713118477 0.540713118477
6377 2.26394818625 2.73568344285
6378 5.56068581852 6.85327490572
6379 0.609907171361 0.723988378797
6384 1.92979612471 2.6161435828
6386 0.519455619998 0.838069460039
6397 2.02089505459 2.02089505459
6400 3.84233398798 5.43388083698
6403 3.3527872331 3.3527872331
6404 0.928908460805 1.00716935795
6410 1.0 1.0
6411 5.42846484519 5.9318974625
6415 1.21053406375 1.5664021871
6418 1.1818348452 1.29760074777
6419 2.35090310265 2.43547090349
6421 1.45223601119 1.45223601119
6431 7.85067383768 7.85067383768
6435 6.82909630104 6.82909630104
6440 0.164845431422 0.164845431422
6444 1.67873944639 2.28713784064
6450 2.15818235979 2.72440779844
6454 2.91452340499 3.47612968537
6455 0.699278704276 0.858241783564
6456 1.55300356579 1.99479067447
6458 4.07713406657 4.99891032134
6463 0.757969296155 0.892458622
6470 1.66790811369 2.48661548886
6476 11.7532749662 11.7532749662
6484 1.22256138315 1.53271798781
6488 2.46573852945 2.46573852945
6497 1.50183199862 1.50183199862
6517 1.60689979913 1.99373090972
6521 3.98605736084 4.45347313159
6526 0.470358655723 0.470358655723
6530 3.51637096605 3.5917168099
6533 1.28549903115 1.60027585016
6538 3.40441180958 3.47105644492
6549 1.69556793498 2.46569657761
6560 0.420153964267 0.436064130744
6562 1.6490390138 2.27594615542
6564 6.23650513551 6.23650513551
6574 0.706997556756 0.927168476012
6583 0.249440791029 0.249440791029
6591 0.0 0.0
6595 2.18245779338 2.62854309397
6614 1.86640780251 1.86640780251
6615 1.29085123523 1.29085123523
6619 0.0 0.0
6631 2.31370073764 3.35002157266
6640 2.00256568939 2.00258539734
6644 2.64616522066 3.95926884743
6651 2.16612705731 2.66813401057
6655 1.0 1.0
6657 4.52194760241 4.52194760241
6680 1.28546345479 1.28546345479
6689 7.47936165514 7.47936165514
6696 2.0 2.0
6697 1.00537606138 1.23548955648
6703 2.05172159007 2.05172159007
6704 1.89916335752 1.89916335752
6716 2.3422693283 3.27270767588
6732 1.73193718409 1.73193718409
6736 2.75891586007 3.32323539468
6737 1.95980162391 2.82868394547
6738 0.925126480657 0.925126480657
6740 3.07441098791 3.35406434842
6748 1.74887772761 2.43099148596
6755 8.0 8.0
6766 2.74542807182 4.10967672253
6770 9.73480120113 9.73480120113
6775 1.81106530218 1.81106530218
6779 2.3740631959 2.48148787084
6780 6.04148665282 6.04148665282
6800 1.53223060171 2.10190698926
6809 3.12185288057 3.12185288057
6814 4.0 4.0
6816 3.67586187312 3.67586187312
6823 1.58766081901 2.08435299568
6824 2.0 2.0
6826 2.0 2.0
6829 0.334313922888 0.448012328914
6830 1.71876712039 1.9423181995
6833 0.485915988874 0.485915988874
6838 5.28147197028 5.28147197028
6839 2.31884704962 3.04607880169
6844 2.18786667982 2.19591768927
6854 2.45143981279 3.16580653894
6863 1.44642884295 1.64270544632
6872 1.55901490546 2.12817617787
6878 2.54447964733 3.65822963131
6883 1.90709849649 2.4467082731
6887 0.949566889814 0.949566889814
6889 1.53846535433 1.53846535433
6895 1.01633358201 1.47871978908
6902 4.29102618217 5.68662093305
6917 6.11670529079 6.11781854417
6921 0.994709914823 1.39571535511
6940 2.0941547789 2.23764038717
6941 8.0 8.0
6948 1.55761252642 1.55761252642
6955 0.660916691472 0.721234390956
6968 1.50686807255 1.5830668301
6971 1.44640043996 2.02595709235
6975 1.29285981636 1.73723584913
6980 1.43316944591 1.63449841775
6983 1.0 1.0
6993 1.08282544117 1.08282544117
7001 1.56083148364 2.21449184941
7005 0.660317762646 0.660317762646
7006 1.28255306588 1.54804026182
7011 1.65006913875 1.65006913875
7012 1.57701119019 1.74709845417
7013 3.16803281371 3.16803281371
7030 1.19124372445 1.19229081762
7043 0.860962525249 1.07503226242
7045 3.74607178717 3.74607178717
7052 5.88719995696 7.24380965128
7060 0.912909056189 1.08664908145
7063 0.597468904357 0.844948627637
7074 0.38104550128 0.38104550128
7079 2.05206559381 2.82938538416
7080 3.65341226886 4.52457175276
7081 1.0626434228 1.41698567277
7088 1.6681191881 1.6681191881
7094 1.43359867626 1.82719945053
7095 1.86886051081 1.86886051081
7099 4.09042302876 4.5142047764
7109 0.561969291952 0.700997725585
7112 1.83931151481 1.83931151481
7113 2.94329420254 3.29782979254
7119 1.18083921314 1.95834143488
7121 1.08301003218 1.3437503266
7123 0.0254700892561 0.0254700892561
7125 0.507110167463 0.718102747606
7127 7.12962362854 7.12962362854
7129 0.858894230018 1.20174358399
7130 0.85130213932 0.89096320015
7134 1.71477721204 1.75456552198
7135 1.20770191624 1.5081086588
7137 0.389686324687 0.389686324687
7142 2.35822001215 2.98653997028
7158 0.740843324852 0.740843324852
7159 1.31057455981 1.5906853863
7163 2.53342766449 2.76013906522
7164 1.40983230333 1.40983230333
7166 0.968388777987 1.09046627335
7168 2.02395909769 2.25008123379
7171 4.69186771599 5.76257134905
7173 0.0 0.0
7176 5.26010232083 7.12968062339
7177 1.03199547341 1.03199547341
7178 1.02008411751 1.27311223635
7181 1.15720027531 1.15720027531
7203 0.709914507946 0.766895169689
7215 2.42984588812 3.01394503177
7222 3.21008897139 3.21008897139
7226 2.73848171599 3.01508051131
7234 4.76704971602 4.76704971602
7251 0.357123764697 0.50504927148
7262 0.476358880066 0.580835404618
7263 0.670720004999 0.670720004999
7272 10.3384681573 10.3384681573
7275 3.62928410425 3.62928410425
7278 3.26245640601 3.26245640601
7290 3.21305317581 4.24184435719
7293 1.7537026422 2.08711741798
7294 5.0 5.0
7297 0.0 0.0
7304 1.17760891276 1.50375178908
7310 1.69074058988 1.81737377265
7313 0.99636376859 0.99636376859
7320 2.56623612664 2.59251933122
7326 0.77511343567 0.77511343567
7328 1.7837706715 2.41434374678
7334 11.6473477407 11.6473477407
7335 1.31818319547 1.31818319547
7339 1.40799808142 1.77348062304
7342 6.66606456537 6.66606456537
7345 8.0 8.0
7351 4.21586141815 5.96203474597
7355 5.51803470618 5.51803470618
7356 5.03747837104 6.24235595788
7357 7.0 7.0
7382 1.3910735736 1.50523340053
7384 1.0 1.0
7385 5.0 5.0
7387 1.60068128171 1.98770257776
7389 4.4200977564 5.39809559955
7398 6.48248444831 6.48248444831
7407 1.55359667636 1.55359667636
7411 3.97365316791 3.97365316791
7413 0.364749406414 0.364749406414
7414 1.69393682814 1.69393682814
7420 5.0126701167 7.0510870601
7431 3.30138525589 3.98399844351
7436 3.02597811864 3.58561386274
7437 2.69742892843 3.93711170331
7438 0.0 0.0
7442 2.50454562667 2.80059245711
7444 0.0 0.0
7446 0.4971499737 0.4971499737
7450 2.11831909835 2.11831909835
7453 1.40062950803 1.91213040561
7459 0.185792834944 0.185792834944
7465 0.859624691014 1.13814198825
7466 1.18644755515 1.46073106347
7474 2.43030459836 2.73656067699
7478 4.0 4.0
7484 1.88564740915 1.88564740915
7491 3.53002353845 3.53002353845
7493 3.22577122203 4.14371560593
7494 4.0 4.0
7497 2.09125128322 2.09125128322
7498 2.0 2.0
7504 1.0 1.0
7513 0.96116235526 1.25209328305
7515 1.10534496157 1.10534496157
7518 0.770017213674 1.03179742704
7525 1.00256713486 1.00256713486
7538 0.449174979906 0.449174979906
7543 0.897231886973 0.897231886973
7547 7.35708591285 7.38512367212
7553 3.27699450692 3.78514990196
7557 1.98836446023 1.98836446023
7561 2.95785440822 2.95785440822
7562 6.41369929187 6.41369929187
7564 1.50183459651 1.58230083249
7568 2.56342715835 2.72181757804
7574 3.57549125624 3.68873592391
7578 1.72292853597 1.72292853597
7580 1.14674396414 1.15609494
7585 1.48612683403 1.48612683403
7587 0.518986540652 0.518986540652
7591 0.70167921847 0.921501582828
7594 1.63088208982 1.63088208982
7595 0.498777536002 0.498777536002
7600 2.36484795022 3.23568931742
7607 3.0 3.0
7608 1.23545009026 1.57321268221
7611 8.52874268368 8.52874268368
7621 0.812048383366 0.812048383366
7632 1.30277554704 1.6131094492
7638 6.0 6.0
2.14903950335 3.06076856383