5 0.0445173383318 0.0445173383318
6 0.496593023942 0.662650125329
9 1.2444910808 1.45586804937
14 1.0 1.0
15 1.822577429 2.52769273089
22 1.29992501875 1.39159322982
24 0.0 0.0
25 1.39629691114 1.47007505999
35 0.986103515853 1.6886884358
55 0.0 0.0
57 5.0 5.0
68 4.04772876893 5.06682926846
69 2.08892723065 2.48184292496
76 1.66581738801 2.25440792562
81 1.50921861282 1.50921861282
83 2.5 2.91547594742
85 1.0 1.0
89 6.0426742532 6.0426742532
95 0.0382513661202 0.0382513661202
97 4.0313014827 4.0313014827
122 4.73236316371 4.88574761406
126 10.5887850467 10.5887850467
134 1.0 1.0
136 1.81068355252 1.81068355252
151 8.87425149701 8.87425149701
156 6.5 7.90569415042
161 3.21844916295 4.06288178193
164 4.0 4.12310562562
171 1.29497218523 1.40745873134
172 4.56668625471 4.78369179281
189 4.65358451073 4.65358451073
196 6.0 8.48528137424
234 0.215611974233 0.215611974233
243 2.0 2.0
276 7.38012109394 7.47948682207
291 0.0 0.0
299 0.219643981851 0.282644750752
304 1.0 1.0
316 3.49288506617 3.64895121726
323 3.24839857651 3.24839857651
328 7.0 7.0
331 0.169172932331 0.239246655289
334 0.0 0.0
342 6.5 6.5192024052
343 6.5 7.90569415042
346 4.0 4.0
347 7.0 7.0
348 1.78387371957 2.29811954416
365 2.06097133797 2.36692312401
369 1.0518749449 1.58643708058
370 4.20008873114 4.20008873114
380 3.4915921288 4.92800021381
381 0.229013854931 0.229013854931
384 0.468913667849 0.663144068655
393 1.0 1.0
405 3.0 3.0
410 1.0289532294 1.0289532294
420 3.8876778809 5.11269271793
427 1.49742268041 1.49742268041
431 3.57618639572 3.90355269264
433 2.94830318897 3.36895410773
445 0.995391705069 1.11185322231
452 1.7038608909 1.9538899581
475 5.83550295858 5.83550295858
476 1.67576791809 1.70684637804
485 1.5690060084 2.22050672862
489 3.0 3.0
493 1.34541062802 1.43134438969
502 7.0 7.0
509 0.68680369344 0.751015610402
517 3.2405666397 4.26370038401
520 0.0 0.0
523 1.39144558744 1.39144558744
524 4.06329113924 4.06329113924
531 4.0 5.12695955569
532 1.01548444182 1.01548444182
538 0.341085271318 0.341085271318
544 1.25297401233 1.82070356516
550 2.68768590125 2.68768590125
555 0.626666017967 0.631438535585
566 1.6281039461 1.67003866249
569 0.719248826291 0.719248826291
579 1.65798204528 1.82413290368
590 0.0 0.0
591 0.0 0.0
594 0.495160089352 0.495160089352
599 1.72873042822 1.72873042822
611 1.2 1.54919333848
617 1.77706635623 1.77706635623
625 0.410447761194 0.410447761194
626 9.78989361702 9.78989361702
638 9.0 9.0
643 10.0045696877 10.0045696877
649 0.894211576846 1.13008253923
650 4.0 4.0
652 4.75119161106 4.75119161106
659 2.13359763394 2.77269283342
676 1.86905195141 2.21030559144
683 3.5 3.53553390593
684 0.786794287902 0.835471088304
687 0.260853432282 0.260853432282
689 1.34319489451 1.42127907364
691 6.0 6.0
712 12.0 12.0
714 0.443645083933 0.627408894578
723 5.53164556962 5.53164556962
725 1.03336703741 1.03336703741
745 0.287551392909 0.39725617769
767 2.0 2.0
777 1.12246715823 1.39957821582
779 2.0 2.0
783 1.50487012987 1.50487012987
785 2.75971731449 2.75971731449
795 9.0 9.0
806 0.602140945584 0.602140945584
810 2.5339555871 2.93503370135
814 4.0 4.0
817 3.47908396612 4.38051654027
831 1.96551724138 1.96551724138
848 2.01914311759 2.01914311759
853 6.62085621906 6.83987132649
860 3.94520547945 3.94520547945
878 1.0 1.0
881 1.0 1.41421356237
888 1.30095036959 1.30095036959
924 0.889422272591 1.19439148062
928 0.408345752608 0.408345752608
936 0.506102753335 0.506102753335
950 2.26006937381 2.9458852135
954 3.20887305699 3.20887305699
961 4.23369233896 4.23369233896
963 0.0223325062035 0.0223325062035
978 1.0 1.0
986 0.931876873998 1.06605584472
988 1.0 1.0
993 2.0 2.0
1013 1.01405975395 1.01405975395
1037 2.0 2.0
1040 2.0 2.0
1041 1.02473088989 1.40699194225
1051 1.50076749436 1.67363065006
1053 0.634296483244 0.800252526087
1056 6.0 6.0
1069 1.0 1.0
1070 0.829923750375 1.29230981681
1073 3.22651163757 3.22666250298
1074 1.0 1.0
1077 1.65541327125 1.65541327125
1079 2.68347858422 4.25199181909
1088 7.49045801527 7.89362669527
1103 3.47426067908 3.47426067908
1129 0.308630393996 0.308630393996
1145 1.88254172015 1.88254172015
1148 8.5 9.19238815543
1154 4.19051774287 4.35634840772
1165 2.81435857668 3.04523753719
1166 3.0 3.0
1181 2.11115745568 2.11115745568
1193 1.45301100359 2.1361513098
1211 0.0419463087248 0.0419463087248
1216 0.882143440403 1.07543799876
1219 2.89772934608 3.53408672539
1221 2.04530201342 2.04530201342
1226 0.262449186992 0.262449186992
1234 1.22336396981 1.8767230209
1239 0.675431388661 0.675431388661
1244 1.5614973262 1.5614973262
1261 1.0 1.0
1266 2.22085731054 2.41308492346
1267 1.35282365963 1.64805305826
1283 12.0 12.0
1284 0.365272631022 0.365272631022
1285 4.0 4.0
1287 3.71212121212 4.08793382266
1289 1.25 2.06155281281
1292 0.00152788388083 0.00152788388083
1295 1.0 1.0
1297 2.15268019733 2.28827502125
1308 3.0 3.0
1312 1.5 1.58113883008
1313 1.61559591743 1.90604860987
1330 2.87192749779 4.81932234082
1337 3.0 3.0
1345 6.49352331606 6.49352331606
1365 3.01062355595 3.70072847632
1369 4.0 4.472135955
1374 3.0 3.10912635103
1384 7.0953346856 7.0953346856
1387 7.5 8.27647267862
1389 1.59652948037 2.91169580341
1391 1.43457113591 1.63037643225
1413 7.21395705521 7.21395705521
1422 1.57647058824 1.57647058824
1424 5.57088703563 5.57088703563
1426 8.63030628694 8.63822088441
1434 0.392656203731 0.392656203731
1437 0.382046599306 0.473872942804
1438 4.76586327081 5.1240981628
1455 9.28428093645 9.28428093645
1458 1.64897499215 1.77212135676
1461 1.28998778999 1.28998778999
1479 6.62065266739 6.83977711614
1480 0.537851500979 0.618849723168
1482 0.0 0.0
1483 3.14216478191 3.14216478191
1496 2.06114239743 2.06114239743
1499 0.293943870015 0.293943870015
1512 2.81550720379 4.55304650321
1513 1.16069203632 1.32863770297
1518 1.0 1.0
1530 6.0 6.0
1545 0.773005473187 1.15463997236
1547 4.9847169156 4.9847169156
1579 2.94385964912 2.94385964912
1585 1.20566337117 1.76830208582
1597 7.89840076766 7.91949771147
1598 3.02171945701 3.02171945701
1599 2.75906766305 2.89815803191
1602 2.20443432262 2.6687357071
1605 4.33586149939 5.29698298137
1609 0.348849001755 0.348871969037
1622 3.40217537698 4.73686887278
1628 4.36698961621 5.06226567863
1629 2.35652173913 2.35652173913
1631 1.93642310228 2.14462801211
1638 4.0 4.0
1651 3.40913521177 3.41025787214
1653 1.47691196747 1.90506417647
1662 2.23571091167 2.23571091167
1674 2.35370470525 2.71522416542
1678 0.927744425386 0.927744425386
1684 2.76899389191 2.96928501942
1691 10.6666666667 10.677078252
1712 7.0 7.0
1718 1.60272427555 1.71230886693
1722 1.33515283843 1.82873188185
1731 1.87233273056 1.87233273056
1754 4.38274920899 5.19544234709
1770 2.96865957007 3.00811493704
1778 0.0 0.0
1789 1.7654373928 2.17012223279
1792 2.84590743789 3.65368857435
1793 0.78843885175 0.78843885175
1797 1.5 1.58113883008
1802 1.73043126663 2.08124340705
1806 2.0 2.0
1807 2.64283114993 2.64283114993
1809 2.19209039548 2.19209039548
1811 2.22506771731 2.22506771731
1817 3.52038834951 3.52038834951
1831 6.5501618123 6.5501618123
1832 0.490014265335 0.490014265335
1833 2.0 2.0
1836 0.00944206008584 0.00944206008584
1837 1.0 1.0
1838 1.98913043478 1.98913043478
1847 1.5283171521 1.5283171521
1849 0.445427938418 0.445527944187
1853 3.0 3.0
1855 3.0 3.0
1859 6.7428057554 6.7428057554
1867 1.0 1.0
1888 2.65917926566 3.91505582531
1896 1.12465083799 1.12465083799
1899 2.63642513835 2.80476837378
1901 2.5893605297 3.32880800718
1902 1.33404110563 1.63603539806
1921 1.15208102548 1.15208102548
1924 3.27880597015 3.27880597015
1926 2.58407079646 2.58407079646
1940 3.0 3.0
1941 4.0 4.0
1946 0.0 0.0
1957 2.54076556959 3.30494915086
1959 3.0 3.0
1962 9.0 9.0
1965 2.61066329586 3.62948215739
1966 2.31995346131 2.31995346131
1972 2.47337278107 2.47337278107
1984 1.25883447045 1.31901704304
1989 1.05765765766 1.05765765766
2005 1.57497911445 1.67665148228
2011 3.0 3.0
2023 3.0713691628 3.51516414141
2033 3.68921568627 3.68921568627
2040 1.5 1.58113883008
2045 1.21915103653 1.21915103653
2069 6.11016042781 6.11016042781
2092 2.79271137026 2.79271137026
2096 1.66294420905 1.78111511412
2100 4.98505997567 5.92322796438
2103 2.68946217477 3.47323429562
2108 2.84689059639 3.59928048468
2115 4.19708834511 4.24356231935
2117 2.36923835346 2.36923835346
2142 5.0 5.0
2146 2.85308815336 3.06213772436
2149 1.0 1.0
2151 0.0820189274448 0.0820189274448
2155 1.05349439172 1.05349439172
2183 1.68136779122 1.8056906748
2186 0.0 0.0
2192 4.55434782609 4.55434782609
2195 3.75 4.27200187266
2204 6.0 6.0
2211 0.936150234742 1.24547080003
2212 6.0 6.0
2240 11.0 11.0
2242 2.86086369771 3.55772501551
2245 0.957110749741 1.4161170073
2246 1.07278452358 1.1122778963
2250 1.49735449735 1.49735449735
2254 7.0 7.0
2259 2.69715823104 2.69715823104
2262 0.724394605721 0.742708699637
2272 0.711141633092 0.741191731321
2278 1.84700393258 2.2775623823
2287 1.85112521639 1.85112521639
2289 1.0 1.0
2292 0.0 0.0
2299 2.68701837582 2.77345668808
2319 0.916986914881 0.958150336638
2320 2.09107728829 2.86280326561
2332 1.44044668895 1.77196727675
2355 2.93328173375 3.51307842092
2358 4.04414461079 4.06271472535
2367 6.62601626016 6.62601626016
2378 4.0 4.0
2386 1.66666666667 1.73205080757
2394 0.0 0.0
2402 5.19540229885 5.19540229885
2404 0.922849587805 0.922849587805
2409 2.06686618123 2.36652947813
2414 0.430706280021 0.430706280021
2422 3.1875 3.93621378169
2428 4.0 4.0
2430 1.0 1.0
2431 2.03816793893 2.19629433298
2450 0.0 0.0
2451 2.0 2.0
2475 4.73555730917 5.72269477352
2477 2.07271557272 2.26248155053
2478 0.367389060888 0.580355676349
2484 2.24229346486 2.56342993573
2494 1.5 1.58113883008
2499 3.58819595385 3.58819595385
2505 4.36708860759 4.36708860759
2506 5.30896346841 6.85481286967
2507 1.96551724138 1.96551724138
2508 6.3664921466 6.3664921466
2530 0.0 0.0
2537 1.32502651113 1.32502651113
2538 1.93338599263 2.14690260788
2539 0.323514973 0.323514973
2551 3.678241396 5.25867365674
2554 2.0 2.82842712475
2561 1.10407775314 1.56375983381
2562 3.60978835979 3.60978835979
2572 0.982573972261 1.19594988128
2584 2.0 2.0
2585 3.03837953092 3.03837953092
2587 6.26006631928 6.26006631928
2590 2.53480278422 2.53480278422
2609 1.01910828025 1.01910828025
2618 2.00017891986 2.5035455358
2627 1.0 1.73205080757
2634 3.0 3.0
2636 1.5 1.58113883008
2645 2.0 2.0
2669 1.44418872267 1.83581047098
2676 7.0 7.0
2679 2.18370883882 2.18370883882
2683 2.50325005321 2.85754648897
2685 1.66234315719 1.83569083113
2687 8.0 8.0
2690 1.00165016502 1.41421548786
2699 2.68678459938 2.68678459938
2704 4.0 4.0
2715 3.05084038 3.17508172168
2716 9.83557760454 9.83557760454
2721 2.3007184854 2.53562444843
2733 4.4519541581 4.4519541581
2739 1.10004189546 1.71862905234
2758 4.99015748031 4.99015748031
2764 1.25626537702 1.48583065296
2765 2.52086240006 3.31637165973
2771 0.801093573932 1.49734717572
2772 1.99030018342 2.17816738641
2777 0.876489930127 0.885149329195
2788 3.5584717608 3.5584717608
2800 1.50314465409 1.85267903417
2803 2.0376469432 2.28999152569
2806 3.76896942242 3.76896942242
2838 1.18458873193 1.56251044003
2846 2.12769010043 2.12769010043
2850 3.2662835249 3.2662835249
2857 7.41239110105 7.65743757702
2860 1.66231427285 1.66231427285
2861 1.0 1.0
2863 3.48484848485 3.79998066787
2883 0.660557184751 0.660557184751
2890 1.78698928996 1.78698928996
2895 3.67350993377 3.67350993377
2899 1.81826529232 2.38986103918
2907 3.0 3.0
2913 1.90409902085 2.20013521987
2928 3.09034219622 3.98574790487
2935 0.201247823564 0.201247823564
2961 2.16666666667 3.47610893577
2964 2.0 2.0
2976 0.923784655914 1.16240702679
2977 1.99595369262 2.39229032256
2981 2.20320048309 2.20320048309
2987 6.0 6.0
3000 1.37302105601 1.77895919099
3011 0.512141967621 0.724278116471
3045 1.98454017643 2.26831189994
3046 1.0 1.0
3051 3.94470259831 5.16472163432
3052 0.782896015549 0.782896015549
3064 1.01878453039 1.01878453039
3070 3.03109452736 3.03109452736
3075 11.0 11.0
3079 2.59708737864 2.64245467107
3092 1.54213722898 1.71760283399
3097 1.44105691057 1.44105691057
3102 0.61199931236 0.61199931236
3107 7.02242152466 7.02242152466
3110 1.63158276121 2.41015372308
3115 3.74813153961 3.96768699912
3116 0.0 0.0
3118 2.11832061069 2.11832061069
3127 3.0110028293 3.0110028293
3128 0.613549776379 0.613549776379
3129 1.42767295597 1.49035372529
3138 2.74256410256 2.74256410256
3139 3.75065047702 4.65117802793
3150 1.49989059081 1.87065325294
3165 1.69457766913 1.71222516621
3169 2.0570687074 2.42073599879
3182 6.0 6.0
3186 2.00432322021 2.65971864075
3187 0.941465594281 1.20116937763
3193 2.01601164483 2.01601164483
3198 0.0 0.0
3203 3.99500998004 3.99500998004
3212 2.26658217153 2.26658217153
3219 3.15389560745 4.0735553529
3224 5.99027754884 6.14203316167
3225 6.78268251273 7.18576178737
3231 1.29192546584 1.29192546584
3242 2.22256568779 2.22256568779
3243 0.554259043174 0.554259043174
3244 1.17594849441 1.18496933315
3245 1.16721983361 1.34236514351
3252 1.90178359038 2.90506130336
3277 1.02990430622 1.02990430622
3278 0.533644278607 0.533714286527
3284 1.41504392792 1.82592599328
3286 2.0 2.0
3290 2.12109129066 2.12109129066
3293 2.65221402214 2.65221402214
3294 2.8959435907 2.91070977352
3296 2.14029850746 2.14029850746
3300 4.64527629234 4.68987988392
3321 1.74876514358 2.30904576563
3328 6.0 6.0
3341 1.50796216313 1.56621452969
3345 1.27820267686 1.80765156108
3347 2.5 2.5
3352 0.0 0.0
3353 0.203742203742 0.203742203742
3366 1.0 1.0
3368 2.51171875 2.51171875
3374 1.0 1.0
3381 1.31637806638 1.31637806638
3385 3.31016038201 4.43868600141
3389 3.02574626235 3.11472814715
3395 2.14582063194 2.70275593285
3398 5.40513047324 5.40513047324
3399 1.88436830835 1.88436830835
3409 0.59627016129 0.59627016129
3410 1.99046483909 1.99046483909
3412 0.0 0.0
3413 0.88229473943 0.973074159358
3418 3.0 3.0
3423 2.78999137187 3.59985319504
3426 0.906161137441 0.906161137441
3429 3.4244414841 4.08197453253
3431 1.68309859155 1.68309859155
3440 1.06040462428 1.06040462428
3450 2.0 2.0
3452 1.13313381108 1.27728565052
3468 1.67795844625 1.80974368411
3478 2.23886520841 2.35013020011
3481 0.979528883904 0.979528883904
3486 1.91781440506 1.91781440506
3488 0.0 0.0
3495 1.0 1.0
3502 1.6651162663 2.66095912273
3510 2.0 2.0
3514 11.1434370771 11.1434370771
3516 4.5 5.7008771255
3517 2.32637182637 2.37171731297
3522 6.58267519117 6.58267519117
3523 2.44018223517 3.13040684797
3545 1.19330301253 1.30800272088
3565 1.0 1.0
3571 2.45510065596 2.45510065596
3573 2.72583643123 2.72583643123
3578 6.52118644068 6.52118644068
3580 1.8435334873 2.02735405467
3583 2.98392799743 4.11929980976
3594 6.0 6.0
3595 2.85162346713 3.73633770424
3597 4.48532289628 4.48532289628
3607 9.0 9.0
3608 5.39743589744 5.39743589744
3614 6.99150382328 6.99150898562
3619 0.454723309111 0.454723309111
3632 2.07540619214 2.29284886501
3636 3.98604427334 3.98604427334
3657 1.98363579615 2.04164637412
3661 2.11709851231 2.53646919562
3679 9.0 9.0
3683 1.3552238806 1.3552238806
3709 3.0 3.0
3719 2.66666666667 3.26598632371
3722 1.43776824034 1.43776824034
3728 0.0 0.0
3729 4.52322274882 4.52322274882
3730 2.0 2.0
3735 0.8973042362 0.8973042362
3736 2.90015173989 3.11631797403
3738 0.655913978495 0.655913978495
3755 2.49597537162 3.55549967127
3758 1.54155188246 1.60827761372
3760 0.0 0.0
3783 0.0755287009063 0.0755287009063
3802 1.15192354815 1.15192354815
3814 2.55288461538 2.55288461538
3828 4.0 4.0
3831 2.0 2.0
3840 6.5 6.96419413859
3843 2.29049754876 2.29049754876
3849 2.0 2.0
3857 0.627579694231 0.733640128589
3864 9.53206650831 9.53206650831
3868 1.0 1.0
3874 2.16298979256 2.16298979256
3876 7.37671232877 7.37671232877
3882 2.0 2.0
3889 4.80659700881 6.22297422208
3895 1.39527866525 1.52068749137
3902 2.99477221807 2.99477221807
3912 1.0 1.0
3913 1.89347907148 1.99139950277
3924 7.0 7.0
3927 2.1391271173 2.60872903942
3936 1.0 1.0
3938 0.0 0.0
3953 2.6811307166 2.98795550606
3983 1.0 1.0
3985 0.637168141593 0.637168141593
3993 2.02743498955 2.52591345204
3994 3.0 3.0
3995 1.38414261065 1.47697122826
4004 1.48851809125 1.90651493278
4023 3.19521355044 3.83401109289
4048 9.64373992477 9.92742067602
4050 3.46621237933 3.46621237933
4053 3.00975081257 3.00975081257
4064 0.532637075718 0.532637075718
4070 5.0 5.0
4075 1.38287671233 1.68882554813
4082 0.977309346121 1.24571041282
4091 2.59793317281 3.33514130958
4093 6.95961538462 8.0474190982
4105 1.0 1.0
4106 2.86266727091 3.09695333352
4113 4.0 4.0
4141 3.0 3.0
4159 3.0 3.0
4162 1.01289198606 1.01289198606
4172 1.92543859649 2.20499342375
4179 0.475468331847 0.475468331847
4182 0.0 0.0
4186 0.0 0.0
4193 5.0 5.0
4195 3.0 3.0
4207 0.604085058758 0.72226546291
4210 2.37446707721 2.40381353118
4212 1.93889845095 1.93986097501
4219 1.32465116279 1.32465116279
4221 1.65785298784 1.65785298784
4227 8.46458520662 8.76925737593
4240 1.30948030857 1.81310070988
4252 1.0 1.0
4253 0.700622083981 0.990829253265
4260 1.28652741999 1.31635881205
4271 1.71718759084 1.87109486448
4282 7.0 7.0
4296 0.370793240767 0.493715476026
4308 1.40343074968 1.40343074968
4315 2.0 2.2360679775
4341 1.10992339213 1.12075699447
4349 7.0 7.0
4357 2.61587301587 2.61587301587
4362 0.0 0.0
4382 2.14269022824 2.35087721325
4395 1.23228289362 1.62551349509
4399 7.0 7.0
4416 11.328994614 11.328994614
4417 4.03430079156 4.03430079156
4420 0.5432211101 0.5432211101
4423 5.75656742557 5.75656742557
4426 4.0 4.0
4431 0.038619556286 0.038619556286
4433 2.01861252115 2.01861252115
4437 3.0 3.0
4444 2.59459810213 3.05101292681
4447 7.25909837157 7.38374410532
4456 3.0022172949 3.0022172949
4459 1.64470588235 1.64470588235
4461 0.00320366132723 0.00320366132723
4462 2.82141372141 2.82141372141
4474 1.0 1.0
4475 5.50962861073 5.50962861073
4498 0.666419570052 0.74524556127
4514 1.0 1.0
4524 3.0 3.0
4525 0.913477537438 0.913477537438
4526 4.0 4.0
4531 4.22296099291 4.43932939208
4538 0.5 0.707106781187
4543 8.0 8.0622577483
4546 4.0 4.0
4550 2.29571632929 3.44568583967
4558 1.5 1.58113883008
4569 0.515589353612 0.729153456494
4570 2.0 2.0
4582 3.24844401826 4.15071469457
4592 5.32378854626 5.8088482243
4593 5.99920255183 5.99920255183
4595 2.15023342173 2.17869755532
4602 2.14118984236 2.58055472748
4606 2.41045419952 2.73385352304
4613 5.96487831858 6.69266292118
4616 3.0 3.0
4619 1.5867324797 1.88353291275
4624 12.0 12.0
4629 2.12881329298 2.21346937624
4644 1.03070439494 1.03070439494
4645 0.876308044474 1.07122124614
4651 0.29661971831 0.29661971831
4656 8.0 8.0
4660 3.51850691656 3.73730498888
4665 4.92919976093 5.79427779286
4675 1.91897233202 2.20251575023
4688 2.7688103006 3.61210711708
4698 1.0 1.0
4709 4.25 4.55521678957
4744 2.0 2.0
4748 2.37304773253 2.88124841723
4749 5.96350364964 5.96350364964
4781 1.15466469646 3.09523152702
4790 4.75816023739 4.81818386845
4801 2.37485515643 2.37485515643
4802 1.25183377613 1.76082747141
4806 3.0 3.0
4807 1.01435054155 1.25482610447
4810 1.96144278607 1.96144278607
4812 1.0 1.0
4819 0.934940969606 0.934940969606
4820 3.0 3.0
4827 2.4194016198 2.46907063741
4828 0.655804480652 0.655804480652
4855 1.11895777179 1.4781578428
4861 7.01030064789 8.02170812309
4863 0.375865051903 0.375865051903
4871 7.0 7.28010988928
4885 0.0604815032296 0.0604815032296
4894 1.38731865933 1.38731865933
4900 0.0 0.0
4910 6.0 6.0
4920 2.77493792709 4.11973012175
4956 1.00551768906 1.15954792088
4960 3.10259723478 3.10259723478
4964 3.87598740536 4.9145313199
4966 4.65295073091 4.65295073091
4967 2.34093055487 2.85652929934
4983 2.0 2.2360679775
4988 0.106716271784 0.106716271784
4993 4.76864728192 4.76864728192
5003 3.2659644503 4.33392989737
5009 1.0 1.0
5026 2.24199784045 2.47736571515
5036 1.0 1.0
5065 0.5 0.707106781187
5066 0.299127665467 0.363000052147
5067 1.97596153846 1.97596153846
5069 7.06025252705 7.76118063256
5077 2.07446406799 2.24502518599
5085 2.49079754601 2.49079754601
5086 4.15742397138 4.2419463035
5096 6.01331360947 6.01331360947
5099 2.55126234907 2.55126234907
5113 2.66162106491 2.78151984547
5121 1.87194064115 2.40747427596
5124 6.50104821803 6.50104821803
5132 4.34140118526 5.05721215854
5151 1.74115318089 2.16012916477
5154 0.604003301692 0.604003301692
5159 1.00943396226 1.00943396226
5167 5.0 5.0
5183 1.63780657498 2.3794754494
5191 10.0 10.0
5202 0.59328358209 0.839029688124
5204 2.0 2.0
5210 0.0 0.0
5217 4.57465962846 4.94033801172
5219 2.45787831513 2.45787831513
5223 1.97176271115 2.44301413951
5228 1.33020055629 1.41273949756
5229 1.80308219178 1.99338898448
5233 2.0 2.0
5246 0.641930251419 0.641930251419
5251 3.56275229358 3.56275229358
5254 7.16900212314 7.16900212314
5272 1.73528706343 2.38903803892
5289 1.00134589502 1.00134589502
5291 0.71332017871 0.760667234583
5293 2.31536325775 2.31536325775
5294 2.80725367693 3.50570779682
5295 2.30386416862 2.30386416862
5300 0.0 0.0
5310 2.06920903955 2.06920903955
5311 1.36049787487 1.76682509848
5321 3.0 3.0
5325 10.1022245763 10.2067327131
5336 2.71124889283 2.71124889283
5344 1.18454738458 1.46308604388
5356 1.70679236161 1.70679236161
5363 5.87972171207 5.92212177202
5371 4.91090061072 5.4860595499
5372 7.09380378657 7.09380378657
5374 10.0 10.0
5387 0.329336530775 0.329336530775
5404 0.237031567288 0.237031567288
5414 0.922561382463 1.08936914335
5421 1.0 1.0
5423 1.0 1.0
5424 6.0 6.0
5446 2.16897647807 2.16897647807
5462 3.0 3.0
5475 4.02577873255 4.02577873255
5477 4.59593572779 5.18672827888
5478 0.333333333333 0.471404520791
5482 1.75976724855 1.77608911486
5484 3.14753359351 3.99955326966
5488 1.61273041993 1.9539592672
5492 0.897619047619 1.15482697461
5493 4.5897606383 4.5897606383
5496 0.5 0.707106781187
5499 2.66703176342 2.66703176342
5506 1.74170812604 1.74170812604
5507 2.39438253804 2.94183126457
5512 1.00371194274 1.30664620662
5515 1.33152288533 2.10017472888
5518 5.48543023654 5.48543023654
5523 1.69468390805 1.69468390805
5545 2.32688011914 2.32688011914
5554 3.66520314027 4.11207932022
5562 1.2 1.26491106407
5573 5.08873818608 6.7152871257
5575 0.432220848785 0.432220848785
5578 7.82462072155 7.91180988485
5581 0.0 0.0
5584 1.21871741751 1.63531430506
5608 4.0 4.0
5633 7.22875 7.22875
5646 3.07105263158 3.07105263158
5649 1.83814945462 2.42821538368
5652 1.24147465438 1.24147465438
5655 1.0 1.0
5659 4.71511627907 5.32866202663
5662 1.96882542237 2.27934764331
5669 0.0 0.0
5674 0.961569646386 1.0268021322
5683 1.0 1.0
5687 4.25985243408 4.79699079363
5700 3.0 3.0
5707 0.658465638044 0.737608695723
5721 0.751572846775 0.790922877669
5724 1.98904773815 2.19534913815
5729 3.72888395948 4.93850733005
5736 0.469434832757 0.469434832757
5737 4.75167504188 5.25674621995
5740 2.0 2.0
5749 1.07424285702 1.07714053568
5763 0.0 0.0
5768 2.0 2.0
5772 3.15143163651 3.89001494131
5785 1.0 1.0
5786 1.5 2.12132034356
5799 1.0 1.0
5815 0.689734717416 0.689734717416
5826 5.0 5.44671154612
5827 3.39503386005 3.39503386005
5837 2.33883614011 3.27708952658
5849 5.21850266282 7.09095373088
5851 0.0 0.0
5865 0.849504460075 0.991622453446
5870 7.07878787879 7.07878787879
5891 6.98208640674 6.98208640674
5896 1.0065240236 1.25012443475
5897 2.97448478901 2.97448478901
5898 0.447074586869 0.447074586869
5911 9.48712737127 9.48712737127
5931 3.84479723087 5.17103143036
5933 2.4303200656 2.98218144522
5934 9.77259684362 10.023221732
5936 3.5 4.30116263352
5937 12.0 12.0
5941 0.506538461538 0.650640747758
5948 2.91174100231 3.3680533793
5956 7.23674821611 7.73694484546
5957 2.0 2.0
5968 1.33042053523 1.33042053523
5969 2.00106326422 2.23654393865
5974 3.58316985158 5.78165822175
5992 6.19229050919 6.47999298544
6004 1.63459983832 1.63459983832
6006 1.58453608247 1.78819953079
6013 8.0 8.0
6022 1.0 1.0
6026 0.439024390244 0.439024390244
6040 4.70712909441 4.70712909441
6041 1.23588720477 1.29270950461
6043 2.28181951574 3.06378467228
6045 2.47755102041 2.47755102041
6055 1.55347091932 1.55347091932
6065 0.257270693512 0.257270693512
6071 6.0 6.0
6077 1.82060606061 1.82060606061
6091 6.48123446875 7.59605865619
6103 2.2688172043 2.2688172043
6107 4.50560119492 5.14999684723
6115 1.0 1.0
6120 3.27950760319 3.27950760319
6124 9.31137724551 9.31137724551
6150 3.40887850467 3.57830134911
6154 0.478991596639 0.478991596639
6168 1.32853717026 1.62712968872
6194 3.86677516372 5.60553948151
6201 2.46532045654 2.46532045654
6202 3.33170897339 3.96166852782
6228 1.44330855019 1.44330855019
6234 0.997604471653 0.997604471653
6240 1.69052631579 1.69052631579
6269 3.0 3.0
6280 6.0 6.0
6283 1.4931736739 1.7944874388
6287 1.0 1.0
6290 2.65567528333 2.78717943314
6297 3.5 4.30116263352
6299 3.24497319453 3.35883692673
6303 11.0 11.0
6325 0.867704280156 0.877731664741
6328 2.9194911195 4.19248721703
6343 1.32764008541 1.49503685279
6349 12.0 12.0
6372 10.1067472306 10.1067472306
6375 0.0168869309838 0.0168869309838
6377 4.30709677419 4.88608003903
6378 5.94645678687 6.73163657729
6379 0.447773279352 0.447773279352
6384 2.49675090253 2.49675090253
6386 0.59253875969 0.940592295101
6403 5.0 5.0
6404 2.21630506246 2.21630506246
6411 1.0 1.0
6418 1.36508740816 1.43754412574
6419 2.0 2.0
6421 1.0 1.0
6431 8.0 8.0
6435 6.48746043341 6.48746043341
6440 1.0 1.0
6444 1.0 1.0
6450 2.1786552714 2.80126349939
6454 1.281 1.281
6455 2.13449488144 2.16334820212
6456 2.32708688245 2.34996152887
6463 1.09222236554 1.10768657778
6470 0.716445440729 0.995035943804
6484 2.64479047885 4.17506748674
6497 0.0 0.0
6517 4.29970013471 4.30097875539
6521 3.31315747145 3.68841507153
6526 5.0 5.0
6533 1.55924080876 1.73884563451
6538 4.0 4.0
6549 1.30464238756 1.75950948898
6560 3.5400699057 4.268364003
6562 1.82159484695 2.13550248869
6564 4.95555555556 4.95555555556
6574 1.02993483568 1.43594127991
6583 1.0 1.0
6595 1.33360085607 1.49083166801
6615 1.25448028674 1.25448028674
6631 3.86429774765 4.53350842724
6640 2.0 2.0
6644 1.71186242396 1.91821342575
6651 1.5 2.12132034356
6657 3.0 3.0
6680 1.04045058884 1.04045058884
6697 1.26080646039 1.39906014634
6704 6.77546777547 6.77546777547
6716 1.20986287771 1.64395423367
6732 1.0 1.0
6736 2.2403684464 2.84290343473
6737 4.75261276128 6.37398042155
6738 0.504140786749 0.504140786749
6740 2.5 3.53553390593
6748 2.47257433023 3.23847996208
6766 3.9354600216 5.2990010076
6770 0.512857142857 0.512857142857
6775 1.33933161954 1.33933161954
6779 2.91889575369 3.01772558306
6800 1.12953806957 1.38091209109
6809 1.0 1.0
6816 4.0 4.0
6823 1.09636858176 1.14563793144
6829 1.0 1.0
6830 4.5 5.14781507049
6838 5.25396825397 5.25396825397
6839 2.14437588575 3.12646410237
6844 4.00153139357 4.00153139357
6854 2.25343372537 2.78957925528
6863 1.05886366046 1.0987363133
6872 4.02117595593 4.92551861584
6878 3.28733944954 3.28733944954
6883 0.838522427441 0.838522427441
6889 0.520393120393 0.520393120393
6895 0.883395859934 1.15209197397
6921 1.64000255635 1.72009417122
6940 5.54656130761 5.66686209498
6948 0.784962158605 0.784962158605
6955 2.09527073338 2.09743556726
6968 3.53697183099 3.53697183099
6971 1.0 1.0
6975 0.0 0.0
6980 0.360340287624 0.360340287624
6993 0.650482680295 0.650482680295
7001 0.829208698308 1.21783041802
7005 12.0 12.0
7006 2.8132346969 5.10694227648
7011 1.32443531828 1.32443531828
7012 3.49113475177 3.61455033107
7013 3.38622480147 3.38622480147
7030 0.882563626895 1.12171894649
7043 0.509463722397 0.509463722397
7045 0.823329558324 0.823329558324
7052 6.45897903373 6.94083551953
7060 0.0 0.0
7063 1.568 1.568
7074 1.0 1.0
7080 7.0 7.0
7081 0.609442060086 0.609442060086
7088 3.0 3.0
7094 1.00984086417 1.08689971218
7095 2.0 2.0
7099 5.0 5.0
7109 1.47696556107 1.61081193401
7112 4.91162790698 4.91162790698
7113 1.7763568394e-15 1.7763568394e-15
7119 1.21008007537 1.21008007537
7121 1.5079812571 1.97202098886
7125 1.0 1.0
7130 0.98976426799 1.39973805134
7134 1.0 1.0
7135 1.13941789436 1.13941789436
7137 0.539755351682 0.539755351682
7142 1.38905796832 1.71962792256
7159 1.1619731038 1.59448013743
7163 4.73323397914 4.74074551217
7166 0.431703204047 0.431703204047
7168 2.14341716871 2.51892547485
7171 7.25 8.67467578645
7176 1.13461307961 1.68129742171
7177 0.0 0.0
7178 0.778306039796 1.17077896387
7181 3.0 3.0
7203 1.0 1.0
7222 3.0 3.0
7226 1.01668694594 1.01668694594
7234 7.65949554896 7.65949554896
7251 0.403230007815 0.403230007815
7262 1.70085470085 1.70085470085
7263 5.10315186246 5.10315186246
7272 6.17955112219 6.17955112219
7278 3.42898889538 3.42898889538
7290 5.87425860024 5.87425860024
7293 1.48025276461 1.48025276461
7304 4.49537305505 4.73761802144
7310 2.01470930103 2.49701380932
7320 6.02250608273 8.48534106843
7326 0.6344873502 0.6344873502
7328 1.4747262492 2.05170716821
7334 12.0 12.0
7339 1.65258215962 1.68870570264
7342 8.49952606635 8.49952606635
7351 2.72771365843 4.06747582037
7355 7.0 7.0
7356 1.26611418048 1.46343210095
7382 1.19450501526 1.2102373455
7385 5.0 5.0
7387 2.5041183538 2.7653485683
7389 6.0 6.0
7407 1.51693719125 1.51693719125
7413 0.959127228027 0.959127228027
7414 4.0 4.0
7420 1.7222323214 1.7222323214
7431 3.16911181316 4.79554258079
7436 2.5 2.5495097568
7437 0.5 0.707106781187
7442 2.97058271889 3.11904564149
7446 1.0 1.0
7450 5.0 5.0
7453 0.580259862537 0.843108498062
7465 1.37337960531 1.778238319
7466 1.28939485487 1.49603778711
7474 2.29335255297 2.61776565866
7493 3.85725525848 4.34370950048
7504 1.0 1.0
7513 2.39793880837 2.82770204571
7515 1.0 1.0
7518 3.13465011652 3.31705932619
7538 0.0 0.0
7543 0.0 0.0
7547 2.92086330935 2.92086330935
7553 4.46605656153 4.76935423058
7557 1.51085568327 1.51085568327
7561 3.01585728444 3.01585728444
7562 6.41142857143 6.41142857143
7564 1.00657298277 1.00657298277
7568 1.95516182278 2.66584864415
7574 8.0 8.0
7578 7.97072710104 7.97072710104
7580 1.008 1.008
7591 1.62225548902 1.74922429047
7600 2.79242174629 2.79242174629
7611 3.29053318825 3.29053318825
7621 0.00450160771704 0.00450160771704
7632 3.38833429582 4.34648392457
2.43640844346 3.42072390439