5 0.661099977733 0.661099977733
6 0.45702064636 0.538119523124
9 1.65732511962 1.86228880432
14 1.0 1.0
15 1.78921905363 2.49226396056
19 3.0 3.0
22 3.83450439387 4.85342023039
24 6.49842160645 6.49842160645
25 1.31538577892 1.3432279902
35 1.01180949579 1.25305517952
55 1.13269961977 1.14044623622
57 5.0 5.0
58 1.0 1.0
66 3.0 3.0
68 2.54608105404 3.36900743209
69 1.39276868712 1.62893104251
76 1.58919034405 2.08715539405
81 1.6012884753 1.6012884753
83 4.42775123042 4.86245664187
85 1.0 1.0
89 7.25110456554 7.25110456554
95 0.441389290883 0.441389290883
97 2.51913265306 2.51913265306
122 3.71291912141 4.05860651844
126 4.24529569892 5.3436391855
134 1.08279982928 1.2989357574
136 3.03479686192 3.11070924975
151 7.06843267108 7.06843267108
156 2.74194915254 2.84055869506
161 3.29109007408 3.97264606716
164 1.65765352887 2.1330047516
171 1.62502406134 2.12605872925
172 3.86038486683 4.3512936589
186 1.92610154436 2.01327352433
189 3.88107582631 4.59249773955
196 3.2676056338 4.62109220381
205 2.0 2.0
234 0.0937046004843 0.0937046004843
243 2.0 2.0
259 7.08571428571 7.08571428571
274 9.29763779528 9.29763779528
276 5.20669417965 5.69482528145
291 1.12136035406 1.12136035406
299 0.627434952813 0.656390450161
304 3.31355932203 3.31355932203
308 2.0 2.0
316 3.65489266561 4.14770292595
323 4.38381330685 4.38381330685
326 3.0 3.0
328 2.30015471893 2.30015471893
331 1.77944862155 2.89335318297
334 0.0 0.0
342 6.5 6.5192024052
343 2.79305991947 3.57204138111
346 4.0 4.0
347 7.0 7.0
348 1.96144964424 2.14121921252
362 0.5 0.707106781187
365 1.59326670336 2.13340450309
369 0.992027148891 1.41108474611
370 4.39887080704 4.39887080704
376 3.0 3.0
380 4.1871236083 5.02713878524
381 0.218494502396 0.218494502396
384 0.546906155719 0.714201749334
393 1.30487804878 1.30487804878
405 3.0 3.0
410 1.13726158038 1.14551501241
420 3.27000626512 4.21470510413
427 1.39992902768 1.45593423949
431 5.65407074575 6.76724449697
433 3.4007208078 3.81687979457
445 1.62673346455 1.72547082435
452 1.64403982657 1.67846609426
475 4.09456635319 4.09456635319
476 2.20089968511 3.13049581491
480 5.0 5.0
485 2.10800585072 3.04446937467
489 3.0 3.0
493 3.47197415736 4.20650722224
502 4.05333333333 4.05333333333
509 0.744482082737 0.905835733342
515 1.0 1.0
517 2.92561511839 3.62264907754
520 3.31569672466 3.78591875784
523 0.576854754441 0.81579581725
524 3.28382455326 3.28382455326
531 3.04256837264 3.74537654292
532 1.00365614924 1.00366280858
538 0.813429472735 0.855151817166
544 2.23646012522 2.99590741568
545 3.0 3.0
550 2.44755695658 2.44755695658
555 1.79354962284 2.89456642574
564 1.0 1.0
566 1.57618820158 1.63217207649
569 1.5474395633 1.5474395633
575 2.93491525424 2.93491525424
579 4.72252106044 5.26774092274
590 1.24461206897 1.76014726782
591 0.0 0.0
594 3.1344375963 3.1344375963
599 1.81535620865 1.81535620865
611 1.57185185185 1.95833416513
617 2.38130252101 2.38130252101
621 1.01625135428 1.01625135428
625 2.32616487455 2.32616487455
626 9.66178900165 9.66178900165
638 8.05050505051 8.05050505051
643 10.0045696877 10.0045696877
649 0.979917026314 1.14949512668
650 4.0 4.0
652 4.60802469136 4.60802469136
659 2.61329391238 3.15502905349
676 1.62350855913 2.12337265288
683 2.56404657933 2.60084414104
684 0.815666719227 0.832986430416
687 0.146727100242 0.146727100242
689 2.27367505589 2.4378843197
691 4.09294871795 4.09294871795
712 12.0 12.0
714 0.491418861512 0.694971218757
723 6.58333333333 6.58333333333
725 2.36277188975 2.60126516146
745 3.09481695514 3.22897921111
764 2.32149651237 2.32149651237
767 0.726090604027 0.726090604027
772 1.0 1.0
777 1.07601275939 1.38320929636
779 2.0 2.0
783 0.443053817272 0.443053817272
785 1.87904967603 1.87904967603
795 9.0 9.0
806 0.668338907469 0.668338907469
809 0.96003996004 0.96003996004
810 2.32741408748 2.98115209418
814 4.0 4.0
817 3.29198103241 3.97335832099
831 1.99209486166 1.99209486166
845 1.0 1.0
848 1.49087392723 1.49087392723
853 6.53043205841 6.91626878193
860 5.92329149233 5.92329149233
878 1.19033232628 1.19033232628
881 0.842248159856 0.880674956478
886 1.98106712565 1.98106712565
888 1.78519349411 1.78519349411
924 0.847951343012 1.18514542198
928 3.15806913704 4.18729699234
936 1.45412130638 1.45412130638
950 2.11961436685 2.91441725901
954 3.05902695533 3.05902695533
961 3.20332262598 3.42187977409
963 0.314095449501 0.314095449501
978 0.792358162871 0.792358162871
986 1.24035772208 1.71783578804
988 1.4901793339 1.4901793339
992 2.0 2.0
993 2.0 2.0
1005 1.0 1.0
1013 0.168615616748 0.168615616748
1023 5.49630844955 5.49630844955
1037 2.0 2.0
1040 1.11111111111 1.11111111111
1041 1.21186526319 1.71085259427
1051 2.32620806353 2.38341198012
1053 0.630080708472 0.800368043495
1056 3.74175747051 5.26698773447
1069 4.7656418674 6.06556368522
1070 1.07395901771 1.35787487936
1073 2.65068537768 2.66026055625
1074 1.70697674419 1.70697674419
1077 0.491670137443 0.491670137443
1079 3.1574662737 4.22685160598
1084 3.0 3.0
1088 8.2834943349 8.49589149496
1103 2.7029623699 2.7029623699
1129 0.843703546401 0.843703546401
1145 2.21050537207 2.21050537207
1148 8.5 9.19238815543
1154 2.19601067483 2.26482958716
1165 3.51244323527 5.08238365004
1166 1.71290180537 1.71290180537
1181 1.99638267492 1.99638267492
1193 1.27573817288 2.04621147665
1211 0.0484465508162 0.0484465508162
1212 0.00655737704918 0.00655737704918
1216 1.20412067115 1.31920936331
1219 3.00542380227 3.54163263188
1221 1.07127487897 1.07127487897
1226 0.277127554057 0.277127554057
1234 0.857169136401 1.20246832714
1239 0.768303186908 0.768303186908
1244 1.31362094038 1.31362094038
1261 0.692179700499 0.692179700499
1264 0.0 0.0
1266 2.8208263742 3.41307525974
1267 1.47791953249 1.70230040551
1269 12.0 12.0
1275 1.50088339223 1.50088339223
1283 12.0 12.0
1284 1.13001215067 1.13001215067
1285 1.69418521177 1.69418521177
1287 3.29820093455 4.24618394537
1289 1.33333333333 2.08166599947
1292 1.95641575663 2.32818166352
1295 0.992184107686 0.992184107686
1297 2.10455256202 2.24016645888
1308 3.0 3.0
1312 1.11360123648 1.305902902
1313 0.923153403194 1.03690261083
1325 0.510309278351 0.510309278351
1330 1.90495466472 2.84176401712
1337 3.0 3.0
1345 1.50572606505 1.50572606505
1365 2.03744335055 2.67811646335
1369 1.85635568945 2.36388699818
1374 1.4701716919 1.86773407911
1384 6.94638345816 7.06170163257
1387 7.39238653001 8.30140598293
1389 1.49958193734 2.76574925298
1391 1.00548099934 1.25027522985
1413 6.72319688109 6.72319688109
1422 1.61006289308 1.61006289308
1424 2.77032515476 3.57870511442
1426 8.94331611237 9.02647920515
1434 1.34804968257 1.77549909051
1437 0.619849140311 0.639252570857
1438 4.65800204266 5.22072137983
1453 1.0 1.0
1455 5.49405559277 7.0979703104
1458 1.43024460394 1.72868014032
1461 2.46839920037 2.46839920037
1479 6.66786476232 7.01873032664
1480 0.902132076244 1.12393871489
1482 0.941724941725 0.941724941725
1483 2.13384530993 2.13384530993
1496 0.823823406914 0.823823406914
1499 0.682821394687 0.959178152345
1512 1.87509723286 2.18014662761
1513 1.75966253897 2.47186678741
1518 0.1592039801 0.1592039801
1530 2.99712879409 3.53310143356
1545 1.16175486641 1.34223981536
1547 2.92469170015 4.13613866812
1569 1.0 1.0
1579 3.20026952185 3.27618572343
1585 0.258407697882 0.384799249138
1597 7.02649405666 7.02840001288
1598 1.89376727049 1.89376727049
1599 1.99184876896 2.29136888111
1602 1.90460884077 2.41866886907
1605 5.0334961725 5.44055170449
1609 0.511537158276 0.699283332444
1622 2.64183995326 3.24238080181
1627 6.44801980198 6.44801980198
1628 3.75667475971 4.45474255731
1629 4.07459677419 4.07459677419
1631 1.27662094552 1.7277147748
1638 6.20109190173 6.20109190173
1651 1.40055187317 1.81340029929
1653 1.43863379351 1.56523706631
1658 3.0 3.0
1662 2.94444444444 2.94444444444
1674 2.32670157068 2.67837212811
1678 1.04073319756 1.04073319756
1684 2.65277320445 2.86197708195
1687 1.49641434263 1.49641434263
1691 8.80077625989 8.84159222818
1712 7.0 7.0
1718 2.60338729017 3.12392306763
1722 1.3731055224 1.6201383152
1731 1.67405241255 1.67405241255
1732 3.03857566766 3.03857566766
1754 3.80004331768 4.67021243194
1764 8.73916849015 8.73916849015
1770 4.07979556591 4.38113290777
1778 3.36185819071 3.36185819071
1789 2.29259512245 2.47345225372
1792 2.78672589455 3.50694873585
1793 0.298971111991 0.298971111991
1797 0.374177195517 0.404361264767
1802 1.59368935764 1.94893741241
1806 2.33569131833 2.33569131833
1807 3.90418367347 3.90418367347
1809 4.16435881999 4.16435881999
1811 2.23403378657 2.23403378657
1817 3.37482517483 3.37482517483
1825 4.01230769231 4.01230769231
1831 7.07766990291 7.07766990291
1832 0.490014265335 0.490014265335
1833 1.75446775447 1.75446775447
1836 0.00640279394645 0.00640279394645
1837 1.0 1.0
1838 2.13327120224 2.13327120224
1847 1.5283171521 1.5283171521
1849 0.477759418633 0.485077767467
1853 2.23891778298 2.30849128825
1855 3.0 3.0
1859 6.35752369668 6.35752369668
1867 0.193031637966 0.193031637966
1872 0.0 0.0
1878 0.0 0.0
1888 3.4310560906 4.04026833057
1896 1.41737700015 1.41737700015
1899 2.02527931443 2.22807697623
1901 2.32892215663 2.73051254189
1902 1.2913677374 1.56701734734
1907 0.0 0.0
1918 3.0 3.0
1921 3.55302576393 4.41340317958
1924 2.10520869265 2.10520869265
1926 1.95269168026 1.95269168026
1939 1.0 1.0
1940 3.0 3.0
1941 4.0 4.0
1946 5.08266129032 5.86040194348
1955 1.0 1.0
1957 2.59666523911 3.10582700245
1959 3.0 3.0
1962 3.74509803922 4.13172197634
1965 3.29602642163 4.0241110241
1966 3.13489499192 3.13489499192
1972 2.02748414376 2.02748414376
1984 0.98900612897 1.02708550357
1989 1.66171549825 2.13361285259
2005 1.04562409177 1.44473386322
2007 3.0 3.0
2011 0.669262143122 0.669262143122
2023 2.34313493895 3.00123816898
2033 3.7613850207 3.7613850207
2040 1.47326121088 2.00188048625
2045 0.418771043771 0.418771043771
2058 6.0 6.0
2062 3.66666666667 3.87298334621
2069 3.10070810386 4.38506345343
2071 3.0 3.0
2092 1.15493065082 1.63331858998
2096 2.94997992004 5.06590005502
2100 4.05411925042 4.94142594814
2103 2.65710352486 3.47002818255
2108 2.57287988297 3.08119365138
2115 2.71700633239 2.91233498324
2117 2.17481813095 2.17481813095
2127 1.5 2.12132034356
2142 2.53707627119 2.53707627119
2146 3.31451295604 3.34204570643
2149 1.32835820896 1.32835820896
2151 0.624323384814 0.624323384814
2155 2.02674719586 2.24831608469
2183 1.46326131546 1.46925236648
2186 3.3897707231 3.3897707231
2192 4.55434782609 4.55434782609
2195 2.53126316451 3.07793779913
2202 4.10144927536 4.20856689227
2204 3.83652875883 3.83652875883
2210 2.0 2.0
2211 1.80256410256 2.28125454256
2212 0.801133144476 0.801133144476
2233 3.0 3.0
2240 6.34333070245 6.34333070245
2242 2.70579104888 3.36062186935
2245 0.693956556969 0.996912349092
2246 1.23511362574 1.24545588623
2250 1.14085914086 1.14085914086
2254 5.06263982103 5.06263982103
2259 2.88482384824 2.88482384824
2262 1.37274157576 1.68854358025
2272 0.771809043743 0.799391008186
2278 2.60081276848 3.07694760652
2287 0.490100859171 0.490100859171
2289 1.0 1.0
2292 1.96294046173 2.7760170231
2299 4.49333022359 4.9992440606
2319 0.781579145651 0.808233921506
2320 2.21814700574 3.1202284269
2329 1.97713097713 1.97713097713
2332 1.30457909729 1.39564226937
2355 2.18774250441 2.48936729359
2358 3.21950904132 3.29902031099
2364 0.0 0.0
2367 3.5711556829 3.5711556829
2378 4.01035322777 4.01035322777
2386 2.14181632407 2.98753050458
2394 4.74365942029 6.37328328463
2402 4.81365313653 4.81365313653
2404 1.07990135635 1.07990135635
2409 2.08783726656 2.21967977014
2414 1.16096189276 1.16096189276
2422 3.35033524904 3.94802412534
2428 4.02971576227 4.02971576227
2430 1.42574257426 1.42574257426
2431 1.19774938278 1.36552244758
2450 2.32951316096 3.02785761257
2451 2.0 2.0
2475 4.54219145402 5.63171592667
2477 1.80962990312 1.90042105702
2478 0.765600710797 0.893959722927
2484 2.29830855971 2.63966424984
2494 0.93216331486 0.935261466796
2496 1.0 1.0
2499 3.87446649956 3.87446649956
2505 4.20122699387 4.20122699387
2506 5.53091060986 6.82856010578
2507 6.04137199434 6.04137199434
2508 6.1832460733 6.18596080867
2527 0.0 0.0
2530 1.48050458716 1.55652770321
2537 2.16523517382 2.16523517382
2538 3.89693647649 3.95394265817
2539 0.296842418826 0.419798574592
2541 6.0 6.0
2551 3.33341297081 4.28218376423
2554 1.25 2.06155281281
2561 1.85900763928 2.27365021966
2562 1.63597873178 2.31362331024
2572 1.29662752198 1.41558668824
2580 1.0 1.0
2584 2.0 2.0
2585 1.51918976546 2.14845877013
2586 5.99725705329 7.21034279772
2587 6.26006631928 6.26006631928
2590 2.59565735469 2.59565735469
2609 1.01910828025 1.01910828025
2618 1.92092612305 2.49036521511
2627 1.70417789757 2.42730752911
2634 3.0 3.0
2636 1.5 1.58113883008
2645 1.99771480804 1.99771480804
2647 9.0 9.0
2669 1.49964110118 1.65239564144
2676 1.74796084829 1.74796084829
2679 2.23550538738 2.23550538738
2683 2.25291033528 2.5676797426
2685 1.67104363002 1.82912039722
2687 8.0 8.0
2690 1.12031037171 1.12919499421
2693 4.0 4.0
2699 1.60572381217 1.60572381217
2704 4.0 4.0
2714 0.0 0.0
2715 3.66131874173 3.81885956511
2716 9.16621376812 9.16621376812
2721 0.86356655829 0.896058586884
2733 4.04032096289 4.04032096289
2739 1.41387138383 2.21308613736
2750 2.0 2.0
2758 3.08054577465 3.08054577465
2761 3.0 3.0
2764 1.46479793064 1.74465269297
2765 2.70537343605 3.60531391937
2771 1.42052676703 1.80680163621
2772 1.04256778229 1.23169806961
2775 5.5368956743 5.5368956743
2777 2.69333168949 3.39264231402
2788 1.75547886109 1.75547886109
2800 2.41913025931 2.83811477831
2803 1.8580007153 2.33445995315
2805 1.0 1.0
2806 3.68599791014 3.68599791014
2838 0.719072488458 1.00546219837
2843 5.0 5.0
2846 0.986132511556 0.986132511556
2850 4.71075464084 4.88399046706
2852 3.49607072692 3.49607072692
2857 6.52740310448 6.91812945459
2860 2.10985642846 2.10985642846
2861 1.97966401415 1.97966401415
2863 4.53503062787 5.0470379546
2867 3.0 3.0
2877 3.0 3.0
2883 0.74263479711 0.74263479711
2890 1.10942375702 1.12016435841
2895 1.91892832289 1.91892832289
2899 1.73806616327 2.31820773175
2907 2.74820143885 2.74820143885
2913 1.50291501823 1.71555501359
2919 0.0 0.0
2928 2.46885599204 3.26135120953
2935 0.227228398674 0.227228398674
2961 2.50889501872 2.91156831772
2964 1.38340336134 1.38340336134
2966 1.98908296943 1.98908296943
2976 1.50859502968 1.785325931
2977 1.54932174492 1.93520488213
2981 1.49400941378 2.11284837528
2987 2.71407185629 2.71407185629
3000 1.59055136308 2.00335808569
3011 1.06618924542 1.22762750909
3045 1.89009932513 2.23511342388
3046 0.510050251256 0.510050251256
3050 12.0 12.0
3051 3.65396955658 5.09980735307
3052 1.74777448071 1.74777448071
3058 4.0 4.0
3064 0.977897473997 0.978147223738
3070 1.25657263978 1.77274692595
3074 1.48558951965 1.48558951965
3075 6.0 7.81024967591
3079 1.64943859236 2.23675139959
3092 2.42071509245 2.61385158927
3097 2.50347734457 2.50347734457
3102 1.10592149642 1.28283821913
3107 4.38086391082 4.38086391082
3110 1.54670011572 2.24929023753
3115 3.77698541329 3.98256883221
3116 0.0 0.0
3118 1.62560861908 1.62560861908
3127 3.15697757463 3.15697757463
3128 0.0486660803284 0.0486660803284
3129 0.360934540879 0.406392059953
3138 2.45393634841 2.45393634841
3139 2.71172268668 2.75308072416
3150 1.52711619228 1.70015004429
3165 0.975704333454 0.976220627732
3169 1.73139020833 2.13565409243
3182 1.56749894202 1.56749894202
3186 2.23746658845 2.50455629357
3187 1.0324535647 1.06323915452
3188 6.54002026342 6.54002026342
3193 1.49703752469 1.49703752469
3198 0.0 0.0
3203 3.99383191981 3.99383191981
3212 2.96561687374 2.96561687374
3219 2.89326166631 3.34893227451
3224 5.23652918743 5.33544997203
3225 4.84852803738 5.95315743392
3231 0.505031593728 0.505031593728
3242 0.60626731835 0.675403297736
3243 0.769796624838 0.769796624838
3244 2.11729899628 2.50388395904
3245 1.0603997951 1.25295588194
3252 1.89473128136 2.84455735675
3277 1.07602528773 1.07602528773
3278 2.51857888536 3.1303227657
3284 1.95472543619 2.15780411682
3286 2.0 2.0
3290 1.40883190883 1.40883190883
3293 3.8347427766 3.8347427766
3294 2.64672023096 2.71552802436
3296 1.27272727273 1.27272727273
3297 2.0 2.0
3298 1.0 1.0
3300 4.31486455396 4.51020065953
3321 1.53596322752 1.94771839324
3323 2.0 2.0
3328 6.0 6.0
3341 0.965169505783 1.28405404353
3345 1.33654704555 1.590263235
3347 0.862216376192 0.862216376192
3351 6.0 6.0
3352 0.0103703703704 0.0103703703704
3353 1.25498074669 1.25498074669
3366 1.31489361702 1.31489361702
3368 2.1955654102 2.1955654102
3374 1.0 1.0
3381 1.07373271889 1.07373271889
3385 3.13170300626 4.14721396212
3389 2.37341445298 2.37347757268
3395 2.06875535185 2.79970533104
3398 7.05118177181 7.05118177181
3399 1.80865603645 1.80865603645
3409 0.7853125 0.7853125
3410 3.88962472406 3.88962472406
3412 0.0 0.0
3413 1.25848109133 1.35357075289
3418 3.0 3.0
3423 3.53330673738 4.0385545985
3426 0.864235298822 0.88530602613
3429 2.62640087276 3.29417207425
3431 1.75609756098 1.75609756098
3440 3.9254222988 5.00041298146
3450 2.0 2.0
3452 1.13668747834 1.66250552739
3464 11.0 11.0
3468 1.61075905292 1.72266402624
3478 1.40036767952 1.66567218098
3481 0.191951710262 0.191951710262
3486 1.94736184046 1.94736184046
3487 5.0 5.0
3488 0.0 0.0
3495 0.0223325062035 0.0223325062035
3502 1.77568065699 2.65315792799
3510 2.0 2.0
3514 10.5247524752 10.5247524752
3516 3.9723135916 4.87810303483
3517 2.258559154 2.29158951136
3522 5.94968681917 5.94968681917
3523 1.88154154175 2.54640992051
3545 0.501451101827 0.636102686668
3554 0.0 0.0
3565 1.0 1.0
3571 2.21771058315 2.21771058315
3573 2.44395323706 2.44395323706
3578 1.92631578947 1.92631578947
3580 2.96937111816 3.34601227776
3583 1.89775933793 2.10008678259
3587 1.00881834215 1.00881834215
3594 6.0 6.0
3595 2.63568136252 3.27609269672
3597 2.55845942228 2.55845942228
3604 2.0 2.0
3607 3.0 5.19615242271
3608 5.17681845062 5.17681845062
3614 6.25988445169 6.26504458453
3619 0.579210069444 0.579210069444
3632 1.81378223315 2.05914128167
3636 2.49302213667 2.90590338355
3657 0.944706418157 1.07600992968
3661 2.04986952756 2.08668233908
3679 4.85750315259 4.85750315259
3683 1.3552238806 1.3552238806
3709 5.38575560376 5.56117631592
3719 2.24423955769 3.20153999215
3722 2.1517571885 2.1517571885
3728 4.5 6.36396103068
3729 3.50881776617 3.50881776617
3730 4.47292330311 4.47292330311
3735 1.51826869028 1.51826869028
3736 3.76389505476 4.14353306666
3738 0.421853388658 0.421853388658
3750 4.96447467876 4.96447467876
3755 2.76465274481 4.04106358616
3758 1.70308261344 1.91948730124
3760 0.721571906355 0.721571906355
3783 0.0520833333333 0.0520833333333
3802 0.56645113023 0.56645113023
3810 2.0 2.0
3814 1.48403361345 1.48403361345
3828 3.2380952381 3.2380952381
3831 2.8641357726 3.28181410348
3840 4.0218401487 5.0132772575
3843 2.36510517757 2.36510517757
3849 2.0 2.0
3852 5.0 5.0
3857 1.55194366311 1.66460183586
3864 9.53206650831 9.53206650831
3868 1.66833166833 1.66833166833
3874 2.1143187067 2.1143187067
3876 6.13337393423 6.13337393423
3879 2.0 2.0
3882 2.53603218076 3.74267333996
3889 1.94895081771 3.22049440299
3895 0.47723344682 0.52866771211
3902 3.31711105359 3.31711105359
3912 0.768058690745 0.802315974768
3913 2.21067495231 3.06252126774
3918 1.0 1.0
3924 5.08811748999 5.08811748999
3927 2.25314881123 3.36278130207
3936 1.50854605603 1.90057388212
3938 0.0 0.0
3953 1.85200134212 2.46930112945
3961 3.75 5.17204021639
3983 4.59951295107 4.59951295107
3985 0.637168141593 0.637168141593
3993 1.39153357138 1.85985219939
3994 2.05072463768 2.05072463768
3995 1.57625040843 1.65344302783
4004 2.16089781111 2.66127822754
4023 3.16374114173 3.71285441635
4046 0.0 0.0
4048 8.96310083079 9.06469352134
4050 3.63131313131 3.63131313131
4053 3.14682139253 3.14682139253
4064 1.55555555556 1.67774098562
4070 0.110632183908 0.110632183908
4075 1.21151862587 1.47702836378
4082 1.11044178087 1.71275588018
4091 2.18778304545 2.75915948795
4093 5.05285547786 5.48486124504
4105 1.0 1.0
4106 1.51750006521 1.53672470538
4113 2.0 2.82842712475
4141 2.35652173913 2.35652173913
4159 1.6843145002 1.6843145002
4161 0.0 0.0
4162 0.748325030064 0.748325030064
4172 2.00327838142 2.2375384373
4175 0.0 0.0
4179 0.958787878788 0.958787878788
4182 0.440366972477 0.440366972477
4186 0.0 0.0
4193 4.66666666667 4.69041575982
4195 2.99017802333 3.14985985864
4207 0.879933531916 1.04429262063
4210 0.120282689894 0.146493240712
4212 1.83635360623 1.93112640871
4219 0.586490939044 0.586490939044
4221 2.27600721587 2.27600721587
4227 5.60123686492 6.77912198766
4240 1.86416778729 2.71711970745
4252 0.68390386016 0.68390386016
4253 0.282789737663 0.339625742722
4260 1.27523012143 1.75864151739
4271 1.68176211543 1.89490581203
4274 2.02678027998 2.02678027998
4282 7.0 7.0
4296 2.56609379439 4.05340858961
4308 1.73032597959 1.73032597959
4315 0.933385933273 0.935759976873
4341 0.722931420879 0.984644624973
4349 7.0 7.0
4357 1.94530123155 1.94530123155
4362 4.74713656388 4.74713656388
4367 1.0 1.0
4382 2.20217410899 3.57359114434
4388 1.0 1.0
4395 1.57567243451 2.07144412526
4399 3.59801587302 3.59801587302
4416 9.37651707592 9.37651707592
4417 4.59566446748 4.59566446748
4420 0.0534300791557 0.0534300791557
4423 3.97382381077 4.52898058175
4426 2.37977980875 2.83652543528
4431 1.88936351986 1.88936351986
4433 3.64518976169 3.64518976169
4437 3.60181818182 3.60181818182
4444 2.2877200082 2.43771849334
4447 8.10564288482 8.15436387568
4456 1.77560240964 1.77560240964
4459 1.60182232346 1.60182232346
4461 0.817157340985 0.851349768126
4462 1.74595062798 1.74595062798
4474 1.49770642202 1.49770642202
4475 5.50962861073 5.50962861073
4498 1.5662270319 1.86977318353
4501 12.0 12.0
4508 0.0 0.0
4514 1.0 1.0
4523 0.0 0.0
4524 3.0 3.0
4525 0.834792761238 0.834792761238
4526 1.6267281106 1.6267281106
4531 2.55486635142 2.78510883751
4534 1.0 1.0
4538 1.41057110129 1.87235303499
4543 8.49796747967 8.62898359344
4546 5.19245773732 5.19245773732
4550 1.55336882833 2.07856808487
4553 5.33333333333 5.59761854125
4558 1.33527357392 1.49158195844
4565 0.0 0.0
4569 0.817674723784 0.884967011462
4570 1.05316824472 1.05316824472
4582 2.06412925732 2.64873104616
4592 4.80650684932 5.13478091929
4593 4.76142346503 5.39653449648
4595 2.85119497394 2.97768999684
4602 1.30300668787 1.96517152838
4606 2.39612583318 2.74671673312
4613 2.86314138136 3.32825336627
4616 3.71861777151 3.71861777151
4619 1.1082522834 1.38004006326
4624 7.51645856981 7.51645856981
4629 1.47179946384 1.53344378087
4636 1.52362204724 1.52362204724
4637 5.05326231691 5.05326231691
4644 1.33404255319 1.33404255319
4645 1.12846059742 1.24851424221
4651 0.801209677419 0.801209677419
4656 3.68791390728 3.68791390728
4660 2.8731354191 3.35014190416
4665 5.75329466497 6.45824769299
4673 5.0 5.0
4675 1.8968334747 1.90986883877
4688 2.95107615166 3.51162666374
4698 1.0 1.0
4703 5.0 5.0
4709 3.63541192589 4.39599821535
4730 3.0 3.0
4740 2.76341024382 2.8218698592
4744 1.67162790698 1.67162790698
4748 2.70579566151 3.36184997856
4749 5.97536945813 5.97536945813
4760 1.50382327952 2.12132723429
4774 0.992911668484 0.992911668484
4781 1.35079284764 2.92646817231
4782 2.0 2.0
4790 2.83316625261 3.14945681945
4801 2.23667995651 2.23667995651
4802 0.938875332097 1.52492132193
4805 1.0 1.0
4806 3.0 3.0
4807 0.738998139963 0.895227031376
4810 1.96144278607 1.96144278607
4812 1.83619344774 1.83619344774
4813 1.0 1.0
4819 0.472506636329 0.472506636329
4820 4.98599766628 4.98599766628
4827 2.01484522104 2.2594319812
4828 1.43952483801 1.43952483801
4855 2.07607874554 2.82148931574
4861 7.90618715567 8.68536144134
4863 1.21430959545 1.4777396289
4871 6.5362308637 6.91695648446
4885 0.315410465675 0.315410465675
4894 1.13429295432 1.61730603779
4900 0.0 0.0
4910 6.0 6.0
4920 2.41442619738 3.91826986485
4929 6.0 6.0
4956 0.888326254416 1.05277885113
4960 3.54939893766 3.54939893766
4964 3.30358228881 4.03610884684
4966 3.59576492981 3.59576492981
4967 2.59434826265 3.20183150523
4971 0.0 0.0
4983 2.76734693878 3.89101850286
4988 0.389744056836 0.389744056836
4993 5.41766766767 5.41766766767
5003 1.9676764476 2.07568328246
5009 1.0 1.0
5026 1.60781991666 1.83494980962
5036 0.219594594595 0.219594594595
5045 3.45084269663 3.45084269663
5047 2.0 2.0
5062 1.0 1.0
5065 1.14557988646 1.41432675482
5066 0.947045848838 0.988144776647
5067 5.99973939825 6.74685955486
5069 4.04631881616 5.59363541137
5077 1.49499484004 1.83836089191
5078 2.0 2.0
5085 2.98471882641 2.98471882641
5086 1.65376623531 1.69142108609
5096 5.63807531381 5.63807531381
5099 4.33906464924 4.33906464924
5113 2.70994214626 3.09623320101
5121 1.69966138234 2.20408216123
5124 4.8049689441 4.8049689441
5131 2.02325581395 2.02325581395
5132 3.79281549071 4.073451817
5151 1.92673091414 2.30383342581
5154 1.43431416931 1.43431416931
5159 2.95848708487 2.95848708487
5167 2.99799347881 3.41506452394
5183 1.23065337899 1.9473201341
5191 6.10985465976 6.76798021751
5202 2.14909267686 2.27334217744
5204 2.24807826695 2.24807826695
5210 0.0 0.0
5217 2.52081312678 3.02701417514
5218 7.0 7.0
5219 2.52764570757 2.52764570757
5223 1.81056232547 2.08611340161
5228 3.00362488193 4.19154744108
5229 2.13997553985 2.70025538693
5233 1.51911639762 1.51911639762
5246 0.000861220472441 0.000861220472441
5251 2.56838835312 3.00939541413
5254 6.4274691358 6.4274691358
5271 4.35655737705 4.35655737705
5272 1.25805400208 1.73727236501
5280 0.68885092489 0.765406226778
5289 0.0337581811919 0.0337581811919
5291 1.52413925796 2.15792475772
5293 2.13205877146 2.13205877146
5294 3.38282210664 3.86580539336
5295 4.17321657411 4.17321657411
5300 4.5 6.36396103068
5310 2.68846513804 2.68846513804
5311 1.54023404166 2.17654743706
5321 0.971123666039 0.971123666039
5322 0.514358108108 0.514358108108
5325 8.05505404648 8.70473929425
5336 2.59042384526 2.59042384526
5344 1.4192249332 1.71602765129
5356 1.241595697 1.241595697
5361 0.367483296214 0.367483296214
5363 3.95680401057 4.8853414186
5367 0.0 0.0
5368 4.0 4.0
5371 4.39163893084 5.01511420285
5372 6.62369109948 6.62369109948
5374 10.0 10.0
5387 0.646376811594 0.646376811594
5404 0.90494419334 0.909922853565
5414 1.51472754132 1.51744720275
5421 0.544018058691 0.544018058691
5423 3.27035175879 3.9811678858
5424 3.11229946524 3.11229946524
5446 2.73553181103 2.73553181103
5454 7.0 7.0
5459 2.0 2.0
5462 3.98283931357 3.98283931357
5475 4.94483362522 4.94483362522
5477 4.46760999337 5.13541996321
5478 0.707864477939 0.712818992199
5481 5.0 5.0
5482 1.3064490335 1.63497370271
5484 3.20416850492 4.24157112468
5488 0.750932610553 1.05581930328
5492 0.997758967749 1.17956725126
5493 2.7716630461 2.7716630461
5496 0.377712031558 0.534165477701
5499 1.50718778077 1.50718778077
5506 1.11777263832 1.11777263832
5507 2.67752411361 3.00992796503
5512 1.06159869641 1.32129324366
5515 2.20453135755 2.99344020073
5518 3.42416666667 3.70852639947
5523 1.5725848564 1.5725848564
5545 0.307982401006 0.307982401006
5546 7.0 7.0
5554 2.4618380865 3.36603982525
5562 2.41803447389 3.33634698608
5565 0.00243902439025 0.00243902439025
5573 3.19760794303 5.27927515811
5575 0.466167070752 0.466167070752
5578 6.16570423297 6.27637069402
5581 0.0 0.0
5584 1.07506981386 1.38138069248
5608 3.14040916244 3.14040916244
5617 6.0770962296 6.0770962296
5633 6.89258896507 6.89258896507
5642 3.0 3.0
5646 1.63616427432 1.63616427432
5649 2.06248410596 2.34101338678
5652 0.909662045061 0.909662045061
5655 0.822215860292 0.822215860292
5659 3.26731412363 3.71969507439
5662 1.35484280674 1.66325159171
5669 2.45655877342 2.45655877342
5674 1.71553455175 2.03125415466
5683 0.2977827051 0.421128340192
5685 1.0 1.0
5687 4.0979811711 4.56038102607
5700 3.0 3.0
5702 9.0 9.0
5707 0.658465638044 0.737608695723
5720 4.0 4.0
5721 3.32968875706 4.94172594837
5724 3.01816506392 3.03646160155
5729 3.93110737074 5.09063085472
5736 1.62664473684 1.62664473684
5737 2.74800929257 2.90272255022
5740 1.04801670146 1.04801670146
5749 0.854698290781 0.855148961551
5763 2.73719981876 2.73719981876
5768 1.00952380952 1.00952380952
5772 3.06913292866 3.97489758828
5785 1.7545045045 1.90985944604
5786 2.05991604776 2.35217200923
5792 1.0 1.0
5799 4.44981132075 4.44981132075
5815 0.525234071706 0.525234071706
5816 1.0 1.0
5826 5.0 5.44671154612
5827 1.02968270215 1.02968270215
5837 2.3612074554 3.19643836418
5846 6.5 6.96419413859
5849 4.93960331281 6.79075684071
5851 2.07389813068 2.13118410879
5865 0.89915493805 1.11896087788
5870 5.83691690962 5.83691690962
5891 6.98208640674 6.98208640674
5892 1.4981791697 1.4981791697
5896 1.57312929311 1.85622357179
5897 3.36225728155 3.36225728155
5898 1.20699610581 1.20699610581
5911 8.53361198189 8.53361198189
5931 3.55877883237 4.24843999172
5933 1.92479761537 2.26589157552
5934 10.2401464946 10.3902687449
5936 2.07892199204 2.78310268314
5937 12.0 12.0
5941 0.218578192641 0.267702524173
5945 0.999091734787 0.999091734787
5948 2.95641792833 3.4758568728
5956 6.27953586498 6.52681534704
5957 3.30714285714 3.30714285714
5968 1.84085829236 1.84085829236
5969 2.0036865101 2.23772210091
5974 3.11973685632 5.10244734621
5976 6.0 6.0
5992 6.52983422106 6.91354249315
6004 2.39792899408 2.39792899408
6006 2.50605432165 3.39120822694
6013 4.03287671233 4.03287671233
6022 0.0249609984399 0.0249609984399
6026 0.216488956588 0.216488956588
6038 1.03682719547 1.03682719547
6040 5.21325301205 5.21325301205
6041 1.59884036955 1.84107685905
6043 1.76170141611 2.3510674198
6045 1.92157953281 1.92317905318
6055 1.00029180041 1.00029180041
6061 3.0 3.0
6063 7.43740236554 7.43740236554
6065 0.658217821782 0.658217821782
6071 1.71813285458 1.71813285458
6077 0.447795823666 0.447795823666
6091 7.37822823396 8.02102378377
6099 0.158959537572 0.224802733903
6103 0.81500317864 0.81500317864
6107 3.47312702005 4.30771088857
6115 1.0 1.0
6120 3.66524737631 5.24235401378
6124 7.11843922652 7.11843922652
6148 2.0 2.0
6150 2.06300999535 2.45265707248
6154 0.572043275141 0.572043275141
6168 1.45649108073 1.68380135323
6183 0.0 0.0
6194 5.16301199676 6.58000419313
6201 5.01785714286 5.01785714286
6202 2.73748413607 3.75211125283
6228 3.42546508819 3.42546508819
6234 0.711761517615 0.711761517615
6240 3.21022466758 3.77090164741
6269 0.958851674641 0.958851674641
6277 0.0 0.0
6280 7.5 7.64852927039
6283 1.39854044824 1.52569036428
6285 2.67269205939 2.67269205939
6287 0.724089635854 1.0240173834
6290 2.9800684834 3.14879133562
6297 0.588288288288 0.718045711426
6299 1.64953530306 2.02971484551
6303 4.66693354684 4.66693354684
6325 1.28974626958 1.54057868069
6328 2.07209522421 2.98776848829
6343 2.07595777149 2.30672150165
6346 2.0 2.0
6349 12.0 12.0
6372 9.76692254013 9.76692254013
6375 0.200761783844 0.200761783844
6377 3.22138131732 3.97041339493
6378 3.85368769985 4.1857009099
6379 0.715731758752 0.715731758752
6384 3.47362227888 3.47362227888
6386 0.512716620275 0.870912865714
6397 12.0 12.0
6400 7.31413612565 7.31413612565
6403 5.0 5.0
6404 1.37203690561 1.42158247368
6411 4.48778004073 5.14309428435
6418 0.785451561855 0.935241312766
6419 1.77540500736 1.78955465155
6421 1.18165304269 1.18165304269
6431 3.58237547893 3.58237547893
6435 6.82298046078 6.82298046078
6440 1.0 1.0
6444 1.0 1.0
6450 2.11991853327 2.64929439565
6454 1.67677111717 1.67677111717
6455 0.954109730757 1.06895463542
6456 2.47452176865 2.64301765473
6458 2.0 2.0
6463 0.901489970218 0.959540828723
6470 1.57229937829 2.516653877
6476 3.79576587796 3.79576587796
6484 1.88650631338 2.52998125238
6488 4.0 4.0
6497 0.429429429429 0.429429429429
6517 3.27652047523 3.3826042992
6521 2.37731340184 2.59319073054
6526 0.106243154436 0.106243154436
6530 0.0 0.0
6533 1.50348850644 1.6596697451
6538 2.80603842635 3.56192630985
6549 1.50172119908 1.91344407007
6560 2.3998247943 3.0108039914
6562 1.64883086241 2.306003237
6564 4.72732394366 4.72732394366
6574 0.777683061548 0.980150223613
6583 1.0 1.0
6595 1.1584451499 1.15845010702
6615 1.3609939053 1.3609939053
6619 0.0 0.0
6631 3.60401367435 4.20599586691
6640 1.0 1.41421356237
6644 1.72546061755 2.1707742956
6651 2.63838307112 2.67249616698
6657 3.33013544018 3.33013544018
6680 0.860660660661 0.860660660661
6689 6.32104454685 6.32104454685
6697 1.18783086947 1.22778037354
6704 5.9626320065 5.9626320065
6716 2.52656949634 3.77812435211
6732 1.62105825762 1.62105825762
6736 2.2506172978 2.64508112318
6737 2.62871355211 4.10738346349
6738 0.504140786749 0.504140786749
6740 2.05344418052 2.90400860967
6748 2.33452162085 3.07249533771
6766 3.54185264226 4.86449064753
6770 5.56222222222 5.56222222222
6775 1.77409162717 1.77409162717
6779 2.34957502101 2.52543517845
6780 2.0 2.0
6800 1.69843168773 2.62925576591
6809 1.0 1.0
6816 6.27762334955 6.27762334955
6823 1.07863039534 1.2483452993
6826 2.0 2.0
6829 2.14591942149 2.43271483821
6830 3.81452750353 4.22411294075
6838 4.94471658502 4.94471658502
6839 2.51304509168 3.18780515136
6844 3.14007372301 3.14007372301
6854 2.43215386242 2.9213299817
6863 1.11502218998 1.17116130488
6872 2.71030955072 3.69737929725
6878 4.22693726937 4.29704836658
6883 0.936509399189 0.936509399189
6887 3.0 3.0
6889 0.0664492078285 0.0664492078285
6895 1.74016558175 3.21349980089
6902 5.0 5.0
6917 3.11243243243 3.11243243243
6921 0.751520095277 0.934835627204
6940 3.88444130885 4.48410480771
6948 0.0446389876051 0.0446389876051
6955 0.360779342174 0.501843902618
6968 3.53697183099 3.53697183099
6971 0.745551601423 0.787776096314
6975 3.66666666667 6.35085296109
6980 0.112371313907 0.112371313907
6993 0.46491654513 0.46491654513
7001 1.04944080422 1.17558745801
7005 12.0 12.0
7006 2.0689174225 3.06859907014
7011 1.28058676654 1.28058676654
7012 3.28270068705 3.36045533174
7013 3.86774513978 3.86774513978
7030 0.877586406383 1.02545437101
7043 1.58378378378 1.6879498156
7045 2.51759480697 2.51759480697
7052 4.92539060806 5.13674994238
7060 0.0 0.0
7063 1.27655310621 1.27655310621
7074 0.534161490683 0.534161490683
7079 4.0 4.0
7080 3.75782552091 4.66032512789
7081 1.05787304204 1.05787304204
7088 1.5141509434 1.5141509434
7094 0.742273679272 0.80957104775
7095 1.98517673888 1.98517673888
7099 5.62542759407 5.62542759407
7109 1.03810656636 1.04588604324
7112 3.09490616622 3.09490616622
7113 3.56349626926 4.76929561368
7119 1.50186044003 2.06155952858
7121 1.15211015525 1.4487877164
7125 1.0 1.0
7129 1.41143984221 1.41143984221
7130 1.13606535998 1.54280902359
7134 2.10097709221 2.14176037337
7135 0.23147510897 0.23147510897
7137 0.243150684932 0.243150684932
7142 3.50101265358 5.57336602552
7159 1.22010510247 1.616592781
7163 4.5138381201 4.53994360625
7166 1.64490263459 1.90382762397
7168 2.31184156351 2.607603985
7171 6.51312500006 7.75947999775
7176 2.19595124439 3.63936359479
7177 0.434558349452 0.434558349452
7178 0.91465929647 1.23270526253
7181 2.35471608458 2.35471608458
7203 0.283697047497 0.283697047497
7215 2.0 2.2360679775
7222 3.38604240283 3.38604240283
7226 1.2028749893 1.2028749893
7234 4.21938936103 4.21938936103
7251 0.210070160957 0.297084070676
7262 1.343866171 1.38716265417
7263 2.78090720427 2.78090720427
7272 7.81375614113 7.81375614113
7278 3.36122047244 3.36122047244
7290 3.37732621696 4.43016687443
7293 1.48025276461 1.48025276461
7297 0.0 0.0
7304 2.97156754327 3.20847447104
7310 1.78291628089 2.38479596732
7320 3.21450888799 3.95463831691
7326 0.775100401606 0.775100401606
7328 1.49484197862 2.05885113929
7334 12.0 12.0
7335 1.0 1.0
7339 0.907907495253 0.915488271159
7342 6.61291224148 6.61291224148
7351 2.94893538122 4.4736392472
7355 7.0 7.0
7356 1.26611418048 1.46343210095
7357 7.0 7.0
7382 1.11837509401 1.16288482715
7385 5.0 5.0
7387 2.36177020089 2.79712151644
7389 5.40678503488 5.58680307043
7398 3.0 3.0
7407 1.94292929293 1.94292929293
7411 3.0 3.0
7413 0.417197924388 0.417197924388
7414 2.53889789303 2.53889789303
7420 1.34566527585 1.38935219349
7431 3.75333321062 4.70188366229
7436 2.10203873003 2.10863187302
7437 2.34973067455 3.12103297938
7442 2.36621617181 2.5801219592
7446 0.0228384991843 0.0228384991843
7450 1.23333333333 1.23333333333
7453 0.73420332186 0.816161283858
7459 0.9763130793 0.9763130793
7465 1.1390463637 1.57863498077
7466 1.33776042232 1.64084314482
7474 2.81475157525 2.94881813012
7484 1.34409864944 1.34409864944
7491 6.0 6.0
7493 3.72352271677 4.15474145801
7504 1.0 1.0
7513 2.28983737294 2.72829078874
7515 1.0 1.0
7518 1.75083295897 2.20069102893
7525 3.0 3.0
7538 0.0 0.0
7543 4.9815498155 4.9815498155
7547 2.75069166923 2.75069166923
7553 4.41715697992 4.7409309547
7557 3.33803501946 3.33803501946
7561 3.09255079007 3.09255079007
7562 4.86805937328 4.86805937328
7564 0.896743114462 0.896743114462
7568 0.773325677598 0.796872555194
7574 4.28566463567 5.10180171787
7578 6.77009222661 6.77009222661
7580 0.238048299655 0.238048299655
7587 2.0 2.0
7591 3.48764029181 3.99790125091
7600 5.39079257128 5.98904065378
7608 3.00326264274 3.00326264274
7611 5.63257575758 5.63257575758
7621 0.742426806566 0.742426806566
7632 2.83277470763 3.35405392039
2.40518889802 3.33033342922