5 0.498685386759 0.498685386759
6 0.383837322642 0.466390168111
9 0.5 1.0
14 1.0 1.0
15 1.81932972912 2.40576333053
22 1.29182860873 1.38641930068
25 1.18761151122 1.20233904566
35 0.61552738107 0.811401042743
55 0.0 0.0
68 0.0 0.0
69 2.16987059593 2.58389766249
76 1.60439499061 2.10228450639
81 2.0 2.0
83 7.5 8.27647267862
85 1.0 1.0
89 12.0 12.0
95 2.0 2.0
97 2.48731574479 2.48731574479
122 2.58986647972 2.65619104107
136 2.30327505072 2.30327505072
151 6.0 6.0
161 2.18914861517 2.61415320264
171 1.06614335256 1.29017036045
172 2.37336207744 2.40255006015
189 3.51880848263 3.51880848263
196 9.0 9.0
234 1.963319418 1.963319418
243 2.0 2.0
276 7.66154919016 7.77795916524
291 2.0 2.0
299 0.0119169132086 0.0119169132086
304 1.0 1.0
316 0.837434464875 0.858153847375
323 4.98340669322 4.98340669322
331 2.5 3.53553390593
342 7.0 7.0
347 7.0 7.0
348 2.02613149368 2.73911142888
365 2.11158021288 2.42013974263
369 1.12670150586 1.70805074585
370 3.89974107042 3.89974107042
380 4.16579408155 4.24849853998
381 0.574428178076 0.574428178076
384 0.443070929115 0.626596917048
393 1.0 1.0
405 3.0 3.0
410 1.50980328083 1.50980328083
420 4.98424774218 5.80934248793
427 1.49610396357 1.49610396357
431 5.51688491989 6.049948737
433 3.08562263256 3.56877907268
445 1.49541291418 1.49541291418
452 1.10412989795 1.35101594254
475 1.0 1.0
476 0.676319779228 0.676319779228
485 1.57611421893 2.22094412578
493 1.75562349188 1.91132956518
509 0.942297447672 1.00225278577
517 3.21157531005 3.72033821997
520 0.0 0.0
523 1.82546125609 1.82546125609
524 1.74616309383 1.74616309383
531 3.5 4.74341649025
532 2.72031813408 3.00627949941
538 1.0 1.0
544 1.29498563566 1.84313975037
550 2.85558949197 2.85558949197
555 0.070819072897 0.100153293366
566 1.63556670838 1.67567600735
569 0.784254383723 0.784254383723
579 2.8679028296 3.42256155837
590 0.0 0.0
591 0.0 0.0
594 0.50983343671 0.50983343671
599 0.333333333333 0.333333333333
617 0.999576637144 0.999576637144
625 5.0 5.0
626 8.21299892217 8.21299892217
643 12.0 12.0
649 1.0 1.0
650 4.0 4.0
659 2.50685212062 4.05217167152
676 1.99712839981 2.58511183329
683 3.5 3.53553390593
684 0.854130533262 0.878689234317
687 1.0 1.0
689 1.5 2.12132034356
691 6.0 6.0
714 0.681974855066 0.681974855066
723 5.52083159737 5.52083159737
725 1.02741061095 1.02741061095
745 2.25051887786 2.81374125185
767 2.0 2.0
777 1.09983981885 1.35374769817
779 2.0 2.0
783 0.0 0.0
785 2.81014846451 2.81014846451
806 0.892249875168 0.892249875168
810 1.90405278298 2.54185060549
814 4.0 4.0
817 4.1251762535 5.56333041626
831 1.0 1.0
848 2.6828898712 2.6828898712
853 7.49177535585 7.75486646435
878 1.0 1.0
881 2.0 2.0
888 0.972308118337 0.972308118337
924 1.6793745718 2.2520570021
928 0.408345441675 0.408345441675
936 0.493981878232 0.493981878232
950 2.52136333775 3.2100035307
954 2.82509234897 2.82509234897
961 4.9813890231 4.9813890231
986 0.844660541623 1.01289807014
988 1.0 1.0
1013 1.01405950686 1.01405950686
1037 2.0 2.0
1040 2.0 2.0
1041 0.998851327908 1.40870095297
1051 0.757450139466 0.757450139466
1053 0.557678295271 0.768209332543
1056 6.0 6.0
1069 1.0 1.0
1070 0.908720383277 1.3604526794
1073 2.34024622359 2.36227763453
1074 1.62481935098 1.62481935098
1077 1.65541346775 1.65541346775
1079 1.30799576806 1.90332152108
1088 7.49298189709 7.89681812183
1103 3.47276747783 3.47276747783
1129 0.0328896726428 0.0328896726428
1145 1.86127059972 1.86127059972
1148 12.0 12.0
1154 3.0 3.0
1165 3.60933301776 3.63041396043
1166 3.0 3.0
1181 1.66231996953 1.66231996953
1193 0.769534541601 0.809972221202
1211 1.03106948056 1.03106948056
1216 1.37689246682 1.51463052566
1219 2.93521246208 3.62105269703
1221 0.0936079165552 0.0936079165552
1226 1.22716094497 1.22716094497
1234 0.836375461666 1.20034931715
1239 0.669034040468 0.669034040468
1244 4.0 4.0
1261 1.0 1.0
1266 1.60331436903 1.6252141036
1267 1.57298655837 1.82192018462
1283 12.0 12.0
1284 5.0 5.0
1285 4.0 4.0
1287 3.48719967728 3.79108486707
1289 0.0 0.0
1292 2.48987649322 2.91203673693
1297 3.31807279403 3.33652036696
1308 3.0 3.0
1312 1.5 1.58113883008
1313 1.84103906565 2.12221695404
1330 2.25862054465 2.8519763625
1345 3.52745779163 3.52745779163
1365 2.00328122188 2.60769128389
1369 2.0 2.0
1374 2.5419471177 2.59907711074
1384 8.95358317693 8.95358317693
1387 4.0 4.0
1389 1.7266705272 3.1591297873
1391 0.613333975925 0.729981225316
1413 7.20738384195 7.20738384195
1422 1.58391750324 1.58391750324
1426 8.47237370314 8.47237370314
1434 0.251832817701 0.251832817701
1437 0.40235137151 0.496489932782
1438 5.11083188129 5.38803240051
1455 10.1428571429 10.1428571429
1458 1.43191312502 1.79136108063
1461 1.69525919477 1.69525919477
1479 7.4932353577 7.75618238303
1480 0.47872481548 0.504010975718
1482 0.0 0.0
1483 3.04735521144 3.04735521144
1499 0.311475898452 0.311475898452
1512 0.85570768414 0.973175172721
1513 0.870921843173 1.12481542102
1518 1.0 1.0
1545 1.25594387789 1.48869301097
1547 4.21540978853 4.21540978853
1585 1.03558038512 1.03558038512
1597 7.71035542851 7.71579385493
1598 1.0 1.0
1599 2.22880589571 2.63841173747
1602 1.8279716068 2.33517019725
1605 2.7131543022 3.079378121
1609 0.525040911128 0.702216461792
1622 1.48266007425 1.92014499885
1628 3.66391347074 3.93986106904
1629 2.42057728964 2.42057728964
1631 2.14028695288 2.41320181525
1638 4.0 4.0
1651 3.70163303582 3.71363837458
1653 1.33353150304 1.632993234
1662 9.0 9.0
1674 2.0 2.2360679775
1678 0.26783396685 0.26783396685
1684 2.61506621819 2.79590430238
1691 10.0161470768 10.0161470768
1718 1.56914247741 1.66917083427
1722 2.22821667151 2.5443006362
1731 1.37414189214 1.37414189214
1732 4.0 4.0
1754 4.25371548977 5.19812330986
1770 3.03483196367 3.0700651109
1792 2.92372095371 3.74658117995
1793 0.127000554981 0.127000554981
1797 1.0 1.0
1802 1.77445009775 2.13814651267
1806 2.0 2.0
1807 2.43097071953 2.43097071953
1809 2.75075426576 2.75075426576
1811 0.975396187288 0.975396187288
1817 3.53130478337 3.53130478337
1831 6.52609667617 6.52609667617
1832 3.0 3.0
1833 2.0 2.0
1836 0.497461971879 0.497461971879
1838 1.65423792011 1.65423792011
1847 2.0 2.0
1849 0.591520566143 0.761465163242
1853 3.0 3.0
1855 3.0 3.0
1859 2.0 2.0
1867 1.0 1.0
1888 3.0 3.0
1896 1.4033512738 1.4033512738
1899 2.38190383018 2.5694064934
1901 1.91586207026 2.49382238158
1902 1.07166486577 1.33159896119
1921 1.01377009755 1.01377009755
1924 1.30555482765 1.30555482765
1926 0.722873664766 0.722873664766
1946 0.0 0.0
1957 2.44578728827 2.98218925125
1959 3.0 3.0
1965 2.61142993576 3.6394664257
1966 4.0 4.0
1972 2.0 2.0
1984 1.56169287337 1.6175855209
1989 0.627194218166 0.627194218166
2005 1.7380819046 1.88830442593
2011 4.0 4.0
2023 3.10453175487 3.72781868942
2033 2.0 2.0
2040 1.0 1.0
2045 0.688514338286 0.688514338286
2069 4.04599502572 4.04599502572
2092 2.71564726058 2.71564726058
2096 0.622866955936 0.748338174991
2100 3.78539583376 4.25598888754
2103 2.05557124375 2.86204410725
2108 2.1357335454 2.86218679335
2115 2.26607081471 2.59576814164
2117 2.8173703544 2.8173703544
2142 0.0 0.0
2146 1.08138525006 1.08578746668
2151 0.450836364754 0.450836364754
2155 1.06597107689 1.06597107689
2183 1.16829622393 1.17068917186
2195 1.99948915215 1.99948928266
2204 6.0 6.0
2211 3.0 3.0
2242 3.11365457251 3.6929861426
2245 1.0 1.58113883008
2246 0.974872415605 1.11748357302
2250 1.53608920502 1.53608920502
2259 1.19402860192 1.19402860192
2262 1.05296482665 1.25048413068
2272 0.926211467756 0.929146075971
2278 2.14293923654 2.4655611296
2287 2.75728793795 2.75728793795
2289 1.0 1.0
2292 0.0 0.0
2299 1.5 1.58113883008
2319 1.10593942109 1.17628978537
2320 2.41773233417 3.27732187423
2332 2.29523825162 2.41377393915
2355 5.04387488346 5.04387488346
2358 3.92381687347 3.95450707205
2367 4.0 4.0
2386 1.66666666667 1.73205080757
2394 0.0 0.0
2402 4.84456495458 4.84456495458
2404 1.14003436022 1.14003436022
2409 2.18085064304 2.52104360104
2414 0.18875645797 0.18875645797
2422 3.5 4.30116263352
2428 3.02695655329 3.02695655329
2430 1.0 1.0
2431 1.0 1.0
2450 2.5 3.53553390593
2451 2.0 2.0
2475 5.98528126171 6.70165060659
2477 1.67994316529 1.74746524736
2478 0.539323633504 0.709290276476
2484 6.0 6.0
2494 1.5 1.58113883008
2499 4.86033382945 4.86033382945
2505 5.62278415716 5.62278415716
2506 1.88321143172 2.34458745684
2507 1.0 1.0
2508 2.0 2.0
2530 0.0 0.0
2537 1.31276403854 1.31276403854
2538 3.61934109757 3.61934109757
2539 2.48444467489 2.48444467489
2551 1.97927534252 2.3622690299
2554 4.0 4.0
2561 2.55197224836 3.02950173561
2562 3.67882663462 3.67882663462
2572 0.956001149099 1.19686558743
2584 2.0 2.0
2585 2.99090950411 2.99090950411
2587 3.0 3.0
2590 1.33333690017 1.33333690017
2609 1.00854664331 1.00854664331
2618 0.0 0.0
2627 1.5 2.12132034356
2636 1.0 1.0
2645 2.0 2.0
2669 1.4295376742 1.83333007365
2679 0.994659063529 0.994659063529
2683 2.24129575396 2.59406908384
2685 1.75271558554 2.08699462928
2687 8.0 8.0
2690 1.0 1.41421356237
2699 0.882348970638 0.882348970638
2704 4.0 4.0
2715 1.99625479386 2.23439872021
2716 9.81856332625 9.81856332625
2721 2.36425901531 2.50918679343
2733 4.51767632131 4.51767632131
2739 1.18836109366 1.75372152764
2758 4.97922910299 4.97922910299
2761 3.0 3.0
2764 1.1253652226 1.56493137602
2765 2.00256299089 2.62495895196
2771 2.55427308162 2.69230416749
2772 1.15696495951 1.4315292512
2777 0.826955221772 0.826955221772
2788 2.26524000154 2.26524000154
2800 0.5 0.707106781187
2803 2.02714131897 2.36389156525
2806 4.66210689028 4.66210689028
2838 1.3386596132 1.34676772535
2850 4.51326224769 4.51326224769
2857 7.50115901236 7.76367506471
2860 2.75558158749 2.75558158749
2861 1.0 1.0
2883 0.497858718229 0.497858718229
2890 0.240825898489 0.240825898489
2895 3.6779321816 3.6779321816
2899 1.82909348993 2.38566506883
2907 3.0 3.0
2913 1.60542806427 2.17313623055
2928 2.03544116589 2.90216630525
2935 0.160341928906 0.160341928906
2961 2.16666666667 3.47610893577
2964 2.0 2.0
2966 0.0 0.0
2976 1.01316363417 1.28612124743
2977 1.57572761819 2.1206749145
2981 2.23879743402 2.23879743402
2987 4.0 4.0
3000 2.60713144826 3.69649230257
3011 1.09656445141 1.5507763192
3045 1.88766787297 2.23269806226
3051 3.85758586617 4.94458146681
3052 0.711610196999 0.711610196999
3064 1.43620877496 1.43620877496
3079 2.49454558677 2.54309516572
3092 1.79223333241 1.79223333241
3097 1.64594571256 1.64594571256
3102 0.144272190787 0.144272190787
3110 1.32739989957 1.83325717713
3115 3.38104074248 3.74866183855
3116 0.0 0.0
3118 0.24393424724 0.24393424724
3127 2.32159766267 2.32159766267
3128 0.32938908634 0.32938908634
3129 2.0 2.2360679775
3138 2.36092660411 2.36092660411
3139 5.0 5.0
3150 0.991666840274 1.40242869487
3165 1.21277887155 1.21561784393
3169 2.19093993832 2.48511722896
3186 2.18636672403 2.74745089077
3187 1.00953533879 1.42769856782
3193 2.99709028835 2.99709028835
3203 2.0 2.0
3212 2.03159507749 2.03159507749
3219 3.70648366613 4.34024775554
3224 4.71926838027 4.71926838027
3225 5.5 5.52268050859
3231 2.03003149248 2.03003149248
3242 0.771914252972 1.09165160554
3243 0.36806432434 0.36806432434
3244 1.23733297554 1.26181293601
3245 1.06392669347 1.28611413417
3252 1.05095781771 2.05571568848
3277 1.03839163062 1.03839163062
3278 0.534261228895 0.534286310599
3284 0.465200510589 0.655369165002
3290 0.0105854830685 0.0105854830685
3293 0.804495759681 0.804495759681
3294 2.72170683811 2.74761957228
3296 2.00859354859 2.00859354859
3300 4.60964153109 4.64978040789
3321 1.47077290777 2.14910750161
3328 6.0 6.0
3341 1.06567237263 1.31290471405
3345 1.29440857694 1.83057016476
3347 1.0 1.0
3352 0.0 0.0
3353 1.0 1.0
3366 1.0 1.0
3368 2.19034327381 2.19034327381
3381 0.0135011070908 0.0135011070908
3385 5.10321180874 5.52155558083
3389 1.80919777823 1.82323354206
3395 2.05712257358 2.59988538774
3398 6.52393211042 6.52393211042
3399 1.01515074996 1.01515074996
3409 1.94736920135 1.94736920135
3410 2.5 2.5
3413 0.748344443954 0.789525126697
3418 3.0 3.0
3423 2.52530259152 3.52758981765
3426 0.875471413319 0.875471413319
3429 3.60494227552 4.2377658789
3440 2.27200298402 2.27200298402
3450 2.0 2.0
3452 0.904110976829 1.12732971539
3468 1.62534673342 1.7414966382
3478 1.92600293538 2.49401850129
3481 0.370721051173 0.370721051173
3486 2.44755408302 2.44755408302
3488 0.0 0.0
3495 1.0 1.0
3502 1.78930103723 2.72936344416
3510 2.0 2.0
3514 10.8132226722 10.8132226722
3516 1.0 1.0
3517 2.32637208293 2.37171763523
3522 7.81381251443 7.81381251443
3523 2.5401893901 3.08264258084
3545 1.03794872234 1.04013818128
3565 1.0 1.0
3571 0.0176054013371 0.0176054013371
3573 1.92775633705 1.92775633705
3580 2.70081430476 2.70081430476
3583 0.231626653601 0.32756955493
3594 6.0 6.0
3595 1.0879926136 1.14814482083
3608 7.0 7.0
3614 5.0 5.38516480713
3619 0.245694607705 0.245694607705
3632 1.98330250754 2.32485470741
3636 3.96189644196 3.96189644196
3657 2.10293671543 2.18900073793
3661 2.64127378276 2.97026330969
3679 4.60338323136 4.60338323136
3683 3.0 3.0
3709 3.0 3.0
3719 3.99419096778 5.35305051693
3722 1.43083772802 1.43083772802
3728 0.0 0.0
3735 0.0 0.0
3736 2.68064520897 2.8615126962
3738 0.500777580791 0.500777580791
3755 2.20737233264 3.06399260132
3758 0.87391533751 0.87391533751
3783 1.0 1.0
3802 1.19323605532 1.19323605532
3814 3.0 3.0
3831 2.0 2.0
3840 4.0 4.0
3843 1.24140794398 1.24140794398
3857 0.783785139029 0.834135206657
3864 8.0 8.0
3874 2.16730980513 2.16730980513
3876 7.09719613851 7.09719613851
3889 2.41545014385 2.88880557395
3895 1.84133698677 1.8481601258
3902 2.0 2.0
3912 1.0 1.0
3913 0.877294563127 0.97622877295
3924 7.0 7.0
3927 1.38914690195 1.49979461007
3936 1.0 1.0
3953 2.66074919993 2.97878817817
3983 1.0 1.0
3985 0.0 0.0
3993 1.20956424753 1.39447511521
3994 3.0 3.0
3995 1.5261916278 1.61485665938
4004 0.864735840028 1.09173061373
4023 2.25559942604 3.21333545936
4048 9.48221371994 9.81079124142
4050 2.0 2.0
4053 3.31813518751 3.31813518751
4064 0.533005720992 0.533005720992
4075 1.5 1.87082869339
4082 0.849971490084 1.02063017513
4091 3.83167827689 4.76446852035
4093 6.73544620236 7.71840032788
4105 1.0 1.0
4106 3.26034154062 3.4954667443
4113 4.0 4.0
4159 3.0 3.0
4162 1.01848635449 1.01848635449
4172 1.76190451273 2.15341309264
4179 3.0 3.0
4182 0.0 0.0
4193 5.0 5.0
4195 3.97111965488 3.97111965488
4207 0.605432575853 0.722656250303
4210 3.23535969887 3.32219185813
4212 1.89862832376 1.90133261911
4219 0.0 0.0
4221 5.0 5.0
4227 9.31538863572 9.69890186603
4240 1.4686853578 1.9128507244
4252 1.0 1.0
4253 1.19242084305 1.6863377283
4260 1.60261388562 1.64942752189
4271 3.38574630098 3.51726030289
4296 1.35035796529 1.49849971895
4308 1.5837594271 1.5837594271
4315 2.00615375148 2.00615375148
4341 0.666666666667 0.816496580928
4349 7.0 7.0
4357 2.23794546006 2.23794546006
4382 2.06275985028 2.38488495554
4395 0.983428192912 1.51664599992
4416 11.3301060843 11.3301060843
4417 5.0 5.0
4420 0.221786634487 0.221786634487
4423 3.69668870084 4.95755714945
4426 4.0 4.0
4431 0.0219687230476 0.0219687230476
4433 3.0 3.0
4437 3.0 3.0
4444 1.60259757753 2.01061729586
4447 7.03831335446 7.04964553755
4459 1.31860516494 1.31860516494
4461 0.660790380723 0.660790380723
4462 2.60252308711 2.60252308711
4474 1.0 1.0
4498 2.15390769017 2.44352640567
4514 1.0 1.0
4525 0.847833720716 0.847833720716
4531 4.33333333333 4.50924975282
4538 1.0 1.0
4543 7.0 7.0
4546 4.0 4.0
4550 1.96649230618 2.30841197873
4558 2.0 2.0
4569 0.124621185366 0.176240970504
4570 2.0 2.0
4582 2.33333333333 2.88675134595
4592 3.13531140332 3.13822987872
4593 5.52347362738 5.52347362738
4595 2.65344942777 2.67598414884
4602 1.35307986683 2.30965432697
4606 2.13681687669 2.47043378572
4613 2.4384563402 2.4384563402
4616 3.0 3.0
4619 1.63485355134 1.84723369836
4629 2.48471483743 2.48471522128
4644 2.0 2.0
4645 0.513002056689 0.707345818505
4651 0.912434325744 0.912434325744
4656 8.0 8.0
4660 3.20309061056 3.42183406858
4665 4.68506964 5.69838902042
4675 0.117920665597 0.117920665597
4688 4.15370770266 4.88355072874
4709 3.99978317809 4.41578225238
4748 1.5865155091 1.75547160081
4749 1.0 1.0
4781 1.60685323976 3.83105866638
4790 2.5 2.91547594742
4802 1.17387665085 1.75334110709
4807 1.3223668411 1.80231731466
4810 1.51607085461 1.51607085461
4812 1.0 1.0
4819 1.02128871698 1.02128871698
4827 3.12772668857 3.18405908778
4828 0.0337629838534 0.0337629838534
4855 0.518843747645 0.733755864671
4861 6.8 8.17312669668
4863 1.64730338664 1.64730338664
4871 7.0 7.28010988928
4885 0.555308510874 0.555308510874
4894 1.70887219449 1.70887219449
4900 0.0 0.0
4910 6.0 6.0
4920 2.0603929136 2.32885590384
4956 1.25 1.32287565553
4960 3.25378649121 3.25378649121
4964 2.73108772486 3.74839825051
4966 4.0 4.0
4967 2.39540328424 2.86515423686
4983 2.0 2.2360679775
4988 0.155292273703 0.155292273703
4993 3.30674490038 3.30674490038
5003 1.90140217566 2.07399131199
5026 2.56401089801 3.13469345921
5036 1.0 1.0
5065 1.0 1.41421356237
5066 2.45414008572 2.73672906531
5067 1.0 1.0
5069 7.5 8.27647267862
5077 1.5 1.65831239518
5085 3.0 3.0
5096 6.55075374714 6.55075374714
5099 1.98272579308 1.98272579308
5113 2.33430322423 2.62650134372
5121 1.90252460463 2.6501414603
5124 6.51345699971 6.51345699971
5132 3.28492228834 3.29725569994
5151 1.76359307862 2.22190128768
5154 0.484716399898 0.484716399898
5183 2.24333926103 3.12657926352
5202 2.24837401018 2.24837401018
5204 2.0 2.0
5217 2.69001551435 2.77710368505
5219 1.36937633391 1.36937633391
5223 2.35446585936 3.16531734614
5228 1.12762809941 1.30117212487
5229 1.93466066415 2.10193173289
5233 2.0 2.0
5246 0.861363416689 0.861363416689
5251 2.93929167393 2.93929167393
5254 7.24316937316 7.24316937316
5272 2.40255226047 4.05109665237
5280 1.0 1.0
5291 1.16734137587 1.32313116315
5293 2.65596106886 2.65596106886
5294 2.71428571429 3.52541790836
5295 2.68769649748 2.68769649748
5310 4.21397504341 4.21397504341
5311 1.13029192935 1.71886852428
5321 3.0 3.0
5325 10.1060608794 10.2098956758
5336 1.99305285957 1.99305285957
5344 1.11276683696 1.38921120314
5356 0.306667047614 0.306667047614
5361 4.0 4.0
5363 6.25784739287 6.30170171341
5371 4.03170534378 5.46296161551
5372 6.81321791602 6.81321791602
5387 0.324184179877 0.324184179877
5404 0.102941353731 0.102941353731
5414 1.00206620719 1.11979759329
5421 1.0 1.0
5446 3.16803951371 3.16803951371
5462 3.0 3.0
5475 6.0 6.0
5477 4.73915608978 5.25081094972
5478 1.70129600291 1.70129600291
5482 2.0 2.0
5484 6.50739459853 6.50739459853
5488 1.24071197131 1.44068488343
5492 1.19286335362 1.33351246195
5493 3.11580722692 3.11580722692
5496 0.5 0.707106781187
5499 0.991444170539 0.991444170539
5506 1.57069171428 1.57069171428
5507 3.12367496514 3.79976725581
5512 0.969710051872 1.22933063498
5515 1.49903469148 2.21427386366
5518 3.38800039999 3.38800039999
5523 2.0 2.0
5545 2.0 2.0
5554 3.76035731853 4.37532402573
5562 1.33333333333 1.41421356237
5573 4.0 6.92820323028
5575 0.857388306311 0.857388306311
5578 2.0 2.0
5581 0.0 0.0
5584 1.20510872044 1.6466236646
5608 4.0 4.0
5633 6.97301017516 6.97301017516
5646 1.36912703633 1.36912703633
5649 2.0 2.0
5652 3.41115137367 3.41115137367
5655 0.895900695573 0.895900695573
5659 5.77291195699 5.77291195699
5662 1.96467513528 2.2780107636
5669 1.4957082466 1.4957082466
5674 1.41463404621 1.70955067187
5683 1.0 1.0
5687 5.25107108582 5.54112851971
5707 0.732030519471 0.776443325075
5721 0.998613056684 0.998614019826
5724 3.00273290891 3.00273415257
5729 2.81587405679 3.78887371163
5736 0.0 0.0
5737 5.0 5.38516480713
5740 2.0 2.0
5749 0.742864110211 0.744253808417
5763 0.0 0.0
5768 2.0 2.0
5772 3.94726670051 4.4934436633
5785 2.0 2.2360679775
5786 2.5 2.5495097568
5799 1.0 1.0
5815 2.0 2.0
5826 5.0 5.44671154612
5827 1.0 1.0
5837 1.38605915443 1.91162687666
5849 4.54043822081 6.96439584845
5851 0.0 0.0
5865 0.349051585505 0.442093039921
5870 3.56868653299 3.56868653299
5891 3.0 3.0
5896 1.29465491063 1.40901840924
5897 5.0 5.0
5898 0.341967297369 0.341967297369
5911 9.49244515872 9.49244515872
5931 2.55691714556 2.93603702532
5933 1.67956721226 1.74451929256
5936 1.0 1.0
5941 0.490561368959 0.693758541158
5948 2.12513702953 3.47087565731
5956 6.37039400538 8.50143419891
5968 2.8845571832 2.8845571832
5969 2.00158225345 2.23677659008
5974 0.173490602618 0.238749561593
5992 6.67259944825 6.78933208048
6004 0.206030034209 0.206030034209
6006 1.75 1.9364916731
6022 1.0 1.0
6026 0.759004836884 0.759004836884
6041 0.98289835463 1.18973897592
6043 1.93140243814 2.53617690578
6045 1.58601842228 1.58601842228
6055 0.0 0.0
6065 0.494781011231 0.494781011231
6077 0.211484529447 0.211484529447
6091 9.91953732505 9.99839307714
6103 0.0 0.0
6107 7.61922346297 7.62014462306
6115 1.0 1.0
6120 3.67280186987 5.60937123791
6124 8.0 8.0
6154 0.12359529521 0.12359529521
6168 1.98248747855 1.98248747855
6194 6.92777779181 8.50159391515
6201 2.0 2.0
6202 2.12033792273 2.15396373153
6228 1.0 1.0
6234 0.8305818259 0.8305818259
6240 1.55969971046 1.55969971046
6280 6.0 6.0
6283 1.25062655595 1.45795313405
6287 1.0 1.0
6290 2.70347121597 2.81040238346
6297 3.5 4.30116263352
6299 3.81215305622 4.05717526543
6325 1.0 1.0
6328 1.64779497469 2.96547947033
6343 1.09071961309 1.23797898876
6372 2.0 2.0
6375 0.516029107314 0.516029107314
6377 3.0 3.16227766017
6378 7.36037518699 8.09811437524
6379 0.447774125115 0.447774125115
6384 1.0 1.0
6386 0.75 1.11803398875
6404 2.22810978946 2.22810978946
6418 1.71004909229 1.73445652206
6419 2.0 2.0
6431 8.0 8.0
6435 6.93016198711 6.93016198711
6440 1.0 1.0
6450 2.39915601561 3.04083840061
6454 3.50493086921 3.50493086921
6455 0.71695593517 0.71695593517
6456 2.25367629038 2.26790839368
6463 0.93645877108 0.945042317054
6470 3.39742867927 4.59153952366
6484 1.63714274711 1.73377196123
6497 0.0 0.0
6517 1.82045091074 2.24479622617
6521 4.33333333333 4.79583152331
6533 0.80881576942 1.0651669856
6549 1.10900641837 1.5938574723
6560 1.56988236469 1.62773825266
6562 1.39050210729 1.67116446438
6564 4.93570437549 4.93570437549
6574 1.33505243528 1.49481824394
6583 1.0 1.0
6595 0.780303652031 0.780303652031
6615 0.881139157361 0.881139157361
6631 3.96725605763 4.99366162718
6640 2.0 2.0
6644 1.55869072303 1.87799925394
6651 1.5 2.12132034356
6657 3.0 3.0
6680 1.28284980401 1.28284980401
6697 1.6367368757 1.6782317962
6704 1.0 1.0
6716 1.13089371681 1.74779880561
6732 1.0 1.0
6736 3.29433672259 3.44368276705
6737 3.0 3.0
6738 1.0 1.0
6740 2.5 3.53553390593
6748 1.97607575651 2.67028167564
6766 2.87175506193 4.7553385212
6775 2.0 2.0
6779 2.94253880733 3.01528293291
6800 1.47302215445 1.80648105752
6823 2.70938367994 3.03522398505
6829 1.0 1.0
6830 2.0 2.0
6838 5.23944425191 5.23944425191
6839 1.76295894801 2.62180910957
6854 2.74441137284 3.32761578002
6863 1.18474625945 1.66683091664
6872 1.5 2.12132034356
6878 1.64738033376 1.64738033376
6883 1.0 1.0
6889 1.01224988475 1.01224988475
6895 0.854227701978 1.1074663599
6921 1.45624507613 1.64337290604
6940 2.40589134762 2.78654690573
6948 1.46059712185 1.46059712185
6955 0.372375043508 0.372375043508
6971 1.0 1.0
6980 0.698449968117 0.698449968117
6993 0.235377526711 0.235377526711
7001 1.79918768527 1.94038457582
7006 0.924372462654 1.47467826213
7011 1.0 1.0
7012 2.16698642376 2.84295189165
7013 3.80766263754 3.80766263754
7030 1.66299759154 1.66657373062
7045 2.0 2.0
7052 0.0534013195294 0.0534013195294
7063 0.0 0.0
7081 0.341149731138 0.341149731138
7094 0.649506513173 0.743071720893
7099 5.0 5.0
7109 2.49215501687 2.9128050263
7112 1.48180305709 1.48180305709
7119 0.994560388751 0.994560388751
7121 1.02619088537 1.63981912969
7125 1.0 1.0
7130 0.0382297382387 0.0540650143032
7134 1.0 1.0
7135 0.00452475891519 0.00452475891519
7137 1.0 1.0
7142 1.62797273891 2.13990116556
7159 1.59823786312 1.91863069078
7163 4.27259002123 4.33406861583
7166 1.0 1.0
7168 2.22092890791 2.54479683158
7171 8.5 8.86002257333
7176 1.34401906674 1.78446661594
7177 0.0 0.0
7178 0.666666666667 1.15470053838
7181 3.0 3.0
7222 3.0 3.0
7226 0.78388770732 0.78388770732
7234 8.0 8.0
7251 0.0119308540724 0.0119308540724
7262 0.30000199988 0.30000199988
7263 3.0 3.0
7272 12.0 12.0
7278 2.0 2.0
7290 5.85967443862 5.85967443862
7293 1.5 1.5
7304 3.69558124556 3.91903419601
7310 1.30033345294 1.47473024379
7320 2.51273118678 2.51273118678
7326 1.09743823693 1.09743823693
7328 1.41930133277 1.96977858293
7334 12.0 12.0
7339 2.62606044087 2.69965648087
7342 8.49858626605 8.49858626605
7351 3.05849484742 4.71067159028
7355 7.0 7.0
7382 1.19449312734 1.21022370157
7387 1.32592257196 1.34219164731
7407 0.0 0.0
7413 0.031695438089 0.031695438089
7414 4.0 4.0
7420 2.36544652834 2.36544652834
7431 2.49937455281 4.19571428477
7436 3.0 3.0
7437 1.33333333333 1.82574185835
7442 2.64806042322 2.75208035241
7453 3.61226191165 4.77713370408
7465 1.73382355198 2.13302414283
7466 1.13608229606 1.44411694164
7474 3.49871907637 3.53444730329
7493 3.613716037 4.8798045466
7504 1.0 1.0
7513 1.7497606579 1.9363681326
7515 1.0 1.0
7518 0.516565291726 0.653376120436
7547 9.0 9.0
7553 3.6548766828 3.67971016761
7557 2.0 2.0
7561 2.23907007246 2.23907007246
7562 8.51363574383 8.51363574383
7564 1.27861728471 1.27861728471
7568 2.86122976969 3.90687275549
7591 1.5 1.73205080757
7600 2.67617433712 2.67617433712
7611 7.0 7.0
7621 0.00578023544826 0.00578023544826
7632 1.71587913056 2.39845599751
2.19377219088 3.10153897014