5 1.65944575211 1.65944575211
6 0.247140612378 0.284863880907
9 2.05194353624 2.55427134716
14 1.0 1.0
15 2.14773235205 2.70903322751
19 0.0 0.0
22 2.36172172615 3.53892956218
24 7.71858649943 7.71858649943
25 0.702742194637 0.758976893696
35 3.64059790877 5.66321125061
55 0.153143217656 0.184030469294
57 2.58847262248 2.58847262248
58 1.0 1.0
59 7.0 7.0
66 3.48555080338 3.48555080338
68 1.03098541876 1.13869200774
69 0.980861880593 1.12117956413
76 1.44120593379 1.89597436669
81 1.31299983417 1.31299983417
83 7.08316071809 7.38983271859
85 0.167853062856 0.189476339467
89 9.50199633905 9.50199633905
95 1.42474495333 1.42474495333
97 2.0810254722 2.0810254722
122 2.77671742757 3.41300589089
126 3.20762965399 3.55911159002
134 1.05544700617 1.31263080673
136 2.60171714581 2.78193043053
151 2.28582856619 2.28582856619
155 0.516013095153 0.516013095153
156 3.6253744189 5.31702291529
161 2.68014929575 2.98761225363
164 1.64145515599 1.64857630259
171 1.24844949822 1.70715745724
172 2.61600580113 2.82485211788
186 2.35003370101 2.35178553618
189 2.30789447631 3.18149069672
196 3.65749291583 5.31948219314
205 0.907528635504 1.07724664706
219 0.00530183337398 0.00530183337398
221 4.49682346065 4.49682346065
234 0.0876583722438 0.0876583722438
243 2.44596239402 2.44596239402
259 3.35792248952 3.35792248952
274 9.30983657346 9.30983657346
276 4.04195904214 4.54078740801
291 2.2597749859 2.2597749859
299 0.532492412918 0.769263812695
303 0.0138064337981 0.0138064337981
304 1.42307422581 1.49594560692
307 4.48902327067 4.72886291679
308 2.27619668038 2.89233161148
316 0.920434928034 1.19628972675
323 4.56612849935 4.60109019151
326 1.56476005447 1.56476005447
328 3.60804848163 3.60804848163
331 2.50717616925 3.1229454549
334 1.62704911314 3.01074175389
342 2.66050432005 2.94412564525
343 1.96026952098 2.15162986813
346 1.14418399144 1.61812051855
347 4.43447088306 4.43447088306
348 2.14398465855 2.35492882428
360 2.0 2.0
362 4.56063207972 5.71214641423
365 2.21020358349 2.92334639567
369 1.08529241352 1.46376616463
370 6.54244600652 6.54244600652
373 1.0 1.0
376 1.44266777853 1.44266777853
380 2.06284063238 2.0724314462
381 0.79762719425 1.16702339526
383 2.0 2.0
384 0.78291623821 1.14068167235
391 5.0 5.0
393 0.740753511443 0.740753511443
405 3.0 3.0
410 1.20476146519 1.20485129515
419 0.492337458335 0.492337458335
420 2.59941998003 3.90115836765
427 1.01410011963 1.04490439147
431 4.76697447244 6.48132162847
433 2.54671159361 2.8713196635
445 0.893849488728 0.906443082944
452 1.46309262703 1.53296063201
475 2.15874381136 2.15874381136
476 1.55483438516 2.76881386559
480 3.3871843083 3.3871843083
485 2.1473931326 3.02999733398
488 8.0 8.0
493 2.73024778477 3.59203364979
502 2.65029525928 2.65029525928
509 0.955436174332 1.1645150108
512 9.0 9.0
515 0.521324104119 0.679356069973
517 2.43506123835 2.91378764215
520 2.64094532113 2.65017498917
523 0.797132753826 0.863222406719
524 1.71067583865 1.71067583865
531 3.0726022533 4.15160318661
532 1.44269818423 1.57918912488
538 0.763622904783 0.866882153627
544 1.29248125667 1.97205149392
545 2.71999806068 2.71999806068
549 2.0 2.0
550 2.25493027232 2.26929503961
552 1.0 1.0
553 3.0 3.0
555 1.58993737112 2.61354860829
564 2.69488065773 2.69488065773
566 1.26695620257 1.37129993398
569 0.927171049953 0.930026995219
575 2.78320593834 2.89130538634
579 3.47205178257 3.83648314411
590 1.45412696082 1.5666856272
591 0.197944940872 0.279936419984
594 3.36312431357 3.36312431357
599 0.354064595242 0.354064595242
611 1.19973736152 1.65618851539
617 2.92363738313 2.92363738313
618 2.0 2.0
621 2.49242050042 2.49242050042
625 3.13872042705 3.13872042705
626 4.77637302654 6.06108519171
638 2.04811196547 2.04811196547
643 8.25336118538 8.25336118538
649 1.68096037858 1.98358244641
650 2.3758351727 2.3758351727
652 4.84997076082 4.84997076082
659 3.14941589089 3.80650586467
676 1.62947511816 2.22011272062
683 1.44772054239 2.31591909267
684 0.750999853816 1.01220111416
687 0.223467191904 0.223467191904
689 1.77315252378 1.96259979823
691 4.1296257591 4.1296257591
712 0.0 0.0
714 0.365944963546 0.517524330529
723 5.94137672542 5.94137672542
725 3.29416065637 3.89553076833
732 0.503694490283 0.503694490283
745 0.773758099799 0.862340939671
758 0.0573819820576 0.0573819820576
764 2.68289355021 2.76458804922
767 0.578847959304 0.578847959304
772 1.0 1.0
777 1.00948731493 1.32741362808
779 0.731708888429 0.731708888429
783 2.61432186441 2.61432186441
785 2.12070645554 2.12070645554
806 1.29019697272 1.29019697272
809 4.37278622303 4.37278622303
810 1.98828299976 2.70817475818
814 2.80904415629 2.80904415629
817 3.48748353218 4.92289440417
831 2.12318469809 2.12318469809
845 1.0 1.0
848 2.07980003735 2.07980003735
851 2.0 2.2360679775
853 8.4487025052 8.54941794524
860 8.21807857676 8.21807857676
869 1.0 1.0
878 1.54012922854 1.54012922854
881 0.841895776814 0.841904283635
886 1.57659555229 1.57659555229
888 1.94752649272 1.94752649272
924 1.12094458842 1.332284747
928 0.526777196447 0.554220747908
936 0.863129001013 0.863129001013
943 2.0 2.0
950 2.29768894092 3.11762396531
954 3.34744398721 3.34744398721
961 3.19592784314 3.76509630469
963 0.507929568289 0.507929568289
978 1.43297454581 1.43297454581
986 0.963461355368 1.20748174895
988 2.19848259623 2.19848259623
992 0.850935165398 0.850935165398
993 7.99542969964 7.99542969964
1005 1.93174294393 1.93174294393
1007 1.28262594679 1.28262594679
1013 0.230718138501 0.230718138501
1023 0.989197008981 0.989197008981
1037 0.389936147714 0.389936147714
1040 1.12590604583 1.12590604583
1041 1.10582835937 1.30679729317
1051 3.04832195842 3.2127836016
1053 1.12028037672 1.13521615715
1056 1.10145909298 1.41462842926
1069 0.308001812939 0.359937400493
1070 1.12713172228 1.34759348388
1073 2.21078415701 2.21107394081
1074 1.5104297038 1.5104297038
1077 0.397491135643 0.397491135643
1079 2.43252005151 3.31220241253
1084 1.59960548416 1.59960548416
1088 8.62995497998 8.71478671286
1103 2.41433007049 2.41433007049
1129 0.314394251805 0.314394251805
1145 1.31341251178 1.35028879453
1148 8.5 9.19238815543
1152 2.18244007905 2.18244007905
1154 1.7348682147 1.74429447545
1165 1.48204297898 2.02178207282
1166 0.936483720538 0.936483720538
1181 1.72385073769 1.72385073769
1193 1.02467989697 1.22452030829
1211 1.71612026648 1.71612026648
1212 0.411323407515 0.411323407515
1216 1.44148509986 1.63121502253
1219 3.04573311234 3.57988402512
1221 0.553495738859 0.553495738859
1226 0.33867546016 0.33867546016
1230 7.0 7.0
1234 0.901266351368 1.14213847672
1235 0.0 0.0
1237 2.0 2.0
1239 0.625392347767 0.625392347767
1244 1.3593514789 1.3593514789
1256 2.0 2.0
1261 1.65782282198 1.65782282198
1263 2.4922150013 2.66727018343
1264 0.0 0.0
1266 2.47211348467 3.15404291924
1267 1.35160736259 1.65120424897
1269 3.0 3.16227766017
1275 1.66307606686 1.66307606686
1283 10.6866888691 10.6866888691
1284 4.77051848078 4.77051848078
1285 0.929081837716 0.929081837716
1287 3.86380070582 4.54985844424
1289 1.09765640089 1.77874664778
1292 2.10216488553 2.45981497872
1295 0.605684509711 0.605684509711
1296 1.0 1.0
1297 2.66367178015 3.01678316579
1308 3.51357798556 3.51357798556
1312 1.04397332663 1.19996737043
1313 1.30512308668 1.50959839797
1325 0.448091689094 0.448091689094
1330 0.970003919644 1.2763154564
1337 2.52250156367 2.52250156367
1345 1.33420927731 1.33420927731
1365 2.01666705663 3.29521839345
1369 2.15497647847 2.41920015952
1374 1.32934287835 1.54984431797
1384 4.49686717985 6.02612428069
1387 4.3264923274 5.45031459968
1389 1.31935111473 2.09702770752
1391 0.898210953798 1.01739576999
1408 3.0 3.0
1413 9.13601218997 9.32422486275
1422 1.30788790772 1.30788790772
1424 1.49839755833 2.02529609844
1426 9.31861879613 9.37325560683
1434 3.16446314699 4.20400973086
1437 0.563407144297 0.657551391831
1438 3.23456439029 4.21078127813
1443 5.37659022312 5.37659022312
1453 2.21464732543 2.28783341624
1455 5.92388601629 7.7030564736
1458 1.51233082606 1.81713348052
1461 1.15128234328 1.15128234328
1465 1.86538502628 1.87023594432
1474 1.47356886412 1.47356886412
1479 8.10444368323 8.16646381582
1480 0.418291027954 0.588993934735
1482 2.61495663659 2.61495663659
1483 1.33804236263 1.33804236263
1487 2.0 2.0
1496 0.767996697208 0.768242520738
1499 0.798589005064 0.798591251941
1504 0.588649205193 0.588649205193
1510 1.0 1.0
1512 2.25888508146 3.47692172436
1513 1.32575475705 1.94908590423
1518 3.38206416964 4.01684959654
1530 1.43360225023 1.49219996444
1539 4.0 4.0
1544 0.5 0.707106781187
1545 1.6280537883 2.25697822422
1547 2.66405508714 3.76754283514
1565 0.499124373927 0.499124373927
1569 1.0 1.0
1579 1.13638288732 1.17253766397
1585 0.934949290462 1.11896957641
1597 7.7146486502 7.75719774627
1598 1.90435664861 1.90435664861
1599 1.93219654464 2.29583605443
1602 1.37168047924 1.98456848891
1605 3.45561976901 3.59021045955
1609 0.151903190333 0.161517218763
1622 1.48811290787 1.85388837146
1627 2.67032021989 3.1496951779
1628 2.14251200029 2.38323100232
1629 4.71524934289 4.71524934289
1631 2.27515150097 2.40066830432
1638 3.28900238034 3.28900238034
1651 1.86360570764 2.22165126721
1653 1.30295219695 1.45755384763
1658 2.5314173241 2.5314173241
1662 5.39625303451 5.39625303451
1674 1.40941642172 1.46767723162
1678 0.936631071554 0.936631071554
1683 5.0 5.0
1684 2.08905596643 2.21863733471
1687 0.0740190301475 0.0740190301475
1691 9.66490627117 9.66552573199
1718 1.91098775271 2.17080446132
1719 0.0 0.0
1722 1.27073203375 1.48305090305
1731 1.34467608484 1.34467608484
1732 2.77036401407 2.78484059466
1754 3.37954723773 4.59254565031
1764 7.92133340635 7.92133340635
1770 1.78001608731 2.18156288898
1778 0.264020570558 0.264020570558
1789 1.18737388604 1.25774043165
1792 2.5667905634 3.39749398643
1793 2.65211792729 3.542072801
1797 0.237671705987 0.237671705987
1802 3.61353093353 4.24162401942
1806 0.765981419788 0.765981419788
1807 1.50903308901 1.91758496086
1809 4.97275685012 4.97275685012
1811 2.04794345196 2.04794345196
1817 2.29065664045 2.29065664045
1825 1.08700390973 1.08700390973
1828 3.0 3.0
1831 7.23928589042 7.23928589042
1832 1.89596890738 1.89596890738
1833 1.61362114741 1.61362114741
1836 0.224717813107 0.224717813107
1837 1.0 1.0
1838 2.03961261111 2.03961261111
1839 1.25968275765 1.46111952599
1842 3.52406331325 3.52406331325
1843 2.9920143387 2.9920143387
1847 0.25147397725 0.25147397725
1849 2.99134071922 4.64333265311
1853 1.75346793068 2.28312144743
1855 3.0 3.0
1859 4.18793973138 4.18793973138
1867 0.0173880431633 0.0173880431633
1872 1.84676916684 1.84676916684
1878 0.00365753745318 0.00365753745318
1880 1.0 1.0
1888 1.7904549534 2.22272058595
1896 1.10513724958 1.10513724958
1899 1.38574452313 1.75065397005
1901 2.5732427676 3.13584016435
1902 1.27606797571 1.44516446304
1907 0.226239573253 0.226239573253
1918 1.65937128167 1.65937128167
1921 2.47754332868 2.88216691553
1924 1.4340468716 1.4340468716
1926 0.0552748053112 0.0552748053112
1939 1.0 1.0
1940 4.24509842365 4.59353242823
1941 3.36037849172 3.36037849172
1946 4.62938983116 5.72645292648
1955 2.24512183779 2.24512183779
1957 2.4917267595 2.85694157426
1959 3.01853169661 3.01853169661
1962 1.31953601343 1.48465704045
1965 2.92496590747 3.61386852965
1966 3.18800863445 4.25096394871
1972 1.21105966657 1.21105966657
1984 1.23097777557 1.28002386993
1989 1.88984639948 2.19565042215
2005 1.37144904479 1.6783187793
2007 1.72484241217 1.74665195301
2011 1.0 1.0
2023 3.10223141328 3.73426320301
2033 0.892991699426 0.892991699426
2040 1.99666375443 2.78509718109
2045 0.271805509398 0.271805509398
2058 3.0 3.0
2062 1.41697772533 1.74965086753
2069 2.70467845533 3.33894630602
2071 3.0 3.0
2080 3.0 3.0
2091 1.0 1.0
2092 2.24195590983 2.26609524421
2096 0.637478321191 0.714602723698
2100 4.55929998194 5.49712832359
2103 2.2927421714 3.11143695266
2108 2.13500951709 2.57396437627
2114 2.0 2.2360679775
2115 1.67651701271 1.95904005428
2117 1.93137805555 1.93137805555
2127 0.499490850585 0.706386735179
2142 0.185850426335 0.185850426335
2146 2.26530034544 2.60550322305
2149 0.89927990274 0.89927990274
2151 0.390215936699 0.573273089912
2155 1.04583472466 1.06394210302
2181 3.0 3.0
2183 1.97344611843 2.0657037474
2186 3.04093148362 3.04093148362
2192 1.6432660457 1.6432660457
2195 1.8696339079 2.2658637026
2197 0.0 0.0
2202 4.10150593687 4.20863830722
2204 3.79340737957 3.79340737957
2205 3.0 3.0
2210 1.0 1.41421356237
2211 0.875046261983 1.51075981038
2212 1.52257140773 1.52257140773
2216 1.0 1.0
2233 3.0 3.0
2240 1.12848242807 1.59591515468
2242 2.53321592913 3.30900561606
2245 0.832706068603 1.02308356698
2246 1.54429618066 1.61824851733
2250 0.448572691529 0.448572691529
2254 2.55611299784 2.89108305616
2259 2.65601148829 2.65601148829
2262 0.592941059025 1.04365529239
2272 0.634073874448 0.681502722448
2278 3.00972212781 3.61786898249
2287 0.402228701907 0.568837285413
2289 1.0 1.0
2292 1.02116507989 1.27416940641
2299 4.32994811918 5.88665323826
2301 4.0 4.0
2319 0.786309632904 1.01004787218
2320 2.43897400762 3.46757861053
2329 1.0 1.0
2332 1.72522732646 1.81042000986
2346 2.0 2.0
2355 3.2397735931 3.26084917523
2358 1.90011453539 1.91465808118
2364 1.34234071939 1.84054911607
2366 4.01398503601 4.01398503601
2367 1.83327475322 1.83327475322
2376 0.0323135638368 0.0323135638368
2378 6.2611298847 6.2611298847
2386 2.54082110683 2.87135882519
2394 0.517977408178 0.707563689296
2402 6.95744120211 6.95744120211
2404 1.16186382215 1.16186382215
2409 1.92256903295 2.1736269905
2414 0.36894181979 0.36894181979
2422 2.93710224588 3.56587686701
2428 2.81151945539 2.81151945539
2430 0.187580392926 0.187580392926
2431 2.26253915338 2.90954028867
2450 2.42145620052 3.10396364808
2451 2.0 2.0
2466 2.9349885456 2.9349885456
2475 6.21973598069 7.30185003357
2477 1.88452282695 2.07282402515
2478 0.493887009774 0.606912565927
2484 1.32771098286 1.87568482264
2494 1.94008233245 2.58380090328
2496 0.763439423891 1.07281010101
2499 3.87719294365 3.87719294365
2505 5.2102840077 5.5320235846
2506 2.31196665521 2.63577341235
2507 1.91423916571 1.91423916571
2508 3.52783002572 3.84445695487
2518 2.0 2.0
2527 0.422813648552 0.426581111859
2530 1.71308936871 2.01144908681
2537 0.669695282312 0.669695282312
2538 1.98156508045 1.98158268544
2539 1.60398092565 1.94003911518
2541 6.0 6.0
2551 2.23620440673 2.85766478689
2554 1.83607049301 2.59869575393
2561 2.78079537347 3.3295557136
2562 3.43686223415 3.67750012098
2572 0.892204735762 1.16026953835
2580 1.0 1.0
2584 0.105786007153 0.105786007153
2585 3.68799862123 5.15759530008
2586 3.34673743768 4.5253525119
2587 2.14981375742 2.15502746003
2590 1.35731451087 1.35731451087
2596 0.531351065936 0.531351065936
2609 1.00854664331 1.00854664331
2618 0.552368242751 0.690841666349
2627 1.70183457033 2.16330877383
2634 3.0 3.0
2636 1.18855438149 1.31237230477
2645 1.47379269897 1.55404859698
2647 9.0 9.0
2649 0.0 0.0
2654 3.24909966147 4.25724104118
2669 0.77287768093 1.10427148974
2672 0.990164149417 0.990164149417
2676 2.39755901216 2.39755901216
2679 1.75573883801 1.77264840918
2683 1.89285274931 2.08929009165
2685 1.133098981 1.31706366941
2687 2.42026365761 2.42026365761
2690 1.02955200662 1.05567258494
2693 1.0595190807 1.48317707771
2699 0.145842406755 0.145842406755
2704 2.60232240861 2.60232240861
2713 2.02077631139 2.58223965426
2714 2.0 2.82842712475
2715 3.53912379529 4.8521222347
2716 6.7898754204 7.34069568133
2721 1.46229900021 1.67982590293
2733 4.36906967683 4.36906967683
2739 0.813323399704 1.10190915419
2743 1.0 1.0
2750 0.407680437727 0.407680437727
2758 3.81012925555 3.81012925555
2761 3.0 3.0
2764 1.28541247462 1.63924464613
2765 2.41730187795 3.12607365957
2771 1.49649691773 2.0359071424
2772 0.469153401879 0.497916380662
2775 5.68000060758 5.68000060758
2777 1.14704466153 1.53151592433
2788 0.723167761129 0.723167761129
2800 1.63597400591 1.94074838268
2803 2.22985227395 3.00625426267
2805 1.0 1.0
2806 4.7796410182 4.7796410182
2838 1.05813903122 1.05894818535
2843 2.63421047843 2.63421047843
2846 0.363495999446 0.363495999446
2850 4.54228300401 4.67685156741
2852 2.91424534462 2.91424534462
2855 7.0 7.0
2857 8.14499904739 8.20311643564
2860 2.86703085716 2.86703085716
2861 1.7126502838 1.7126502838
2863 3.55775437991 4.50403208519
2868 3.33333333333 3.33333333333
2877 2.02984996661 2.02984996661
2883 0.740597553151 0.740597553151
2890 2.2634958878 3.47031712072
2895 3.8210716855 3.8210716855
2899 1.20245337033 1.6465029394
2907 2.24315614114 2.24315614114
2913 1.60814108428 1.95815246774
2919 2.60742679374 2.60742679374
2928 2.63165750906 3.31769636688
2935 0.440925611534 0.440925611534
2961 2.33876211602 2.81672856965
2964 2.22102546945 2.58549244065
2966 2.70942354197 2.70942354197
2976 1.31110968121 1.64190280326
2977 1.24455286363 1.72209897214
2981 1.34690482984 1.60161464491
2987 3.91440273012 3.91440273012
3000 1.6508903652 2.34510240683
3011 0.246327111364 0.285709034449
3014 0.520242095462 0.520242095462
3021 3.48070770566 3.48070770566
3045 2.09282887762 2.26957648796
3046 0.156395182923 0.156395182923
3050 8.78941217974 8.78941217974
3051 3.87458972769 4.84901045468
3052 0.714324918344 0.742838530285
3062 2.0 2.0
3064 0.81575040827 1.22831185097
3070 0.439639743345 0.584289819731
3074 0.871819915761 0.871819915761
3075 1.0 1.0
3079 3.16821475624 3.87776417839
3092 2.3779344462 2.78053906983
3097 1.18863793283 1.18863793283
3098 1.40394079846 1.40394079846
3102 1.02798654791 1.39082368525
3107 1.24630430277 1.24630430277
3110 1.62281172699 2.31718536657
3115 3.70098963703 3.82365927067
3116 0.635118729032 0.635118729032
3118 0.672392432396 0.672392432396
3127 2.41767827472 2.41767827472
3128 0.700172866416 0.757891767736
3129 0.890100572592 1.01950100019
3138 2.24358694616 2.24358694616
3139 2.07880393169 2.08236352649
3150 1.06143254921 1.08977696878
3165 1.11318100422 1.17085629967
3169 1.81279516391 2.27613174471
3182 0.54460873664 0.54460873664
3186 2.02132936946 2.21328239286
3187 2.22167114132 3.64779575962
3188 6.42863018995 6.42863018995
3193 1.23999482008 1.23999482008
3198 0.0 0.0
3203 2.81185377413 2.81185377413
3212 2.97432327003 2.97432327003
3215 0.252475186258 0.357053832568
3219 2.89539129651 3.60598069137
3224 3.67685526628 3.79523103565
3225 2.7847991792 3.35833431956
3231 1.33119922838 1.33119922838
3242 0.742154018567 0.834624522613
3243 1.00335029001 1.00335029001
3244 1.95959813688 2.36904948126
3245 1.06711248712 1.32021076077
3247 0.0 0.0
3252 2.12112056443 2.67409612957
3276 1.0 1.0
3277 2.23952041104 2.23952041104
3278 2.19319526807 2.63590925838
3284 1.23415178301 1.52545764568
3286 0.100723888314 0.100723888314
3287 1.0 1.0
3290 0.574301215201 0.574301215201
3293 0.00331826886758 0.00331826886758
3294 1.95996008374 2.06254154408
3296 1.09309118505 1.09309118505
3297 2.0 2.0
3298 0.509090702484 0.509090702484
3300 4.14806433273 4.45387260848
3321 1.12393540714 1.62710059246
3323 1.69859279452 1.69859279452
3328 1.71455567257 1.71455567257
3332 3.0 3.0
3341 1.36140113296 1.57930183168
3345 1.08849713822 1.26369888866
3347 0.788536545931 0.816398601588
3351 1.94589415335 2.24882473036
3352 0.342234910895 0.380702400182
3353 0.172098676333 0.172098676333
3366 0.423430159333 0.423430159333
3368 1.59973536266 1.59973536266
3374 1.0 1.0
3381 0.198279634829 0.198279634829
3385 2.67249806291 3.4706718267
3389 1.69772847351 1.69794135977
3395 1.89948911988 2.42244410351
3398 7.41262345324 7.41262345324
3399 1.61517031472 1.61517031472
3408 0.992095017885 0.992095017885
3409 2.67341177367 2.67341177367
3410 2.64096080277 2.64096080277
3412 3.21680030871 3.83077994971
3413 0.459925807872 0.569610645366
3418 3.0 3.0
3421 0.0054544462828 0.0054544462828
3423 2.40313858466 3.09465908559
3426 1.35608026399 1.51010404781
3429 2.86531710383 3.50326577326
3431 1.72071521608 1.72071521608
3440 2.84084766497 3.708293265
3450 1.29042031317 1.29042031317
3452 0.878022244425 1.29558523438
3457 3.0 3.0
3468 1.49588892532 1.57594083111
3478 1.84386240791 2.07479583155
3481 0.0321369888186 0.0321369888186
3486 2.288959349 2.288959349
3487 3.96624757404 4.42687805807
3488 4.85654060364 6.86818558788
3495 0.00230937548713 0.00230937548713
3502 1.69015103159 2.54132834845
3510 0.968246410098 0.968246410098
3514 10.6735902717 10.6735902717
3516 1.56023711513 2.7858071128
3517 1.82314484523 2.07560281986
3522 8.19797138216 8.19797138216
3523 2.00212241304 2.64435768441
3545 1.55679372438 1.92223290092
3554 0.668064261406 0.668064261406
3565 1.0 1.0
3571 0.00831662779621 0.00831662779621
3573 2.56964246252 2.56964246252
3578 0.550367378716 0.550367378716
3580 2.18725941128 2.36280799318
3583 1.84973634603 1.97889179422
3587 2.75675648623 2.75675648623
3592 4.44414783896 4.67290198863
3594 5.95230152326 5.95249263489
3595 1.90227160908 2.77956394531
3597 0.104935842535 0.104935842535
3604 1.55669635494 1.55669635494
3607 1.49194284793 2.10992580983
3608 2.71135193809 3.20626804684
3614 3.67687174197 3.74310028189
3619 0.242221710345 0.242221710345
3632 1.51863195148 1.83480177981
3636 1.53128835347 2.13392501869
3657 1.87748300867 1.88436618822
3661 1.02879947983 1.33425966671
3679 4.60338323136 4.60338323136
3683 0.270830368972 0.270830368972
3709 5.3063866833 5.39946518813
3719 2.28239372712 3.69270676416
3722 1.18344187913 1.18344187913
3728 4.5 6.36396103068
3729 1.46196645095 1.46196645095
3730 2.96510076809 2.96510076809
3733 2.47261388711 2.47261388711
3735 1.04228645859 1.04228645859
3736 2.51477420361 2.99410627169
3738 0.75039472067 0.75039472067
3743 3.0 3.0
3748 12.0 12.0
3750 4.0 4.0
3755 3.40815655451 4.59005453697
3758 1.50439002796 1.85391809096
3760 1.39251852124 1.39251852124
3783 0.226534839348 0.226534839348
3802 1.53146637663 1.66616245981
3810 2.65883821684 2.65883821684
3814 0.75077180584 0.75077180584
3828 3.85606570667 3.85606570667
3831 1.89864641387 2.19191694079
3832 0.0387296669249 0.0387296669249
3840 2.11327961074 2.55289635395
3843 1.41712842772 1.41712842772
3849 2.0 2.0
3852 2.57001312288 2.57001312288
3857 1.24177287687 1.35183142923
3864 8.97042722346 8.97042722346
3868 2.33060694648 2.42483314871
3874 1.1555753908 1.63423039001
3876 4.50312654874 4.50312654874
3878 3.23410740375 4.13060403421
3879 1.5 1.58113883008
3882 3.80113488432 5.02587071292
3889 0.971803346713 1.34222998987
3895 1.80518530392 2.23652470612
3902 3.14115951437 3.14115951437
3912 0.956438839924 0.958420786424
3913 1.5961161359 2.12596335754
3918 1.0 1.0
3924 3.33714409898 3.33714409898
3927 1.57033599357 2.23168636237
3936 1.66922957924 2.17774102579
3953 1.78512766689 2.12564869919
3961 1.81756138961 2.20899787945
3983 1.96552154852 1.96552154852
3985 0.637363603398 0.637363603398
3993 0.977963157483 1.20104633576
3994 0.874436665537 1.02772712703
3995 1.48969089371 1.73583280652
4004 1.2478255809 1.86074141093
4023 3.10023988358 3.73472347262
4046 1.17617815784 1.19537405097
4048 8.04477146002 8.14188965811
4050 4.19065284789 4.19065284789
4053 1.83458254333 1.83458254333
4054 0.525421574443 0.525421574443
4064 1.11651370805 1.59824407007
4070 3.80426042894 4.96841512127
4075 0.970974012739 1.11883968332
4082 1.75347913261 3.12986954599
4091 2.22177590959 3.13233087007
4093 6.37647303842 7.12494225673
4105 1.96268117882 1.96268117882
4106 2.20070717515 2.21808226579
4113 1.87640266809 2.56580886711
4130 0.0 0.0
4144 1.0 1.0
4159 1.61183213709 1.61183213709
4161 0.0 0.0
4162 0.504726639438 0.504726639438
4172 0.776263024593 0.909344813292
4175 0.0 0.0
4179 1.16885748852 1.2489600195
4182 0.442927586522 0.442927586522
4186 0.245509250943 0.245509250943
4192 0.0 0.0
4193 3.80635856203 3.85262810383
4195 2.56122021963 2.99289488133
4207 0.504795873602 0.559079576416
4210 1.30461503283 1.43314094183
4212 2.28186506783 2.89993084196
4219 0.136545831453 0.193104966726
4221 2.70969213578 2.801088074
4227 7.45925115556 8.02207387874
4240 1.53607829062 1.95241718228
4247 0.5 0.707106781187
4252 0.984840318016 0.984840318016
4253 0.831568342233 1.14757332652
4260 2.34735546759 3.52177471108
4271 2.71219935789 3.62119667756
4274 1.44227064168 1.44227064168
4282 1.0 1.0
4286 4.0 4.0
4296 0.724786692239 0.977591449694
4297 0.0 0.0
4308 1.29492298297 1.29492298297
4315 1.94946025667 2.63065722473
4341 0.979416328145 0.993237693815
4349 5.0 5.38516480713
4357 2.87817980835 2.87817980835
4362 3.03503536511 3.03503536511
4363 5.35349150476 5.5219390204
4367 1.0 1.0
4377 2.0 2.0
4382 1.76450985934 1.8997936646
4388 2.32556622239 2.63990767646
4395 1.1227853863 1.33681400386
4399 0.212393309654 0.212393309654
4415 0.0 0.0
4416 11.4843863111 11.4843863111
4417 5.36076086165 5.36076086165
4418 2.0 2.0
4420 2.08205836697 2.16721687839
4423 2.40177561505 3.50644723521
4426 1.92196008224 2.15152626517
4431 0.223544227767 0.223544227767
4433 0.807625816983 0.807625816983
4437 3.68578849895 3.68578849895
4442 3.38232722252 3.96675879385
4444 0.974040521061 1.35711684254
4447 6.51668924655 7.08104471663
4456 1.04714289319 1.18203435205
4459 1.68583309217 1.68583309217
4461 0.471750992585 0.601767208389
4462 2.78828768465 2.78828768465
4474 1.14874837314 1.14874837314
4475 3.22565725414 3.22565725414
4479 3.0 3.0
4490 2.75476974944 2.75476974944
4492 1.46543118276 1.46543118276
4498 1.12736838952 1.14565033675
4501 0.5 0.707106781187
4508 0.220885872621 0.220885872621
4510 1.98248569665 1.98248569665
4514 1.0 1.0
4523 1.20183222349 1.51881424896
4524 1.71428571429 2.1380899353
4525 1.09694465254 1.09694465254
4526 3.0 3.0
4531 2.40695760995 2.72640624811
4534 1.0 1.0
4538 1.562693439 1.8771408987
4543 8.40644010269 8.52328041089
4546 5.18123979795 5.18123979795
4550 0.984398037286 1.17107017433
4553 2.56717502991 2.76880156973
4558 1.50756181907 1.51650365789
4565 0.196531858731 0.196531858731
4569 0.781268272647 0.818644848592
4570 2.39252570521 3.08521516808
4576 1.0 1.0
4582 2.42709681695 3.47317417663
4583 7.57056404485 7.57056404485
4592 2.55237005145 2.59132503758
4593 2.95452525515 3.51365275667
4595 1.60758519955 1.69369674218
4602 1.60356810189 2.23930312001
4606 2.12403218925 2.38465574751
4610 1.0 1.0
4613 0.901934668965 1.41073097802
4616 6.98846174979 7.90005326983
4619 0.758552810787 0.918160917021
4623 2.01301490206 2.01301490206
4624 2.51159598233 2.51159598233
4629 1.06072754009 1.26424843013
4636 1.80686207193 1.80686207193
4637 1.22631571191 1.22631571191
4638 1.0 1.0
4644 1.0665182474 1.0665182474
4645 0.927555481977 0.940814574278
4651 1.07835407602 1.07835407602
4656 8.68529439741 8.68529439741
4660 3.09063202513 3.45189603487
4665 5.25820117595 5.79702523247
4673 5.91384261918 5.91384261918
4675 3.05925811338 3.58968805178
4688 3.27670212852 3.72867238201
4698 0.297833754825 0.297833754825
4703 1.62246907911 1.6433539814
4709 2.79825684274 3.73940048246
4730 3.4953705847 3.4953705847
4740 2.11399697074 2.11743906051
4744 1.2132363733 1.2132363733
4747 0.502923862617 0.502923862617
4748 2.13769420131 2.66805722052
4749 2.18813130203 2.18813130203
4760 1.60931305892 1.85271088066
4774 3.7634102094 4.96374554916
4781 2.51621694661 4.2166803336
4782 1.52693557348 1.52693557348
4790 0.857870327771 1.13457469173
4801 0.837578480083 0.837578480083
4802 0.750926330886 1.36415516903
4805 1.0 1.0
4806 2.89852558543 2.89852558543
4807 1.41761895898 1.5199438508
4810 1.34622634022 1.34622634022
4812 1.19640248155 1.21241611365
4813 0.534913441016 0.534913441016
4819 1.00017464833 1.00017466358
4820 2.99091795568 3.59295762901
4821 2.24787159562 2.85173963583
4827 3.30883443363 4.13130633403
4828 1.51486001243 2.12142443654
4851 3.97232300259 3.97232300259
4855 0.425078858734 0.570776877203
4861 7.62530878764 8.23819758955
4863 0.68939522298 0.939057626626
4871 8.15666178998 8.21170064318
4881 4.0 4.0
4885 0.385386337974 0.385386337974
4894 2.99110825018 4.09453091226
4900 0.0 0.0
4910 6.62410841735 7.0382667918
4916 0.759296130872 0.759296130872
4920 1.85500167983 2.15843630399
4929 8.5 8.86002257333
4948 1.33749843809 1.33749843809
4956 0.934479893395 1.12028490734
4960 3.01851695954 3.01851695954
4964 1.88246836141 2.62558387543
4966 2.52763993521 2.5713979997
4967 2.03881511403 2.69551267704
4971 1.24828026137 1.24828026137
4983 2.13210907284 2.71036965198
4988 0.529063660394 0.529063660394
4993 2.92506047773 2.92506047773
5003 1.62505086854 1.73359013227
5009 1.0 1.0
5026 1.26005585659 1.57610670578
5036 0.260300133812 0.260300133812
5045 5.47692378696 5.47692378696
5047 1.53246676584 1.53246676584
5062 1.93532445565 1.93532445565
5065 2.32364896735 2.3577631969
5066 0.755726067357 0.981935131717
5067 2.67763511236 2.70821060229
5069 4.40580691867 5.62957034444
5077 0.665585552197 0.786395483101
5078 1.44623239823 1.44623239823
5085 2.61275919886 2.61275919886
5086 1.59487430915 2.18021597773
5096 5.55731671938 5.55731671938
5099 2.06603339471 2.1494095028
5103 5.0 5.0
5113 2.42287498205 3.38420322965
5121 2.11141259023 2.488783053
5124 4.85026582753 4.85026582753
5127 3.09268161223 3.22302749157
5131 4.21090667836 4.21090667836
5132 4.31931696334 4.82423972481
5150 3.0 3.0
5151 1.57906035161 1.9488024624
5154 1.10576304405 1.10576304405
5157 4.0 4.0
5159 1.16893698249 1.16893698249
5167 0.965914945305 1.12642667286
5182 3.0 3.0
5183 1.5275473754 1.90440837618
5191 4.3797729078 5.21660317073
5202 1.19951765476 1.37658517539
5204 1.73904600487 1.81229404257
5210 0.0 0.0
5211 3.65517335741 4.43216384361
5217 2.48110025304 2.82245801985
5219 1.1799721291 1.1799721291
5223 2.6415187975 3.62169551893
5228 1.79969765834 3.4398319889
5229 1.62905624093 2.28504685041
5233 2.2420033692 2.2420033692
5246 1.45369204037 1.45369204037
5251 2.66554179434 3.45554539693
5254 5.84042425926 5.84042425926
5256 0.0 0.0
5271 4.56910987671 4.56910987671
5272 1.41094971318 2.12714851167
5280 2.24954796681 2.38831212956
5289 0.718163700862 0.718163700862
5291 1.45288546697 1.78534297366
5293 1.73706174393 1.73706174393
5294 2.59778782468 2.94627128495
5295 5.86621958739 5.86621958739
5300 5.5 7.77817459305
5310 3.55100551526 3.55100551526
5311 1.79683915432 2.34023542924
5320 2.0 2.0
5321 1.24768592526 1.24768592526
5322 2.444699891 2.444699891
5325 8.42339673804 8.96500224195
5326 0.0 0.0
5336 1.79827775443 1.79827775443
5344 1.76144478043 1.90567595681
5356 0.49502516054 0.49502516054
5361 1.83069368034 1.83069368034
5363 4.28953051632 5.3690264366
5367 0.0 0.0
5368 0.399412102792 0.564854012744
5371 4.61231134244 5.81060787851
5372 7.33183382611 7.33183382611
5374 2.07280202133 2.07280202133
5381 8.0 8.0
5382 0.0 0.0
5387 1.23898886633 1.23898886633
5404 0.655519008682 0.843983434923
5414 2.14355517952 2.51735547822
5421 0.854896850362 0.978034791525
5423 1.51372061115 1.59851773682
5424 3.59255109643 3.59255109643
5446 1.82670574689 2.57885219569
5456 2.01341241692 2.01341241692
5459 2.0 2.0
5462 3.50360854503 3.50360854503
5463 8.0 8.0
5475 2.44566534364 2.44566534364
5477 2.73287685767 4.09829215464
5478 0.915333931733 0.965381120218
5479 0.0 0.0
5481 2.0 2.0
5482 0.880221492532 1.31801991723
5484 3.07522643082 4.08109054348
5488 0.966248069956 1.25305860257
5492 2.18981995799 3.13019196366
5493 1.6946521863 1.70072794864
5496 1.00989200983 1.81733313951
5499 0.113983271907 0.113983271907
5506 0.68566853391 0.68566853391
5507 2.656546157 3.16133757971
5509 3.0 3.0
5512 1.07590164356 1.3172859919
5515 1.92029311844 2.33274317276
5518 3.23323229255 3.24813962018
5519 3.0 3.0
5521 1.0 1.0
5523 1.71629380006 1.71629380006
5545 0.767794130218 1.08582487207
5546 3.04180125404 3.04180125404
5554 2.76168355266 3.55114060177
5562 1.29853998391 1.51000172197
5565 0.769307592112 0.913791114052
5573 3.48386476046 4.81115077473
5575 0.318131210749 0.318131210749
5578 0.560816260757 0.650911178644
5581 0.0 0.0
5584 0.906311577941 1.18378916207
5600 3.0 3.0
5608 4.27537694769 4.27537694769
5613 4.0 4.0
5617 7.29463488647 7.29463488647
5633 10.3073034701 10.3073034701
5642 2.0 2.2360679775
5646 0.185262906764 0.185262906764
5649 2.03729260203 2.93550330245
5652 2.20012712942 2.20012712942
5655 1.52219651917 1.52219651917
5659 2.81472937515 3.6240076972
5662 1.35983887774 1.690966054
5669 1.26896647766 1.26896647766
5674 1.23014509041 1.69940275246
5683 0.226566471025 0.320413376103
5685 2.74388852673 2.74388852673
5687 4.85967526623 5.3801018387
5692 3.0097713504 3.0097713504
5700 2.70918098262 2.72505868507
5702 9.0 9.0
5707 1.74656481896 2.13692394984
5720 4.0 4.0
5721 2.5946708085 4.40904985091
5723 2.0 2.0
5724 1.93390599768 2.65387795921
5725 3.0 3.0
5729 3.51605927138 4.55252447017
5736 1.49028229566 1.49028229566
5737 2.75922721307 2.91177099821
5740 4.77513844214 4.77513844214
5745 1.0 1.0
5749 0.893503564336 0.905701521832
5763 0.135994084126 0.135994084126
5768 3.70730495937 3.70730495937
5772 4.17829563815 4.73994402674
5785 2.34338646533 2.45138519484
5786 1.67840390064 2.10904556848
5792 1.64521006265 1.64521006265
5799 0.90246673419 0.90246673419
5815 0.630932082063 0.630932082063
5816 0.745531113962 0.787763324766
5826 3.49519962971 4.27838921351
5827 1.515677497 1.515677497
5831 2.12985080342 2.85208357603
5835 0.0 0.0
5837 1.12241204829 1.62051037539
5846 1.2105116823 1.31835573474
5849 3.92997138873 6.39527127728
5851 2.92373989092 3.07834364965
5865 0.62078270929 0.706123385075
5870 3.85872552887 3.85872552887
5891 0.493335469671 0.493335469671
5892 2.72236496765 2.72236496765
5896 1.23403796126 1.48891489586
5897 1.98278261707 3.14554348797
5898 0.305520393163 0.305520393163
5911 5.08075239361 6.23271326875
5915 1.0 1.0
5931 2.50358953125 3.15624072105
5933 1.87576656101 2.85595474191
5934 4.30157185011 4.49417508144
5936 1.48061754347 1.51884846648
5937 10.4819159695 10.4819159695
5941 0.791025964004 0.94203170114
5945 1.95256572543 1.95256572543
5948 2.51371047471 3.08785545796
5956 6.91400321155 7.92920121032
5957 0.199998437543 0.282840502826
5963 0.0 0.0
5964 1.0 1.0
5968 3.78069951158 3.78069951158
5969 2.00811837372 2.10140847024
5974 0.903215963756 1.22196960894
5976 7.53403830444 7.53403830444
5992 8.09530286726 8.15777733847
6004 0.999458550598 0.999458550598
6006 2.76466891457 3.26936331223
6013 1.55881224077 1.55881224077
6018 2.44067614673 2.44067614673
6022 1.33057146058 1.33057146058
6026 1.05875693524 1.41665265852
6038 1.82642152797 1.82642152797
6040 3.52186917412 3.52186917412
6041 0.972623157769 1.2224409724
6043 1.25330091031 1.6897804268
6045 2.18088549323 2.19583712007
6055 0.729478971838 0.729478971838
6061 0.552700851774 0.711023740501
6063 0.665629962943 0.665629962943
6065 0.0129191682874 0.0129191682874
6071 4.25473849673 4.25473849673
6077 0.933965924484 0.933965924484
6083 5.0 5.0
6091 7.80810087266 8.23479556638
6099 0.917100468313 0.948888927034
6103 1.23008778509 1.23008778509
6107 5.93612916334 6.25725196334
6115 0.53620216912 0.53620216912
6117 1.0 1.0
6120 3.48601243238 5.46924081406
6124 6.05101720272 6.05101720272
6148 3.05567178602 3.29214896887
6150 1.79181978848 1.92742328102
6154 0.539371503729 0.539371503729
6168 1.20518057124 1.37930175276
6183 0.0 0.0
6194 5.89085772913 6.63851527757
6198 7.0 7.0
6201 1.48364514546 1.48364514546
6202 4.02275115163 5.88844456664
6215 0.0 0.0
6228 1.52752891256 1.52752891256
6234 0.984052763673 0.984052763673
6240 3.30031933581 3.81285725522
6269 1.5457803677 1.73768364761
6276 0.0 0.0
6277 0.0 0.0
6280 2.84563304376 2.86527947607
6282 1.3898835569 1.77050688326
6283 1.43256588184 1.46486423947
6285 1.93405426354 1.93405426354
6287 1.09379842357 1.24535767175
6290 2.40150032148 2.4669086467
6297 2.86523477474 3.4188698541
6299 2.66787902687 3.17627317732
6303 0.774126008404 1.09477950007
6325 1.08940273509 1.14849531977
6328 1.15619657801 2.29673080773
6343 1.79497858415 2.01672431055
6346 2.44126242801 2.44126242801
6349 2.0 2.0
6372 6.9418874957 6.9418874957
6375 0.481379541096 0.481379541096
6377 2.06337000741 2.71238136969
6378 5.93784046344 6.88320939178
6379 0.104194928879 0.104194928879
6384 1.89829756542 2.55142099981
6386 0.48963193691 0.822533068909
6397 4.0 4.0
6400 7.92145348963 7.92145348963
6403 2.55973908551 2.55973908551
6404 0.905559261444 0.976690523662
6410 1.0 1.0
6411 5.23146965904 5.70777508304
6415 1.69807728399 2.2870740684
6418 0.973135274278 1.00616458358
6419 2.34995110841 2.43430336862
6421 1.58344510103 1.58344510103
6431 8.07305454705 8.07305454705
6435 6.7987466553 6.7987466553
6440 0.30905667424 0.30905667424
6444 0.628101486405 0.729945190846
6450 2.17005481789 2.73005093187
6454 4.16365271628 4.32320385662
6455 0.393369290549 0.441729742058
6456 1.83028605763 2.22186917336
6458 3.69964320952 4.62993717466
6463 0.597374043162 0.709308177201
6470 1.64176835672 2.37048957132
6476 11.7221877362 11.7221877362
6484 1.15959993486 1.5112669015
6488 3.01174457233 3.01174457233
6497 1.47798797518 1.47798797518
6517 1.5807774329 1.93461627869
6521 3.6232888449 4.18049601186
6526 0.41684929244 0.41684929244
6530 3.44403596092 3.53841644735
6533 1.21384707654 1.37810504573
6538 2.08001827797 2.60580101361
6549 1.30778544364 1.70318676908
6560 0.17940809916 0.249545653308
6562 1.34859376195 2.00707285786
6564 5.94132793044 5.94132793044
6574 0.71810227398 0.949762097251
6583 1.1564684582 1.1564684582
6591 0.0 0.0
6595 2.24894664156 2.64829966716
6614 2.37637720514 2.37637720514
6615 1.2512772887 1.2512772887
6619 0.0 0.0
6631 2.25939009446 3.2783191214
6640 1.74223138477 1.75012813811
6644 2.92116901397 4.33354697955
6651 1.9621172582 2.45624296895
6655 1.0 1.0
6657 3.49348471284 3.49348471284
6680 1.25738669779 1.25738669779
6689 7.77006610522 7.77006610522
6697 1.10535993554 1.27928600658
6703 3.81236556679 3.81236556679
6704 1.46518901465 1.46518901465
6716 2.31098072817 3.22421192015
6732 1.92607758252 1.92607758252
6736 2.70830003512 3.24979657384
6737 1.83764994531 2.46970775455
6738 0.832364667202 0.832364667202
6740 2.71268502888 2.85470012615
6748 1.77769212781 2.45060898308
6766 2.68443038186 4.13400782559
6770 9.61059019064 9.61059019064
6775 1.90016174569 1.90016174569
6779 2.66237447548 2.89992741121
6780 4.60215169382 4.60215169382
6800 1.49342147258 2.04435371274
6809 4.1779510211 4.1779510211
6814 4.0 4.0
6816 3.8435966966 3.8435966966
6823 1.78196159589 2.1888941952
6826 2.0 2.0
6829 0.896930982923 0.91864456579
6830 2.07197501032 2.26799683043
6833 0.485915988874 0.485915988874
6838 5.41873339196 5.41873339196
6839 2.33347141943 3.00170611364
6844 2.17992767846 2.1873405434
6854 2.38484522381 3.07920722969
6863 1.50324046745 1.66225167804
6872 1.32852002881 1.98508041167
6878 3.60650537085 4.18806397525
6883 1.49806984003 2.01376968999
6887 0.838343750332 0.838343750332
6889 1.51474520902 1.51474520902
6895 0.920552419491 1.42547639953
6902 4.45682631645 5.08913512929
6917 6.24296963633 6.24296963633
6921 0.910874166441 1.0243223748
6940 2.02436587848 2.18522307715
6941 8.0 8.0
6948 1.70449500476 1.70449500476
6955 0.812325357205 0.940876287973
6968 2.08520588731 2.33532346052
6971 1.36171731078 2.04371909604
6975 1.22328700245 2.01289260736
6980 1.8301480113 2.15280314284
6983 1.0 1.0
6993 0.832999948426 0.832999948426
7001 1.52069902548 2.20411605319
7005 0.0 0.0
7006 1.228572701 1.54655631087
7011 1.78042621309 1.78042621309
7012 1.88889717607 2.0194976759
7013 3.31677557843 3.31677557843
7030 1.28159334117 1.28161040668
7043 0.844925776831 1.11112698014
7045 3.66236007645 3.66236007645
7052 5.64801546662 6.88174563528
7060 0.0 0.0
7063 1.17353111792 1.17353111792
7074 0.38104550128 0.38104550128
7079 2.06300785744 2.82983038011
7080 3.56037203198 4.72769870235
7081 0.134405033457 0.134405033457
7088 1.64363786923 1.64363786923
7094 1.35971523176 1.80539320167
7095 1.79884647273 1.79884647273
7099 4.05832255074 4.49889911454
7109 0.538561974116 0.690504538915
7112 1.97558101913 1.97558101913
7113 2.81654587302 3.16743799775
7119 1.21475054814 1.97625437732
7121 0.933665077521 1.16831956755
7123 0.0254700892561 0.0254700892561
7125 0.873047475092 1.16200796338
7127 7.12962362854 7.12962362854
7129 0.852323333904 1.19864028282
7130 0.777560041029 0.813863541959
7134 1.93606707182 2.02250109793
7135 1.87177479382 2.38916971561
7137 0.325129609913 0.325129609913
7142 2.36651700641 2.99081460905
7158 1.20876232202 1.20876232202
7159 1.34151327248 1.66405153308
7163 2.5806757854 2.82949480912
7164 1.40983230333 1.40983230333
7166 1.03146698716 1.11232616399
7168 1.89757436136 2.16499236195
7171 4.5353237605 5.75016085419
7173 0.0 0.0
7176 5.22554575881 7.08892299831
7177 0.77571934313 0.77571934313
7178 0.978161390524 1.20967909252
7181 0.905005459641 0.905005459641
7203 0.642835910515 0.735393904425
7215 2.55533382731 3.26715584611
7222 3.15692123222 3.15692123222
7226 2.72630570362 3.00915934278
7234 5.01582433317 5.01582433317
7251 0.234282002236 0.331324784982
7262 0.455877928092 0.585260690077
7263 0.791450806928 0.791450806928
7272 9.99443418153 9.99443418153
7275 4.97872379227 4.97872379227
7278 3.2861286663 3.2861286663
7290 4.69287327656 5.13879435117
7293 1.84637426271 2.10480825577
7294 5.0 5.0
7297 0.0 0.0
7304 1.1474743675 1.51601613123
7310 1.73197373942 1.84806262863
7313 0.99636376859 0.99636376859
7320 2.59059685199 2.66743554056
7326 0.534791569364 0.534791569364
7328 1.71233356811 2.40684914457
7334 12.0 12.0
7335 1.0 1.0
7339 1.44635811018 1.75087549392
7342 6.91265893573 6.91265893573
7345 8.0 8.0
7351 4.26335497417 5.99669038993
7355 6.23873837003 6.23873837003
7356 5.17056797283 6.32073339042
7382 1.3201758237 1.50852001373
7387 1.75481003746 2.35189635375
7389 4.50586175112 5.34531739071
7398 5.0 5.0
7407 1.8083590644 1.8083590644
7411 3.26228048631 3.26228048631
7413 0.376429009213 0.376429009213
7414 1.8714772132 1.8714772132
7420 5.03454229881 7.057507731
7431 3.01452408283 3.75850293844
7436 3.14252222261 3.58090996686
7437 2.96836144774 4.24690836153
7438 0.0 0.0
7442 2.87503830018 3.10984655381
7444 0.0 0.0
7446 0.640657060096 0.640657060096
7450 2.60727744878 2.60727744878
7453 1.29168681322 1.72176328315
7459 0.0 0.0
7465 0.815200698391 1.15082648428
7466 1.08898478624 1.40436086532
7474 2.46853515848 2.78323707442
7478 4.0 4.0
7484 1.99449695629 1.99449695629
7491 3.53002353845 3.53002353845
7493 2.60665358634 3.57951060974
7494 4.0 4.0
7497 4.0 4.0
7498 2.0 2.0
7504 1.0 1.0
7513 0.888355332521 1.15323563329
7515 1.69199655059 1.69199655059
7518 0.690032844957 1.03235514056
7525 1.16421323533 1.16421323533
7538 0.449174979906 0.449174979906
7543 1.11180669847 1.11180669847
7547 6.53567719953 6.53567719953
7553 3.33712939481 3.89710729131
7557 2.09220786847 2.09220786847
7561 2.97714102601 2.97714102601
7562 6.50495551029 6.50495551029
7564 1.06014518549 1.06014518549
7568 2.50253416808 2.68248154812
7574 3.95002220534 3.96128732236
7578 2.79744521311 2.79744521311
7580 0.90306360479 0.90306360479
7585 1.48612683403 1.48612683403
7587 0.518986540652 0.518986540652
7591 1.36199482345 1.50714785968
7594 1.4613160287 1.4613160287
7600 2.4727659604 3.24750925211
7608 1.45232541097 1.79228033308
7611 8.97357674049 8.97357674049
7621 0.99823443748 0.99823443748
7632 1.28250655668 1.5541986206
7638 6.0 6.0
2.1510399584 3.06357281974