5 1.57593593114 1.57593593114
6 0.27721709293 0.317023866714
9 2.05139767393 2.6092807812
14 1.0 1.0
15 2.15751792359 2.63699491011
19 0.0 0.0
22 2.38399365983 3.54151235877
24 7.73567489935 7.73567489935
25 0.808610891033 0.849834284014
35 3.24516123624 5.32648226421
55 0.139619264937 0.165319521541
57 2.41782916987 2.41782916987
58 1.0 1.0
59 7.0 7.0
66 3.48555080338 3.48555080338
68 0.931181851283 0.989820243853
69 1.02844160222 1.19339294799
76 1.45256757024 1.90220120839
81 1.25962585213 1.25962585213
83 7.31839552688 7.60517572558
85 0.624643305212 0.828775058548
89 9.63749605475 9.63749605475
95 1.92461122182 1.92461122182
97 2.09918661446 2.09918661446
119 5.0 5.0
122 2.85320316189 3.50353612652
126 2.87074940193 3.27214745999
134 0.849962617683 1.14625696394
136 2.61405854642 2.79403447614
146 0.0 0.0
151 1.9333912456 1.9333912456
155 0.516013095153 0.516013095153
156 4.03082104716 5.51851879287
161 3.18674329835 3.784462601
164 1.55785882171 1.57248938258
171 1.194099679 1.63034402668
172 2.68108801824 2.82841248372
186 2.46952524054 2.46969240878
189 2.34472181273 3.19259813553
196 3.84759866132 5.92944147432
205 0.907528635504 1.07724664706
219 0.416245801927 0.416245801927
221 4.49682346065 4.49682346065
222 4.0 4.0
234 0.198862042221 0.198862042221
243 2.54561335571 2.54561335571
259 4.39940168493 4.39940168493
274 9.53655641397 9.53655641397
276 4.09434763644 4.58869461623
291 2.37866221728 2.37866221728
299 0.518161876186 0.764343986417
303 0.955853728688 0.955853728688
304 1.58945261447 1.70886644999
307 4.75069206297 4.88453339766
308 1.77332801739 2.20858547273
316 1.03082523834 1.44016490049
323 4.47244626076 4.49733043312
326 1.56476005447 1.56476005447
328 3.29115842956 3.29115842956
331 2.70304740283 3.14792068783
334 1.72220555795 3.02038188693
342 2.76905515103 3.03852145032
343 2.05867849721 2.30069829768
346 1.14418399144 1.61812051855
347 4.65458351002 4.65458351002
348 2.15994512902 2.37473681794
360 2.0 2.0
362 4.56063207972 5.71214641423
365 2.22806318087 2.92468551724
369 1.03042426184 1.42289002249
370 6.44496934359 6.44496934359
373 1.0 1.0
376 1.44266777853 1.44266777853
380 2.08150661816 2.08504398913
381 0.755270851215 1.16458438123
383 2.0 2.0
384 0.810070119706 1.21316593206
391 5.0 5.0
393 0.828863632191 0.828863632191
405 3.25278449018 3.25278449018
410 0.692267623588 0.798509359362
419 0.492337458335 0.492337458335
420 2.54230350345 3.76612995806
427 0.982312593421 1.01610847104
431 4.77979920657 6.48542425827
433 2.68361232944 2.91829328856
445 0.904877348223 0.914888962837
452 1.49557774311 1.58455554933
475 2.13197872155 2.13197872155
476 1.57880585892 2.77115029102
480 3.007336089 3.007336089
485 2.28610601278 3.09918584308
488 8.0 8.0
493 2.66514831022 3.51175329772
502 2.65029525928 2.65029525928
509 0.967891755515 1.16774211764
512 7.08326394671 7.08326394671
515 0.920092111575 1.02669490727
517 2.43674072755 2.88810203524
520 3.74908356164 4.07295909671
523 0.79225783475 0.856854024634
524 1.63511806808 1.63511806808
531 3.20377072105 4.1402734545
532 1.65581918081 1.84261816116
538 0.758557794559 0.86636359964
544 1.27115609617 1.9355836862
545 2.14941956247 2.14941956247
549 1.53296522169 1.53296522169
550 2.26261188274 2.27780103013
552 1.0 1.0
553 3.0 3.0
555 1.55305541154 2.61075130267
564 1.96670594255 2.19050919164
566 1.25797339469 1.3661323083
569 0.921566946561 0.924898578692
575 3.07873258743 3.26224743698
579 3.48872939791 3.85579891787
590 1.41496340047 1.51631847869
591 0.231199519391 0.326965495937
594 3.36312431357 3.36312431357
599 0.319108682097 0.319108682097
611 1.23073038659 1.62595453705
617 3.09426907268 3.09426907268
618 2.0 2.0
621 2.80858128429 2.80858128429
625 3.12538632292 3.12538632292
626 4.5818405829 6.00565231484
638 2.39684914941 2.39684914941
643 8.7494635717 8.7494635717
649 1.85210473301 2.10259275719
650 2.48681524172 2.48681524172
652 4.84997076082 4.84997076082
659 3.11833533949 3.7736994486
676 1.47391044082 2.15041305414
683 1.42107601392 2.31187565892
684 0.663478903289 0.946594814632
687 0.237687330259 0.237687330259
689 1.80416869488 1.95310363128
691 3.79693593579 3.79693593579
712 1.92031253037 1.92031253037
714 0.380367992413 0.537921573564
723 5.87918730713 5.87918730713
725 2.85072897317 3.62477795518
732 0.663886641702 0.663886641702
745 0.731747545084 0.801516302406
758 0.0573819820576 0.0573819820576
764 2.03280925587 2.03419896207
767 0.976897747948 0.976897747948
772 1.0 1.0
777 1.0088105412 1.33572729326
779 0.836396030491 0.836396030491
783 2.48162488201 2.48162488201
785 2.12070645554 2.12070645554
795 1.0 1.0
806 1.29019697272 1.29019697272
809 4.37278622303 4.37278622303
810 2.01897291576 2.68510026541
814 2.80904415629 2.80904415629
817 3.37835571244 4.8333728096
831 2.04174392325 2.04174392325
845 1.0 1.0
848 2.19025925765 2.19025925765
851 2.0 2.2360679775
853 8.41091812849 8.50897070616
860 8.19735656776 8.19735656776
869 1.0 1.0
878 1.54012922854 1.54012922854
881 0.855097485938 0.855266185344
886 1.29030580404 1.29030580404
888 1.9562025893 1.9562025893
912 1.0 1.0
924 1.14457178249 1.34841768143
928 0.567712939178 0.586267599869
936 0.919533480075 0.919533480075
943 1.68288815812 2.13702975102
950 2.29598908287 3.12238408479
954 3.3537636307 3.3537636307
961 3.12072993171 3.7784655742
963 0.507929568289 0.507929568289
978 1.40000034934 1.40000034934
986 1.16593184051 2.22054540084
988 2.25025922325 2.25025922325
992 0.850935165398 0.850935165398
993 7.26340193266 7.26340193266
1005 1.32397693648 1.32397693648
1007 0.646799224504 0.646799224504
1013 0.0693818598603 0.0693818598603
1023 0.989197008981 0.989197008981
1037 0.389936147714 0.389936147714
1040 1.12590604583 1.12590604583
1041 0.816014461183 0.928067713647
1046 11.0 11.0
1051 2.83187268248 3.0201390492
1053 1.06829463123 1.07943083275
1056 0.875153830135 1.09695036252
1069 0.59391101818 0.594072877641
1070 1.07936976832 1.33174654701
1073 2.2435188495 2.24545157486
1074 1.73890082826 1.73890082826
1077 0.397491135643 0.397491135643
1079 2.38981148837 3.26318650847
1084 1.59960548416 1.59960548416
1088 8.76424422203 8.85387423837
1103 2.59104330938 2.59104330938
1112 3.0 3.0
1129 0.326620818122 0.326620818122
1145 1.42101273178 1.48206912936
1148 8.5 9.19238815543
1152 2.18244007905 2.18244007905
1154 1.69775794105 1.71256840458
1165 1.28178515018 1.7674316773
1166 0.557566465554 0.557566465554
1181 1.6887481677 1.6887481677
1193 0.809034864751 1.06567491667
1211 1.71612026648 1.71612026648
1212 0.411323407515 0.411323407515
1216 1.43972944989 1.64800607358
1219 3.07898159692 3.60918930386
1221 0.58592127184 0.58592127184
1226 0.375193387379 0.375193387379
1230 7.0 7.0
1234 1.07957098589 1.34311667266
1235 0.0 0.0
1237 2.0 2.0
1239 0.584482280004 0.584482280004
1244 1.28466614251 1.28466614251
1256 2.0 2.0
1261 1.65782282198 1.65782282198
1263 2.35918240532 2.59605336925
1264 0.0 0.0
1266 2.4177301079 3.10739142226
1267 1.39786176895 1.69009060112
1269 3.0 3.16227766017
1275 1.96931933116 1.96931933116
1283 10.3955896453 10.3955896453
1284 4.79420442504 4.79420442504
1285 0.496710850826 0.496710850826
1287 4.17280633912 4.69047196369
1289 1.08479705355 1.77563128047
1292 2.64695650743 3.24939632918
1295 0.666475649078 0.666475649078
1296 1.0 1.0
1297 2.8498429842 3.17966037279
1308 3.51357798556 3.51357798556
1312 0.340693888128 0.444611389037
1313 1.34635749069 1.55086051094
1325 0.448091689094 0.448091689094
1330 1.03050700105 1.33013572037
1337 2.52250156367 2.52250156367
1345 1.37426311859 1.37426311859
1365 1.85892676113 3.13725346124
1369 2.08823498185 2.36654868028
1374 1.31752628606 1.51977125865
1384 4.47961929146 5.99115150761
1387 4.26255268244 5.42604350291
1389 1.27092932807 2.07276426931
1391 0.834566579841 0.945309126941
1408 3.0 3.0
1413 9.13601218997 9.32422486275
1422 1.11466639321 1.11466639321
1424 1.76868332403 2.0787859997
1426 9.29796622581 9.34980533578
1434 3.21706106285 4.20962875873
1437 0.600025958072 0.694012247519
1438 3.24393133329 4.2210052692
1443 5.37659022312 5.37659022312
1453 1.11743246979 1.28054777239
1455 5.95024231424 7.74017329056
1458 1.48351566363 1.78280903683
1461 1.1526070619 1.1526070619
1465 1.78625951771 1.79900196175
1474 1.47356886412 1.47356886412
1479 8.4387591345 8.54045798502
1480 0.619946130795 0.683694535953
1482 2.50460366555 2.50460366555
1483 1.28949015096 1.28949015096
1487 2.0 2.0
1496 0.819932194623 0.919311401476
1499 0.958259592921 0.968726169524
1504 0.588649205193 0.588649205193
1510 1.0 1.0
1512 2.11353970158 3.39269439836
1513 1.31981225316 1.94670269067
1518 3.34959328744 4.00947765239
1530 1.36721410057 1.43748112702
1539 4.0 4.0
1544 0.5 0.707106781187
1545 1.75188074413 2.37160375593
1547 2.70261161863 3.8220700049
1565 0.499124373927 0.499124373927
1569 1.0 1.0
1579 1.37496651917 1.40672482891
1585 0.948635529378 1.17647213655
1597 7.74400157783 7.78688767333
1598 1.97735274135 1.97735274135
1599 1.91664882766 2.30206641877
1602 1.30859811433 1.78413721953
1605 3.46111382039 3.59046060551
1609 0.195046954941 0.231351004256
1622 1.38006261334 1.73125291599
1627 2.67032021989 3.1496951779
1628 2.17994741298 2.40680097467
1629 4.71524934289 4.71524934289
1631 2.08296370259 2.19059641468
1638 2.86392047738 2.86392047738
1651 1.94761566419 2.19908388987
1653 1.34916475719 1.51803037381
1658 2.46098246709 2.46098246709
1662 5.16641927393 5.16641927393
1674 1.40941642172 1.46767723162
1678 0.947013074387 0.947013074387
1683 5.0 5.0
1684 2.04923676731 2.17749645038
1687 0.0740190301475 0.0740190301475
1691 9.62339162304 9.62564881248
1718 1.9862134182 2.31888477345
1719 0.0 0.0
1722 1.36648682158 1.53916032747
1731 1.39254709454 1.39254709454
1732 2.36734794045 2.46490508938
1752 0.0 0.0
1754 3.25735232441 4.44620043948
1764 8.13449461472 8.13449461472
1770 1.82086194335 2.23392616031
1778 0.264020570558 0.264020570558
1789 1.09530484493 1.14295970275
1792 2.5715550228 3.39842796601
1793 2.63041838728 3.54034149645
1797 0.24019707142 0.24019707142
1802 3.64453530545 4.25689237655
1806 0.765981419788 0.765981419788
1807 1.53807087667 1.86489561504
1809 4.88257559378 4.88257559378
1811 2.10466323917 2.10466323917
1817 2.29065664045 2.29065664045
1825 1.27309348852 1.27309348852
1828 3.0 3.0
1831 7.27319343673 7.27319343673
1832 1.90578661268 1.90578661268
1833 1.61362114741 1.61362114741
1836 0.130429082208 0.130429082208
1837 0.593997385368 0.593997385368
1838 2.03961261111 2.03961261111
1839 1.25968275765 1.46111952599
1842 3.52406331325 3.52406331325
1843 2.67268340523 2.67268340523
1847 0.25147397725 0.25147397725
1849 2.9907044845 4.64029843157
1853 1.717464774 2.41575675668
1855 3.0 3.0
1859 4.48224896019 4.48224896019
1867 0.0651633508821 0.0651633508821
1872 1.84676916684 1.84676916684
1878 0.00296375329718 0.00296375329718
1880 1.0 1.0
1888 1.86551978133 2.22882951926
1896 1.09111168692 1.09111168692
1899 1.34157598182 1.75755102572
1901 2.51821924036 3.08039205432
1902 1.31735285962 1.49350898727
1907 0.197692082139 0.197692082139
1918 1.24036199019 1.24036199019
1921 2.49197338267 2.87963770984
1924 1.39858131756 1.39858131756
1926 0.00101488610908 0.00101488610908
1939 1.0 1.0
1940 3.53291037223 3.68357261273
1941 3.36037849172 3.36037849172
1946 4.71950079846 5.74763975889
1955 2.49468174145 2.49468174145
1957 2.4556706849 2.83646855807
1959 2.70908027459 2.70908027459
1962 1.35632603274 1.50131158765
1965 2.94849975999 3.6582405732
1966 3.20560708615 4.25259315568
1972 1.04401582312 1.04401582312
1984 1.20468991859 1.25053638953
1989 1.77872090787 2.06247924977
2005 1.37460019152 1.68288144709
2007 2.21095448772 2.3383436974
2011 1.98053317336 2.22751526626
2023 3.14228352277 3.79321038502
2033 1.43253016545 1.43253016545
2040 1.93908975042 2.76392767009
2045 0.271805509398 0.271805509398
2058 3.0 3.0
2062 1.54254684664 1.84396561352
2069 2.70467845533 3.33894630602
2071 3.0 3.0
2080 3.0 3.0
2091 1.0 1.0
2092 1.92926070979 1.9526189134
2096 1.28347396002 2.00744875727
2100 4.32435426497 5.22869259658
2103 2.28204840223 3.06287163363
2108 2.143989466 2.55592426925
2114 2.0 2.2360679775
2115 1.71662011205 1.96065227195
2117 1.91015809956 1.91015809956
2127 0.996375755163 1.13208115872
2142 0.185850426335 0.185850426335
2146 2.33320848909 2.67656814907
2149 1.13989285998 1.13989285998
2151 0.500016067915 0.670832370422
2155 1.12858145366 1.16236488027
2181 3.0 3.0
2183 1.92571472744 2.00548398858
2186 3.19650643269 3.19650643269
2192 1.68340674711 1.68340674711
2195 1.78150009146 2.26720498876
2197 0.0 0.0
2200 10.0 10.0
2202 4.10150593687 4.20863830722
2204 3.79340737957 3.79340737957
2205 3.0 3.0
2210 0.857484162246 1.21266573177
2211 1.09388207468 1.99910315958
2212 1.42428685141 1.42428685141
2216 1.0 1.0
2233 3.0 3.0
2240 1.49211144144 1.57277594814
2242 2.52351441479 3.28069318607
2245 0.835969407088 0.973448101922
2246 1.53300279008 1.61794269493
2250 0.501878793718 0.501878793718
2254 2.1037539798 2.59857929387
2259 2.53890986173 2.53890986173
2262 0.613452028071 1.05308324864
2272 0.892117133952 0.897701794596
2278 2.94523759124 3.58109985814
2287 0.484809903699 0.685624740984
2289 0.571843561753 0.571843561753
2292 1.03062038357 1.2874036966
2299 4.33793239164 5.88693303165
2301 4.0 4.0
2319 0.817235686596 1.05354479462
2320 2.45397011015 3.50004020051
2329 1.0 1.0
2332 1.74014945468 1.84004534221
2346 2.0 2.0
2355 3.2557336663 3.27854781815
2358 1.85606385462 1.89011424879
2364 1.34234071939 1.84054911607
2366 4.01398503601 4.01398503601
2367 1.89772306069 1.89772306069
2376 0.0323135638368 0.0323135638368
2378 6.88552980581 6.88552980581
2386 1.95153914734 2.2726518744
2394 0.514613129048 0.707408712896
2402 7.70521691741 7.70521691741
2404 1.16523146736 1.16523146736
2409 1.91359983977 2.16713238937
2414 0.316299049429 0.316299049429
2422 2.93710224588 3.56587686701
2428 2.29824698639 2.29824698639
2430 0.28283178335 0.28283178335
2431 2.41695825176 3.16345888478
2450 2.41072159635 2.96764848834
2451 2.0 2.0
2466 4.25314310817 4.25314310817
2475 6.21973598069 7.30185003357
2477 1.81804962695 2.02253832438
2478 0.45901163539 0.562213848629
2484 1.25404918336 1.66122199978
2494 1.98101834894 2.59548401134
2496 1.42133623458 1.43393101219
2499 3.86851894732 3.86851894732
2505 5.37232980766 5.63399463883
2506 2.35251387443 2.59729364096
2507 1.79136365286 1.79136365286
2508 3.03583188554 3.09434966448
2518 2.0 2.0
2527 1.44452927912 2.28490117405
2530 1.72389008821 2.02631125385
2537 0.840300626154 0.840300626154
2538 1.95668458548 1.95678890703
2539 1.58628256487 1.9154563765
2541 6.0 6.0
2551 2.2964864621 2.89705278611
2554 1.9101654167 2.54042979402
2561 2.65208219303 3.23065570213
2562 2.6177709022 3.01155935248
2572 0.931345152802 1.18401135021
2580 1.0 1.0
2584 0.0528930035767 0.0748020030129
2585 3.59911852742 5.14268849208
2586 3.23292414288 4.6051048515
2587 2.48222220789 2.48892906915
2590 1.46688716503 1.46688716503
2596 0.531351065936 0.531351065936
2609 1.00854664331 1.00854664331
2618 0.562292158533 0.700428272019
2627 1.67636990448 2.13510525626
2634 8.02751517274 8.02751517274
2636 1.18855438149 1.31237230477
2645 1.62821571057 1.65475479894
2647 9.0 9.0
2649 0.0 0.0
2654 3.24909966147 4.25724104118
2669 0.836419054865 1.11453310541
2672 0.990164149417 0.990164149417
2676 2.21156203372 2.21156203372
2679 1.86546316159 1.87030825485
2683 1.90513591629 2.04975801896
2685 1.34312590446 1.55066862589
2687 2.27374054677 2.27374054677
2690 1.18049614882 1.2414821502
2693 1.90623241826 1.9304394056
2699 0.0288006970952 0.0288006970952
2704 2.60232240861 2.60232240861
2713 2.47397378647 2.87134371413
2714 2.0 2.82842712475
2715 3.62502757649 5.11400473911
2716 4.18064126817 5.24986953068
2721 1.51238188018 1.74958737578
2733 4.4513798541 4.4513798541
2739 0.751200332754 0.99638686255
2743 1.0 1.0
2750 0.994596658574 0.994596658574
2758 3.49921009119 3.49921009119
2761 3.0 3.0
2764 1.55442363452 2.01202995009
2765 2.41271625388 3.1232083336
2771 1.5101811446 2.05964209421
2772 0.487610766658 0.515719381548
2775 6.17704477143 6.17704477143
2777 1.19737552121 1.45265840213
2788 0.900249737941 0.900249737941
2800 1.84090346847 2.1017461219
2803 2.43636649951 3.10130293534
2805 1.0 1.0
2806 4.6858884793 4.6858884793
2838 1.05462458606 1.05861773276
2843 2.63421047843 2.63421047843
2846 0.339841009341 0.339841009341
2850 4.57675743203 4.70904217619
2852 2.92246223025 2.92246223025
2855 9.26131852671 9.26131852671
2857 8.4564471029 8.55684263404
2860 2.92412444739 2.92412444739
2861 1.7126502838 1.7126502838
2863 3.86451911855 4.83198074452
2867 2.0 2.0
2868 3.33333333333 3.33333333333
2877 1.91390625414 1.91390625414
2883 1.28433446234 1.28433446234
2890 2.27488937434 3.47167634689
2895 3.68029875099 3.68029875099
2899 1.18379845758 1.64593404719
2907 2.24315614114 2.24315614114
2913 1.55245329845 1.87157130327
2919 2.60742679374 2.60742679374
2928 2.62085227521 3.3152107528
2935 0.44103604551 0.44103604551
2961 2.29071713187 2.70371280061
2964 2.05843245381 2.63910774514
2966 2.40344203303 2.40344203303
2976 1.49826395993 1.7303748731
2977 1.20485264513 1.6102041958
2981 1.43647515915 1.725614694
2987 3.85061440542 3.85061440542
3000 1.76442928695 2.43133616862
3011 0.155720927797 0.241053187089
3014 0.520242095462 0.520242095462
3021 3.48070770566 3.48070770566
3045 1.98890672493 2.20732949524
3046 0.156395182923 0.156395182923
3050 8.50867993814 8.50867993814
3051 3.9548430096 4.87443930299
3052 0.78362785667 0.78376837644
3062 1.52242102195 1.52242102195
3064 0.89619526658 1.38473325349
3070 0.560947709826 0.66320205861
3074 1.1981963559 1.1981963559
3075 1.0 1.0
3079 3.22060820665 3.86185878882
3092 2.19715469981 2.58797454153
3097 1.15823690684 1.15823690684
3098 1.01804470576 1.01804470576
3102 1.20035579218 1.64651071465
3107 1.43721854901 1.43721854901
3110 1.62446933093 2.29420382353
3115 3.23339338579 3.28055896725
3116 0.166668931067 0.166668931067
3118 0.844711511973 0.844711511973
3127 2.60917465948 2.60917465948
3128 0.714773938143 0.766029586222
3129 0.883325687739 1.14339612461
3138 2.24396527799 2.24396527799
3139 2.82208255166 3.06682479986
3150 1.07030110528 1.10614550962
3165 1.24727827004 1.27734697923
3169 1.82931972176 2.2678294123
3182 0.304507062897 0.304507062897
3186 1.94508569396 2.14056295047
3187 2.19698434119 3.64260041112
3188 6.42863018995 6.42863018995
3193 1.206959293 1.206959293
3198 0.0 0.0
3203 2.89314172701 2.89314172701
3212 3.09416626994 3.09416626994
3215 1.22147652883 1.77402242333
3219 2.91873663427 3.69766720098
3224 3.586970509 3.6631777538
3225 2.76675510911 3.37619950321
3231 1.40008711618 1.40008711618
3242 0.647790010891 0.704062491341
3243 1.02377897407 1.02377897407
3244 2.16824235978 2.67197312515
3245 1.08154470912 1.32560149055
3247 0.0 0.0
3252 2.09839617202 2.67932789155
3276 1.0 1.0
3277 2.26171314542 2.26171314542
3278 2.47898545909 2.99096509578
3284 1.42595520162 1.7533820598
3286 0.100723888314 0.100723888314
3287 1.0 1.0
3290 0.532169361726 0.532169361726
3293 0.0814135585343 0.0814135585343
3294 1.96120123203 2.08159638393
3296 1.41906025726 1.41906025726
3297 2.0 2.0
3298 0.661707242586 0.661707242586
3300 4.17920325615 4.47546452898
3321 1.11567060216 1.56681154557
3323 1.69859279452 1.69859279452
3328 1.71455567257 1.71455567257
3332 3.0 3.0
3341 1.38463991439 1.58557533215
3345 1.06767130258 1.25497719844
3347 0.810469682932 0.832335778421
3351 1.69263757519 1.88668770669
3352 0.404058247935 0.417462815623
3353 0.187487602896 0.187487602896
3366 0.303789888869 0.303789888869
3368 1.60749121829 1.60749121829
3374 1.0 1.0
3381 0.257011264027 0.257011264027
3385 2.66463591336 3.45879776114
3389 1.71170080151 1.71390713271
3395 1.87692896482 2.4102181354
3398 7.2842449102 7.2842449102
3399 1.5661909986 1.5661909986
3408 0.687670801285 0.687670801285
3409 2.67341177367 2.67341177367
3410 2.4929365083 2.4929365083
3412 3.21680030871 3.83077994971
3413 0.457794959555 0.577030251165
3418 3.0 3.0
3421 0.0054544462828 0.0054544462828
3423 2.53856103939 3.25143985045
3426 1.36991374402 1.51339165522
3429 2.96801849657 3.66269822858
3431 1.72071521608 1.72071521608
3440 3.43744099433 4.63336970557
3450 1.29042031317 1.29042031317
3452 0.829580234522 1.23507714382
3457 1.54356756084 1.54356756084
3468 1.47861779478 1.55415107905
3478 1.84100098255 2.07328060732
3481 0.0431480998958 0.0431480998958
3486 2.36814946343 2.36814946343
3487 4.20467457154 4.54583899817
3488 5.49784678118 6.88612431709
3495 0.00230937548713 0.00230937548713
3499 2.0 2.0
3502 1.62150982225 2.47406021571
3510 0.183474037725 0.183474037725
3514 10.6553149579 10.6553149579
3516 1.72868417094 2.80541299317
3517 1.91914166081 2.10005744054
3522 8.14537824674 8.14537824674
3523 2.04857388009 2.68119346609
3545 1.58965389964 1.92965354843
3554 0.668064261406 0.668064261406
3565 1.0 1.0
3571 0.346290417294 0.346290417294
3573 2.49509454947 2.49509454947
3578 0.887542381416 0.887542381416
3580 2.05443981869 2.25113624787
3583 1.75748617939 1.85972738809
3587 2.04379384453 2.04379384453
3592 4.260404764 4.44293471955
3594 5.95230152326 5.95249263489
3595 1.9341221912 2.78889831586
3597 0.239938633334 0.239938633334
3604 1.55669635494 1.55669635494
3607 1.98946218927 2.26639764608
3608 2.75531141068 3.26693420782
3614 3.50850909762 3.61461526449
3615 1.0 1.0
3619 0.120847251714 0.120847251714
3632 1.54340837406 1.84409818366
3636 1.46888084687 2.04567775235
3657 1.91151974226 1.93863150023
3661 0.990201241338 1.33018605941
3679 4.60338323136 4.60338323136
3683 0.444356920344 0.444356920344
3709 5.54353543657 5.61016527423
3719 2.30956623146 3.68107876911
3721 8.0 8.0
3722 1.18344187913 1.18344187913
3728 4.5 6.36396103068
3729 1.72286793077 1.72286793077
3730 2.96959414114 2.96959414114
3733 1.49861388334 1.49861388334
3735 1.17921241173 1.17921241173
3736 2.60723214653 3.01853795695
3738 0.75039472067 0.75039472067
3743 3.0 3.0
3748 12.0 12.0
3750 4.0 4.0
3755 3.38074029823 4.55900959498
3758 1.52167926975 1.88213491327
3760 1.98061266887 1.98061266887
3783 0.226534839348 0.226534839348
3802 1.15246056795 1.19411556854
3810 2.25773181384 2.25773181384
3814 0.861649974752 0.861649974752
3828 3.99968270553 3.99968270553
3831 1.94562011282 2.31509843632
3832 0.22168942314 0.22168942314
3840 2.1505759429 2.59146085143
3843 1.35645679025 1.35645679025
3849 2.0 2.0
3852 2.09370820852 2.09370820852
3857 1.27090489606 1.37516034549
3864 9.72292389969 9.72292389969
3868 2.33287187519 2.42763581106
3874 1.14567279856 1.62022600976
3876 4.65025318029 4.65025318029
3878 3.31915834485 4.14601065889
3879 1.5 1.58113883008
3882 3.77406667945 4.99657649726
3889 1.07781547838 1.5434153682
3895 1.76674211585 2.19512466569
3902 3.18052691845 3.18052691845
3912 0.902558734589 0.913018000805
3913 2.29793002147 3.37377203244
3918 1.0 1.0
3924 3.35808987907 3.35808987907
3927 1.47581297653 2.22563916743
3936 1.80641161717 2.37105681239
3953 1.77681167095 2.1303723108
3961 1.81756138961 2.20899787945
3983 1.96552154852 1.96552154852
3985 0.91132883832 0.91132883832
3993 0.993781205981 1.22205222957
3994 0.643973101649 0.692149844717
3995 0.913672378289 0.956150266929
4004 1.48759358891 1.98135829902
4023 3.09002364563 3.72071223582
4046 1.38335013982 1.3833639964
4048 8.09990557747 8.20007481703
4050 4.25122108405 4.25122108405
4053 1.64194559508 1.64194559508
4054 0.560126675073 0.560126675073
4064 1.13790034728 1.63628315541
4070 3.59392212953 4.62792846918
4075 0.972435101212 1.13779394341
4082 1.63808548654 3.0700269969
4091 2.43298786273 3.09269634671
4093 6.22035048556 7.04521828339
4105 1.97319236701 1.97319236701
4106 2.112637708 2.14396289256
4113 1.87640266809 2.56580886711
4130 0.0 0.0
4144 1.0 1.0
4159 1.17525915943 1.17525915943
4161 0.0 0.0
4162 0.582857331727 0.582857331727
4172 0.787013461491 0.913042192695
4175 0.470790879882 0.470790879882
4179 1.29123478436 1.32974597832
4182 0.442927586522 0.442927586522
4186 0.245509250943 0.245509250943
4192 0.0 0.0
4193 3.6075067785 3.65657696947
4195 2.37035852103 2.73158094875
4207 0.277085804866 0.400582417101
4210 1.32662684605 1.46259715613
4212 2.28897945063 2.90850550364
4219 0.136545831453 0.193104966726
4221 2.43481455869 2.59781626807
4227 7.48696282582 8.15731254782
4240 1.38150790411 1.75040029616
4247 0.5 0.707106781187
4252 0.984840318016 0.984840318016
4253 1.27845695293 1.76854384348
4260 2.43308568342 3.56319616755
4271 2.64055024658 3.50379514735
4274 1.27143606113 1.27143606113
4282 2.33333333333 3.0
4286 2.85587188612 2.85587188612
4296 0.949717340345 1.21233931823
4297 0.0 0.0
4308 1.29448799974 1.29448799974
4315 1.96895645082 2.63215840643
4317 2.0 2.0
4341 1.03186939624 1.05564291272
4349 5.0 5.38516480713
4357 2.84370467791 2.84370467791
4362 3.00680501369 3.00680501369
4363 5.63602817395 5.86867972916
4367 2.33333333333 3.0
4377 2.0 2.0
4382 2.18762701042 2.73837833573
4388 2.15153232663 2.52427232907
4395 1.14124930701 1.37230200753
4399 0.0307163024774 0.0307163024774
4415 0.318461881649 0.318461881649
4416 11.2346132554 11.2346132554
4417 5.42037190589 5.42037190589
4418 1.26959526863 1.46470584683
4420 2.32943414523 2.4830895734
4423 2.21159431036 3.26841179386
4426 1.92196008224 2.15152626517
4431 0.424972045189 0.424972045189
4433 0.735465558612 0.735465558612
4437 3.70853535667 3.70853535667
4442 3.61761467919 3.94583241083
4444 0.992949720736 1.37155332936
4447 6.25922259839 6.86778518763
4456 1.01737776505 1.14192667554
4459 1.61936580173 1.61936580173
4461 0.434750369532 0.592887200229
4462 2.77848088762 2.77848088762
4474 1.18681929889 1.18681929889
4475 2.81818181818 2.81818181818
4479 2.06161863347 2.06161863347
4490 2.75476974944 2.75476974944
4492 1.3349513974 1.3349513974
4498 1.27087603787 1.36147036506
4501 1.10105127191 1.5571216416
4508 0.0287623720497 0.0287623720497
4510 1.25052808571 1.25052808571
4514 1.0 1.0
4523 1.41146250666 2.14985017798
4524 1.77976273137 2.17540646408
4525 1.06499964706 1.06499964706
4526 3.0 3.0
4531 2.48938562006 2.77210366496
4534 1.23740119888 1.25996867271
4538 1.51757112006 1.80666372886
4543 8.42048799609 8.53946158955
4546 5.18123979795 5.18123979795
4550 0.956529936045 1.14651365605
4553 2.67977958087 2.90065766815
4558 1.45449675944 1.45469454512
4565 0.00323095513496 0.00323095513496
4569 0.773858252892 0.789178928082
4570 2.23441745278 2.95959484328
4576 2.95435779341 2.95435779341
4582 2.39973383189 3.45386993324
4583 7.57056404485 7.57056404485
4592 2.47221215898 2.52792265787
4593 2.90638374726 3.50408182824
4595 1.46454116031 1.51561376965
4602 1.90990759486 2.50636202354
4606 2.14621321956 2.3963858318
4610 1.0 1.0
4613 0.905848138993 1.41746542751
4616 7.09043004216 7.94389870497
4619 0.749723346305 1.00814261347
4623 2.00994453161 2.00994453161
4624 2.46772662146 2.46772662146
4629 1.06825691704 1.34496602918
4636 1.80686207193 1.80686207193
4637 1.22631571191 1.22631571191
4638 1.0 1.0
4644 1.01386855687 1.01386855687
4645 0.992903888619 1.01278261972
4651 1.32016700277 1.32016700277
4656 8.30865650431 8.30865650431
4660 3.11359877424 3.45792676109
4665 5.19925906832 5.68876032897
4673 4.2735694206 4.2735694206
4675 3.22445281373 3.65275554245
4688 3.09938306213 3.63709203503
4698 0.297833754825 0.297833754825
4703 1.67950464406 1.69385634801
4709 2.69654817024 3.75134581838
4730 3.4953705847 3.4953705847
4740 2.36264009084 2.38185423728
4744 1.25291945661 1.25291945661
4747 0.502923862617 0.502923862617
4748 2.23142635037 2.78312542614
4749 2.18813130203 2.18813130203
4760 1.60679479183 1.85177435539
4774 3.7634102094 4.96374554916
4781 2.54036302987 4.24965217683
4782 1.52693557348 1.52693557348
4790 1.25387515507 1.37070271825
4801 0.837578480083 0.837578480083
4802 0.763557753633 1.36701558037
4805 1.0 1.0
4806 2.65597031748 2.65597031748
4807 1.43013002943 1.53383216675
4810 1.34622634022 1.34622634022
4812 1.19640248155 1.21241611365
4813 0.534913441016 0.534913441016
4819 1.00015975942 1.00015977217
4820 3.95344334966 4.08500986289
4821 2.49352305962 2.91467529358
4827 3.43038455652 4.24800835792
4828 1.53388721107 2.12186160862
4851 3.49135593529 3.49135593529
4855 0.472186754546 0.517372621196
4861 6.98214746055 7.70218733962
4863 0.716803460074 0.95826652219
4871 8.43049281309 8.52957355812
4881 4.0 4.0
4885 0.241086364564 0.241086364564
4894 2.95792626278 4.1157813433
4900 1.1192758742 1.1192758742
4910 4.41607227823 5.74672077116
4916 0.815751004077 0.815751004077
4920 1.8284906145 2.14346085178
4929 8.5 8.86002257333
4948 1.02883506344 1.02883506344
4956 0.872314215199 1.07877617784
4960 3.09430163243 3.09430163243
4964 1.96824500924 2.70445974908
4966 2.4597363513 2.51837005382
4967 2.277896467 2.76250764403
4971 0.955147485621 0.955147485621
4983 2.10583495643 2.70268860995
4988 0.582251729633 0.582251729633
4993 2.93863875548 2.93863875548
5003 1.57365613904 1.71043569612
5009 1.0 1.0
5026 1.29031127629 1.57274845225
5036 0.159588593589 0.159588593589
5045 6.47686347095 6.47686347095
5047 1.53246676584 1.53246676584
5062 1.93532445565 1.93532445565
5065 2.38584733114 2.45674785512
5066 0.745254350267 0.973489433894
5067 2.67286746285 2.70457203345
5069 4.43990105357 5.64187265449
5077 0.653461312261 0.775930005084
5078 1.50038713774 1.50038713774
5085 2.7254338418 2.7254338418
5086 1.57554466688 2.09663497823
5096 5.65605500888 5.65605500888
5099 2.02441642316 2.09812203648
5103 5.0 5.0
5113 1.85868457202 2.08115761774
5119 1.0 1.0
5121 1.9519799143 2.36805210255
5124 5.00807289478 5.00807289478
5127 3.01563053979 3.17222489535
5131 4.7538283926 4.7538283926
5132 4.19906850647 4.70276278007
5150 2.50617264899 2.50617264899
5151 1.52512717561 1.89256588933
5154 1.1895252809 1.1895252809
5157 3.81069461526 3.81069461526
5159 1.04077243969 1.04077243969
5167 1.27873333199 1.46585651078
5182 3.0 3.0
5183 1.46411464143 1.87076988434
5191 4.23267279611 5.12675791542
5202 1.11297636713 1.51143286586
5204 1.63377260798 1.6900793527
5210 0.0 0.0
5211 3.89855310488 4.50463688923
5217 2.42589247241 2.80983966963
5219 1.30678963803 1.30678963803
5223 2.90303535408 3.96882386989
5228 1.62448267009 3.06130308482
5229 1.52134135832 2.15160539051
5233 2.32861953946 2.32861953946
5246 1.75088067792 1.75088067792
5251 2.58338596276 3.47542836448
5254 5.70414838065 5.70414838065
5256 0.0 0.0
5271 4.36234884487 4.36234884487
5272 1.42066196211 2.12823440151
5280 1.89027182815 2.17196128968
5289 0.6294708693 0.6294708693
5291 1.5883459911 1.90450006808
5293 1.81578750644 1.81578750644
5294 2.68594986255 2.98915228329
5295 5.81148868195 5.81148868195
5300 4.62100575964 6.53508901709
5310 3.64926372501 3.64926372501
5311 1.74055925682 2.34657976701
5320 2.0 2.0
5321 0.925480998873 0.925480998873
5322 2.444699891 2.444699891
5325 8.21164334301 8.85336714427
5326 0.0 0.0
5336 1.78781516721 1.78781516721
5344 1.81615818042 1.95547355138
5356 0.64388450861 0.64388450861
5361 2.12528110945 2.12528110945
5363 4.25767117921 5.33901674937
5367 0.0 0.0
5368 0.31993392804 0.452454900098
5371 4.73759200684 5.99746611989
5372 7.44531187593 7.44531187593
5374 1.08575207476 1.08575207476
5381 8.0 8.0
5382 0.0 0.0
5387 1.23898886633 1.23898886633
5404 0.73045785098 0.861459102597
5414 2.14481788124 2.51703152277
5421 0.854896850362 0.978034791525
5423 1.96042772462 2.404169051
5424 3.59255109643 3.59255109643
5446 2.55690466524 3.13195692713
5456 2.60144486921 2.63179816852
5459 2.0 2.0
5462 3.50360854503 3.50360854503
5463 8.0 8.0
5475 2.44566534364 2.44566534364
5477 2.75996432952 4.10633841723
5478 0.883671834775 0.943472501485
5479 1.7763568394e-15 1.7763568394e-15
5481 3.93017978705 3.93017978705
5482 0.921528541572 1.30315041704
5484 3.03944295642 4.05163341546
5488 0.962012710461 1.21664516058
5492 2.18981995799 3.13019196366
5493 1.80191355694 1.82723297302
5496 1.14212662291 1.50419402989
5499 0.134086001983 0.134086001983
5506 0.709682692526 0.709682692526
5507 2.71329785994 3.19866723392
5509 3.0 3.0
5512 1.1891347454 1.44985235217
5515 1.91385323023 2.3261636325
5518 3.23060216231 3.24527072789
5519 3.0 3.0
5521 1.0 1.0
5523 1.56440323577 1.56440323577
5545 0.729368029038 1.03148215863
5546 3.04180125404 3.04180125404
5554 2.19853350938 2.97382551458
5562 1.26511935499 1.4707994714
5565 0.802779187169 0.925063734186
5573 3.33815047456 4.67058357066
5575 0.230975064101 0.230975064101
5578 0.307823889539 0.352409145869
5581 0.0 0.0
5584 0.904402920373 1.17140860302
5600 3.0 3.0
5608 3.97528940695 3.97528940695
5613 4.0 4.0
5617 7.87004405286 7.87004405286
5633 10.1523740731 10.1523740731
5642 2.0 2.2360679775
5646 0.185262906764 0.185262906764
5649 2.1184059381 2.98788212393
5652 2.26254840838 2.26254840838
5655 1.34942673567 1.34942673567
5659 2.87867284049 3.68039824185
5662 1.33228049689 1.66928089705
5669 1.13448323883 1.14242634805
5674 1.22028408085 1.65929784893
5683 0.82368424143 1.18629544789
5685 2.78927254442 2.78927254442
5687 4.95481746721 5.52251444867
5692 3.0097713504 3.0097713504
5700 2.38074277674 2.46069949422
5702 9.0 9.0
5707 1.52023145404 2.09422694909
5720 4.0 4.0
5721 2.65070309563 4.41086753814
5723 2.0 2.0
5724 2.23523854026 2.71168560596
5725 3.0 3.0
5729 3.25961342837 4.2082083609
5736 1.38200961405 1.38200961405
5737 2.65035963887 2.76188179244
5740 5.47563498063 5.47563498063
5745 1.0 1.0
5749 0.845385335883 0.857447460765
5763 0.2 0.2
5768 3.70730495937 3.70730495937
5772 4.25183492444 4.79734015999
5785 2.37564043579 2.64085774404
5786 1.57504419941 2.12749236402
5792 1.64521006265 1.64521006265
5799 1.12696413358 1.12696413358
5815 0.613963623811 0.613963623811
5816 0.745531113962 0.787763324766
5826 3.46391428946 4.2689105108
5827 1.6348543389 1.6348543389
5831 2.12985080342 2.85208357603
5835 0.0 0.0
5837 1.13871899914 1.5756115298
5846 1.06921029347 1.15040330812
5849 3.86632411164 6.2240192203
5851 2.92373989092 3.07834364965
5865 0.573284727835 0.706480662586
5870 3.84760887672 3.84760887672
5891 0.635320341885 0.635320341885
5892 2.4414207938 2.4414207938
5896 1.18049092678 1.48020983024
5897 1.90846200132 3.20184576159
5898 0.31429350721 0.31429350721
5911 5.35446430293 6.30986441026
5915 1.0 1.0
5931 2.32888762145 2.99466862616
5933 1.98829707295 2.84638404089
5934 4.27179071235 4.45708957798
5936 1.48061754347 1.51884846648
5937 10.4819159695 10.4819159695
5941 0.758988381132 0.992142844473
5945 2.07298124518 2.07298124518
5948 2.52873720708 3.09097677152
5956 6.7553919428 7.87151071108
5957 0.521812511409 0.737954330651
5963 0.0 0.0
5964 1.0 1.0
5968 3.87826322197 3.87826322197
5969 2.00811837372 2.10140847024
5974 0.957445939391 1.22208176742
5976 7.53403830444 7.53403830444
5992 8.14370130805 8.20086087683
6004 1.03053452112 1.03053452112
6006 2.71392293628 3.20737410117
6013 1.78539230486 1.78539230486
6018 0.811629124137 0.811629124137
6022 0.989907106053 0.989907106053
6026 1.05772985949 1.41656820286
6038 1.82642152797 1.82642152797
6040 3.52186917412 3.52186917412
6041 0.831501395355 1.05678445056
6043 1.2314950447 1.67622586097
6045 2.13447700287 2.14714793824
6055 0.786565629973 0.786565629973
6061 0.635887720215 0.732755719876
6063 0.665629962943 0.665629962943
6065 0.170974138097 0.170974138097
6071 3.73957791927 3.73957791927
6077 1.12722025164 1.12722025164
6083 5.0 5.0
6091 7.98602606324 8.36606509095
6099 1.11862845748 1.31955239524
6103 1.59121428106 1.59121428106
6107 5.62526593599 5.89374404568
6115 0.252169852438 0.252169852438
6117 1.0 1.0
6120 3.41428488171 5.34797063378
6124 5.88766819851 5.88766819851
6148 2.82220832203 3.1986594241
6150 1.82410495948 1.94918712553
6154 0.566743977569 0.566743977569
6168 1.66651702925 1.70708165495
6183 1.0 1.29099444874
6194 5.63849321841 6.52328637599
6198 8.9650764825 8.9650764825
6201 1.32172022162 1.32172022162
6202 3.99425874704 5.88386580209
6215 0.0 0.0
6228 1.6092555044 1.6092555044
6234 0.999501571296 0.999501571296
6240 3.27959919675 3.80268223661
6269 2.18343376123 2.67818410491
6276 0.0 0.0
6277 0.0 0.0
6280 2.84563304376 2.86527947607
6282 1.84519480822 2.55895633599
6283 1.54946669389 1.61064564902
6285 2.17138712645 2.17138712645
6287 1.09379842357 1.24535767175
6290 2.55844237766 2.64265330849
6297 2.86523477474 3.4188698541
6299 2.74532736353 3.29283681275
6303 0.735958472424 1.04080245304
6325 1.16816260667 1.20581307585
6328 1.22239588899 2.31079292599
6343 1.83339783082 2.03835758686
6346 2.61194193208 2.61194193208
6349 1.68791416013 1.68791416013
6372 6.96150964369 6.96150964369
6375 0.525078878736 0.525078878736
6377 2.21143897367 2.75327053562
6378 5.56570469353 6.8110948379
6379 0.233892687503 0.233892687503
6384 1.88062830322 2.54667949585
6386 0.48963193691 0.822533068909
6397 2.02089505459 2.02089505459
6400 3.96807644041 5.61170751857
6403 2.55973908551 2.55973908551
6404 0.908093568869 0.979990708828
6410 1.0 1.0
6411 5.35993359008 5.81122034182
6415 1.24506535407 1.59847778957
6418 0.93020710156 0.972258234977
6419 2.35090310265 2.43547090349
6421 1.55192700657 1.55192700657
6431 7.82015246216 7.82015246216
6435 6.71639972924 6.71639972924
6440 0.494535693307 0.494535693307
6444 1.3140507432 2.06552898571
6450 2.1676075671 2.72929502449
6454 4.16365271628 4.32320385662
6455 0.854217520469 1.02929535096
6456 1.55367551437 2.05134934844
6458 3.46977863813 4.53332099674
6463 0.721690124248 0.867362042749
6470 1.59483815645 2.3144022453
6476 11.7532749662 11.7532749662
6484 1.20096796297 1.5322529055
6488 3.01174457233 3.01174457233
6497 1.50183199862 1.50183199862
6517 1.6105951284 1.98812081202
6521 3.77642098399 4.31843542309
6526 0.470358655723 0.470358655723
6530 3.57836040252 3.70132417669
6533 1.10879804315 1.26602971313
6538 1.99187105865 2.47893279505
6549 1.62994362193 2.42317830891
6560 0.325494409385 0.414208226056
6562 1.66592698774 2.31036118588
6564 5.87958086699 5.87958086699
6574 0.667837125572 0.912937639451
6583 0.466438110015 0.466438110015
6591 0.0 0.0
6595 2.20854678353 2.63591302845
6614 2.37637720514 2.37637720514
6615 1.28541326792 1.28541326792
6619 0.0 0.0
6631 2.32077082733 3.39190458157
6640 1.91758907321 1.92893423366
6644 2.9320753676 4.26407650998
6651 2.09168551849 2.58551450171
6655 1.0 1.0
6657 4.16781725996 4.16781725996
6680 1.29175039328 1.29175039328
6689 7.40546306042 7.40546306042
6697 1.08100654575 1.26508203313
6703 3.81236556679 3.81236556679
6704 1.64987039292 1.64987039292
6716 2.36802836165 3.26264385225
6732 1.92607758252 1.92607758252
6736 2.72925621498 3.26687977465
6737 1.77270921903 2.37432908935
6738 0.946123592479 0.946123592479
6740 2.71268502888 2.85470012615
6748 1.76754010034 2.44005962573
6766 2.67820204068 4.11116198513
6770 9.70881661227 9.70881661227
6775 1.82903436882 1.82903436882
6779 2.34100499801 2.49553174466
6780 4.60215169382 4.60215169382
6800 1.64240032785 2.26240903951
6809 3.61367649656 3.61367649656
6814 4.0 4.0
6816 3.71469117315 3.71469117315
6823 1.59922595666 2.12353535183
6824 2.0 2.0
6826 2.0 2.0
6829 0.89305208487 0.914023742117
6830 2.38131667355 2.53558798215
6833 0.485915988874 0.485915988874
6838 5.38828535716 5.38828535716
6839 2.33510126585 3.04282835341
6844 2.23958725896 2.25236612147
6854 2.44041725663 3.13163882848
6863 1.49530620046 1.6926373219
6872 1.51520119597 2.18423730835
6878 3.71767746104 4.3147447808
6883 1.99357498825 2.58852134875
6887 0.931684514593 0.931684514593
6889 1.46509019114 1.46509019114
6895 0.851722158962 1.34722519918
6902 4.1920603513 5.54700970552
6917 6.14033737275 6.14194086827
6921 0.935094728118 1.02275377229
6940 2.10221794145 2.25525135404
6941 8.0 8.0
6948 1.46878543932 1.46878543932
6955 0.850096640939 0.938758455753
6968 1.512482789 1.58645246633
6971 1.37406676593 2.04620932759
6975 1.09279142873 1.74201027238
6980 1.70281710499 1.99066316243
6983 1.0 1.0
6993 0.964333254289 0.964333254289
7001 1.56320015898 2.2135324765
7005 0.0 0.0
7006 1.34554854559 1.61022442895
7011 1.5894009559 1.5894009559
7012 1.61829542666 1.80098036663
7013 3.16258580833 3.16258580833
7030 1.27185319469 1.27188465622
7043 0.844925776831 1.11112698014
7045 3.64161366203 3.64161366203
7052 5.69243808821 6.9783399482
7060 0.751159160459 1.06229947222
7063 0.618656028106 0.874911745391
7074 0.38104550128 0.38104550128
7079 2.0569640954 2.82957414045
7080 3.79167400196 4.62760118202
7081 0.0841239857068 0.0841239857068
7088 1.58053106551 1.58053106551
7094 1.43413542151 1.82806290537
7095 1.8285189237 1.8285189237
7099 4.12797047274 4.53261897524
7109 0.463433330979 0.621571550411
7112 1.9779394746 1.9779394746
7113 2.85625191348 3.18502945991
7119 1.22554725288 1.97679085703
7121 1.13045371296 1.35556513408
7123 0.0254700892561 0.0254700892561
7125 0.684393913191 1.08311560765
7127 7.12962362854 7.12962362854
7129 0.888628446554 1.217018664
7130 0.823707048741 0.876901329211
7134 1.95574128386 2.03579211986
7135 1.88258251344 2.39096852025
7137 0.378551967983 0.378551967983
7142 2.34979160246 2.97828913007
7158 0.740843324852 0.740843324852
7159 1.32962643609 1.60627295468
7163 2.67746728861 2.93982627069
7164 1.40983230333 1.40983230333
7166 0.928086494518 1.031615877
7168 2.03639425949 2.28852822753
7171 4.52371920785 5.71298175923
7173 0.0 0.0
7176 5.23129316195 7.09132893329
7177 0.999125063156 0.999125063156
7178 0.975647301495 1.21390659475
7181 1.07378469202 1.07378469202
7203 0.67452253316 0.748943408517
7215 2.25330918014 2.97152842486
7222 3.2623067607 3.2623067607
7226 2.74569547697 3.01862940567
7234 4.83968992995 4.83968992995
7251 0.337973219566 0.477966310829
7262 0.52474309018 0.615076452453
7263 0.754132567816 0.754132567816
7272 10.1258800007 10.1258800007
7275 4.97872379227 4.97872379227
7278 3.26753692957 3.26753692957
7290 4.6868482282 5.13083808816
7293 1.7598792497 2.08791740503
7294 5.0 5.0
7297 0.0 0.0
7304 1.11785674903 1.46389685683
7310 1.70168798371 1.82545265606
7313 0.99636376859 0.99636376859
7320 2.63260967347 2.67238733062
7326 0.633592281407 0.633592281407
7328 1.78941609887 2.42757570692
7334 11.6473477407 11.6473477407
7335 2.22787106573 2.22787106573
7339 1.29394377751 1.5768406788
7342 6.895862855 6.895862855
7345 8.0 8.0
7351 4.25806264498 5.98097175709
7355 6.23873837003 6.23873837003
7356 5.17056797283 6.32073339042
7357 7.0 7.0
7382 1.3577475261 1.5596494212
7384 1.0 1.0
7387 1.68335761311 2.30873221274
7389 4.41949621327 5.41797200038
7398 6.48248444831 6.48248444831
7407 1.55731012665 1.55731012665
7411 3.26228048631 3.26228048631
7413 0.357660599747 0.357660599747
7414 1.92866163166 1.92866163166
7420 5.03535369767 7.05774971993
7431 3.17807298948 3.88292001728
7436 3.27819025531 3.70324414789
7437 2.8644373055 4.16995888258
7438 0.0 0.0
7442 2.84125456299 3.07572773073
7444 0.0 0.0
7446 0.469503307227 0.469503307227
7450 2.37261250751 2.37261250751
7453 1.3364723108 1.7893486687
7459 0.315673873934 0.315673873934
7465 0.822930936827 1.13565678277
7466 1.1588766946 1.44356383729
7474 2.55077765532 2.88430011095
7478 4.0 4.0
7484 1.99449695629 1.99449695629
7491 3.53002353845 3.53002353845
7493 2.60157415437 3.49583308122
7494 4.0 4.0
7497 2.09125128322 2.09125128322
7498 2.0 2.0
7504 1.0 1.0
7513 0.936329408415 1.17136003396
7515 1.69199655059 1.69199655059
7518 0.712659519547 1.03402783509
7525 1.16421323533 1.16421323533
7538 0.449174979906 0.449174979906
7543 1.35858886169 1.35858886169
7547 7.34768545761 7.37658429398
7553 3.34429327439 3.92446995891
7557 2.03283847883 2.03283847883
7561 2.99460583824 2.99460583824
7562 6.50368647048 6.50368647048
7564 1.03803088241 1.03803088241
7568 2.60982885037 2.80582535144
7574 3.95002220534 3.96128732236
7578 2.79744521311 2.79744521311
7580 0.917950788023 0.917950788023
7585 1.48612683403 1.48612683403
7587 0.518986540652 0.518986540652
7591 0.686050134535 0.859806916773
7594 1.63088208982 1.63088208982
7595 0.0 0.0
7600 2.2757703426 3.14100089481
7608 1.72129847955 2.00109834948
7611 8.97357674049 8.97357674049
7621 1.02021849445 1.02021849445
7632 1.35288264984 1.61099632434
7638 6.0 6.0
2.1617015916 3.07305573046