5 1.51392351784 1.51392351784
6 0.229438730543 0.237176649477
9 1.94871916775 2.5320593155
14 1.0 1.0
15 2.14773235205 2.70903322751
22 2.72916921056 3.8948802459
24 7.71858649943 7.71858649943
25 0.76986612385 0.815304155119
35 3.57572915516 5.63731568215
55 0.153143217656 0.184030469294
57 2.44217086402 2.44217086402
58 1.0 1.0
59 7.0 7.0
66 3.48555080338 3.48555080338
68 0.909157343509 0.978422736793
69 1.06425430869 1.2118108918
76 1.43620610351 1.89432399989
81 1.27566895954 1.27566895954
83 6.99831579604 7.32860853995
85 0.528768207622 0.6935646961
89 9.34888391674 9.34888391674
95 1.61164297877 1.61164297877
97 2.24086359248 2.24086359248
122 2.80629580502 3.44470652452
126 3.45771063905 3.85964908723
134 1.05192537519 1.34623013717
136 2.62087851666 2.80126783248
151 2.30970159361 2.30970159361
156 3.50083936842 5.16700154895
161 2.65043334975 2.95943952322
164 1.90123170628 1.90919480123
171 1.05151695769 1.41575443888
172 2.53581532701 2.74423916534
186 2.610780808 2.61630906102
189 2.22617707269 3.15236998019
196 3.65749291583 5.31948219314
205 0.906553879926 1.07590033259
219 0.187591082894 0.187591082894
221 4.49682346065 4.49682346065
234 0.187646716607 0.187646716607
243 1.7018955869 1.7018955869
259 3.35792248952 3.35792248952
274 9.33698371648 9.33698371648
276 4.92074411246 5.38859606503
291 2.08207380882 2.08207380882
299 0.561247808579 0.781424021597
303 0.0138064337981 0.0138064337981
304 1.46398902232 1.55310642769
307 4.33333333333 4.65474668126
308 2.23120141253 2.88537433114
316 0.773071437957 1.16203110838
323 4.49237870129 4.51928126822
326 2.51111080248 2.51111080248
328 3.54528478494 3.54528478494
331 2.50717616925 3.1229454549
334 1.62704911314 3.01074175389
342 2.77810559951 3.12836057386
343 2.3283425152 2.60846445967
346 2.28836798288 2.28836798288
347 5.01281250185 5.01281250185
348 2.06066450961 2.27607839
360 2.0 2.0
362 0.672162229 0.672162229
365 2.25036502342 2.89325664452
369 1.09730616692 1.46282443298
370 6.67442246281 6.67442246281
373 1.0 1.0
376 1.44266777853 1.44266777853
380 2.26896974525 2.27157922955
381 0.387114610211 0.406284333601
383 2.0 2.0
384 0.560140800348 1.05840230027
391 5.0 5.0
393 0.618423527936 0.618423527936
405 3.0 3.0
410 1.19656224565 1.19906433391
419 0.492337458335 0.492337458335
420 2.62971423621 3.9208967623
427 1.08454426149 1.13141806653
431 4.82098347903 6.44933408104
433 2.87237307793 3.22034275051
445 0.968722141944 0.969746055548
452 1.4647297502 1.53298757677
475 2.15874381136 2.15874381136
476 1.75959049854 2.81477729277
480 2.08304881425 2.08304881425
485 2.2270466391 3.12091487344
493 2.91899094651 3.71690370008
502 2.85042366021 2.85042366021
509 0.886224313655 1.16196949378
512 9.0 9.0
515 0.585430769392 0.755572819705
517 2.31154675203 2.83568555364
520 2.55936614544 2.5771886617
523 0.807660089708 0.877001986196
524 1.77168888991 1.77168888991
531 3.07154490829 4.14185017776
532 1.04821187645 1.06095469545
538 0.678848444455 0.817041639653
544 1.37964721648 2.00689248283
545 2.61691154522 2.61691154522
549 2.0 2.0
550 2.48684511134 2.48684511134
552 1.0 1.0
553 3.0 3.0
555 1.70211560453 2.88718452374
564 2.69488065773 2.69488065773
566 1.3239609376 1.40766428311
569 0.945817103657 0.947367816545
575 2.74291753396 2.84174648066
579 3.44226015219 3.81332864611
590 1.33148116184 1.47389399439
591 0.575007812012 0.575007812012
594 3.16479387679 3.16479387679
599 0.39348539995 0.39348539995
611 1.13247059923 1.75476905854
617 3.09349559752 3.09349559752
618 2.0 2.0
621 2.65071617098 2.65071617098
625 3.13872042705 3.13872042705
626 4.87500472717 5.91179401668
638 2.62119372887 2.62119372887
643 7.75129624519 7.75129624519
649 1.53325728815 1.71735355329
650 2.3758351727 2.3758351727
652 4.84997076082 4.84997076082
659 3.01916454357 3.63246504055
676 1.67794659865 2.28119356936
683 1.90453389361 2.62113920385
684 0.754389323948 1.01184510929
687 0.105698514391 0.105698514391
689 1.64120365896 1.78291677715
691 4.02677656418 4.02677656418
712 0.0 0.0
714 0.286587310452 0.405295661246
723 6.21842018771 6.21842018771
725 3.44770913333 4.00571448428
732 0.503694490283 0.503694490283
745 0.707874572808 0.851676652603
758 0.0573819820576 0.0573819820576
764 3.06567413495 3.21540785484
767 0.690470560697 0.690470560697
772 1.0 1.0
777 1.05077669693 1.34742905021
779 0.671369898564 0.671369898564
783 2.61432186441 2.61432186441
785 1.77959696241 1.77959696241
806 1.29019697272 1.29019697272
809 3.96751853184 3.96751853184
810 1.9616811429 2.6361307488
814 2.78141135972 2.78141135972
817 3.74191496544 5.2697483185
831 2.15189507674 2.15189507674
845 1.0 1.0
848 2.21880279404 2.21880279404
851 1.0 1.0
853 8.12733464712 8.18670656697
860 7.96924913626 7.96924913626
869 1.0 1.0
878 1.50600025485 1.50600025485
881 1.00663227036 1.01146056536
886 1.66137908313 1.66137908313
888 1.81792111776 1.81792111776
924 1.11547341442 1.33127304805
928 0.78615527254 0.80205728105
936 0.82384193718 0.82384193718
943 2.0 2.0
950 2.33229727708 3.14867595886
954 3.26176476098 3.26176476098
961 3.1564182936 3.71069363052
963 0.507929568289 0.507929568289
978 1.58054801321 1.58054801321
986 0.978833534973 1.23501337524
988 2.0716444992 2.0716444992
992 1.07054056647 1.07054056647
993 7.99393582894 7.99393582894
1005 1.0 1.0
1007 1.38996016806 1.38996016806
1013 0.166274108767 0.166274108767
1023 0.675692141068 0.675692141068
1037 0.153843195323 0.153843195323
1040 1.12590604583 1.12590604583
1041 1.12361611552 1.36457548727
1051 2.94699708357 3.07621243226
1053 1.18426747503 1.18745005531
1056 1.10145909298 1.41462842926
1069 0.289762035558 0.354653257487
1070 1.09811086804 1.32841361406
1073 2.24604330253 2.24733038201
1074 1.4542138118 1.4542138118
1077 0.46889591445 0.46889591445
1079 1.87829264311 2.51196400706
1084 1.59960548416 1.59960548416
1088 8.59534827388 8.67119706428
1103 2.51961774038 2.51961774038
1129 0.411865535741 0.411865535741
1145 1.51340826068 1.51340826068
1148 8.5 9.19238815543
1152 0.971015892952 0.971015892952
1154 1.825585288 1.82782106924
1165 2.04257177932 2.39718297364
1166 0.838440779057 0.838440779057
1181 1.87206699963 1.87206699963
1193 0.898314253907 1.07703823195
1211 1.36426466672 1.36426466672
1212 0.326519098264 0.326519098264
1216 1.38217169707 1.55933512138
1219 2.96742295164 3.52530067476
1221 0.183651435885 0.183651435885
1226 0.403590451468 0.403590451468
1230 7.0 7.0
1234 0.87204186248 1.12198945023
1235 0.0 0.0
1237 2.0 2.0
1239 0.606235063607 0.606235063607
1244 1.30331694225 1.30331694225
1261 1.72405521133 1.72405521133
1263 2.5 2.91547594742
1264 0.0 0.0
1266 2.38883076784 3.06488646789
1267 1.35098137342 1.64611698388
1269 2.0 2.0
1275 1.78387011195 1.78387011195
1283 11.4207621608 11.4207621608
1284 4.83363674504 4.83363674504
1285 0.303422119156 0.303422119156
1287 3.87252992066 4.5618817322
1289 1.09684265369 1.90711249496
1292 1.8680849131 2.30100843088
1295 0.666749439422 0.666749439422
1296 1.0 1.0
1297 2.60273260789 2.99697775104
1308 3.81592590295 3.81592590295
1312 1.10006659676 1.23138893646
1313 1.33882801441 1.56418046461
1325 0.382521990761 0.382521990761
1330 0.982971297698 1.37121967991
1337 2.52250156367 2.52250156367
1345 1.08246117911 1.08246117911
1365 1.17556262877 1.65302501267
1369 1.95248721847 2.32898455768
1374 1.20005451006 1.40941828836
1384 4.50543551066 5.92219834863
1387 4.03863394072 5.44425721312
1389 1.33438327935 2.34494697412
1391 1.11289443395 1.23140253373
1408 3.0 3.0
1413 9.13601218997 9.32422486275
1422 1.38928282768 1.38928282768
1424 1.30657418391 1.75436919934
1426 9.30730179866 9.35756288046
1434 2.6447724331 3.60181014423
1437 0.515760111057 0.61340991167
1438 3.84636161891 4.65701634389
1443 3.0 3.0
1453 2.21464732543 2.28783341624
1455 5.9049345259 7.67636857235
1458 1.48522662346 1.78912036197
1461 1.23168541802 1.23168541802
1465 0.744085782234 0.744085782234
1474 0.0 0.0
1479 8.13389792099 8.19264128674
1480 0.422042247369 0.594298910269
1482 2.61495663659 2.61495663659
1483 1.55593182937 1.55593182937
1487 2.0 2.0
1496 0.911444706881 0.919393761395
1499 0.765787259705 0.774470535218
1504 0.969490174591 0.969490174591
1512 2.37390864896 3.62590139178
1513 1.30489094356 1.94415683598
1518 3.20774988655 3.95405169018
1530 1.60156527971 1.67135640599
1544 1.0 1.0
1545 1.64097176387 2.26587062499
1547 2.57663217723 3.64390817029
1565 0.0 0.0
1569 1.0 1.0
1579 1.20051219376 1.21277308637
1585 0.711765722506 0.830700661661
1597 7.55841226012 7.58429869894
1598 1.95330761922 1.95330761922
1599 2.31178287464 2.60537293862
1602 1.57482601497 2.09221787297
1605 3.47804791261 3.58875888323
1609 0.131239804297 0.135630185664
1622 1.32442443598 1.49633012796
1627 4.34064043978 4.34064043978
1628 2.40672541016 2.73497699089
1629 4.67845154386 4.67845154386
1631 2.2019650768 2.35438065524
1638 3.37158603299 3.37158603299
1651 1.9110140437 2.2374366388
1653 1.40823029251 1.60169884309
1658 2.81220190337 2.81220190337
1662 5.31237735501 5.31237735501
1674 1.40941642172 1.46767723162
1678 1.07430404088 1.07430404088
1683 5.0 5.0
1684 2.09007217978 2.18718462597
1687 0.0871482032091 0.0871482032091
1691 9.61813314267 9.62039905572
1718 1.8995451762 2.16227678854
1719 0.0 0.0
1722 1.3186551325 1.53957547895
1731 1.37373266099 1.37373266099
1732 2.52697443209 2.5813372179
1754 3.32623142983 4.5083273029
1764 8.19303333919 8.19303333919
1770 1.8067397483 2.21570636629
1778 0.540975137613 0.540975137613
1789 1.37009816615 1.55873386228
1792 2.58956817455 3.40487044139
1793 2.67703540553 3.54438754507
1797 0.288836532075 0.288836532075
1802 3.63820930438 4.24780392303
1806 0.765981419788 0.765981419788
1807 1.44920758476 1.91138971082
1809 4.96830565438 4.96830565438
1811 1.79111295584 1.79111295584
1817 2.09227902739 2.09227902739
1825 1.10035061011 1.10035061011
1828 3.0 3.0
1831 7.18403430405 7.18403430405
1832 1.64797287725 1.64797287725
1833 1.61362114741 1.61362114741
1836 0.0942942887312 0.0942942887312
1837 1.0 1.0
1838 2.04311619068 2.04311619068
1839 1.5 1.58113883008
1842 5.0 5.0
1843 2.9920143387 2.9920143387
1847 0.544833048101 0.544833048101
1849 3.00783505361 4.6452753205
1853 2.15247022007 2.67927852799
1855 3.0 3.0
1859 3.98895393792 3.98895393792
1867 0.0820354076991 0.0820354076991
1872 1.84676916684 1.84676916684
1878 0.314176795686 0.314176795686
1880 1.0 1.0
1888 2.11125801257 2.85151622577
1896 1.06003443327 1.06003443327
1899 1.42383049516 1.80887587334
1901 2.55488359582 3.1226980905
1902 1.25711846117 1.42069785852
1907 0.214790018073 0.214790018073
1918 1.50607276522 1.50607276522
1921 2.35162738859 2.81733227958
1924 1.45936478589 1.45936478589
1926 0.236328654623 0.236328654623
1939 1.0 1.0
1940 4.24509842365 4.59353242823
1941 3.52453912457 3.52453912457
1946 4.60823747359 5.72187955558
1955 1.87169448199 1.87169448199
1957 2.46976662333 2.83875562614
1959 3.61827062681 3.61827062681
1962 1.31953601343 1.48465704045
1965 2.96131699558 3.6561345777
1966 3.13553447754 4.24696823501
1972 0.83985993064 0.83985993064
1984 1.26540167105 1.29104521679
1989 1.85312173712 2.18331584916
2005 1.37558810045 1.67893205155
2007 1.8230045425 1.83157663066
2011 0.766767544357 0.766767544357
2023 3.00233335331 3.74583257218
2033 0.892991699426 0.892991699426
2040 2.05331822342 2.86392255321
2045 0.399895068753 0.399895068753
2058 3.0 3.0
2062 2.02424201189 2.58479565819
2069 2.33127703056 3.29692359427
2071 3.0 3.0
2080 3.0 3.0
2091 1.0 1.0
2092 2.52948820853 2.5840869158
2096 0.876575461992 1.03125929956
2100 4.7758738874 5.70452555552
2103 2.28809547426 3.10497938057
2108 2.18710357591 2.62876973058
2114 1.0 1.0
2115 1.65748155844 1.96249335117
2117 1.77879674906 1.77879674906
2127 0.499490850585 0.706386735179
2142 0.227979845082 0.227979845082
2146 2.16453683424 2.49443560041
2149 0.889064084686 0.889064084686
2151 0.544620109211 0.683563924089
2155 1.84890214349 1.85869619147
2181 3.0 3.0
2183 1.94407769453 2.02714295599
2186 2.94701954868 2.94701954868
2192 0.285342527278 0.285342527278
2195 1.75670128119 2.30331426523
2197 0.0 0.0
2202 4.10150593687 4.20863830722
2204 3.76766648228 3.76766648228
2205 3.0 3.0
2210 1.0 1.41421356237
2211 0.366907231075 0.448260333938
2212 1.99343295344 1.99343295344
2233 3.0 3.0
2240 2.35437671491 2.35437671491
2242 2.71244609456 3.43126764894
2245 0.786481743122 0.946534886105
2246 1.50864532961 1.58488149591
2250 0.675063861253 0.675063861253
2254 3.09815184031 3.29842546943
2259 2.66951660071 2.66951660071
2262 0.548434920113 1.03211806094
2272 0.652249707783 0.692319711552
2278 3.01623425356 3.60919727174
2287 0.337154848585 0.476808959489
2289 1.0 1.0
2292 0.95513790989 1.18183956175
2299 4.15931388535 5.65826190893
2301 4.0 4.0
2319 0.818435745694 1.00565821452
2320 2.40930303129 3.45912509656
2329 1.0 1.0
2332 1.70063367598 1.77991224843
2346 2.0 2.0
2355 3.20809227165 3.23255456083
2358 2.03071675522 2.03131505279
2364 1.66666666667 2.38047614285
2367 2.01758969677 2.01758969677
2376 1.0 1.0
2378 6.2611298847 6.2611298847
2386 2.32256602591 2.57518638498
2394 0.5405130381 0.709424141478
2402 6.87931972476 6.87931972476
2404 1.09898438213 1.09898438213
2409 2.09812924131 2.34189588394
2414 0.297829088216 0.297829088216
2422 2.93710224588 3.56587686701
2428 2.71352891394 2.71352891394
2430 0.0212909959859 0.0212909959859
2431 2.2476199466 2.90348216374
2450 2.18497003384 2.9918381605
2451 2.0 2.0
2466 0.0 0.0
2475 6.21973598069 7.30185003357
2477 1.9128763854 2.0286659186
2478 0.580262543566 0.717824803744
2484 1.69166672323 2.17270944363
2494 2.09811835999 2.70960698479
2496 1.25409764641 1.76669695315
2499 4.11105082293 4.11105082293
2505 5.87843267805 6.2622634103
2506 2.08612917969 2.72825913667
2507 2.02591680705 2.02591680705
2508 3.52783002572 3.84445695487
2518 2.0 2.0
2527 0.401452201076 0.402149740188
2530 1.75011757561 2.06242627312
2537 0.93767058642 0.93767058642
2538 1.97848654248 1.97851956697
2539 1.92707831433 2.13848194532
2541 6.0 6.0
2551 2.24173667301 2.85847654741
2554 1.69670572971 2.50815569098
2561 2.63927703687 3.27035075498
2562 3.40078110162 3.6434072569
2572 0.933715706084 1.25738753557
2580 1.0 1.0
2584 0.105786007153 0.105786007153
2585 3.67133894884 5.20560743012
2586 3.9815373327 5.07269363051
2587 2.38712698664 2.38712698664
2590 1.46931533371 1.46931533371
2596 0.531351065936 0.531351065936
2609 1.00854664331 1.00854664331
2618 0.460712446673 0.651545790438
2627 1.63511677809 2.17676586197
2634 3.0 3.0
2636 1.17214974912 1.18828606169
2645 1.65505987116 1.68374335816
2647 9.0 9.0
2649 0.0 0.0
2654 3.24909966147 4.25724104118
2669 0.58503730347 0.773500824769
2672 0.990164149417 0.990164149417
2676 2.39755901216 2.39755901216
2679 1.67209309203 1.7039419734
2683 1.92461656772 2.11764817655
2685 0.860357589404 1.12957270857
2687 2.55077138738 2.55077138738
2690 1.02955200662 1.05567258494
2693 1.13242333296 1.58627413876
2699 0.0779617306634 0.0779617306634
2704 2.60232240861 2.60232240861
2713 2.33333333333 2.64575131106
2714 2.0 2.82842712475
2715 3.71274312093 5.01742082649
2716 6.76351041181 7.30630295614
2721 1.44209909458 1.68395386297
2733 4.33882203513 4.33882203513
2739 0.894301168166 1.17612439297
2743 1.0 1.0
2750 0.162056014185 0.162056014185
2758 3.52398531681 3.52398531681
2761 3.0 3.0
2764 1.20738011361 1.47857633615
2765 2.16616211149 2.96453924475
2771 1.4502459327 1.96953832924
2772 0.393243493938 0.401871574583
2775 5.36884441417 5.36884441417
2777 1.21255609621 1.68956111879
2788 1.11150213972 1.11150213972
2800 1.68004377091 1.93719856876
2803 2.30422634123 3.07623995953
2805 1.0 1.0
2806 4.93054250758 4.93054250758
2838 1.02944456623 1.03021665421
2843 5.0 5.0
2846 0.371441939887 0.371441939887
2850 4.22867181745 4.46231803809
2852 3.03476411525 3.03476411525
2855 7.0 7.0
2857 8.13818156812 8.19700570142
2860 2.89977143593 2.89977143593
2861 1.49295597012 1.49295597012
2863 3.40733830876 4.35729998925
2868 3.33333333333 3.33333333333
2877 1.88555373629 1.88555373629
2883 0.740597553151 0.740597553151
2890 2.26162535983 3.47011894305
2895 3.8210716855 3.8210716855
2899 1.25656825808 1.66882911097
2907 2.35125082637 2.35125082637
2913 1.63735807646 1.95233184108
2919 2.60742679374 2.60742679374
2928 2.57782256903 3.32177164125
2935 0.426544907328 0.426544907328
2961 2.41080481288 2.83161585048
2964 1.98133630295 2.35495434453
2966 2.70942354197 2.70942354197
2976 1.33961254786 1.66058681162
2977 1.34128973401 1.8453761396
2981 1.06742886082 1.50957237184
2987 3.90729548519 3.90729548519
3000 1.60698340419 2.33311639446
3011 0.199568435201 0.226051355858
3014 1.0 1.0
3021 3.0 3.0
3045 2.27871118104 2.43007125273
3046 0.030681691398 0.030681691398
3050 8.28141873554 8.28141873554
3051 3.89148950505 4.86589390637
3052 0.738364067592 0.772727923531
3062 2.0 2.0
3064 0.926430700273 1.42438911376
3070 0.356640324944 0.495666230437
3074 0.466138571511 0.466138571511
3075 1.0 1.0
3079 3.33251725909 4.00376392257
3092 2.58903227305 2.99979331759
3097 1.15588961052 1.15588961052
3098 1.40394079846 1.40394079846
3102 1.26321964733 1.6062525345
3107 1.03779058584 1.03779058584
3110 1.65847066709 2.34410482158
3115 3.66691106272 3.81827232993
3116 1.12909713388 1.12909713388
3118 0.690059367538 0.690059367538
3127 2.29008477152 2.29008477152
3128 0.660354755651 0.73818305671
3129 0.87768007153 1.00674556261
3138 2.36025519123 2.36025519123
3139 2.20394420998 2.20834344995
3150 1.02248135404 1.02834081708
3165 1.02165564497 1.0776868417
3169 1.74407971834 2.22957359639
3182 0.72698526152 0.72698526152
3186 2.03284454862 2.21907723839
3187 2.16684482695 3.63718997019
3188 6.37474583061 6.37474583061
3193 1.27924334063 1.27924334063
3198 0.0 0.0
3203 2.57053002654 2.57053002654
3212 3.05093729821 3.05093729821
3215 0.5 0.707106781187
3219 2.67110958938 3.61029779032
3224 3.75255774216 3.86966688692
3225 2.8064340643 3.43475458525
3231 1.288485029 1.288485029
3242 0.756093932312 0.840852004208
3243 1.00350449554 1.00350449554
3244 1.95959813688 2.36904948126
3245 1.0856246377 1.31334852445
3247 0.0 0.0
3252 2.02756744721 2.60643172468
3277 2.18358104122 2.18358104122
3278 2.29996957294 2.75238915951
3284 1.30363959353 1.55523467059
3286 0.100723888314 0.100723888314
3290 0.646285620387 0.646285620387
3293 0.113162859865 0.113162859865
3294 2.07302553298 2.16970150745
3296 1.17530313908 1.17530313908
3297 2.0 2.0
3298 0.509090702484 0.509090702484
3300 4.23637129759 4.53119719115
3321 1.13283956537 1.62376880068
3323 1.69859279452 1.69859279452
3328 2.8627349374 2.8627349374
3332 3.0 3.0
3341 1.32658835746 1.55246406248
3345 1.11527577885 1.39232667917
3347 0.850556901688 0.863585712389
3351 1.75805319947 2.0657729977
3352 0.587736427527 0.717910413234
3353 0.247243773935 0.247243773935
3366 0.522732411258 0.522732411258
3368 1.68416585803 1.68416585803
3374 1.0 1.0
3381 0.317494800042 0.317494800042
3385 2.59956483812 3.37157072062
3389 1.64372027339 1.64525825666
3395 1.90151241718 2.45482995073
3398 7.56190710805 7.56190710805
3399 1.64180104351 1.64180104351
3408 0.992095017885 0.992095017885
3409 2.55997498437 2.55997498437
3410 2.71468451819 2.71468451819
3412 4.32389497855 4.63739105839
3413 0.985656815928 1.36041800116
3418 3.0 3.0
3421 0.0054544462828 0.0054544462828
3423 3.076898648 3.50442436038
3426 0.978502968575 1.04932834019
3429 2.79846662079 3.38765140023
3431 1.67844862494 1.67844862494
3440 2.71332939742 3.69992387605
3450 1.15749645866 1.15749645866
3452 0.929204277183 1.39519426729
3457 3.0 3.0
3468 1.51596901127 1.60137005833
3478 1.78787184516 1.96389089137
3481 0.12402954933 0.12402954933
3486 2.40198692509 2.40198692509
3487 3.9465689642 4.40051557452
3488 4.85654060364 6.86818558788
3495 0.14361441637 0.14361441637
3502 1.60186830172 2.48380740618
3510 0.968246410098 0.968246410098
3514 10.6799432233 10.6799432233
3516 1.62089127033 2.79947596075
3517 2.31426468115 2.36486230866
3522 8.17530391069 8.17530391069
3523 1.95966716404 2.67155707154
3545 1.47985022446 1.75950063975
3554 0.744044722864 0.744044722864
3565 1.0 1.0
3571 0.216257589223 0.216257589223
3573 2.54382227151 2.54382227151
3578 0.686611013769 0.686611013769
3580 2.0529700829 2.22185164983
3583 2.02907450298 2.17923116412
3587 2.98952920697 2.98952920697
3592 4.56281757089 4.8230387667
3594 5.95230152326 5.95249263489
3595 1.96431465008 2.82936536553
3597 0.104935842535 0.104935842535
3604 1.21896211955 1.21896211955
3607 1.49194284793 2.10992580983
3608 2.68144907892 3.16503399158
3614 4.49025916457 4.67697992418
3619 0.518473711309 0.518473711309
3632 1.53949836079 1.83263733771
3636 2.17462500074 2.33270960849
3657 1.92347956783 1.93273681965
3661 1.02879428219 1.33425896866
3679 4.60338323136 4.60338323136
3683 0.219363825779 0.219363825779
3709 5.03823638026 5.07623169715
3719 1.9346936247 3.08321864067
3722 0.914590772978 0.914590772978
3728 4.5 6.36396103068
3729 1.54083392336 1.54083392336
3730 3.09176940816 3.09176940816
3733 0.0 0.0
3735 1.11801652111 1.11801652111
3736 2.52904773228 3.01587315951
3738 0.686909033555 0.686909033555
3743 3.0 3.0
3748 12.0 12.0
3750 4.0 4.0
3755 3.39749800675 4.58715956515
3758 1.36278558741 1.43423049255
3760 1.54817942333 1.54817942333
3783 0.130736417219 0.130736417219
3802 0.678728212058 0.697067312604
3810 2.65883821684 2.65883821684
3814 0.75077180584 0.75077180584
3828 3.62923970428 3.62923970428
3831 1.92534091374 2.22961004107
3832 0.574860702104 0.574860702104
3840 2.34168703738 2.52659155993
3843 1.43920162904 1.43920162904
3849 2.0 2.0
3852 3.38834153775 3.38834153775
3857 1.21179208274 1.31421765729
3864 8.97042722346 8.97042722346
3868 2.20867097096 2.34615197508
3874 1.22052962681 1.72608955151
3876 4.69771422603 4.69771422603
3878 3.25405864873 4.1031291395
3879 1.5 1.58113883008
3882 3.18811734833 4.65273243558
3889 1.06358086381 1.52585518658
3895 1.81997679869 2.24944010442
3902 3.47904306582 3.47904306582
3912 0.94327125068 0.946676795088
3913 1.55674233639 2.08238264824
3918 1.0 1.0
3924 3.44609307145 3.44609307145
3927 1.94199110715 2.96863112698
3936 1.66922957924 2.17774102579
3953 1.81707105187 2.28682798973
3961 1.60246037046 2.28035748669
3983 1.84128949797 1.84128949797
3985 0.637363603398 0.637363603398
3993 0.961965277748 1.2151891984
3994 0.925487587067 1.09811223358
3995 1.31934036846 1.64331391944
4004 0.676496279042 0.91688803333
4023 3.1487872111 3.79439531896
4046 1.90450367219 2.19709955205
4048 8.69740777126 8.811014155
4050 4.19065284789 4.19065284789
4053 1.96630244623 1.96630244623
4054 0.525421574443 0.525421574443
4064 1.01048664147 1.31234460553
4070 3.90569888175 4.98288903803
4075 0.927056939351 1.12439191673
4082 1.80254302959 3.17617513149
4091 2.12471257751 2.99058790105
4093 6.35818716707 7.02140823308
4105 1.85325297947 1.85325297947
4106 2.12879148003 2.13300053467
4113 1.87640266809 2.56580886711
4130 0.0 0.0
4159 1.62346801228 1.62346801228
4161 0.0 0.0
4162 0.504814006132 0.504814006132
4172 0.808091363999 0.942565806325
4175 0.0 0.0
4179 1.38570732974 1.39238599266
4182 0.442927586522 0.442927586522
4186 0.472711147496 0.472711147496
4193 4.14608654948 4.26515603481
4195 2.70600664869 3.19208131166
4207 0.495841408579 0.55664470799
4210 1.57441787075 1.67086195725
4212 2.32499549438 2.8825906886
4219 0.154311302446 0.218229136747
4221 2.70469147341 2.79498587457
4227 6.73982001229 7.49164316908
4240 1.47284822403 1.77108122563
4247 1.0 1.0
4252 0.984840318016 0.984840318016
4253 0.780557115188 1.07012847339
4260 2.22488366256 3.30192174132
4271 2.45390530161 3.42997464334
4274 1.22834133643 1.22834133643
4282 1.0 1.0
4286 4.0 4.0
4296 0.635894089893 0.938041862452
4297 0.0 0.0
4308 1.27391932255 1.27391932255
4315 2.11327544599 2.61248180549
4341 0.927394726112 0.971843071748
4349 5.0 5.38516480713
4357 2.84577497742 2.84577497742
4362 3.16057497236 3.16057497236
4363 5.22559942544 5.36740005093
4367 1.0 1.0
4377 2.0 2.0
4382 1.83534179387 1.99724710265
4388 1.97669866716 1.97669866716
4395 0.959774054602 1.20486451094
4399 0.185723088138 0.185723088138
4415 0.0 0.0
4416 11.4843863111 11.4843863111
4417 5.24737085047 5.24737085047
4418 2.0 2.0
4420 1.97662657566 2.05433683473
4423 2.24463537857 3.4853971781
4426 2.00908106328 2.32013716403
4431 0.41127461553 0.41127461553
4433 0.674129602104 0.674129602104
4437 4.00031604464 4.00031604464
4442 3.30135048586 3.90309382222
4444 1.15581470639 1.48553646596
4447 6.41248331513 6.96333255488
4456 1.07306921165 1.21781139472
4459 1.76227623767 1.76227623767
4461 0.404486531699 0.588048077563
4462 2.87314319511 2.87314319511
4474 1.11517737968 1.11517737968
4475 3.39183908979 3.39183908979
4479 3.0 3.0
4490 2.75476974944 2.75476974944
4492 1.46543118276 1.46543118276
4498 1.1271154864 1.1335918315
4501 0.5 0.707106781187
4508 0.272957348088 0.272957348088
4510 1.0 1.0
4514 1.0 1.0
4523 1.10560269759 1.53365290723
4524 1.5 1.95789002075
4525 1.05133724493 1.05133724493
4526 3.0 3.0
4531 2.82949743726 3.08149977313
4534 1.0 1.0
4538 1.02768209064 1.58697875135
4543 8.40644010269 8.52328041089
4546 5.18123979795 5.18123979795
4550 1.18431798365 1.48580553084
4553 2.65244466671 2.90026705792
4558 1.38379890012 1.40654881662
4565 0.00429791216978 0.00429791216978
4569 0.448977594962 0.46627765553
4570 2.72612528849 3.34202501423
4576 1.0 1.0
4582 2.40521684592 3.45834968773
4583 7.57056404485 7.57056404485
4592 2.56308951844 2.60006127782
4593 2.93887637681 3.55468921533
4595 1.72651037291 1.77551210636
4602 1.78770866486 2.42959195081
4606 2.12489683162 2.3784415612
4613 0.956654222053 1.39614667106
4616 6.98846174979 7.90005326983
4619 0.775951869728 0.937331966727
4623 2.48254005206 2.48254005206
4624 2.75 2.75
4629 1.01390211585 1.19330435456
4636 2.03867082838 2.03867082838
4637 1.15296297186 1.15296297186
4638 1.0 1.0
4644 1.03776836903 1.03776836903
4645 0.797870227934 0.805895214546
4651 1.37626441967 1.37626441967
4656 9.17987948827 9.17987948827
4660 2.89963833073 3.26487128772
4665 5.37673299429 5.88429761586
4673 5.91384261918 5.91384261918
4675 3.06075685275 3.58811964472
4688 3.05484296851 3.40150577934
4698 0.378432657548 0.378432657548
4703 1.93511302409 1.96000199824
4709 2.63822485606 3.72230854252
4730 3.4953705847 3.4953705847
4740 2.17130961167 2.17594847519
4744 1.41158685616 1.41158685616
4747 1.0 1.0
4748 2.12693749172 2.66803468764
4749 2.18813130203 2.18813130203
4760 1.84567693141 2.17692100955
4774 3.63287155337 4.95331300236
4781 2.46942995246 4.18333249402
4782 1.52693557348 1.52693557348
4790 0.898810553726 1.163921013
4801 0.764055472264 0.764055472264
4802 0.989469824697 1.54058476358
4805 1.0 1.0
4806 2.53395880147 2.53395880147
4807 1.38491613691 1.47410985862
4810 1.34622634022 1.34622634022
4812 1.19640248155 1.21241611365
4813 0.534913441016 0.534913441016
4819 0.933475762366 0.933475762366
4820 2.99091795568 3.59295762901
4821 2.00135990281 2.83035031775
4827 3.31129454409 4.17510064831
4828 1.54578364234 2.1223082443
4851 2.99643500116 2.99643500116
4855 0.367778055059 0.528477014178
4861 7.64792422891 8.2677251956
4863 0.659418652332 0.927518817526
4871 7.98443200678 8.04541717188
4881 4.0 4.0
4885 0.39764853145 0.39764853145
4894 2.90819681605 4.08785214158
4900 0.0 0.0
4910 6.62410841735 7.0382667918
4916 0.856199987967 0.856199987967
4920 1.76047342662 2.10522606729
4929 6.0 6.0
4948 1.03635041803 1.03635041803
4956 0.966471636682 1.19583041174
4960 3.09441109664 3.09441109664
4964 1.93161373439 2.64550393973
4966 2.37980404718 2.37980404718
4967 1.95169214806 2.65520896209
4971 0.0 0.0
4983 2.37699028435 3.00944275003
4988 0.491776532901 0.491776532901
4993 2.91908492541 2.91908492541
5003 1.52839994594 1.6948111645
5009 1.0 1.0
5026 1.46190922807 1.86047943223
5036 0.211707649111 0.211707649111
5045 4.0 4.0
5047 2.0 2.0
5062 1.93532445565 1.93532445565
5065 2.18254715308 2.1960597486
5066 0.689569163065 0.946830061374
5067 3.0421868429 3.11756742569
5069 4.45711068748 5.71459969241
5077 0.698173340442 0.816539177227
5078 1.21631328722 1.21631328722
5085 2.70293577441 2.70293577441
5086 2.47330888862 3.20775133135
5096 5.46148789865 5.46148789865
5099 1.80622330801 1.97798853909
5113 2.45825252348 3.40518253302
5121 2.2401599545 2.63709301021
5124 4.45356140798 4.45356140798
5127 3.02644361814 3.17917803881
5131 4.0975665935 4.0975665935
5132 4.88144890469 5.22010021193
5150 3.0 3.0
5151 1.59724896314 1.96453635905
5154 1.03734200105 1.03734200105
5157 4.0 4.0
5159 1.38915400611 1.38915400611
5167 1.10380701747 1.11496170611
5183 1.58646033639 1.99697102779
5191 4.49051882604 5.26621830236
5202 1.16676601214 1.28695445835
5204 1.66637270402 1.78510010948
5210 0.0 0.0
5211 3.4551775753 4.40203037146
5217 2.59138181938 2.985065188
5219 1.16357217414 1.16357217414
5223 2.90137044466 3.77257541099
5228 1.11809029216 1.35562994883
5229 1.5111114031 2.02658549027
5233 2.07646991687 2.07646991687
5246 1.38408269642 1.38408269642
5251 2.6376295182 3.40390804193
5254 5.92982866486 5.92982866486
5271 4.56910987671 4.56910987671
5272 1.4546616528 2.12509525132
5280 1.78902689176 1.99874730917
5289 0.90518773032 0.90518773032
5291 1.45067218915 1.78175310727
5293 1.76975835543 1.76975835543
5294 2.4070007797 2.8351086528
5295 5.74689514825 5.74689514825
5300 5.5 7.77817459305
5310 3.57346643152 3.57346643152
5311 1.64962298288 2.24097913297
5320 2.0 2.0
5321 1.57048271852 1.57048271852
5322 1.63581605398 1.63581605398
5325 8.25890226568 8.85649746843
5326 0.0 0.0
5336 1.77339816808 1.77339816808
5344 1.7323751566 1.88473424382
5356 0.657582333241 0.657582333241
5361 1.83069368034 1.83069368034
5363 4.22530964788 5.23281580408
5367 0.0 0.0
5368 0.387950539046 0.548644913849
5371 4.44957581341 5.5785216805
5372 7.26948562538 7.26948562538
5374 2.07280202133 2.07280202133
5381 8.0 8.0
5382 0.0 0.0
5387 1.34932473986 1.34932473986
5404 0.67012620922 0.846377504601
5414 2.08292106799 2.48921366733
5421 0.854896850362 0.978034791525
5423 1.97757897805 2.20600980794
5424 3.14876968588 3.14876968588
5446 2.2596150996 2.58698484678
5456 2.64902012686 2.64902012686
5459 2.0 2.0
5462 3.50360854503 3.50360854503
5463 8.0 8.0
5475 1.89149888143 1.89149888143
5477 2.89402079837 4.11931526189
5478 0.949072605029 1.02419759447
5479 0.0 0.0
5481 2.0 2.0
5482 0.821026380083 1.35440437936
5484 3.14947895964 4.09596329167
5488 0.70225383403 0.991289293602
5492 2.20957873684 3.13582600811
5493 1.37186254506 1.45956364199
5496 0.147081096623 0.274731447782
5499 0.0469535059912 0.0469535059912
5506 0.78092164363 0.78092164363
5507 2.66190488896 3.16160969322
5509 3.0 3.0
5512 1.09228590439 1.32198970112
5515 1.94676457275 2.35397179159
5518 2.57283430939 2.77977666631
5519 3.0 3.0
5521 1.0 1.0
5523 1.64461012861 1.64461012861
5545 0.705122549206 0.997193872222
5546 3.04180125404 3.04180125404
5554 2.65443728473 3.49121118811
5562 1.29853998391 1.51000172197
5565 0.764981582577 0.912503238289
5573 3.0229959278 4.62696793028
5575 0.293423286394 0.293423286394
5578 0.971836379695 1.36055466393
5581 0.0 0.0
5584 0.964474093698 1.24301954964
5600 3.0 3.0
5608 4.31172405946 4.31172405946
5613 4.0 4.0
5617 7.29463488647 7.29463488647
5633 10.039743662 10.039743662
5642 2.0 2.2360679775
5646 0.12697448013 0.12697448013
5649 1.80592806852 2.70283315883
5652 1.97357946412 1.97357946412
5655 1.6585787437 1.6585787437
5659 2.59341544502 3.62191654204
5662 1.31238563737 1.66062873665
5669 1.05271292095 1.05271292095
5674 1.36672060815 1.7428859883
5683 0.227951592607 0.322372233829
5685 2.74388852673 2.74388852673
5687 4.82836021364 5.28186800226
5692 3.0097713504 3.0097713504
5700 2.51223912531 2.51223912531
5702 9.0 9.0
5707 1.59757189967 2.12594353322
5720 4.0 4.0
5721 3.10325298823 4.91166025351
5724 1.95085239843 2.67783234978
5725 3.0 3.0
5729 3.5589631737 4.56507590383
5736 1.55402216766 1.55402216766
5737 2.81308443764 2.95381336845
5740 5.10281625457 5.10281625457
5745 1.0 1.0
5749 0.789012487471 0.81652010446
5763 0.536084631058 0.536084631058
5768 3.79289712411 3.79289712411
5772 4.19051050957 4.75387366249
5785 2.52017182383 2.67484187757
5786 1.64090283989 2.04936469142
5792 1.64521006265 1.64521006265
5799 0.90246673419 0.90246673419
5815 0.725739076795 0.725739076795
5816 0.745531113962 0.787763324766
5826 3.85908562485 4.69209654034
5827 1.515677497 1.515677497
5831 2.01733652945 2.84732722831
5837 1.10113772888 1.55465213805
5846 1.2105116823 1.31835573474
5849 3.93151901415 6.39690256713
5851 2.86150663422 3.03972635623
5865 0.677212418714 0.750114387608
5870 4.01717838937 4.01717838937
5891 0.491166101437 0.491166101437
5892 2.81848687339 2.81848687339
5896 1.25514282181 1.52735979919
5897 4.06316086376 4.1605580381
5898 0.283962463202 0.283962463202
5911 5.21337523971 6.45038188564
5915 1.0 1.0
5931 2.36034476325 2.91488319082
5933 1.96207943549 2.93160186482
5934 4.33682706619 4.53819078565
5936 2.0138971675 2.11111515736
5937 10.4819159695 10.4819159695
5941 0.6765266143 0.832522718242
5945 1.95256572543 1.95256572543
5948 2.79524667995 3.42719404958
5956 6.85661733577 7.90764269863
5957 1.08073755334 1.08073755334
5963 0.0 0.0
5964 1.0 1.0
5968 3.66978134968 3.66978134968
5969 2.71241716569 2.92870581917
5974 0.941297378714 1.2159553653
5976 7.53403830444 7.53403830444
5992 8.12389013615 8.18311428402
6004 0.96976634923 0.96976634923
6006 2.74217868193 3.34146239655
6013 1.28685883538 1.28685883538
6018 4.02060971789 4.02060971789
6022 1.17237949631 1.17237949631
6026 1.10386247135 1.42182095424
6038 1.75107286928 1.75107286928
6040 3.23032376723 3.23032376723
6041 1.08196306438 1.30379862564
6043 1.31879425052 1.75657659554
6045 2.2174476035 2.23866942508
6055 0.684814049844 0.684814049844
6061 0.871079350257 0.88056786699
6063 0.848216544397 0.848216544397
6065 0.0129191682874 0.0129191682874
6071 3.93373627036 3.93373627036
6077 1.07104115909 1.07104115909
6083 5.0 5.0
6091 7.87942559074 8.30222022044
6099 0.925387197893 0.982198090762
6103 1.39870263923 1.39870263923
6107 5.59068402451 5.92676117606
6115 0.53620216912 0.53620216912
6117 1.0 1.0
6120 3.71181678435 5.84548253825
6124 5.89973112833 5.89973112833
6148 2.96719408983 3.19760946126
6150 1.29917910545 1.68405154543
6154 0.546369666749 0.546369666749
6168 1.69103004536 1.70213755135
6183 0.0 0.0
6194 5.78487066464 6.4892870059
6198 7.0 7.0
6201 1.61453048374 1.61453048374
6202 3.98398332491 5.8889676106
6215 0.0 0.0
6228 1.4700928204 1.4700928204
6234 1.00107755745 1.00107755745
6240 3.28247990153 3.80407822659
6269 1.26258922994 1.47318925916
6276 0.0 0.0
6277 0.0 0.0
6280 2.84563304376 2.86527947607
6282 1.19469707013 1.54581200202
6283 1.47090800884 1.53418173701
6285 2.00156219624 2.00156219624
6287 1.18504012433 1.36960560054
6290 2.76862206086 2.89585121946
6297 3.10500038095 3.7512736463
6299 2.41679215821 2.90734250441
6303 0.778880302362 1.10150308707
6325 1.12536090528 1.19785198185
6328 1.17550787416 2.30589117015
6343 1.71984299862 2.06247789274
6346 2.0 2.0
6349 2.0 2.0
6372 6.75848079084 6.75848079084
6375 0.481379541096 0.481379541096
6377 1.97526903072 2.56114531013
6378 5.89689136981 6.80836647278
6379 0.189916301315 0.189916301315
6384 2.10072591459 2.56916964389
6386 0.476715072459 0.813926205062
6400 7.59293442542 7.59293442542
6403 2.6108826257 2.6108826257
6404 0.966733667989 1.05686857942
6410 1.0 1.0
6411 5.49955149872 6.16402562931
6415 2.11345717428 2.66845793817
6418 1.28311101906 1.30136838354
6419 2.34995110841 2.43430336862
6421 1.52668757836 1.52668757836
6431 7.97501838924 7.97501838924
6435 6.8007070576 6.8007070576
6440 0.444864294817 0.444864294817
6444 0.256202972811 0.256202972811
6450 2.26911645929 2.79923376004
6454 5.32730543256 5.32730543256
6455 0.409716548051 0.449388796479
6456 1.92254006403 2.31821354197
6458 3.79698590623 4.65631233954
6463 0.555963304274 0.688715105342
6470 0.779979881931 1.31305962965
6476 11.7221877362 11.7221877362
6484 0.733070140363 0.981464444157
6488 3.01174457233 3.01174457233
6497 1.53762752128 1.53762752128
6517 1.62463774233 1.96739871601
6521 3.54163703427 4.12577641744
6526 0.316231136157 0.316231136157
6530 2.97874951615 3.03894763005
6533 1.44974401785 1.59220051295
6538 3.42889805056 3.56625831816
6549 1.3234148788 1.7226674353
6560 0.274742583489 0.38435650888
6562 1.53441057975 2.1946837864
6564 6.13659993476 6.13659993476
6574 0.794505137232 1.0588690039
6583 0.391164590241 0.391164590241
6591 0.0 0.0
6595 2.31878450002 2.6724588165
6614 2.30037143934 2.30037143934
6615 1.28462470062 1.28462470062
6619 0.0 0.0
6631 2.30645728649 3.28208718939
6640 1.65051520664 1.65218900731
6644 2.9374292239 4.33732189772
6651 2.00901229667 2.54111496923
6655 1.0 1.0
6657 3.44988353527 3.44988353527
6680 1.29664995964 1.29664995964
6689 7.72820627875 7.72820627875
6697 1.1704451992 1.29448202632
6703 2.0 2.0
6704 0.968113363371 0.968113363371
6716 2.28130193488 3.1953614558
6732 1.79769312045 1.79769312045
6736 2.80230720653 3.22591691978
6737 1.72497482918 2.34654409179
6738 0.832364667202 0.832364667202
6740 3.08562612386 3.63124164907
6748 1.80284612498 2.47286559475
6766 2.73161433699 4.2235669702
6770 9.56363260078 9.56363260078
6775 2.00107968819 2.00107968819
6779 2.64217603076 2.84569208818
6780 4.60215169382 4.60215169382
6800 1.53159838628 2.06287209084
6809 7.0 7.0
6814 4.0 4.0
6816 3.58172491567 3.58172491567
6823 1.75454492802 2.17198770782
6826 2.0 2.0
6829 0.896930982923 0.91864456579
6830 2.07197501032 2.26799683043
6833 0.485915988874 0.485915988874
6838 5.15850898134 5.15850898134
6839 2.31608762226 2.96144639342
6844 2.27489528659 2.27489528659
6854 2.41048570528 3.08434006403
6863 1.51628243165 1.714607787
6872 1.63827422411 2.10579925212
6878 3.90942249095 4.54356271636
6883 1.49870733705 2.01423850444
6887 1.8466597666 1.8466597666
6889 1.56816688323 1.56816688323
6895 0.960034482741 1.4672161538
6902 4.45682631645 5.08913512929
6917 6.32565218962 6.32565218962
6921 0.983791182389 1.128284399
6940 1.98076794161 2.12474081824
6941 8.0 8.0
6948 1.62780627683 1.62780627683
6955 0.637398813725 0.777049250084
6968 1.90218576804 2.09106859117
6971 1.33650328663 2.03935535249
6975 1.40300805488 2.31455142416
6980 1.81609651451 2.14834402567
6993 0.741900227308 0.741900227308
7001 1.68554600756 2.41712520009
7006 1.351362314 1.7092287004
7011 1.61779190075 1.61779190075
7012 1.91829169772 2.04113817775
7013 3.23669240805 3.23669240805
7030 1.24648970243 1.24725883776
7043 0.808713341296 1.09888765055
7045 3.70349059274 3.70349059274
7052 5.40697740023 6.71449885181
7060 0.0 0.0
7063 1.00453982791 1.00453982791
7074 0.38104550128 0.38104550128
7079 2.06300785744 2.82983038011
7080 3.44736848005 4.62428057759
7081 0.155160743158 0.155160743158
7088 1.67350362031 1.67350362031
7094 1.28370324692 1.78142877405
7095 1.75526297323 1.75526297323
7099 4.41183504221 4.68898244535
7109 0.688318197261 0.743992067859
7112 2.07728292446 2.07728292446
7113 2.71409020778 3.12625038539
7119 1.03815096556 1.59310821461
7121 0.843046993122 1.07343622664
7123 1.0 1.0
7125 0.627735071414 1.07779446407
7127 7.12962362854 7.12962362854
7129 0.856822324504 1.20075428625
7130 0.909201047393 0.969729122209
7134 1.94017156388 2.02524955604
7135 1.89426641705 2.39302145091
7137 0.263005213941 0.263005213941
7142 2.35562088433 3.0081383796
7158 1.20876232202 1.20876232202
7159 1.32139836462 1.65519880851
7163 2.60479964951 2.87131347622
7164 1.40983230333 1.40983230333
7166 1.01295343942 1.0137040336
7168 2.04538408128 2.2913960359
7171 4.73652564176 5.86807516873
7173 0.0 0.0
7176 5.20632513121 7.0563711756
7177 0.737915493759 0.737915493759
7178 0.8031313511 0.997149701969
7181 1.5195284723 1.5195284723
7203 0.586829291776 0.717689801948
7215 2.80653182736 3.33256012171
7222 3.15692123222 3.15692123222
7226 1.4494690623 1.4494690623
7234 5.01582433317 5.01582433317
7251 0.264891313007 0.374612887409
7262 0.430814057815 0.563483522908
7263 0.774886942628 0.774886942628
7272 9.80151513336 9.80151513336
7275 3.50226240249 3.50226240249
7278 3.5820822249 3.5820822249
7290 5.12143666985 5.38576455406
7293 1.28146345091 1.46916416659
7294 5.0 5.0
7297 0.0 0.0
7304 1.66530714091 1.86717485635
7310 1.71209549324 1.83354001269
7313 0.99636376859 0.99636376859
7320 2.57786053476 2.66553843002
7326 0.36556269981 0.36556269981
7328 1.69352324836 2.34736451006
7334 12.0 12.0
7335 1.0 1.0
7339 1.56456994192 1.88173626766
7342 6.94396227307 6.94396227307
7345 8.0 8.0
7351 4.24575915205 5.94331979673
7355 6.23873837003 6.23873837003
7356 6.37663741158 7.18332591428
7382 1.21271054371 1.30914043804
7387 1.75283055802 2.35927158712
7389 4.88084674345 5.63419726843
7398 5.0 5.0
7407 1.91574236003 1.91574236003
7411 3.26228048631 3.26228048631
7413 0.283285148356 0.283285148356
7414 1.90599599333 1.90599599333
7420 1.52138505013 1.60824588956
7431 3.0410236747 3.7652566177
7436 3.09981075149 3.61362267317
7437 3.00715491862 4.23263814241
7438 0.0 0.0
7442 2.94945996386 3.20283764438
7446 0.822432372827 0.822432372827
7450 3.38437506423 3.38437506423
7453 1.33827800005 1.75885239547
7459 0.0 0.0
7465 0.910829212322 1.13394456491
7466 1.13713214408 1.41656808218
7474 2.90118179074 3.06124088938
7478 4.0 4.0
7484 1.99449695629 1.99449695629
7491 6.0 6.0
7493 2.66282780483 3.71945151656
7494 4.0 4.0
7497 4.0 4.0
7498 2.0 2.0
7504 1.0 1.0
7513 0.89477912285 1.15655580568
7515 1.69199655059 1.69199655059
7518 0.785621310299 0.983145643658
7525 1.00452994292 1.00452994292
7538 0.449174979906 0.449174979906
7543 1.11180669847 1.11180669847
7547 5.99205920387 5.99205920387
7553 3.9109289213 4.35246504948
7557 2.00917592075 2.00917592075
7561 2.93441657879 2.93441657879
7562 6.68922472269 6.68922472269
7564 1.12695764564 1.12695764564
7568 2.49305905418 2.64912831886
7574 3.95002220534 3.96128732236
7578 3.50328220389 3.50328220389
7580 0.481326370082 0.481326370082
7585 1.48612683403 1.48612683403
7587 0.518986540652 0.518986540652
7591 1.36199482345 1.50714785968
7594 1.4613160287 1.4613160287
7600 2.53308622378 3.27881173884
7608 1.7658473041 1.91336908051
7611 8.96677826708 8.96677826708
7621 1.09123328204 1.09123328204
7632 1.30376428705 1.59109707644
7638 6.0 6.0
2.17002024244 3.07965588198