5 1.40999907393 1.40999907393
6 0.251857934718 0.320800953038
9 2.01782290546 2.59655484396
14 1.0 1.0
15 2.27775172295 2.85829580405
19 0.0 0.0
22 2.25544275121 3.40128739035
24 7.57683737151 7.57683737151
25 0.867692822852 0.906909145623
35 3.25708390647 5.31866702984
52 1.0 1.0
55 0.19683619159 0.254217588428
57 2.55403485262 2.55403485262
58 1.0 1.0
59 7.0 7.0
66 3.48555080338 3.48555080338
68 0.73360040504 0.765841657953
69 1.06430921298 1.28211877255
76 1.40554856643 1.8753615332
81 1.21476456873 1.21476456873
83 6.90230205495 7.34248061127
85 1.20941836008 1.48230675534
89 9.68487528446 9.68487528446
95 2.11103019042 2.11103019042
97 1.66702052295 1.66702052295
119 5.0 5.0
122 2.94253239891 3.57972440344
126 2.71344580544 3.10915878106
134 0.718231084864 0.989765387372
136 2.64659835102 2.83998030443
146 0.0 0.0
151 1.63753478115 1.63753478115
155 0.0393228971613 0.0393228971613
156 4.05215633674 5.71468490125
161 3.23804531204 3.96537308978
164 1.52187345275 1.52234080031
171 1.21500444367 1.66323286615
172 2.79062806061 2.90513820235
186 2.069646162 2.10266103303
189 2.50326088123 3.42326095481
196 4.59665894937 6.43095093019
205 0.925402301529 1.10194754073
219 0.271634367443 0.271634367443
221 3.5298744616 3.5298744616
222 4.0 4.0
234 0.613906696294 0.613906696294
243 2.63468355991 2.63468355991
259 4.47393189754 4.47393189754
274 9.53655641397 9.53655641397
276 3.94177214707 4.40843500555
288 10.0 10.0
291 2.34797206198 2.34797206198
299 0.899227942848 1.17568776628
303 0.955853728688 0.955853728688
304 1.88061032282 1.89124943413
307 4.44579400715 4.82570128679
308 2.01804991093 2.2849992935
316 0.449941307613 0.508206207063
323 4.558892303 4.59302293014
326 2.26978910682 2.26978910682
328 3.05369824611 3.05369824611
331 2.74868688896 3.13436080861
334 1.69359516676 2.8324587244
342 2.72643514484 2.90634491429
343 1.73921691428 2.26134259369
346 1.1216107608 1.4823890317
347 4.36905593421 4.36905593421
348 2.13237858633 2.40746621523
360 2.0 2.0
362 2.84324630021 3.25374961072
365 1.900930505 2.68993992325
369 1.02857621954 1.41890139077
370 6.53782344134 6.53782344134
373 1.0 1.0
376 1.33614682578 1.33614682578
380 1.84903064687 1.9008582436
381 0.221042495188 0.258843874613
383 0.0894136109413 0.0894136109413
384 0.852855022891 1.24941741867
391 5.0 5.0
393 0.902545596288 0.902545596288
405 3.25278449018 3.25278449018
406 1.0 1.0
410 0.686634941712 0.840062427248
419 0.492337458335 0.492337458335
420 2.36147360192 3.52469575839
427 1.08667118771 1.17582576712
431 4.80949576432 6.4391361951
433 2.73564987869 2.93985141073
445 1.06368411823 1.08381905159
452 1.50038846922 1.57425514544
475 1.89143068844 1.89143068844
476 1.17749996544 2.21525598097
480 4.12413588913 4.12413588913
485 2.18629273997 3.02819152345
488 8.0 8.0
493 2.62591203326 3.49352664193
502 2.56907617389 2.56907617389
509 0.917360096392 1.10393883925
512 7.44451731505 7.44451731505
515 0.781658199556 0.867360397689
516 1.0 1.0
517 2.47704121354 2.91497824265
520 3.62709826466 3.99720394045
523 0.805688283527 0.874418258078
524 1.60950830445 1.60950830445
531 2.98170825175 3.91719039152
532 1.69367927887 1.89808249315
535 0.0 0.0
538 0.735069921786 0.831535003768
544 1.39760455456 1.95637233853
545 2.28902766102 2.28902766102
549 2.48835271599 2.52299394482
550 1.97256074543 2.02411101324
552 1.0 1.0
553 3.0 3.0
555 1.24343769734 2.09698669197
564 1.54956051467 1.81474074521
566 0.916512018558 1.22827679743
569 0.916766954231 0.920537553975
575 3.01488682222 3.18112209963
579 3.39969016431 3.74089635719
590 1.47236729649 1.60545934368
591 0.500809181702 0.708251136925
594 3.65733543944 3.65733543944
599 0.235329169697 0.235329169697
611 1.34598427532 1.73369053759
617 3.62822264648 3.62822264648
618 1.40569699362 1.40569699362
621 2.97255206938 2.97255206938
625 3.31575076336 3.31575076336
626 3.04415728543 4.92669934609
638 2.35637643763 2.35637643763
643 8.21792935262 8.21792935262
649 1.50352916848 1.78689481433
650 2.48681524172 2.48681524172
652 4.42604491251 4.42604491251
659 3.07329331868 3.76222880983
676 1.42223035655 2.15150116079
681 3.0 3.0
683 1.33901920684 2.28685599298
684 0.438581335848 0.582715491449
687 0.214962379264 0.214962379264
689 1.81394671799 1.97059277948
691 4.340261886 4.340261886
712 1.92031253037 1.92031253037
714 0.601345387388 0.620428887019
723 6.00852105779 6.00852105779
725 2.46780346575 3.23929258719
732 1.96544457053 1.96544457053
745 0.643238098627 0.704404925614
758 0.560723330519 0.560723330519
764 1.99141489432 1.99211550014
767 0.843063763856 0.843063763856
772 1.0 1.0
777 1.12195842708 1.56964714798
779 0.425315229389 0.425315229389
783 2.48162488201 2.48162488201
785 2.10134062682 2.10134062682
795 1.48989924497 1.48989924497
806 1.33318821716 1.33318821716
807 1.0 1.0
809 4.67973306791 4.67973306791
810 2.17704475454 2.89473361823
814 2.34337236303 2.34337236303
817 3.47564447523 4.81090646807
831 2.18885054493 2.18885054493
842 0.0 0.0
845 1.0 1.0
848 2.10539091428 2.10539091428
851 2.0 2.2360679775
853 8.4213766737 8.51522612664
860 8.81627493976 8.81627493976
869 1.0 1.0
878 1.56425546827 1.56425546827
881 1.03279906413 1.03281629324
886 1.8811110524 1.8811110524
888 1.97101690377 1.97101690377
912 1.0 1.0
924 1.08491976544 1.3158621581
928 0.529541915736 0.58184523438
936 0.95354551324 0.95354551324
943 1.68288815812 2.13702975102
950 2.29981215779 3.12458928507
954 3.42645987177 3.42645987177
961 3.10253759975 3.75318663102
963 1.1523950997 1.1523950997
978 0.897106375095 0.897106375095
986 1.1658713491 2.21791697146
988 1.94445031132 1.94445031132
992 0.970480745875 0.970480745875
993 7.27924405997 7.27924405997
1005 1.10123362723 1.10587691404
1007 0.678384575432 0.678384575432
1013 0.00519498319368 0.00519498319368
1023 0.991170994799 0.991170994799
1037 0.198950371671 0.198950371671
1040 1.16174784191 1.16174784191
1041 0.738466623567 0.789312472017
1042 1.0 1.41421356237
1046 11.0 11.0
1051 2.95483278822 3.25255749691
1053 1.01946522605 1.02778540503
1056 0.895670819486 1.10132398927
1069 0.573525834307 0.578275000974
1070 1.01015871409 1.24916218154
1073 2.1919145249 2.19796800541
1074 1.75768918553 1.75768918553
1077 0.253349766267 0.253349766267
1079 2.31473678067 3.22354452578
1084 0.79980274208 1.13109188507
1088 8.91396647776 8.9645672159
1103 2.59278472787 2.59278472787
1112 3.0 3.0
1129 0.343680126212 0.343680126212
1145 1.49895646677 1.57981899122
1148 8.5 9.19238815543
1152 2.18244007905 2.18244007905
1154 1.41665085909 1.47415038611
1165 1.26673562017 1.73583533458
1166 0.0925501729458 0.0925501729458
1168 4.0 4.0
1181 1.64835858434 1.64835858434
1193 1.17765610336 1.23812473053
1211 1.56039532937 1.56039532937
1212 0.212017769465 0.212017769465
1216 1.1593601494 1.50817649225
1218 3.0 3.0
1219 3.11074595812 3.63478788158
1221 0.869567965241 0.869567965241
1226 0.461135155351 0.461135155351
1230 7.0 7.0
1234 1.12854385083 1.3358386277
1235 0.994082990288 0.994082990288
1237 1.06042649409 1.06042649409
1239 0.353755218265 0.353755218265
1244 1.3084415633 1.3084415633
1256 2.0 2.0
1261 1.60519658617 1.60519658617
1263 1.63998290844 1.67993588361
1264 0.0 0.0
1266 2.76881945169 3.27966392659
1267 1.37795106305 1.68653476702
1269 1.3776859619 1.37768874257
1273 1.0 1.0
1275 1.87275014535 1.87275014535
1283 10.8022236714 10.8022236714
1284 5.15582545323 5.15582545323
1285 1.34163509945 1.34163509945
1287 4.48545299561 4.79879925018
1289 1.18019237928 1.72998261857
1292 2.23732823989 2.89185523895
1295 0.646307624612 0.646307624612
1296 1.0 1.0
1297 3.0275706937 3.32557679231
1308 3.24534402313 3.24534402313
1312 0.327157135144 0.4325243764
1313 1.47990460313 1.69256126802
1325 0.285597015292 0.285597015292
1330 1.24433554794 1.67503473336
1337 2.52250156367 2.52250156367
1345 1.39952187655 1.39952187655
1365 1.77698622491 2.89170330893
1369 1.95708464384 2.11847953493
1374 1.70319703605 2.1769462125
1384 4.42261791287 5.93027949132
1387 4.15043731373 5.42366202991
1389 1.22042510139 2.00484975653
1391 0.865715170525 1.02118199106
1406 1.0 1.0
1408 3.0 3.0
1413 9.17106041698 9.35165061207
1422 0.764193216855 0.764193216855
1424 2.68543623483 3.16586777725
1426 9.33368735384 9.38280605335
1434 3.16524062466 4.1757315128
1437 0.504420864033 0.576750880521
1438 3.30528491961 4.25019725426
1443 5.37659022312 5.37659022312
1453 0.681059938775 0.905936813697
1455 5.94448697121 7.73206807778
1458 1.34607509813 1.70888235913
1461 1.07512136395 1.07512136395
1465 1.95913618319 2.02866946513
1474 1.32209763076 1.32209763076
1479 8.48241912218 8.57974149586
1480 0.725852532453 0.798242682934
1482 2.13092742251 2.13092742251
1483 1.87386103658 1.87386103658
1487 1.68208025664 1.68208025664
1496 0.893360867105 1.06223428139
1499 0.947323255964 0.956349098604
1504 0.345957124499 0.345957124499
1510 1.0 1.0
1512 2.04640503228 3.28707160115
1513 1.29672845957 1.94133068165
1518 3.34959328744 4.00947765239
1526 1.0 1.0
1530 1.66250428613 1.72682079971
1539 4.0 4.0
1544 0.5 0.707106781187
1545 1.6061641547 2.02686271153
1547 2.92957743231 3.85410422268
1565 0.287671163378 0.287671163378
1569 0.558136154875 0.558136154875
1579 1.41296046101 1.43123761433
1585 0.943221788123 1.20163239429
1597 7.90596625785 7.97389464509
1598 2.20859420863 2.20859420863
1599 2.80258743895 3.86000327337
1602 1.32709175766 1.76078788248
1605 3.5287861628 3.66351607896
1609 0.425611661296 0.436228534742
1622 1.47163560271 1.84778540641
1627 2.67032021989 3.1496951779
1628 2.23644249883 2.50559446627
1629 4.70165247838 4.70165247838
1631 1.66994535183 1.76075246249
1638 3.15519573093 3.15519573093
1651 2.08535408427 2.23759110293
1653 1.31190209835 1.47834877362
1658 2.46098246709 2.46098246709
1662 5.19259297981 5.19259297981
1674 1.47239924939 1.54632486898
1678 0.95087589926 0.95087589926
1683 5.0 5.0
1684 1.77519523312 2.03553671882
1687 0.386406749652 0.386406749652
1691 9.43349444348 9.43412231758
1718 1.85062029561 2.20297339934
1719 0.0 0.0
1722 1.34433126847 1.51832538726
1731 1.34315248107 1.34315248107
1732 2.36734794045 2.46490508938
1752 0.487283144142 0.487283144142
1754 3.0586654318 4.29257917745
1764 8.39837731486 8.39837731486
1770 2.29149233115 2.37692890525
1778 0.0505694560485 0.0505694560485
1789 1.38408510148 2.00275590453
1792 2.51969994189 3.35902023327
1793 2.64393256042 3.54138859261
1797 0.40101919263 0.558925747525
1802 3.89814004319 4.6258852564
1806 0.765981419788 0.765981419788
1807 1.59045964226 1.9358717208
1809 2.49377288066 3.52672742931
1811 2.35820219743 2.35820219743
1817 2.04068636439 2.04068636439
1825 1.80129127747 1.80129127747
1828 3.0 3.0
1830 0.0 0.0
1831 7.27495286206 7.27495286206
1832 1.71924023728 1.71924023728
1833 1.86494084245 1.86494084245
1836 0.122561809 0.122561809
1837 0.406696336162 0.406696336162
1838 2.10145242572 2.10145242572
1839 1.02092945379 1.41452327095
1842 3.52406331325 3.52406331325
1843 2.02553532995 2.02553532995
1847 1.0938163395 1.0938163395
1849 2.91235434322 4.63100673068
1853 1.55093857094 2.18303167196
1855 5.413068997 5.413068997
1859 4.10658959654 4.10658959654
1862 3.0 3.0
1867 0.305459254485 0.305459254485
1872 1.84676916684 1.84676916684
1878 0.155688951429 0.155688951429
1880 0.545221777789 0.545221777789
1888 1.91517849988 2.23241313414
1896 2.05580240863 2.26226272455
1899 1.38061761339 1.78692804141
1901 2.36407012357 2.94222188728
1902 1.33331355405 1.51316615288
1907 2.41041179681 3.11199131349
1918 1.09202072798 1.09202072798
1921 2.33324151979 2.62485702668
1924 1.41342390146 1.41342390146
1926 0.345650768812 0.345650768812
1939 1.0 1.0
1940 3.44307258774 3.57249506944
1941 3.22589082263 3.22589082263
1946 4.67329415609 5.73643182137
1955 2.7143501789 2.7143501789
1957 2.44922905218 2.82044828886
1959 2.04275647863 2.29351152269
1962 1.67462453032 1.79466772796
1965 2.84851509247 3.6250597286
1966 2.10477712482 2.47450202125
1972 1.15576567379 1.15576567379
1984 1.09095511889 1.15070687115
1989 1.71826803285 2.04262083904
2000 0.0 0.0
2005 1.46271017018 1.7197787127
2007 2.09916434187 2.19734261731
2011 1.63011080219 1.89672452702
2023 2.93057402162 3.49476153664
2033 2.59958826431 2.59958826431
2040 2.17801256621 3.0544654431
2045 0.349753340702 0.349753340702
2058 1.5 2.12132034356
2059 0.0 0.0
2062 1.50905714673 1.81264983255
2069 2.48842691391 3.49424399439
2071 1.5 2.12132034356
2080 3.0 3.0
2091 1.0 1.0
2092 1.85145850804 1.88983630144
2096 0.978563982529 1.61863974986
2100 4.27312757646 5.25531653298
2103 2.24313424393 3.02818948726
2108 1.92969803645 2.32782596461
2114 1.87800448064 2.07311183908
2115 1.65634722907 1.89314024489
2117 1.96786238218 1.96786238218
2127 0.996375755163 1.13208115872
2142 0.109418714163 0.109418714163
2146 2.3256365003 2.66788327149
2149 1.27117474966 1.27117474966
2151 0.608139547598 0.847694320185
2155 1.08567328286 1.19225950935
2181 3.0 3.0
2183 1.67149109471 1.8014684757
2186 3.32909619735 3.32909619735
2192 2.2082785307 2.2082785307
2195 1.3438999818 1.8572061167
2197 0.0 0.0
2200 10.0 10.0
2202 4.10150593687 4.20863830722
2204 3.79380387024 3.79380387024
2205 3.0 3.0
2210 0.69440724029 0.982040137028
2211 1.08609405045 1.72383630392
2212 1.42428685141 1.42428685141
2216 1.0 1.0
2233 3.0 3.0
2240 1.08285098588 1.27526660697
2242 2.51287457835 3.23830162601
2245 0.992794304651 1.09345954527
2246 1.669052287 1.72141007695
2250 0.537158861883 0.537158861883
2254 2.28393154904 2.61421650347
2259 2.58053345726 2.58053345726
2262 0.64399660184 0.983022143868
2272 0.909501037533 0.915791869145
2278 2.64860373851 3.33844213422
2287 0.451152756651 0.638026347158
2289 0.139909423977 0.139909423977
2292 1.63953154114 1.98502982077
2299 4.04141826506 5.25647496443
2301 2.12917019286 2.12917019286
2319 0.949780437887 1.19435030966
2320 2.47469771263 3.51740542996
2329 2.04507642653 2.04507642653
2332 1.67156536819 1.76933787163
2346 2.0 2.0
2355 3.46116905074 3.47809719435
2358 1.83596153885 1.85903402117
2364 1.41676098229 1.84505722818
2366 2.11028600838 2.11028600838
2367 1.8406100555 1.8406100555
2376 0.209365635702 0.209365635702
2378 6.4520304858 6.4520304858
2386 1.76864508834 2.00923040508
2394 1.12650933782 1.57497625926
2402 8.11618860685 8.11618860685
2404 1.20601989388 1.20601989388
2409 1.93180901263 2.17421334206
2414 0.337100370603 0.337100370603
2422 3.02576153027 3.44869103548
2428 2.23432456019 2.23432456019
2430 0.0917351819109 0.0917351819109
2431 2.20096957686 2.96044253878
2450 1.99344979808 2.55116178283
2451 2.0 2.0
2466 3.71224405443 3.71224405443
2475 6.50091698 7.40417141468
2477 1.86131783485 2.06126573367
2478 1.10244821799 1.13035675197
2484 1.36335814071 1.82149810835
2494 1.54590730373 2.21385784352
2496 1.95079057871 2.04014510943
2499 3.96182578087 3.96182578087
2505 3.79026495151 4.87968821298
2506 2.0871278724 2.49562395644
2507 1.74099383135 1.74099383135
2508 3.31446860746 3.33703851581
2518 2.0 2.0
2527 2.07149383642 2.45776160782
2530 1.66836619723 1.97903595257
2537 0.920352664432 0.920352664432
2538 2.00627224383 2.0092622905
2539 1.49930969551 1.79483182629
2541 6.0 6.0
2551 2.27099592375 2.9369335513
2554 1.71896062647 2.18025363062
2561 2.42711514118 3.11176480865
2562 1.67371407003 2.09118244094
2572 0.855931871118 1.06325906388
2580 1.96529291887 1.96529291887
2584 0.0405591860871 0.0573593510431
2585 3.41763302161 4.82677741165
2586 3.73690713336 4.79046471325
2587 2.31659690476 2.35617529605
2590 1.47744872893 1.47744872893
2596 0.528877906842 0.528877906842
2609 1.00854664331 1.00854664331
2618 0.824479325776 0.86199955943
2627 1.37192372053 2.00132992021
2634 4.58772564411 5.8240022221
2636 1.14385217788 1.29220995436
2645 1.22602861414 1.46292196908
2647 9.0 9.0
2649 0.952188641242 0.952188641242
2654 3.24909966147 4.25724104118
2669 1.13092944499 1.42257111874
2672 0.990164149417 0.990164149417
2676 2.31902592039 2.31902592039
2679 1.84675702221 1.85310412803
2683 1.8393031501 1.99180408531
2685 1.10835509146 1.30341528946
2687 2.22739322734 2.22739322734
2690 0.804651081588 0.813720567828
2693 1.98794195197 1.9882805408
2699 0.112090804316 0.112090804316
2704 2.60232240861 2.60232240861
2713 2.47397378647 2.87134371413
2714 2.0 2.82842712475
2715 3.75552192612 5.26423707221
2716 4.23618987638 5.35203577693
2721 1.30369781502 1.5979378131
2733 4.35166534209 4.35166534209
2738 1.0 1.0
2739 0.913355760744 1.40253526936
2743 1.0 1.0
2750 1.61137564884 1.61137564884
2758 3.47275460846 3.47275460846
2761 3.0 3.0
2764 1.61839199438 2.08412279131
2765 2.44613486409 3.14671583943
2771 1.56921884249 2.13726931426
2772 0.431402215375 0.450843435107
2775 6.34882975082 6.34882975082
2777 0.996296680151 1.22045300284
2788 0.717145973095 0.717145973095
2800 1.65081412899 1.95733937305
2803 2.13537087625 2.69055349937
2805 1.0 1.0
2806 4.76759193829 4.76759193829
2821 2.0 2.0
2838 1.06435553814 1.07133909553
2843 2.12179659344 2.12179659344
2846 0.338777110008 0.338777110008
2850 4.48186711893 4.64653660788
2852 3.30891508375 3.30891508375
2855 10.080999243 10.080999243
2857 8.55882970985 8.67767791949
2859 2.0 2.0
2860 2.78554588329 2.78554588329
2861 1.64710923841 1.64710923841
2863 4.06780040074 4.89017102871
2867 2.0 2.0
2868 3.33333333333 3.33333333333
2877 2.36014733251 2.36014733251
2883 1.33368542918 1.33368542918
2890 1.30307824747 2.12135600049
2895 3.55707382249 3.55707382249
2899 1.19063207896 1.61375785367
2907 2.20267338787 2.20267338787
2911 1.5 2.12132034356
2913 1.59167738276 1.94180984279
2919 2.98196848546 2.98196848546
2928 2.28844780436 2.93362528408
2935 0.361305424238 0.361305424238
2961 2.33106995412 2.80894761249
2964 1.87725958089 2.55474420883
2966 2.18376479671 2.18376479671
2976 1.70259129817 2.04701465529
2977 1.19334482335 1.57464648884
2981 1.40055138719 1.67583427659
2987 4.15770626323 4.15770626323
3000 1.68396589085 2.35029549972
3011 0.594496957403 0.673861369771
3014 0.520242095462 0.520242095462
3016 0.0 0.0
3021 3.48070770566 3.48070770566
3045 1.96366225364 2.15472964643
3046 0.156395182923 0.156395182923
3050 8.2530595344 8.2530595344
3051 3.3975698752 4.34483515715
3052 0.633154952844 0.645157582269
3058 0.0 0.0
3062 2.31811298068 2.31811298068
3064 0.896392338055 1.29424342215
3070 0.0853807641573 0.118831491516
3074 0.812755736289 0.812755736289
3075 0.754158811135 0.79321712195
3079 3.22663876564 3.86082406971
3092 2.25152162648 2.61440132616
3097 1.11014449832 1.11014449832
3098 0.529813870154 0.529813870154
3102 1.11024959443 1.47588535061
3107 1.67742240647 1.67742240647
3110 1.64785759323 2.30796421612
3115 3.13292558336 3.18923496132
3116 0.166668931067 0.166668931067
3118 0.846185493954 0.846185493954
3127 2.82261983901 2.82261983901
3128 0.246842324098 0.329592532977
3129 0.889490840641 1.15747029983
3138 2.28139053638 2.28139053638
3139 2.38869790505 2.56503705483
3150 1.15143743279 1.19314818107
3165 1.37511216617 1.3823358695
3169 1.88673142394 2.37289797629
3182 0.518477865719 0.518477865719
3186 1.95891548411 2.17189445249
3187 2.41465321898 3.7016995216
3188 6.66422585745 6.66422585745
3193 1.2752102222 1.2752102222
3198 3.0 4.24264068712
3203 3.27934158737 3.27934158737
3212 2.95049523331 2.95049523331
3215 0.678048978506 0.878937292342
3219 3.05801135908 3.8696790078
3224 3.499468316 3.55461104346
3225 2.23412321696 3.26527269261
3231 1.50059207057 1.50059207057
3242 0.741156822032 0.849731564161
3243 1.05734017118 1.05734017118
3244 1.92563052873 2.36717487552
3245 1.02966150641 1.26761131386
3247 0.317133032818 0.317133032818
3252 2.17060939691 2.72920598925
3269 1.0 1.0
3276 1.0 1.0
3277 2.20309377562 2.20309377562
3278 2.45606778391 2.95725217018
3284 2.24983257292 3.12565579339
3286 0.677401805281 0.677401805281
3287 1.0 1.0
3290 0.55440113617 0.55440113617
3293 0.0352188202733 0.0352188202733
3294 1.88099187443 2.01139663895
3296 1.50203503188 1.50203503188
3297 2.0 2.0
3298 0.507202708218 0.507202708218
3300 4.18539413994 4.45041699635
3321 1.0623192114 1.49866402411
3323 1.30991611744 1.30991611744
3328 1.12971800099 1.12971800099
3332 3.0 3.0
3341 1.38658492467 1.56540145965
3345 1.0061499411 1.15182794941
3347 0.737359427824 0.782738140091
3351 1.7137977633 1.91810982712
3352 0.347404811314 0.383147657722
3353 0.201450082503 0.201450082503
3366 0.662043395601 0.662043395601
3368 1.73845252095 1.73845252095
3374 1.0 1.0
3381 0.315832793435 0.315832793435
3385 2.70800869046 3.49497246636
3389 1.63475447654 1.63704724897
3395 1.80125539072 2.32932939624
3398 7.30862271475 7.30862271475
3399 1.71718879323 1.71718879323
3408 0.687670801285 0.687670801285
3409 2.77958082794 2.77958082794
3410 2.4929365083 2.4929365083
3412 3.16440115399 3.87581563964
3413 0.368416306728 0.428964800202
3418 3.39892728155 3.39892728155
3421 0.0054544462828 0.0054544462828
3423 2.35159305394 2.91645088559
3426 1.93495082843 2.15247600386
3429 3.06091698836 3.82279934148
3431 1.86575072409 1.86575072409
3440 3.18302672559 4.99040648357
3450 0.75497112373 0.75497112373
3452 0.866269338921 1.28608093817
3457 0.78855244192 0.78855244192
3464 1.0 1.0
3468 1.53050432175 1.61983897789
3478 1.89722190009 2.12171380985
3481 0.173504715872 0.173504715872
3486 2.37424038502 2.37424038502
3487 4.60099848964 5.06765990727
3488 5.49784678118 6.88612431709
3495 0.241622533718 0.241622533718
3499 1.5 1.58113883008
3502 1.6102595427 2.42723067677
3510 0.153778574958 0.153778574958
3514 10.6423365804 10.6423365804
3516 1.88024829587 2.70572581764
3517 1.46360599532 1.55405122694
3522 8.29271280843 8.29271280843
3523 1.91709430291 2.60730816792
3545 1.41917875382 1.88199118849
3554 0.629379959462 0.629379959462
3565 1.0 1.0
3571 0.254924745423 0.254924745423
3573 2.73309231928 2.73309231928
3578 0.903492242396 0.903492242396
3580 2.4558489564 2.59947627783
3583 1.75364366371 1.9829743015
3587 2.19024628106 2.19024628106
3592 5.42417051964 5.46689905742
3594 5.43132488558 5.4610146858
3595 1.93764736588 2.75023154794
3597 0.204983971191 0.204983971191
3600 3.0 3.0
3604 1.68242105574 1.68242105574
3607 1.50445069468 2.13394229803
3608 2.44764194823 2.84369800032
3614 3.20678224394 3.26444332507
3615 1.0 1.0
3619 0.388726725967 0.388726725967
3632 1.4789104791 1.82182241831
3636 1.3818726623 1.92264549875
3657 1.92309350886 1.93132578702
3661 0.779599668758 1.09761375911
3679 2.6942549397 2.6942549397
3683 0.243074419213 0.243074419213
3709 5.59262690241 5.77054294552
3719 2.07790358331 3.35984649813
3721 8.0 8.0
3722 0.946599946885 0.946599946885
3728 4.81595145343 6.81078386117
3729 1.8561849681 1.8561849681
3730 2.80232218477 2.80232218477
3733 0.85388000118 0.924464700545
3735 1.20098012661 1.20098012661
3736 2.7204686812 3.14805242851
3738 1.52087919684 1.52087919684
3743 3.0 3.0
3748 12.0 12.0
3750 4.0 4.0
3755 3.37285494481 4.54324743573
3758 1.60959548473 1.88464928345
3760 2.19620200173 2.19620200173
3783 0.226534839348 0.226534839348
3802 0.851246077014 0.853062416965
3810 1.82569106307 1.82569106307
3814 0.306620906951 0.306620906951
3828 3.80199845112 3.80199845112
3831 2.00632362372 2.52523882584
3832 0.14417392179 0.14417392179
3840 2.20145197199 2.64739917146
3843 1.37923251239 1.37923251239
3849 2.0 2.0
3852 2.43910166892 2.43910166892
3857 1.24485379232 1.31293012587
3864 8.9987726673 8.9987726673
3868 2.15893606009 2.25400567806
3874 1.10805808429 1.5670307707
3876 4.62511646106 4.62511646106
3878 3.49401720663 3.91428793333
3879 1.32382838745 1.55212991622
3882 3.85458773208 5.08878324888
3889 1.0533543853 1.41506342015
3895 1.65289096098 1.9794861703
3902 2.92923954008 2.92923954008
3912 0.858467266293 0.881492527885
3913 2.1506860233 2.93143997153
3918 0.753855620938 0.753855620938
3924 3.31508174372 3.31508174372
3927 1.85789281274 2.51353990627
3936 2.25651480096 2.92572251968
3953 1.85507398578 2.17551458713
3961 1.66890776242 2.106914497
3983 2.00588442016 2.00588442016
3985 0.760998497123 0.760998497123
3993 1.23515547719 1.360658137
3994 0.507859048547 0.549284522705
3995 0.98812920001 0.999978667894
4004 1.43791200762 1.93211822184
4023 2.98182156408 3.64593961954
4046 1.22386464673 1.22613507296
4048 8.22194096571 8.33799212919
4050 4.53381791097 4.53381791097
4053 1.47217659857 1.47217659857
4054 0.560126675073 0.560126675073
4064 1.24058343121 1.560387032
4070 2.95371578904 3.72956249318
4075 0.790002223757 0.915470223317
4082 1.40905220643 2.51820893995
4091 2.43050751087 3.14476420823
4093 6.31403215025 7.11823473101
4105 1.91988393571 1.91988393571
4106 1.87191966085 1.94503952118
4113 1.87639674988 2.5658080422
4130 0.0 0.0
4144 1.0 1.0
4159 0.522275731676 0.522275731676
4161 1.21053141836 1.21053141836
4162 0.583762798295 0.583762798295
4172 0.718963852695 0.893752165947
4175 0.470790879882 0.470790879882
4179 1.09360814888 1.23630198458
4182 0.0859017970656 0.0859017970656
4186 0.380543070008 0.380543070008
4192 0.0 0.0
4193 3.37347765762 3.69929331266
4195 2.20551616807 2.5073585529
4207 0.283042871816 0.403252610132
4210 1.25649055703 1.38622010905
4212 2.30459351408 2.91762415686
4219 0.208423834773 0.294755813858
4221 2.23496189507 2.3437795039
4227 7.4874115293 8.2260985063
4240 1.38080161246 1.76168147209
4247 0.5 0.707106781187
4252 1.33765776615 1.33765776615
4253 1.3565664159 1.77447694683
4260 2.57019100634 3.38453175928
4271 2.47517512345 3.20725915892
4274 1.11671053437 1.11671053437
4282 2.73140557337 3.11078853416
4286 2.89961654341 2.89961654341
4296 1.01086807504 1.32286635782
4297 0.0 0.0
4298 12.0 12.0
4301 0.0 0.0
4308 1.28416300439 1.28416300439
4315 2.16360957114 2.78326610536
4317 0.00941154325781 0.00941154325781
4341 1.00327441398 1.00520305386
4349 5.0 5.38516480713
4357 2.82030570054 2.82030570054
4362 2.85829683758 2.85829683758
4363 6.01221513601 6.34001108794
4367 1.35515829712 1.44524352353
4377 2.45392911874 2.45392911874
4382 2.20263854329 2.75412943771
4388 2.5394433394 2.71266518427
4395 1.15363917629 1.36474337317
4399 0.284329359498 0.284329359498
4415 0.24281541782 0.24281541782
4416 10.4203367915 10.4203367915
4417 5.38074418877 5.38074418877
4418 0.804247018547 0.846798798482
4420 2.40358377318 2.52876596977
4423 2.09589271676 3.07670025877
4426 1.61386022102 1.78358633097
4431 0.693801684669 0.693801684669
4433 1.13888489803 1.13888489803
4437 3.59851724904 3.59851724904
4442 3.59126281839 3.90493220654
4444 0.979208403637 1.34868085431
4447 6.15267568068 6.74007934139
4456 0.758229876362 1.0161400518
4459 1.61207390251 1.61207390251
4461 0.669172104476 1.00633873581
4462 2.64022461126 2.64022461126
4474 1.10778786754 1.10778786754
4475 2.61854458623 2.61854458623
4479 2.06161863347 2.06161863347
4490 2.75476974944 2.75476974944
4492 0.451199953625 0.451199953625
4498 1.20501276791 1.29712908771
4501 1.92364283547 1.98938141323
4508 0.332285814049 0.332285814049
4510 1.25052808571 1.25052808571
4514 1.0 1.0
4523 1.45207254055 2.14995682847
4524 1.74093345272 2.22150936999
4525 1.1233399917 1.1233399917
4526 3.0 3.0
4531 2.34718756121 2.72237924125
4534 1.31934383154 1.35744194298
4538 1.51663356496 1.91366638777
4543 8.49320858693 8.62347168983
4546 5.18123979795 5.18123979795
4550 0.918013804302 1.06787940453
4553 2.2602942791 2.92540146286
4558 1.5562990108 1.5676064903
4565 0.175651352813 0.175651352813
4569 0.783863943278 0.789019373089
4570 2.29507466699 3.04849906667
4576 2.95435779341 2.95435779341
4582 2.09317276652 3.04285329864
4583 7.63609819084 7.63609819084
4592 2.44286238743 2.50558954405
4593 2.68845839546 3.26722373934
4595 1.38072975543 1.43734696228
4602 1.70473741872 2.42257847359
4606 2.0593676248 2.32799935668
4610 1.0 1.0
4613 1.16815050881 1.47438646127
4616 7.08966248639 7.94355978835
4619 1.05801813381 1.45676159942
4623 2.38039612419 2.38039612419
4624 2.4466657732 2.4466657732
4629 1.1169419505 1.34135218593
4636 4.90343103596 5.79934265874
4637 1.18964660941 1.18964660941
4638 1.0 1.0
4644 0.990460646057 0.990460646057
4645 1.08310854374 1.09232903716
4651 1.23072769752 1.23072769752
4656 8.34976751316 8.34976751316
4660 3.02294990546 3.37665625252
4665 5.226154491 5.87120894538
4673 4.2735694206 4.2735694206
4675 3.27683658131 3.58968984167
4688 3.13365789308 3.76992275471
4698 3.106545961 4.24531554582
4703 1.76749970418 1.78650326374
4709 2.82349438985 3.84733029743
4730 2.8960123887 2.8960123887
4740 2.86898005997 2.87004382541
4744 1.1542957838 1.16456255538
4747 0.502923862617 0.502923862617
4748 2.29274021191 2.85316308984
4749 2.37601348612 2.37601348612
4760 0.950063953188 1.07307982335
4774 3.66470940612 4.95522536086
4781 2.99975317537 4.73213036749
4782 1.52693557348 1.52693557348
4790 1.10462297607 1.16637450109
4801 0.130921800997 0.130921800997
4802 0.89181588296 1.3958170161
4805 0.799614533242 0.824340789394
4806 2.42568943685 2.42568943685
4807 1.53771362451 1.65458343035
4810 1.34622634022 1.34622634022
4812 1.08830017771 1.09187645738
4813 0.767456720508 0.801914081863
4819 0.959002933796 0.959878839472
4820 2.99316778214 3.23195428146
4821 2.49540763524 2.91531288972
4827 3.4147600739 4.18199893885
4828 1.53654725489 2.12194990603
4851 3.49135593529 3.49135593529
4855 0.472502183939 0.485808167601
4861 7.43374540251 8.17142232929
4863 0.668779681756 0.894654554094
4871 8.45120992355 8.54645072682
4881 4.0 4.0
4885 0.00451794857753 0.00451794857753
4894 3.14180927361 4.20793542572
4900 1.09421042462 1.09421042462
4910 4.42181794992 5.56141880425
4916 0.792968656107 0.792968656107
4920 1.6973652175 1.9508037274
4929 8.27529611333 8.71232099003
4948 1.00713979723 1.00713979723
4956 1.22405849075 1.7402704219
4960 2.9850360125 2.9850360125
4964 1.98435671172 2.73880806047
4966 2.44745483958 2.50905188191
4967 1.70919822784 2.13540279721
4971 0.955147485621 0.955147485621
4983 2.05180977677 2.668537068
4988 0.608652199984 0.608652199984
4993 2.61946968756 2.61946968756
4999 2.0 2.0
5003 1.47292386766 1.67386048672
5009 0.426418040417 0.426418040417
5026 1.05205315528 1.29781464461
5036 0.0402095392025 0.0402095392025
5045 8.0734366473 8.0734366473
5047 1.97611261666 1.97611261666
5062 1.93532445565 1.93532445565
5065 2.24775347149 2.27331502431
5066 0.8972254675 1.10648536404
5067 2.58350000763 2.60776450396
5069 4.75240162122 5.70805264985
5077 0.59670848635 0.753949749404
5078 2.06299603318 2.09106550579
5085 2.53590766912 2.53590766912
5086 1.40681331859 1.94871520689
5096 5.52333294438 5.52333294438
5099 1.26436104675 1.70424543399
5103 5.0 5.0
5113 1.91634685658 2.01568543405
5119 1.0 1.0
5121 1.70506243805 2.1344990958
5124 4.92025812177 4.92025812177
5127 2.20603363319 2.44890733919
5131 5.1630506641 5.1630506641
5132 4.1823656641 4.7153337196
5150 2.70311496774 2.71936964225
5151 1.51135735968 1.8615018029
5154 1.25194352575 1.25194352575
5157 3.8403963717 3.8403963717
5159 1.06584393208 1.06584393208
5167 1.37736491373 1.59967450554
5182 1.58196497363 1.58196497363
5183 1.46929821369 1.79418003723
5191 4.39544916539 5.1851475432
5202 1.0125229588 1.41252765752
5204 1.74454022289 1.79326411335
5210 0.0 0.0
5211 3.84920788878 4.48683775105
5217 2.458703928 2.89689069967
5218 0.0 0.0
5219 1.24363473239 1.24363473239
5223 2.81484615292 3.69866117934
5224 3.0 3.0
5228 1.50895090794 2.93299521057
5229 1.34676179256 1.98057878738
5233 2.29549029102 2.29549029102
5246 1.84095694801 1.84095694801
5250 1.0 1.0
5251 2.62479945736 3.52065273767
5254 5.54288886738 5.54288886738
5256 0.0 0.0
5271 4.36234884487 4.36234884487
5272 1.40598847264 2.14440288353
5280 2.04015220544 2.26551481744
5289 0.388006176819 0.388006176819
5291 3.85859611356 4.68482263581
5293 1.67707004887 1.67707004887
5294 2.47615119084 2.82295222806
5295 5.9194572873 5.9194572873
5300 4.24209279937 5.99922516971
5310 3.43680917216 3.43680917216
5311 1.61934927301 2.2074134993
5320 2.0 2.0
5321 0.828111183163 0.828111183163
5322 2.19309831987 2.19309831987
5325 8.17169240003 8.87612819977
5326 0.0 0.0
5336 1.83441506354 1.83441506354
5344 1.90483718937 2.05042888898
5356 0.909607860565 0.909607860565
5361 2.25435692618 2.25435692618
5363 4.39989730059 5.44180567589
5367 0.0 0.0
5368 0.29004288079 0.410182575683
5371 4.7442500139 5.93662737649
5372 7.27320787895 7.27320787895
5374 1.62342236836 1.62342236836
5381 8.0 8.0
5382 0.0 0.0
5387 1.25891456426 1.25891456426
5404 0.79443436985 0.926078800329
5414 1.15179917989 1.17538287326
5421 1.07906831845 1.14300336382
5423 2.32337492716 2.91148774123
5424 3.64494334524 3.64494334524
5446 2.56492331286 2.95750478339
5456 2.91282437518 2.91412858849
5459 2.0 2.0
5462 3.50360854503 3.50360854503
5463 8.0 8.0
5475 2.57927003287 2.57927003287
5477 2.83658860652 4.11288159917
5478 0.744629297951 0.845441498903
5479 1.7763568394e-15 1.7763568394e-15
5481 3.93017978705 3.93017978705
5482 1.62427718896 2.03794825977
5484 2.97888229821 4.0309920892
5488 1.08220379632 1.29258633531
5492 2.92044320246 4.14853684077
5493 1.67707544858 1.73082028722
5496 0.945453104051 1.37562439809
5499 0.0321808323711 0.0321808323711
5506 2.3841337292 2.88012455353
5507 2.67961515408 3.25173387988
5509 1.56026651191 1.56026651191
5512 1.14279638584 1.43539367661
5515 1.89554882508 2.31876973186
5517 1.0 1.0
5518 2.87719905967 2.90589251798
5519 3.0 3.0
5521 1.0 1.0
5523 1.50962103824 1.50962103824
5545 0.771784323357 1.09146785732
5546 3.04180125404 3.04180125404
5554 2.2071532373 2.9336199978
5562 1.24416222212 1.46477493317
5565 0.802565784255 0.924984626177
5573 3.07556843996 4.45682421498
5575 0.154472510008 0.154472510008
5578 0.403499361041 0.454553423661
5581 0.0 0.0
5584 0.884454161513 1.17296161954
5600 3.0 3.0
5608 3.97741053753 3.97741053753
5613 4.0 4.0
5617 7.87004405286 7.87004405286
5633 10.0781306717 10.0781306717
5642 2.0 2.2360679775
5646 0.0366241240101 0.0366241240101
5649 2.33467550016 3.18934237234
5652 1.71415916323 1.71415916323
5655 1.52392003402 1.52392003402
5659 2.9839741654 3.79819526785
5662 1.32141842856 1.67309551595
5669 1.56088284177 1.612326227
5674 1.420358327 1.75497690992
5683 0.926381197169 1.20029225218
5685 2.42670700537 2.42670700537
5687 5.01437882325 5.61229173341
5692 3.63920005345 3.63920005345
5700 2.24965842995 2.37241810402
5702 9.0 9.0
5707 1.57697335746 1.87402904881
5720 4.56881631655 4.56881631655
5721 2.78811986935 4.42079484112
5723 1.24004606956 1.24004606956
5724 2.59126686366 2.87539946063
5725 3.0 3.0
5729 3.17689560579 4.14275333996
5736 1.50999619356 1.50999619356
5737 2.81554592941 2.85740147604
5740 7.1888591861 7.1888591861
5745 1.0 1.0
5749 0.837686639695 0.849804351758
5763 0.0286704368908 0.0286704368908
5768 4.25126857307 4.25126857307
5772 4.24363080813 4.74656243981
5785 2.02032790227 2.15379965124
5786 1.5543505731 1.89869243138
5792 1.64521006265 1.64521006265
5797 3.0 3.0
5799 2.18002012667 2.32913175783
5815 0.589819623236 0.589819623236
5816 0.745531113962 0.787763324766
5826 3.45294868966 4.26580043844
5827 1.59730895069 1.59730895069
5831 2.17242009759 2.85619338633
5835 0.977848802253 0.977848802253
5837 1.10996028017 1.59292003646
5846 0.871891302943 0.947503372867
5849 3.78982838855 6.10269658083
5851 3.11018993583 3.18142185698
5865 0.608553267241 0.675664045787
5870 4.02619154049 4.02619154049
5891 0.722459833223 0.722459833223
5892 2.09344438246 2.09344438246
5896 1.2606767103 1.5816459032
5897 2.17212158017 3.31123273633
5898 0.316703389084 0.316703389084
5911 5.44688476827 6.44226350276
5915 1.89066041112 1.89066041112
5931 2.11873257711 2.81203020249
5933 1.76932014189 2.62949041465
5934 3.16247215334 3.6565803426
5936 1.18933175938 1.23146188493
5937 10.3665728465 10.3665728465
5941 0.94508991697 1.09525764533
5945 1.59657854429 1.59657854429
5948 2.16367080379 2.76234242471
5956 7.02542962151 8.23594139695
5957 0.806840629405 1.14104496078
5963 0.0 0.0
5964 1.0 1.0
5968 3.88727105266 3.88727105266
5969 1.9675067843 2.07631581035
5974 0.947469623998 1.21792014183
5976 6.12512642983 6.12512642983
5992 8.46813952897 8.56429921958
6004 1.11709688371 1.11709688371
6006 2.58780827867 3.04493563376
6013 1.13567415431 1.13567415431
6018 0.957118839111 0.957118839111
6022 0.617626504019 0.617626504019
6026 1.05886867628 1.41666193642
6035 4.0 4.0
6038 2.07204424476 2.07204424476
6040 3.87546435474 3.87546435474
6041 0.777020316401 1.02009529456
6043 1.31420705291 1.74079988146
6045 1.81229171166 1.89470006525
6053 2.0 2.0
6055 0.974290421469 0.974290421469
6061 0.99987383582 0.99987384378
6063 0.105868966541 0.105868966541
6065 4.04822409102 5.65726533989
6071 4.15265591469 4.15265591469
6077 0.640494685865 0.640494685865
6083 5.0 5.0
6091 7.79793639564 8.26935951896
6099 1.0636857193 1.27161288718
6103 1.81879069744 1.81879069744
6107 5.47554707991 5.76700115139
6115 0.220459197004 0.220459197004
6117 0.89397845835 0.89397845835
6120 3.0095972872 4.81569032058
6124 5.84682326804 5.84682326804
6148 2.42291523655 3.13518299116
6150 1.74299279996 2.03414011711
6154 0.574891076955 0.574891076955
6168 1.44077694596 1.47047137984
6182 1.51514998485 1.51514998485
6183 0.500993996263 0.646269005148
6194 5.77174611383 6.56120546219
6198 9.71556432762 9.71556432762
6201 1.03881786224 1.03881786224
6202 4.1052444047 5.89492514598
6215 0.0 0.0
6228 1.89769761156 1.89769761156
6234 1.04051703548 1.04051703548
6240 2.07417256946 2.92169854432
6269 4.18286219561 4.92528514323
6276 0.0 0.0
6277 1.29236819467 1.29236819467
6280 2.06256323375 2.15409643428
6282 1.99201763848 2.70961362528
6283 1.98304482002 1.99545388049
6285 2.27198117688 2.27198117688
6287 1.09379842357 1.24535767175
6290 2.52938908758 2.59986122048
6297 2.83939327293 3.38312307948
6299 2.76416858181 3.31086262612
6303 0.875186800173 1.23770104241
6325 1.07713527397 1.11756345737
6328 1.10388199995 2.05893291676
6343 1.65690618944 1.77838940505
6344 1.0 1.0
6346 1.84080730236 1.84080730236
6349 1.68791416013 1.68791416013
6372 6.75949549912 6.75949549912
6375 0.537978261282 0.537978261282
6377 2.51354305163 2.88199249272
6378 5.56684314206 6.85232535711
6379 0.518731248992 0.707602797746
6384 1.65672634875 2.21992990633
6386 0.585433220722 0.866591064738
6397 2.02089505459 2.02089505459
6400 3.92862612161 5.55591634268
6403 3.45045268231 3.45045268231
6404 0.895785005199 0.963981435125
6410 1.0 1.0
6411 5.17647218885 5.6020874227
6415 1.20080754164 1.5527132037
6418 1.12893586452 1.21880422378
6419 2.35090310265 2.43547090349
6421 1.37295634645 1.37295634645
6431 7.61756547023 7.61756547023
6435 6.89986676396 6.89986676396
6440 0.201807327483 0.201807327483
6444 1.66658711407 2.28520660309
6450 2.14626817587 2.71968829886
6454 2.81297642132 3.33577919709
6455 0.618003139305 0.77470294981
6456 1.47444310517 1.9823080862
6458 4.15242705512 5.04188761462
6463 0.766238217743 0.902036210629
6470 1.6465606371 2.4749105094
6476 11.7532749662 11.7532749662
6484 1.16828898415 1.49417335206
6488 2.29246786452 2.29246786452
6497 1.5199330041 1.5199330041
6517 1.5724905247 1.96477309281
6521 3.98624914687 4.44258724472
6526 0.47553465971 0.47553465971
6530 3.51637096605 3.5917168099
6533 1.26029692959 1.56818090139
6538 2.98232760915 3.17232102545
6549 1.5893909227 2.36549363842
6560 0.459581464883 0.476210212218
6562 1.63904475888 2.28005415192
6564 6.21250377021 6.21250377021
6574 0.752496807204 0.956327219197
6583 0.361170023817 0.361170023817
6591 0.0 0.0
6595 2.24525167874 2.81326217042
6614 1.99902106665 1.99902106665
6615 1.31296336014 1.31296336014
6619 0.0 0.0
6631 2.36183435039 3.36774966258
6640 2.05269557833 2.0558227504
6644 2.69063684852 3.98369470334
6651 2.05310264619 2.53370922037
6655 1.0 1.0
6657 4.34086937688 4.34086937688
6680 1.27750847044 1.27750847044
6689 7.58963816556 7.58963816556
6696 2.0 2.0
6697 1.04192561361 1.250188901
6703 2.41004974624 2.41004974624
6704 2.00268156345 2.00268156345
6716 2.32222071632 3.24195031684
6732 1.82524572466 1.82524572466
6734 1.0 1.0
6736 2.72500259796 3.29502039127
6737 1.92131037852 2.78582326394
6738 0.886196027489 0.886196027489
6740 3.07441098791 3.35406434842
6748 1.76451768444 2.43828603325
6755 8.0 8.0
6766 2.78482926401 4.13606017982
6770 9.81700702193 9.81700702193
6775 1.92495472227 1.92495472227
6779 2.4065895178 2.52241991299
6780 6.04148665282 6.04148665282
6800 1.64316569112 2.28138517575
6809 3.12185288057 3.12185288057
6814 4.0 4.0
6816 3.44571046803 3.44571046803
6823 1.60001912346 2.07863189042
6824 2.0 2.0
6826 2.0 2.0
6829 0.374088935337 0.512903274993
6830 1.98097620961 2.14063432217
6833 0.485915988874 0.485915988874
6838 5.29795671371 5.29795671371
6839 2.30425590627 3.0235980344
6844 2.1971459677 2.20597301342
6854 2.44595551984 3.14513775884
6863 1.41080487373 1.5908880945
6872 1.58133266864 2.14766498851
6878 2.9867759859 3.88701329589
6883 2.05442760924 2.55792411077
6887 1.00770637317 1.00770637317
6889 1.55082983425 1.55082983425
6895 1.162924741 1.6949663768
6902 4.29102618217 5.68662093305
6917 6.15531127187 6.15727037288
6921 1.09717317031 1.42551181373
6940 2.09987277516 2.24507604807
6941 8.0 8.0
6948 1.5737179469 1.5737179469
6955 0.610118983242 0.653358377118
6968 1.50686807255 1.5830668301
6971 1.45028007212 2.02667475101
6975 1.38524143616 1.79988267019
6980 1.43150656899 1.63384145162
6983 1.0 1.0
6993 1.09111441869 1.09111441869
7001 1.58500407512 2.2261483174
7005 0.660317762646 0.660317762646
7006 1.52974469082 1.87797824858
7011 1.66196941459 1.66196941459
7012 1.49133243806 1.64326306517
7013 3.30811611574 3.30811611574
7030 1.23728816118 1.23730928088
7043 0.937026591392 1.22537359444
7045 3.80809120944 3.80809120944
7052 5.79954888594 7.13766763124
7060 0.912909056189 1.08664908145
7063 0.648913639797 0.917702470209
7074 0.38104550128 0.38104550128
7079 2.00676835917 2.82844332122
7080 3.69851836897 4.61413204455
7081 1.0745163827 1.41813447267
7088 1.6681191881 1.6681191881
7094 1.46425453511 1.90531107781
7095 1.98156935022 1.98156935022
7099 4.17208695827 4.55495067762
7109 0.599552616858 0.756141387488
7112 1.87083176218 1.87083176218
7113 2.75579717725 3.05112350633
7119 1.1384307575 1.93468048391
7121 1.15592036594 1.48204692185
7123 0.0254700892561 0.0254700892561
7125 0.521382253542 0.685819363525
7127 7.12962362854 7.12962362854
7129 0.816117106095 1.18335946984
7130 0.806967123969 0.840269113615
7134 1.7060755553 1.7479344288
7135 1.20998610307 1.50857318157
7137 0.406620299944 0.406620299944
7142 2.33623876271 2.9388585337
7158 0.740843324852 0.740843324852
7159 1.32912126917 1.59962776794
7163 2.71952799992 2.83633982093
7164 1.40983230333 1.40983230333
7166 0.99461986588 1.10275423301
7168 2.03071173024 2.25663321027
7171 4.84438031435 5.83345527344
7173 0.0 0.0
7176 5.27112230369 7.15317211134
7177 1.02854871992 1.02854871992
7178 1.02588296422 1.28838681635
7181 1.26301519305 1.26301519305
7203 0.672921791703 0.748200435774
7215 2.59411662791 3.09823110374
7222 3.21008897139 3.21008897139
7226 2.75257879338 3.02204395741
7234 4.6683038111 4.6683038111
7251 0.337173020118 0.476834657917
7262 0.562814635616 0.67520414569
7263 0.670497740092 0.670497740092
7272 10.33723712 10.33723712
7275 3.62928410425 3.62928410425
7278 2.14000392353 2.35912981916
7290 3.18980959314 4.2212346893
7293 1.78199709859 2.09122850471
7294 5.0 5.0
7297 0.0 0.0
7304 1.29361021816 1.51823954819
7310 2.01930054481 2.26272353529
7313 1.30653367335 1.30653367335
7320 2.6365790596 2.66946307883
7326 0.829407853843 0.829407853843
7328 1.93523945808 2.58704443846
7334 11.6473477407 11.6473477407
7335 1.31818319547 1.31818319547
7339 1.53990807109 1.9654830817
7342 6.79889594438 6.79889594438
7345 8.0 8.0
7351 4.21826296847 5.96974269091
7355 5.43123393745 5.43123393745
7356 5.04277597864 6.24820402565
7357 7.0 7.0
7374 4.0 4.0
7382 1.272142778 1.45080317972
7384 1.0 1.0
7385 5.0 5.0
7387 1.61240696709 2.00205395787
7389 2.90779621375 4.35201453491
7398 6.58226259078 6.58226259078
7407 1.4384922673 1.4384922673
7411 3.43656122235 3.43656122235
7413 0.283005616912 0.283005616912
7414 1.88671989367 1.88671989367
7420 5.04636097648 7.05432845495
7431 3.22472782054 3.93895408544
7436 3.02685162844 3.6376291472
7437 2.71651898262 3.94480255991
7438 0.0 0.0
7442 2.46494616168 2.78910139258
7444 0.0 0.0
7446 0.468154561828 0.468154561828
7450 2.11831909835 2.11831909835
7453 1.40293118738 1.92445125152
7459 0.0928964174721 0.131375373485
7464 2.0 2.0
7465 0.850816563417 1.06496745029
7466 1.14189393934 1.4455782754
7474 2.41093957153 2.71650484385
7478 3.58856130728 3.58856130728
7484 1.80249477172 1.80249477172
7491 3.53002353845 3.53002353845
7493 3.94557424906 4.9047088451
7494 4.0 4.0
7497 2.09125128322 2.09125128322
7498 2.0 2.0
7504 1.0 1.0
7513 0.913949282231 1.20126752838
7515 1.10534496157 1.10534496157
7518 0.737298361109 1.01680966046
7525 1.00256713486 1.00256713486
7538 0.449174979906 0.449174979906
7543 0.840738329463 0.840738329463
7547 7.50310739805 7.51954273108
7553 3.26857031453 3.77907924317
7557 2.12510026465 2.12510026465
7561 2.94932692411 2.94932692411
7562 3.65576369506 4.51859369695
7564 1.48952258139 1.5745681044
7568 2.53427295984 2.68404346951
7574 3.57241905593 3.6713892525
7578 2.3253379306 2.3253379306
7580 1.14674396414 1.15609494
7585 1.48612683403 1.48612683403
7587 0.518986540652 0.518986540652
7591 0.675244028677 0.894783753311
7594 1.63088208982 1.63088208982
7595 0.663382675304 0.663382675304
7600 2.53848098809 3.3558153094
7607 3.0 3.0
7608 0.88336938361 1.01369420608
7611 8.42421567569 8.42421567569
7621 0.8951445076 0.8951445076
7632 1.27540423544 1.59346005892
7638 2.86168656756 2.86168656756
2.15044317374 3.06877920885