5 1.20149683362 1.20149683362
6 0.134495360505 0.215790671325
9 2.0018996402 2.83622566417
14 0.281437125749 0.281437125749
15 1.59002611634 2.0088749546
19 2.48718700654 2.9838861758
22 2.04807667765 2.27455720425
23 5.48 5.48
24 4.07367328103 4.94369422012
25 1.03891184147 1.07293385716
31 2.0 2.0
32 0.433333333333 0.433333333333
35 2.61172300072 3.90712858984
41 3.18518518519 3.18518518519
47 7.64705882353 7.64705882353
52 1.40740740741 1.40740740741
55 0.226499558454 0.226622111412
57 1.7702991453 1.7702991453
58 6.67797888386 6.92546357847
59 3.94615384615 3.94652120048
61 2.2652658046 2.91724938309
63 1.28571428571 1.28571428571
66 2.16666666667 2.16666666667
68 1.37548689765 1.43894438346
69 1.05888031153 1.28858595314
72 0.142857142857 0.142857142857
76 1.25276518115 1.65152333837
81 0.929411918662 1.06863427437
83 5.17898411306 5.69920767126
85 1.75966350256 2.05793011827
89 8.02921348315 8.02921348315
91 9.0 9.0
93 0.846153846154 0.846153846154
95 1.43649635036 1.43649635036
97 0.927161705376 0.927161705376
107 4.53846153846 4.53846153846
108 0.730769230769 0.730769230769
1800319679 13.0 13
109 0.0 0.0
115 8.04545454545 8.04545454545
119 3.12745098039 3.12745098039
122 2.09580437807 2.36284403468
124 0.767123287671 0.767123287671
126 1.63491010979 2.04223216314
134 0.65168527431 0.758274099439
136 1.22881337841 1.53066842448
146 0.352941176471 0.352941176471
151 2.68651488616 2.68651488616
155 0.512195121951 0.512195121951
156 2.57174241334 4.71123034259
160 0.105263157895 0.105263157895
161 2.70506812691 3.03900451353
162 2.21428571429 2.21428571429
164 1.27729159932 1.76182751841
169 1.3 1.3
171 1.52388855234 1.77404623413
172 2.3589013243 4.55175394352
181 3.72727272727 3.72727272727
186 1.43270502754 1.69177986704
188 0.788461538462 0.788461538462
189 1.75680458551 2.33747129443
190 0.214285714286 0.214285714286
195 2.85714285714 2.85714285714
196 4.89312727566 5.00058256263
199 0.954545454545 0.954545454545
204 2.13322288177 2.59210968388
205 1.53378863205 1.65345756104
209 3.61538461538 3.61538461538
219 3.65360017498 3.91451556992
221 1.02901023891 1.02901023891
222 2.00845684915 2.18464521431
223 5.56666666667 5.56666666667
224 3.46484944781 3.50954425346
231 2.43333333333 2.43333333333
233 2.53846153846 2.53846153846
234 1.36902331401 1.6176621586
236 3.6170212766 3.6170212766
243 1.99743370402 1.99743370402
247 0.0526315789474 0.0526315789474
256 1.70853010626 1.80881485093
259 4.537470726 4.537470726
260 5.97058823529 5.97058823529
262 0.972222222222 0.972222222222
267 1.11111111111 1.11111111111
274 4.46153846154 4.46153846154
276 2.82642585577 3.49923552167
278 3.0 3.0
284 2.40740740741 2.40740740741
288 8.33866003788 8.35814827615
291 3.08466019417 3.08466019417
299 0.819636959285 0.923809479758
303 0.60927780192 0.882881636691
304 2.12718214361 3.06575819087
307 5.00338491494 5.641111519
308 2.42570589986 3.26740435469
311 1.35483870968 1.35483870968
1808402448 13.0 13
312 0.0 0.0
314 2.54838709677 2.54838709677
315 4.26666666667 4.26666666667
316 0.723932246 0.816287872404
323 3.06698203565 3.30565677543
324 1.33333333333 1.33333333333
326 0.97277486911 0.97277486911
328 1.29750044476 1.43441636222
331 2.10152764523 2.2558494842
333 0.583333333333 0.583333333333
334 2.0436010315 3.256449702
1800022828 13 12
335 0.908937491998 1.01565127129
337 1.16 1.16
338 1.25 1.25
342 2.93569170993 3.07213268192
343 1.48422357273 1.89357757491
346 0.966060922838 1.38679148074
347 4.73149847095 4.73149847095
348 1.62539521129 2.02005007589
350 7.0 7.0
351 2.33926267281 2.56866505451
357 1.36 1.36
360 2.92307692308 2.92307692308
362 1.56243677991 1.62047286667
364 5.0 5.0
365 1.81067317325 2.25704694607
366 1.24137931034 1.24137931034
369 1.02838071123 1.41279960634
370 3.80490536566 4.20788223314
373 0.948564593301 0.957483397095
374 8.52631578947 8.52631578947
376 1.60923076923 1.60923076923
379 7.15 7.15
380 2.01505483415 2.11477880523
381 0.90088197859 1.13271651482
383 0.865336818124 0.915922587564
384 1.58271249616 2.61009646939
389 1.28496376812 1.2925718671
391 1.71000509375 2.10494946872
393 1.44231427593 1.44231427593
394 1.71698113208 1.71698113208
405 3.56624102155 3.56889730037
1808402448 13.0 12
406 0.833333333333 0.849836585599
410 0.721583399345 0.854510523798
412 0.957446808511 0.957446808511
419 1.13888867109 1.20648279044
420 2.10998670852 2.42198090571
421 2.86666666667 2.86666666667
427 0.879669577584 1.06507895183
428 1.24 1.24
431 3.60394980085 4.60589906828
1808428372 13 13
433 2.73156411189 3.41449588801
435 0.88 0.88
437 2.59362549801 2.59362549801
445 1.04986850025 1.12581558823
446 1.68914529915 2.50694578259
452 1.95633067609 1.99621422868
456 0.714285714286 0.714285714286
458 1.85714285714 1.85714285714
1802814910 13 13
461 2.6875 3.80069894888
473 1.48275825482 1.77288549213
475 1.92529711375 1.92529711375
476 0.893718124144 1.12462488845
480 4.34673684211 4.34673684211
485 2.11638420479 2.83168408941
487 0.8 0.8
488 6.29544034978 6.29544034978
489 2.57773399015 3.04940702039
490 3.59045841422 3.71229420101
493 3.44370455443 3.84782138745
496 1.06666666667 1.06666666667
502 3.03145123894 3.90257409758
505 2.96551724138 2.96551724138
509 1.55099686374 2.12065827895
512 5.52 5.52
515 0.849613178582 0.954517318123
516 0.279347826087 0.280885212917
517 2.23984334222 2.7798014816
520 0.502214819045 0.571261506397
521 6.47058823529 6.47058823529
523 2.2357460277 2.33994742969
524 1.15178571429 1.15178571429
531 2.34299903358 3.1036671905
532 1.89208854571 2.12529560235
535 0.667374727669 0.766273258483
538 0.80023431725 1.03538905946
1808402448 13.0 13
544 0.898227018088 1.21568477342
545 1.41666666667 1.43855637514
546 1.41176470588 1.41176470588
549 2.02890265882 2.05036632202
550 2.05439559238 2.22297378237
551 0.706896551724 0.706896551724
552 2.1630952381 2.99413873761
553 0.176470588235 0.176470588235
554 3.5 3.5
555 1.52123595409 1.64817515216
560 1.20779220779 1.20779220779
564 3.64207162121 4.43399497161
566 1.73316149846 1.89072303823
569 1.87231410249 1.95914675745
571 5.37777777778 5.37777777778
573 2.49089949881 2.49098230837
575 1.67948883238 1.92149534592
576 3.41935483871 3.41935483871
577 1.96666666667 1.96666666667
579 2.94135896906 3.21006640145
588 0.232620320856 0.232620320856
590 1.51636451054 1.9871141288
591 3.31651677648 3.3943270742
592 9.72727272727 9.72727272727
594 2.31522670399 2.78985608495
599 2.14139126257 2.14997634823
604 0.333333333333 0.333333333333
611 1.20309599151 1.4886104495
613 1.0 1.0
617 4.29003434337 4.36930201446
618 3.19913419913 3.19913419913
621 2.40415704388 2.40415704388
625 2.33627197239 3.20901284135
626 4.67505325955 5.16478562011
628 8.5 8.5
633 0.608695652174 0.608695652174
635 4.59340659341 4.59340659341
638 2.53452685422 2.53452685422
643 6.69343326196 6.69343326196
649 1.92575026518 2.37841078346
650 0.100041911776 0.139025960247
652 3.83930741191 3.83930741191
659 2.3587191312 2.99731316851
671 1.12820512821 1.12820512821
676 1.64690398045 2.32026716253
678 1.90909090909 1.90909090909
681 1.08463726885 1.08463726885
683 1.09826954609 2.43183795631
684 1.49585112241 2.47072651472
687 1.00839823069 1.14208217906
689 2.54951572415 3.53314911904
691 2.14227066818 2.38970121456
692 0.703703703704 0.703703703704
701 0.333333333333 0.333333333333
704 2.69811320755 2.69811320755
1808448820 13.0 12
705 1.37766597537 1.88128808133
706 4.0 4.0
708 0.25 0.25
712 2.82670089859 2.82670089859
713 1.625 1.625
714 2.82203130576 3.40832506447
715 0.448275862069 0.448275862069
723 4.26484763682 5.24095756311
725 1.8816025137 2.50882489194
732 2.36253041363 2.36253041363
735 5.35 5.47220248163
736 8.04 8.04
743 2.82926829268 2.82926829268
744 0.352941176471 0.352941176471
745 0.904118151825 1.15838425478
746 0.0833333333333 0.0833333333333
747 1.7766798419 1.7766798419
748 5.73333333333 5.73333333333
758 2.21933427885 3.03495004883
762 4.02222222222 4.02222222222
764 3.5033874652 4.92003642731
767 1.07684740917 1.2288462349
770 2.45345633588 2.4933087532
772 1.36363636364 1.36363636364
777 1.1451885338 1.47353182444
779 4.53284661553 5.52836625623
783 2.91052631579 2.91052631579
785 1.95 1.95
786 0.0588235294118 0.0588235294118
789 1.0 1.0
795 0.158227848101 0.158227848101
796 2.29787234043 2.29787234043
801 2.41570881226 2.48536622205
806 2.92884615385 2.94915562527
807 2.40864600656 2.8335952755
809 1.98842724998 2.49142991337
810 1.86953859359 2.44156909546
812 0.5 0.5
814 1.26426174497 1.26426174497
817 3.61702365409 3.95923028235
820 0.823214285714 0.991034426594
821 1.25213027868 1.2757027218
826 0.277777777778 0.277777777778
830 2.0 2.0
831 1.89853300733 1.89853300733
837 2.37931034483 2.37931034483
842 1.08762918307 1.0985561038
845 0.795789920506 0.910448016938
848 1.40306231163 1.46352092232
851 1.90225015488 3.08125851095
853 5.69052855449 5.74731166977
860 5.32096171802 6.02249604559
869 2.66800180788 3.20511926105
872 0.0 0.0
873 0.34375 0.34375
878 0.788120567376 0.874317549869
879 3.0 3.0
881 0.606226792733 0.669755937283
886 0.523481382825 0.574948650431
888 2.815894422 2.97144822993
890 1.11821086262 1.11821086262
902 0.0588235294118 0.0588235294118
908 2.95209580838 2.95209580838
912 1.87083333333 2.12329179708
914 6.42857142857 6.42857142857
917 0.929824561404 0.929824561404
918 1.15254237288 1.15254237288
921 0.666666666667 0.666666666667
924 1.65964166359 2.12379955556
926 12.0 12.0
928 1.36309197344 1.39913340782
936 0.00815948076032 0.00815948076032
943 2.13809707094 2.69140684467
948 0.75 0.75
950 2.08155298343 2.53663661095
954 2.42938578884 2.42938578884
961 2.23210976196 2.66402504173
963 1.23149350649 1.34948266051
970 1.77419354839 1.77419354839
978 0.924056683947 1.19296825398
986 1.50088372416 2.13289992006
988 2.71146565166 3.06836110385
992 3.97244152723 4.81285172022
993 6.10857664234 6.10857664234
996 1.04166666667 1.04166666667
1005 1.38622145287 1.84192970024
1007 0.732466442953 0.819504731901
1012 0.863636363636 0.863636363636
1013 1.03189910979 1.03189910979
1021 2.35185185185 2.35185185185
1023 2.79285134037 2.79285134037
1032 1.85714285714 1.85714285714
1037 2.22987672226 2.22987672226
1040 0.939090909091 0.939090909091
1041 1.46507553958 1.53033818517
1042 4.04567307692 4.69981985562
1046 3.74346538478 5.11292545706
1049 2.63636363636 2.63636363636
1051 1.36359986119 1.61943790178
1053 3.14841161362 3.50968745423
1056 0.542269944623 0.643616951794
1057 6.30769230769 6.30769230769
1061 7.28571428571 7.28571428571
1068 9.54166666667 9.54166666667
1069 1.21394684879 1.23751174816
1070 0.840811413397 1.33961753668
1072 2.69444444444 2.69444444444
1073 1.44152909111 1.46415789403
1074 2.30230125523 2.30230125523
1077 0.65714960444 0.659361393181
1079 2.99828468213 3.36246796246
1084 4.03794871795 4.23257310417
1088 7.84748197747 8.54615252102
1102 4.47593984962 5.6322473679
1103 1.50958164642 1.50958164642
1106 1.29958920188 1.3112640783
1112 0.295081967213 0.295081967213
1114 7.40517241379 7.40517241379
1116 4.17991631799 4.17991631799
1123 2.48387096774 2.48387096774
1126 0.34 0.34
1129 3.16111422172 3.34339877384
1139 2.64285714286 2.64285714286
1145 2.20129650341 2.53672946472
1148 6.69228919072 6.69303902809
1152 0.31640625 0.31640625
1154 5.75454532328 5.83306412055
1165 1.35561817922 2.79370237312
1166 0.00784997819451 0.00784997819451
1168 0.210526315789 0.210526315789
1169 1.125 1.125
1180 6.0 6.0
1181 3.34867793671 3.36053184485
1193 2.23898457488 2.44292624449
1197 5.5 5.5
1199 4.81319213732 4.82224442658
1203 2.96551724138 2.96551724138
1210 2.34916573971 2.82827104007
1211 0.0277410832232 0.0277410832232
1212 0.674094707521 0.674094707521
1216 1.60268302746 1.75069517895
1218 0.430267062315 0.430267062315
1219 2.27401383188 2.74557609487
1221 0.43346659052 0.43346659052
1222 7.25 7.25
1223 0.0606060606061 0.0606060606061
1226 0.722710061959 0.777382674917
1230 7.41135248774 7.41135248774
1231 2.28125 2.28125
1234 1.63238725565 1.74697378686
1235 5.18922921845 5.45840652869
1237 0.579831932773 0.579831932773
1239 1.43606513615 1.54282390632
1244 0.621387283237 0.621387283237
1252 3.38461538462 3.38461538462
1256 0.287089254831 0.348610030402
1261 1.23188405797 1.23188405797
1263 1.27496217596 1.40992682317
1264 1.24983130904 1.31750901949
1266 2.55800795027 4.07117054134
1267 1.62771878222 1.96670184382
1268 0.444444444444 0.444444444444
1269 2.12743358225 2.15488766448
1273 4.47862549947 4.85716379902
1275 0.290343486714 0.290343486714
1280 8.83333333333 8.83333333333
1283 9.37392108508 9.37392108508
1284 3.74585574464 3.89404817571
1285 0.471479618846 0.52090906361
1287 3.19981789708 3.98322314744
1289 1.65397696629 1.74720054263
1292 1.46169894415 1.78889829297
1295 1.72862611655 1.72862611655
1296 0.513513513514 0.513513513514
1297 1.87631737031 2.19174544832
1301 0.5 0.5
1308 3.74528993092 4.77412862793
1310 3.58974358974 3.58974358974
1312 0.789035404255 0.943360117072
1313 1.59853549783 1.94358542383
1319 0.913043478261 0.913043478261
1325 0.933183585432 1.24306273059
1327 2.14705882353 2.14705882353
1328 0.446808510638 0.446808510638
1330 1.23896029911 1.74348456748
1337 2.69770723104 2.69770723104
1339 6.2 6.2
1345 0.700904342063 0.904601888777
1347 4.09333333333 4.09333333333
1358 0.769230769231 0.769230769231
1365 1.45355843567 2.33449562481
1368 1.86956521739 1.86956521739
1369 1.57892500122 1.91532027091
1370 4.97777777778 4.97777777778
1371 3.37037037037 3.37037037037
1374 1.98726212931 2.39249797933
1384 2.49194985419 4.09474865001
1387 2.62445447896 3.57079702517
1389 1.87678309877 2.83140376721
1391 0.760388436956 0.890781043766
1393 0.142857142857 0.142857142857
1406 0.40157480315 0.40157480315
1408 1.59955567022 2.03231410819
1412 1.69444444444 1.69444444444
1413 7.06158241383 7.12120469008
1416 1.33333333333 1.33333333333
1420 0.713729525068 0.826481785969
1421 0.16 0.16
1422 2.0860306644 2.0860306644
1424 3.21694003269 3.5945383756
1426 3.63728838698 3.7765032944
1430 3.5 3.5
1434 2.24949211064 3.50032159777
1437 0.556399781253 0.831470815938
1438 2.63219346605 3.17057319914
1443 6.90763888889 8.26045499384
1453 0.399401411597 0.475838992937
1455 3.15217789832 4.90430383672
1458 1.46626267263 1.8771761116
1461 0.458631256384 0.458631256384
1465 2.85533539363 2.98078478171
1470 2.77785319395 3.10878902427
1474 4.76439348819 4.83862495492
1475 5.98965517241 5.98965517241
1479 5.5757692321 5.63244807242
1480 1.15065066178 1.28329753539
1482 2.10717734149 2.12328274462
1483 1.80882800609 1.80882800609
1485 1.6380952381 2.09593062148
1486 2.25 2.25
1487 1.13138022269 1.13486186374
1491 3.39129830918 3.57207275658
1494 2.65346534653 2.65346534653
1496 1.85159648235 2.33732881146
1499 5.0007945827 5.63632156804
1504 3.84342105263 3.84342105263
1508 0.0909090909091 0.0909090909091
1510 2.7311827957 2.7311827957
1512 3.68437145464 4.35840365826
1513 1.79473565976 2.1309658016
1518 1.55656890522 2.09827448948
1520 3.01871468927 3.27613264566
1526 1.38709677419 1.38709677419
1530 0.971237686498 1.19761285192
1531 4.50871794872 4.54996739409
1539 2.89285714286 3.45709858295
1544 1.75779231561 1.78292727614
1545 1.24621537113 1.56237196527
1547 2.92905150779 3.65235132304
1548 7.13513513514 7.13513513514
1551 3.0 3.0
1561 10.5416666667 10.5416666667
1563 2.26666666667 2.26666666667
1564 6.45833333333 6.45833333333
1565 0.0209603658537 0.0209603658537
1569 1.259765625 1.4611489862
1579 2.73832296137 3.0652881686
1584 1.25225903614 1.25225903614
1585 0.629136959496 0.890676085538
1592 1.0531512605 1.07852359186
1595 1.36363636364 1.36363636364
1597 3.9106321375 4.2209531908
1598 2.32614770459 2.32614770459
1599 2.24052525162 3.34743175495
1601 5.78571428571 5.78571428571
1800395469 13.0 3
1602 1.28694762396 1.85338042558
1605 1.47799258514 1.77644375255
1609 0.590895225992 0.745377428642
1622 0.891576360651 1.07417361184
1627 1.94960722702 2.49371013824
1628 2.78268037307 3.04152929912
1629 3.23811492352 3.23811492352
1631 1.19196503927 1.49776817249
1636 0.785714285714 0.785714285714
1638 2.60797011208 2.60797011208
1643 1.21428571429 1.21428571429
1651 2.10242394376 2.69389668128
1652 0.56 0.56
1653 1.12167668271 1.38907021561
1658 2.33839208007 2.6344634862
1662 2.9185554371 3.08465213604
1665 0.541666666667 0.541666666667
1668 0.0151515151515 0.0151515151515
1674 1.31695014511 2.03733800495
1678 2.16097128158 2.72325974568
1683 2.28208720588 2.31705500552
1684 2.12911405063 2.248001953
1808514652 13 13
1685 6.33848430051 7.69557545766
1687 2.64224190831 3.27336834168
1691 4.84432383941 5.05462642864
1693 1.99140401146 1.99140401146
1699 1.9 1.9
1702 2.39393939394 2.39393939394
1705 0.741935483871 0.741935483871
1712 1.35730383118 1.39211316139
1718 1.16184204193 1.38227089672
1719 2.27586206897 2.27586206897
1720 5.6 5.6
1722 1.24644655137 1.63179424499
1727 0.789473684211 0.789473684211
1728 4.88235294118 4.88235294118
1731 0.0555213998581 0.0555213998581
1732 2.28077682686 2.48017188043
1740 2.64516129032 2.64516129032
1742 10.1176470588 10.1176470588
1746 4.93939393939 4.93939393939
1752 2.00492610837 2.00492610837
1754 4.08047331518 5.46382925808
1764 8.69094587759 8.69094587759
1770 3.01798317777 3.2790147498
1776 1.36450902791 2.13478400579
1778 2.9649122807 2.9649122807
1781 4.8 4.8
1786 3.05882352941 3.05882352941
1788 0.206896551724 0.206896551724
1789 1.52691987924 1.9882245035
1792 2.5531365817 3.27944665633
1793 1.4820291011 1.79112299853
1797 0.886188407378 0.940175489432
1799 1.32467532468 1.32467532468
1802 1.94944770191 2.39767976465
1804 2.03631756757 2.78587219329
1806 5.70828449703 5.81467347854
1807 2.73594459726 3.69453563818
1808 0.217391304348 0.217391304348
1809 5.35216725708 5.65668075586
1811 1.2141787319 1.2141787319
1817 0.240625 0.240625
1825 2.15091210614 2.15091210614
1828 4.07751937984 4.07751937984
1830 1.51078738042 1.55773463297
1831 4.42723929603 4.83879108572
1832 2.61280238016 2.66491777085
1833 0.528035966334 0.598985470952
1836 0.172294968987 0.172294968987
1837 3.04729890246 4.00168077129
1838 0.817391304348 0.817391304348
1839 1.08967411763 1.26553508345
1842 1.15789473684 1.15789473684
1843 2.95138888889 2.95138888889
1847 2.28396536279 2.28396536279
1849 2.00846450636 3.22376317766
1850 1.0 1.0
1852 4.16666666667 4.16666666667
1853 1.52153148702 1.55254005916
1855 3.125 3.125
1859 1.69309822968 1.69344309371
1862 1.80969479354 1.80969479354
1866 2.55555555556 2.55555555556
1867 2.08162631906 2.27520951783
1872 2.95 2.95
1878 0.540734109221 0.540734109221
1880 4.42489526404 4.65016728112
1888 2.25389594207 2.76910208427
1896 1.62059425487 1.67440368935
1899 2.03817637174 2.80956839152
1901 2.13849307671 2.4112915121
1902 1.6941696175 2.39901726712
1907 4.15870129969 5.10785058758
1914 1.63157894737 1.63157894737
1918 0.49733885275 0.49733885275
1921 2.89874420131 3.57867005752
1924 0.0444964964965 0.0534300598523
1926 3.13093980993 3.13093980993
1930 2.5 2.5
1937 3.06666666667 3.06666666667
1939 3.328 3.328
1940 0.793382441734 0.795550153301
1941 1.17703663733 1.56848098838
1943 0.536585365854 0.536585365854
1946 1.48922040798 1.51607995723
1948 1.5 1.5
1955 0.617436582598 0.660675602694
1956 12.0 12.0
1957 2.63686924085 3.1847832636
1959 3.89129399128 3.95790025751
1962 0.507096564469 0.537372835498
1965 4.01575432523 4.43958122718
1966 1.49493292539 1.67776353878
1808402448 13.0 13
1969 0.0 0.0
1972 0.70636550308 0.70636550308
1973 4.15625 4.15625
1982 2.68888888889 2.68888888889
1984 0.591704363488 0.699179535387
1985 1.45652173913 1.45652173913
1989 0.827859935649 1.05779484087
1992 1.34042553191 1.34042553191
1995 1.89314720812 2.23776822121
2000 1.44990178191 1.50506966421
2005 1.30247894462 1.33482691453
2007 0.766941758809 0.930480776912
2008 1.46666666667 1.46666666667
2011 3.0296089355 4.3737732254
2017 2.69230769231 2.69230769231
2018 0.84 0.84
2023 2.15328898271 2.65944123705
2027 4.61904761905 4.61904761905
2032 8.83333333333 8.83333333333
2033 2.77245451337 3.24282808102
2038 0.6 0.6
2040 2.81006589624 3.35212505119
2045 0.391095317726 0.495691866181
2047 10.5 10.5
2050 4.38018741633 4.45713579645
2058 0.373394105036 0.461579640982
2059 2.23571593801 2.23572600218
2062 1.08085768093 1.4195982245
2069 3.31677018634 4.49313524631
2071 0.862122227809 0.916680273839
2074 1.35294117647 1.35294117647
2080 3.07664233577 3.21221379088
2089 0.107142857143 0.107142857143
2091 2.95029239766 2.95071111385
2092 1.55753078606 1.70664941459
2096 1.33749999745 1.55277443184
2100 5.0715240007 5.58028264174
2102 0.866921455178 0.939662176806
2103 1.60513279746 2.02852644575
2105 0.25 0.25
2108 2.07318793401 2.48833971293
2112 0.4 0.4
2114 1.4762848273 1.83266343681
2115 1.44335586548 1.68926509768
2117 1.29709611358 1.43116294054
2127 6.03052158804 6.07278852662
2129 3.49747474747 4.90310342244
2131 1.56661991585 1.57639890546
2140 2.11111111111 2.11111111111
2142 3.63864809609 3.63869588159
2146 2.92137230576 3.15300914847
2149 2.47464239272 2.47464239272
2151 1.01603670014 1.23946306432
2155 0.875850785573 1.10271125749
2156 3.78260869565 3.78260869565
2157 3.34782608696 3.34782608696
2158 4.76688453159 5.23934476567
2160 5.0 5.0
2168 1.65714285714 1.65714285714
2171 4.0 4.0
2176 0.295081967213 0.295081967213
2179 2.53846153846 2.53846153846
2181 1.0 1.0
2183 1.78634436929 2.42111507509
2186 0.551282051282 0.551282051282
2189 0.047619047619 0.047619047619
2192 1.56130387215 1.71297074078
2195 1.08299397362 1.56235271747
2196 0.25 0.25
2197 0.813449890588 1.00404907486
2200 8.5 8.5
2201 0.0434782608696 0.0434782608696
1800075504 13.0 13
1800198785 13 13
2202 0.8 1.09544511501
2204 1.75496915943 1.98016327903
2205 4.82222222222 4.82222222222
2209 2.51438746439 2.52842415146
2210 1.73467908903 1.92428232752
2211 0.915023693296 1.31358193741
2212 1.44237739872 2.02039943147
2214 2.73333333333 2.73333333333
2216 2.26793072179 3.28744346387
2217 5.8515625 5.8515625
2223 0.970588235294 0.970588235294
2232 0.961538461538 0.961538461538
2233 3.01960784314 3.01960784314
2240 1.46710399748 2.31385922764
2242 2.00971484438 2.7429067248
2245 0.565287949633 0.800423770154
2246 0.881609971773 0.882474163743
2247 1.16666666667 1.16666666667
2250 1.74783230711 2.12540099109
2254 2.03346803883 2.32626554333
2259 1.2939943552 1.72459145614
2262 0.557357442422 0.675756387293
2266 1.59090909091 1.59090909091
2272 0.360059483732 0.383725905602
1800057873 13 12
2278 1.83936204248 2.51786161082
2280 0.435897435897 0.435897435897
2282 4.75 4.75
2287 3.70868146734 4.91691169789
2289 0.484375 0.484375
2292 2.863216703 3.10432214684
2299 3.16474472391 4.10673865323
2301 3.11461318052 3.11461318052
2307 3.4375 3.4375
2309 3.53658536585 3.53658536585
2310 3.24242424242 3.24242424242
2311 0.866666666667 0.866666666667
1808420083 13 1
2313 6.036996337 6.83181065108
2319 0.737921128381 0.807952470635
2320 2.2898190321 3.19138252796
2329 4.86111111111 4.86111111111
2332 1.24402822716 1.56750145913
2342 3.38709677419 3.38709677419
2345 1.06451612903 1.06451612903
2346 0.561923588919 0.621387392202
2353 2.26666666667 2.26666666667
2355 2.00299303537 2.05590060553
2358 1.69447426426 2.15403534147
2364 1.65024417638 1.92828638762
2366 0.169902912621 0.169902912621
2367 5.13609028429 5.33609743646
2368 2.69407894737 2.72832445436
2370 5.76923076923 5.76923076923
2373 0.115384615385 0.115384615385
2376 0.59000687383 0.735407436842
2378 3.34386120996 3.34386120996
2380 0.791457286432 0.791457286432
2383 1.53846153846 1.53846153846
2386 1.62567055592 1.91269118737
2394 1.70259199187 2.25969631338
2397 10.0416666667 10.0416666667
2402 4.52597994531 4.52597994531
2404 3.53395212124 3.53623958886
2409 2.10285913941 2.6085013058
2414 0.171878673877 0.171878673877
2422 2.16444262196 2.88690281508
2426 1.54071428571 1.54071428571
2428 1.98782393823 1.99226732153
2430 0.609226932668 0.609226932668
2431 1.99424198399 3.00201596373
2433 0.046511627907 0.046511627907
2434 1.39548022599 1.39686337821
2437 4.93497343497 4.94085870693
2443 2.75862068966 2.75862068966
2450 1.54704703427 1.62570202431
2451 2.35 2.35
2454 1.8 1.8
2459 3.03383458647 3.03383458647
2466 3.12763056836 3.28244504652
2469 3.08856855239 3.67299517946
2475 3.68729808802 3.88861809155
2477 1.65774552392 1.78118467822
2478 0.71139678707 0.875875247852
2484 0.935107651467 1.20044120371
2489 1.41379310345 1.41379310345
2494 1.33840010422 1.50656573902
2495 2.37142857143 2.37142857143
2496 2.85546171171 2.99432702711
2498 0.850497006128 1.3536759455
2499 2.74905763776 2.74915278453
1802831959 13.0 13
2503 0.0 0.0
2505 3.83902240311 3.97799403301
2506 2.47023153581 2.50313866261
2507 2.17281348788 2.27459808375
2508 4.32409183055 4.38372379111
2514 1.24137931034 1.24137931034
2516 3.66568627451 4.68080347634
2518 1.57520325203 1.57520325203
2524 1.19047619048 1.19047619048
2525 0.541666666667 0.541666666667
2527 2.94364888604 3.24968653265
2530 2.42482464141 2.81465194846
2537 1.43929075732 1.66218621972
2538 1.46353192075 1.47536321128
2539 1.81897213864 1.87564715064
2541 4.77777777778 5.66012694531
2546 4.23076923077 4.23076923077
2551 2.13461500952 3.30003101911
2552 3.36363636364 3.36363636364
2554 0.462357216446 0.607212106421
2555 0.391304347826 0.391304347826
2561 1.80134466232 2.15676466777
2562 1.51099355676 1.69910906273
2566 3.81818181818 3.81818181818
2570 0.981818181818 0.981818181818
2572 2.19035532341 2.4058431297
2579 0.0384615384615 0.0384615384615
2580 1.50196078431 1.50196078431
2584 1.58935558816 1.86800426524
2585 3.40549134574 4.54503834317
2586 3.25102668067 4.29527526681
2587 4.33748278237 4.51426394003
2590 1.93547730511 1.93547730511
2596 1.35714285714 1.35714285714
2603 0.325 0.325
2609 1.93442622951 1.93442622951
2613 3.2315270936 3.32979055747
2618 0.475634449854 0.511161429442
2624 0.933333333333 0.933333333333
2627 3.16483346909 3.57054929195
2630 0.351351351351 0.351351351351
2631 4.10344827586 4.10344827586
2634 4.1088745118 4.38034008524
2636 1.74964285714 1.87011274625
2640 3.42424242424 3.42424242424
2645 1.54842014902 1.99895589742
2647 8.21052631579 8.2992840862
2649 2.41193092622 2.41193092622
2651 0.695652173913 0.695652173913
2653 1.59375 1.59375
2654 1.76857197844 1.79636342466
2665 4.07176391683 4.07176391683
2669 0.939354109084 1.06232844786
2672 1.15488532831 1.16859052368
2676 1.61316111073 1.73979908212
2679 1.26659535452 1.39794451091
2681 1.31818181818 1.35603944456
2683 1.20393001419 1.59833469359
2685 1.19114333701 1.46126183034
2687 5.19424867389 6.49993052238
2690 0.814608347627 0.814778048727
2693 1.70794917882 1.8584170486
2699 1.53869499241 1.53869499241
2702 0.166666666667 0.166666666667
2704 1.22777777778 1.22809196583
2708 0.0526315789474 0.0526315789474
2713 1.42585346148 1.95142334586
2714 0.778436801077 0.817781401956
2715 3.83110035268 5.16666939165
2716 2.46692836022 3.25341455671
2721 1.27790885252 1.60949500835
2730 0.210526315789 0.210526315789
2733 3.1915125136 3.1915125136
2738 2.49048691247 2.96008635961
2739 0.919692233006 1.0839533372
2743 0.708154506438 0.708154506438
2750 3.61583734617 3.61583734617
2758 5.78933471327 6.27011446098
2761 2.62831057778 2.9318810341
2764 1.93048201134 2.19272153047
2765 1.86246609309 2.73704030352
2767 2.86206896552 2.86206896552
2771 1.29695459675 1.70412103919
2772 1.61986505263 1.68552640867
2775 1.55730384673 1.73016482463
2777 1.30796872351 1.60408063311
2785 0.15 0.15
2787 1.55555555556 1.55555555556
2788 1.08177275076 1.37740707095
2800 1.47103046222 1.7356897011
2803 1.62076346509 2.01836761034
2805 1.96651231165 2.05411740368
2806 4.02178761311 4.5915671833
2821 2.56015037594 3.57621886895
1804849838 13 11
2838 3.42452963948 3.71020680108
2843 0.494889267462 0.494889267462
2846 2.04024075666 2.04024075666
2849 5.05882352941 5.05882352941
2850 2.91518670769 3.04299735774
2852 2.47057516224 2.95074658949
2855 2.73333333333 2.73333333333
2856 2.11111111111 2.11111111111
2857 5.66437417876 5.73147233699
2859 1.61206896552 1.61206896552
2860 2.68149158709 2.68149158709
2861 2.78843194005 3.06699265394
2863 6.40429548002 7.07841718387
2867 1.09321946405 1.20272924626
2868 2.33864107223 2.73059837302
2869 2.54166666667 2.54166666667
2877 3.47952544967 3.47952544967
2883 5.08757570877 7.0723802484
2884 0.633333333333 0.633333333333
2887 2.0 2.0
2890 2.39265447137 2.9359922492
2891 6.67164179104 6.67164179104
2895 1.90487637363 2.52512773647
2899 1.91166557323 3.11534747363
2902 0.338709677419 0.338709677419
2903 0.0733452593918 0.0734324713838
2906 1.375 1.375
2907 1.9156626506 1.9156626506
2911 0.896322004321 0.990681604629
2913 1.43711394775 1.67662995172
2919 2.30031446541 2.30419364939
2923 1.76657824934 1.76657824934
2925 0.4 0.4
2926 6.51851851852 6.51851851852
2928 2.1676599565 2.75668504878
2935 1.40222672065 1.78082732149
2938 3.11111111111 3.11111111111
2941 2.63845741067 2.96643130036
2947 5.63636363636 5.63636363636
2950 3.66666666667 3.66666666667
2961 1.55238886512 1.96171385228
2964 1.45804195804 1.76604234659
2965 0.527950310559 0.65347400731
2966 1.21328671329 1.21328671329
2972 0.0677966101695 0.0677966101695
2973 3.33333333333 3.33333333333
2975 1.36774193548 1.36774193548
2976 2.22487508604 2.61130930431
2977 1.47175586103 1.90333127717
2978 2.73913043478 2.73913043478
2981 1.58221984216 1.85006746995
2982 0.582089552239 0.582089552239
2985 0.454545454545 0.454545454545
2987 3.97840755735 3.97840755735
2991 0.535714285714 0.535714285714
2993 3.14285714286 3.14285714286
2999 2.30434782609 2.30434782609
3000 1.212362483 1.57305339876
3006 9.6 9.6
3008 3.39795918367 3.39795918367
3011 0.799719422367 1.02228436751
3014 1.61009174312 1.61009174312
3016 2.34072022161 2.34072022161
3021 0.969000857299 1.04452955605
3022 4.78723404255 4.78723404255
3045 1.7458822225 1.93275815521
3046 3.57611241218 3.57611241218
3050 6.59650582363 6.59650582363
3051 3.39150524912 4.11251960202
3052 0.915609037018 1.12482808587
1808402448 13.0 13
3054 0.0 0.0
3058 6.21672077922 6.41165796578
3062 2.12898089172 2.12898089172
3064 1.90858122546 3.4379206279
3065 6.17857142857 6.17857142857
3068 1.15961538462 1.22356364288
3069 0.352941176471 0.352941176471
3070 1.44323250943 2.2947171428
3074 1.94398682452 2.29162946876
3075 1.24885742517 1.49491964643
3078 0.5 0.5
3079 2.39849407894 3.2152996016
3081 0.15 0.15
1808418750 13 10
3092 2.05583333333 2.83363418076
1800042907 13 13
3093 0.0 0.0
3097 1.46008250425 1.46008250425
3098 1.51292596945 1.51292596945
3099 1.42901869372 1.49696818557
3102 1.34463725928 1.72200716169
3103 0.461538461538 0.461538461538
3105 0.376543209877 0.376543209877
3107 2.44694724363 2.48743093405
3110 1.49056088155 1.97392010516
3115 2.41132364064 2.56784449561
3116 2.09497206704 2.36386797205
3118 0.96258589972 0.96258589972
3121 1.3 1.3
3122 4.54970760234 4.54970760234
3127 3.25173611111 3.25173611111
3128 1.05369949175 1.31208188013
3129 0.317698927199 0.412804084281
3130 0.878787878788 0.878787878788
3131 4.95454545455 4.95454545455
3138 0.287632904309 0.287632904309
3139 1.69216341651 1.9316889015
3140 5.2 5.2
3150 1.24485814059 1.31631746778
3151 1.55555555556 1.55555555556
3154 1.11111111111 1.11111111111
3165 1.26418069792 1.27979234053
3169 1.63842586867 2.03516060304
3173 2.66666666667 2.66666666667
3182 1.34112611129 1.34112611129
3186 1.39952363475 1.87044789599
3187 2.34292864452 3.6092284288
3188 3.17715890475 3.17715890475
3190 2.38211382114 2.41256652326
3193 2.49350227937 3.42921909301
3195 1.83333333333 1.83333333333
3198 1.62057134333 1.77655476791
3203 1.82929528595 1.88343638164
3209 3.25 3.25
3212 0.735956545175 1.1568566878
3215 1.2419993982 1.45553875476
3218 9.6 9.6
3219 1.93053302375 2.85063071486
3224 2.43158833504 2.54614826013
3225 1.74412905796 2.20545134753
3227 4.95238095238 4.95238095238
3231 1.86866078383 2.26230517538
3235 3.95357142857 3.99830640167
3236 5.61538461538 5.61538461538
3239 1.51724137931 1.51724137931
3242 3.12152780704 3.32060147915
3243 3.22283878505 3.42535778138
3244 1.31130471663 1.4220500275
3245 0.831768724081 0.996462987233
3247 0.169697277529 0.216628567432
3252 1.7182203568 1.85402043421
3269 1.27076780759 1.32677105714
3276 3.28070175439 3.28070175439
3277 1.87361623616 1.87361623616
3278 2.56026512606 3.23239721981
3284 1.22846112049 1.55926080725
3286 2.80864197531 2.80864197531
3287 2.53259803922 3.32705306947
3290 0.649219199615 0.664470847729
3293 0.861228813559 0.861228813559
1800019727 13 13
3294 0.534529810881 0.789610138421
3296 4.91239213806 5.14634475108
3297 6.86340159071 6.91968048953
3298 0.816417212348 1.06481101243
3300 2.22832405147 2.72634580163
3318 0.566666666667 0.566666666667
3321 0.941250181114 1.24002366791
3323 1.62517385257 1.62517385257
3328 2.49275362319 2.49275362319
3332 0.5 0.5
3336 2.22610865665 2.73436429737
3340 5.65849673203 7.04202169299
3341 2.88897330929 3.39746204976
3345 5.19975375667 5.30778173975
3347 0.365943782825 0.377522265838
3351 2.33798776776 2.86666728983
3352 0.788308396352 0.794990858688
3353 0.976497036583 0.976497036583
3355 4.0625 4.0625
3366 3.27156125608 4.00875188192
3368 4.85453616863 5.78450206388
3372 0.1875 0.265165042945
3374 1.27692307692 1.27692307692
3376 3.0 3.0
3381 0.676090964966 0.676090964966
3384 0.938271604938 0.938271604938
3385 4.00090227685 4.1559252516
3386 1.7 1.7
3389 3.87184686447 6.18871432957
3392 8.16216216216 8.16216216216
3395 1.66621511258 2.38964945751
3398 5.75390102541 5.75390102541
3399 0.349512253153 0.349512253153
3403 3.3125 3.3125
3404 1.09900990099 1.09900990099
3408 2.84405940594 2.84405940594
3409 7.16672478871 7.74648324172
3410 1.52712418301 1.52943194501
3412 3.62870566139 4.80794550898
3413 0.793013290606 1.15033451742
3414 0.130434782609 0.130434782609
3418 1.07602339181 1.07602339181
3421 0.610026432045 0.633395026814
3422 2.70731707317 2.70731707317
3423 1.52253543764 1.84979742933
3424 0.62962962963 0.62962962963
3426 2.3190701062 2.40701512016
3427 1.54545454545 1.54545454545
1800138351 13.0 9
3429 2.83669914444 3.48432076899
3431 6.56158313171 6.65826937196
3438 0.423076923077 0.423076923077
3439 1.75 1.75
3440 3.43154207219 4.02372990169
3443 3.31578947368 3.31578947368
3450 1.77945050121 1.92458765886
3452 1.86683257325 2.00788806817
3455 0.577777777778 0.577777777778
3456 1.53125 1.53125
3457 4.11901408451 4.11901408451
3463 1.90695121951 1.93649143503
3464 2.79054054054 2.79054054054
3468 1.47311537041 1.5319456157
3476 1.0 1.0
3478 2.07292451068 2.68007901994
3480 8.73333333333 8.73333333333
3481 3.94108525975 4.37285528755
3482 3.3 3.3
3486 3.17926019602 3.17926019602
3487 3.28524743231 3.79726089887
3488 4.34911171876 5.72925216304
3491 1.78787878788 1.78787878788
3495 1.65227272727 1.65227272727
3499 0.715077130476 0.715279770104
3502 2.47708656732 2.72948787619
3510 1.11367595819 1.12198858471
3514 7.21073146095 7.62097089404
3516 1.60339564356 1.8658408446
3517 2.27931883951 3.12405688406
3519 1.6 2.04588000626
3522 4.08133606644 4.77067242819
3523 1.96377497828 2.22649855416
3543 1.01102941176 1.01102941176
3545 1.39847159127 1.69219932134
3547 0.333333333333 0.333333333333
3550 5.33333333333 5.33333333333
3554 0.322521008403 0.369186816455
3558 0.310429216867 0.312212384882
3565 0.143939393939 0.143939393939
3569 0.94262295082 0.94262295082
3571 1.1871752318 1.19492760764
3573 2.05162775403 2.05162775403
3578 2.28798767967 2.58918162495
3580 1.5936648851 1.73788369386
3583 4.29589813859 5.8015902356
3585 1.79069767442 1.79069767442
3587 2.21804438064 2.49840732299
3592 2.28333333333 2.2935901019
3594 2.43883348353 2.83924210402
3595 1.95203150372 2.97682840745
3597 0.422818791946 0.422818791946
3600 2.17441860465 2.17441860465
3601 5.95238095238 5.95238095238
3604 2.34090909091 2.34090909091
3607 2.97623814056 3.1235821795
3608 3.88250907441 3.88698375581
3613 0.714285714286 0.714285714286
3614 5.14043244963 5.95090661479
3615 0.48948374761 0.48948374761
3616 1.13636363636 1.13636363636
3619 0.570140280561 0.570140280561
3621 3.16666666667 3.16666666667
3630 0.416666666667 0.416666666667
3632 1.4285116122 1.60955402398
3636 2.48422349138 2.63929253942
3637 7.74111675127 7.74111675127
3657 3.1672556733 4.07600893484
3661 2.89376189161 4.58410392371
3667 0.0833333333333 0.0833333333333
3676 2.08111493893 2.40738356467
3679 3.76567858893 4.19231632085
3683 0.705082996474 0.705082996474
3684 7.65789473684 7.65789473684
3685 3.04856361149 3.48839153987
3689 0.939393939394 0.939393939394
3692 3.74242424242 3.74242424242
3693 2.09756097561 2.09756097561
3695 2.38461538462 2.38461538462
3696 1.92307692308 1.92307692308
3700 0.153846153846 0.153846153846
3709 3.23690371311 3.32883019334
3713 0.166666666667 0.166666666667
3719 1.92098148895 3.2146555772
3721 8.0 8.0
3722 1.31246990852 1.31246990852
3728 5.05938887183 6.11535746192
3729 2.84068723155 2.84068723155
3730 2.80855739251 3.56117223329
3733 3.4469033261 4.2513078519
3735 1.36775362319 1.36775362319
3736 2.89487180445 4.54734550351
3738 1.20507616231 1.56399511039
3743 0.644095147024 0.799639337142
3745 0.388888888889 0.388888888889
3748 3.25178833334 3.32945566452
3750 2.96896551724 2.96896551724
3753 1.5652173913 1.5652173913
3755 3.48796292769 4.06520269801
3758 1.58690624417 1.96517541146
3760 5.54149663807 6.64604873333
3765 0.931034482759 0.931034482759
3783 0.970501474926 0.970501474926
3789 0.4375 0.4375
3802 1.05497859054 1.10050269467
3808 2.29742962056 2.29742962056
3810 1.73828632052 1.9080245663
3814 1.09389671362 1.09389671362
3816 1.76470588235 1.76470588235
3821 4.0 4.0
3823 9.25 9.25
3828 3.91386271871 3.91386271871
3831 0.887822405484 1.10979364587
3832 3.4961508853 4.71966538355
3834 0.75 0.75
3838 1.94677547197 1.98514403598
3840 1.80808667879 2.39261535298
3843 6.20827224157 6.7043185649
3849 1.73107016697 2.03573634455
3852 1.66478817527 1.68766885863
3855 1.34782608696 1.34782608696
3857 3.7204516407 5.01623198138
3859 2.98958333333 2.98958333333
3863 2.75675675676 2.75675675676
3864 11.4078812692 11.4078812692
3866 0.263157894737 0.263157894737
3868 2.20537914658 2.20771461275
3874 2.16291597835 2.34048688463
3876 2.57900677201 2.57900677201
3878 3.90015806112 4.28913151515
3879 2.40848695632 2.8655870551
3882 2.9880952381 4.10774667749
3889 1.16767480277 1.3981240625
3895 2.39714915038 2.60852858429
3897 1.42911255411 1.45988430404
3902 3.66584699454 3.66584699454
3907 0.210526315789 0.210526315789
3912 0.466251753408 0.656120391786
3913 1.94721899213 3.56172869577
3918 3.60743145743 3.83219282112
3924 1.7950617284 1.7950617284
3926 1.4 1.4
3927 0.98782879559 1.56770653316
3936 1.4771975803 2.12166059554
3938 5.82191780822 5.82191780822
3953 1.81043814743 2.22505067721
3957 2.69491525424 2.69491525424
3961 1.07564335119 1.36344980656
3962 1.09090909091 1.09090909091
3963 4.0 4.0
3965 5.81034482759 5.81034482759
3967 2.60952380952 3.43163883949
3970 3.23529411765 3.23529411765
3973 0.324657147458 0.372885437374
3974 6.66666666667 6.66666666667
3983 0.644222415291 0.644222415291
3985 1.28203125 1.28239325899
3993 1.74045389625 2.44383297421
3994 0.507431063798 0.68425166109
3995 1.29366446751 1.31302798249
3996 2.125 2.125
4004 1.16920944569 1.36052202215
4008 4.70833333333 4.70833333333
4018 2.37254901961 2.37254901961
4023 2.62891295723 3.02041517353
4046 0.799562197126 0.890027788949
4047 4.34745475113 4.59235580019
4048 6.51608167164 7.64479222579
4050 2.18262640631 2.22961992334
1808402448 13.0 12
4052 1.0 1.0
4053 1.72633744856 1.72633744856
4054 2.94085552161 3.0618552754
4064 3.56461526373 3.95824399552
4068 5.0 5.0
4069 6.0 6.0
4070 3.12614894206 3.66547778044
4073 2.30434782609 2.30434782609
4075 1.34931274557 1.74168293824
4078 6.27272727273 6.27272727273
4082 1.3063529305 2.18652572724
4088 2.84 2.84
4091 4.73831969482 6.19427657544
4093 6.83314057119 6.9561219075
4105 0.219649561952 0.219649561952
4106 2.05101959581 3.11116417535
4113 4.49037685478 5.93588686117
4130 2.09699261046 2.14698591668
4138 1.66666666667 1.66666666667
4141 3.81695568401 4.5538478976
4143 2.16666666667 2.16666666667
4144 1.30263157895 1.30263157895
4149 5.47619047619 5.47619047619
4153 1.64705882353 1.64705882353
4154 0.0537634408602 0.0537634408602
4159 5.77413479053 7.69899431671
4161 1.84513686663 2.46678060057
4162 2.13512396694 2.16607683929
4167 10.3793103448 10.3793103448
4172 1.90915551252 2.07457296017
4175 1.13064918851 1.14326168695
4179 3.91311367485 6.17346324773
4182 0.305555555556 0.305555555556
4184 1.76923076923 1.76923076923
4186 1.20337301587 1.20337301587
4192 1.21621196293 1.53819192069
4193 1.63352623823 1.79368786583
4195 1.80398364787 1.86038721656
4207 0.901813117091 0.968318781767
4210 0.606824586708 0.656863451344
4212 1.81373092789 2.20405370361
4219 0.823004617177 1.10805556418
4221 1.63397621429 2.03144138196
4227 5.74989823555 6.45698590664
4229 0.541666666667 0.541666666667
4236 2.48 2.48
4240 1.43100864682 1.74082034433
4245 0.789473684211 0.789473684211
4247 1.21597808251 1.29215593801
4252 1.15815608252 1.29448697762
4253 1.28388421532 1.6164597648
4260 3.82006116143 4.11182766295
4265 1.24137931034 1.24137931034
4268 3.27272727273 3.27272727273
4271 1.66036071315 2.24545958616
4272 1.13333333333 1.13333333333
4274 1.592679501 1.85133853833
4280 0.627005347594 0.627075181681
4282 1.44487891543 1.60450895739
4286 1.5 1.5
4294 2.0480349345 2.0480349345
4296 0.877163221045 1.04342880219
4297 1.58839050132 1.58839050132
4298 7.20689655172 7.20689655172
4301 0.855769230769 0.867838401504
4308 7.07304216867 7.07304216867
4311 0.5 0.5
4315 3.60633404581 3.70316749433
4317 0.426850258176 0.426850258176
4323 3.74576271186 3.75438076016
4325 1.39130434783 1.39130434783
4330 1.22448979592 1.22448979592
4333 0.625 0.625
4341 0.770141661634 0.993444971766
4349 1.05819458319 1.05820035061
4353 1.26315789474 1.26315789474
4355 5.025 5.025
4357 1.92977913176 1.92977913176
4361 3.0 3.0
4362 3.38016997167 3.38016997167
4363 6.43103287016 7.50560267637
1808511014 13.0 10
4367 1.56129222641 1.86281409045
4377 3.30096436059 3.38310418012
4379 2.96273291925 2.96273291925
4382 2.24062602125 2.87852004394
4388 2.66330733383 2.70734010094
4391 2.0 2.0
4392 2.73913128546 3.05156981948
4395 0.996979154003 1.16675724044
4399 1.91063946646 2.01797231728
4415 1.0675351202 1.34509067775
4416 8.41212653779 8.41212653779
4417 4.20154043646 4.20154043646
4418 1.86519313298 2.32925730801
4420 0.641426557094 0.881179707264
4423 2.66814543197 3.38360155688
4426 0.574733658256 0.653169383433
4430 1.19230769231 1.19230769231
4431 1.61961206897 1.61961206897
4433 0.259882377652 0.30641976984
4434 0.448275862069 0.448275862069
4437 1.49530991509 1.75878281951
4438 7.95 7.95
4441 3.68231881401 3.70565232761
4442 3.21273197207 3.54872788936
4443 0.735294117647 0.735294117647
4444 0.772892215624 1.0534703864
4445 9.30188679245 9.30188679245
4447 5.45102240814 5.62102182726
4448 1.54651162791 1.54651162791
4450 3.25 3.25
4454 0.805555555556 0.805555555556
4455 7.47368421053 7.47368421053
4456 2.35727339301 2.50590285903
4459 2.28394515701 2.28394515701
4461 0.758014574274 0.887025028793
4462 0.846519721578 0.846519721578
4465 0.423076923077 0.423076923077
4470 6.64914694551 7.44576196878
4474 1.56888595913 1.56897251081
4475 1.62574244752 2.14776803414
4479 1.24057649667 1.24057649667
4485 0.913043478261 0.913043478261
4490 4.40298507463 4.40298507463
4492 0.29347826087 0.29347826087
4498 0.916364727642 1.09439694237
4501 2.05507145955 2.05885739162
4502 3.14285714286 3.14285714286
4503 0.177528089888 0.177528089888
4508 3.39912280702 3.39912280702
4510 1.67645054296 1.75601872727
4514 2.1136415919 3.66344334713
4515 1.58974358974 1.58974358974
4523 2.08865161834 2.59019246204
4524 2.00197803307 2.45685042543
4525 0.18438538206 0.260760308012
4526 2.28830645161 2.28830645161
4530 0.88 0.88
4531 1.66798836832 2.09702514558
4534 2.95347965874 3.22121211305
4538 1.09373076384 1.35658449617
4543 7.15793751767 7.39615890737
4546 3.38202247191 3.38202247191
4550 1.81767099337 2.24919178669
4553 2.69513353114 3.08893693108
4558 0.911662365214 1.02380904562
4565 0.59077051407 0.592726900258
4566 3.88 3.88
4569 1.39667330458 1.72694151271
4570 1.91035414383 2.70585687999
4572 3.69531497309 4.80669440178
4574 1.49866190901 1.49866190901
4576 0.20110701107 0.20110701107
4582 1.39204711331 2.13113108303
4583 4.54252046638 4.79733137173
4587 0.125 0.125
4592 2.18817063214 2.36470084271
4593 2.05354909882 2.31605311093
4595 1.36694757982 1.44754551742
4602 2.0629735788 2.5258729989
4604 2.13043478261 2.13043478261
1808500750 13 13
4606 0.706456540643 1.16704713477
4610 0.535483870968 0.535483870968
4611 7.05 7.34200245165
4613 1.20147753472 1.46388710607
4615 0.782608695652 0.782608695652
4616 3.85995402324 4.23257869868
4617 3.02941176471 3.02941176471
4619 0.617846239922 0.818541689
4623 3.24293837243 3.52434833544
4624 1.62791633146 1.90611865564
4629 2.11083508078 2.7382238215
4636 3.84534626719 3.84548654813
4637 3.23341263547 3.23341263547
4638 2.9246763754 3.05434556792
4644 2.90586616881 2.90586616881
4645 1.36013284928 1.70266457583
4651 0.707069739046 0.723654862613
4656 3.16083254494 3.27033093047
4660 2.55329970372 3.03704714842
4663 0.428571428571 0.428571428571
4665 5.64904136631 7.54680985714
4670 0.490196078431 0.490196078431
4673 4.21198156682 4.21198156682
4675 2.29407759731 3.0744090775
4688 3.62168133829 4.16903371452
4695 4.03156146179 4.84257134538
4697 9.6875 9.6875
4698 2.28694501139 2.77317780597
4703 1.2249692808 1.64754890651
4704 2.85 2.85
4705 0.594594594595 0.594594594595
4706 2.075 2.075
4709 2.560680718 3.10785386848
4715 3.70833333333 3.70833333333
4724 1.9375 1.9375
4725 4.83870967742 4.83870967742
4727 0.678571428571 0.678571428571
4728 0.121951219512 0.121951219512
4730 2.93596059113 2.93596059113
4736 1.0 1.0
4740 2.57592710685 2.58955997865
4744 1.02723538199 1.02733674712
4747 0.582547169811 0.582547169811
4748 1.62817480786 1.74750023583
4749 1.76991822712 2.22381990072
4757 3.07407407407 3.07407407407
4760 0.960509055846 1.1795827204
4761 1.74195369848 1.80404438034
4763 0.205882352941 0.205882352941
4764 7.36842105263 7.36842105263
4770 4.22222222222 4.22222222222
4774 2.544072926 2.69608419681
4778 1.17073170732 1.17073170732
1807879903 13.0 13
1804849939 13.0 13
4781 4.63188437288 5.43114060936
4782 0.852380952381 0.852380952381
4790 1.48350274566 1.75704476659
4796 3.05 3.05
4801 0.0570734669095 0.0570734669095
4802 0.892534398887 1.04090883183
4803 3.34615384615 3.34615384615
4805 1.23812542258 1.29017695875
4806 1.88415308619 1.98801781535
4807 1.50015381659 1.61568265834
4810 0.105726872247 0.105726872247
4812 2.28029309115 2.28204896509
4813 2.66270227357 2.79582103919
4816 0.666666666667 0.666666666667
4817 1.0 1.0
4818 8.63636363636 8.63636363636
4819 0.999454652218 1.46176021568
4820 1.91425696146 2.19147720492
4821 1.05704483824 1.43416507658
4827 2.19023168348 2.75730749307
4828 0.234606863559 0.272795946764
4836 0.483992683042 0.537008644177
4840 0.366666666667 0.366666666667
4844 1.09090909091 1.09090909091
4851 0.35432799406 0.482491606613
4855 0.532154050807 0.707627977218
4859 3.12244897959 3.12244897959
4861 3.85251821499 4.43406350858
4863 0.636801171767 0.733586170548
4871 5.6844449728 5.80590688076
4875 0.351351351351 0.351351351351
4878 3.33333333333 3.33333333333
4881 0.273291925466 0.273291925466
4885 0.163211524947 0.163211524947
4889 0.983981693364 0.983981693364
4894 2.97930066009 4.35215071405
4897 1.44466936572 1.9035576863
4900 1.45889387145 1.45889387145
4910 5.0252261674 6.47900776142
4911 2.57894736842 2.57894736842
4916 1.57042253521 1.57042253521
4920 1.57196780992 2.14870608634
4922 1.71428571429 1.71428571429
4924 2.48148148148 2.48148148148
4929 4.05070699095 4.92997272968
4948 0.208333333333 0.208333333333
4949 2.74375 2.95489530271
4951 7.17857142857 7.17857142857
4956 0.697384294057 0.921558476305
4960 0.951163552933 0.951163552933
4964 1.6831343617 2.53499346848
4966 1.28735613068 1.30184065303
1800282596 13 1
4967 2.78407191513 4.77132258621
4971 1.1067251462 1.1067251462
4983 2.09461794882 3.12864437612
4988 0.437170389877 0.552218786726
4991 3.02857142857 3.02857142857
4993 2.17686919146 2.61161395874
4994 2.07142857143 2.07142857143
4999 0.5625 0.5625
5000 0.857142857143 0.857142857143
5003 1.29102151834 1.38722600254
5009 4.70199396692 4.94949815553
5013 0.5 0.5
5014 5.5 5.5
5019 4.54545454545 4.54545454545
5021 10.8865355522 10.9998301115
5024 2.88501898481 3.11635130536
5026 1.03666089961 1.36705656264
5030 3.28571428571 3.28571428571
5036 4.09440593164 4.83201503479
5045 8.70513424399 8.70513424399
5046 1.875 1.875
5047 1.66433566434 1.66433566434
5060 6.0 6.0
5061 0.941176470588 0.941176470588
5062 1.43505903724 1.43505903724
5064 0.68 0.68
5065 0.997091365831 1.33526188874
5066 1.27025183504 1.58079981552
5067 2.44623796053 3.14304441632
5069 2.84031789669 3.37594127538
5072 0.888888888889 0.888888888889
5076 3.0 3.0
5077 0.496080287373 0.575216342233
5078 2.06830970288 2.36002328579
5084 0.461538461538 0.461538461538
5085 1.54231755654 1.54231755654
5086 1.77650426681 2.36087334687
5096 6.28493647913 6.28493647913
5097 0.727272727273 0.727272727273
5099 1.32695091224 1.65039522778
5103 1.66904083571 1.71860939473
1800083521 13.0 13
5113 2.00042368463 2.99859732657
5117 0.354838709677 0.354838709677
5119 0.463399978149 0.511104913673
5121 1.56845225327 2.14412413153
5124 3.23880597015 3.23880597015
5127 3.0468605853 3.72063238937
5131 7.22153846154 7.22153846154
5132 2.44203390048 3.10441772326
5134 0.623614804965 0.623649660937
5138 1.81578947368 1.81578947368
5143 0.35 0.35
5144 1.57777777778 1.57777777778
5150 2.44381007388 3.29758176496
5151 1.55223197915 2.03333584066
5154 2.54483637909 2.54483637909
5157 1.49315200617 2.10304812181
5159 0.333333333333 0.333333333333
5167 1.51855382488 1.79220983998
5168 0.558823529412 0.558823529412
5179 7.51282051282 7.51282051282
5182 4.04166666667 4.04166666667
5183 1.31211588719 1.71852833686
5191 5.34177686072 5.37713978445
5200 1.85294117647 1.85294117647
5202 0.708166011246 0.766155114078
5203 2.66666666667 2.66666666667
5204 1.78712894365 1.8706899394
5210 1.19765799728 1.58690183863
5211 3.55657114625 3.58984524657
5214 8.475 8.475
5217 1.89484016137 2.37646906199
5218 2.12541002541 2.13350712896
5219 4.10526315789 4.10526315789
5223 1.83504593556 2.43830493645
5224 0.0344827586207 0.0344827586207
5228 1.60006406531 2.20785391901
1800105848 13 6
5229 1.77817794956 2.61119541587
5233 1.2192883647 1.30648217957
5234 4.86363636364 4.86363636364
5241 0.0344827586207 0.0344827586207
5242 0.5 0.5
5246 1.85006802721 2.60219190882
5250 0.968837592745 1.27650978388
5251 2.40032222532 3.21515817629
5254 2.85079514185 3.43365205935
1800411650 13.0 11
5256 1.23646209386 1.45321321342
5257 2.40909090909 2.40909090909
5265 2.96666666667 2.96666666667
5271 1.125 1.125
5272 2.08689855466 2.61768603578
5274 0.738317757009 0.738317757009
5280 1.49476460869 2.16182160468
5282 0.311111111111 0.311111111111
5287 2.51578947368 2.51578947368
5288 2.35 2.35
5289 0.778158058494 0.778158058494
5291 2.87541484122 3.42920213059
5292 1.82575757576 1.8949997032
5293 3.87358276644 3.87358276644
5294 2.22062202481 2.47422214544
5295 2.77814865833 3.33123110882
5300 5.05931033297 6.30682273778
5301 3.4 3.4
5310 2.86101398601 2.86101398601
5311 1.70474748682 1.87217482969
5320 1.61290322581 1.61290322581
5321 0.666689487088 0.697539830747
5322 3.6433796635 3.6433796635
5325 6.23302874355 6.65862934849
5326 0.284210526316 0.284210526316
5327 0.882352941176 0.882352941176
5328 0.189655172414 0.189655172414
5330 6.5 6.5
5331 6.0 6.0
5335 0.465517241379 0.465517241379
5336 1.28049569962 1.28049569962
5344 1.39780677154 1.51210927257
5345 0.521739130435 0.521739130435
5356 0.502285424073 0.502285424073
5361 2.45659526494 2.45659526494
5363 3.11247288495 3.89080243177
5367 0.832927259887 1.07315419876
5368 1.20501409286 1.52532198992
5371 4.81826095204 5.20549309381
5372 6.32473619274 6.59506897771
5374 1.14915254237 1.14915254237
5381 3.14606741573 3.14606741573
5382 0.288888888889 0.292287698621
5383 0.272727272727 0.272727272727
5386 2.03703703704 2.03703703704
5387 1.13474320242 1.14271512899
5388 0.424242424242 0.424242424242
5392 0.576923076923 0.576923076923
5395 2.39534883721 2.39534883721
5402 6.61261981975 7.33795516064
5404 0.907348009692 1.32403104042
5406 0.35593220339 0.35593220339
5412 0.647727272727 0.647727272727
5414 1.89381490134 2.44634423905
5421 0.925362649592 1.04365730753
5423 1.13353937047 1.462252968
5424 1.16972920696 1.44685844953
5433 6.00287356322 6.14854569926
5446 2.97242661838 3.01486426761
5451 3.35714285714 3.35714285714
5453 10.4857142857 10.4857142857
5454 3.63033049041 4.58360685679
5456 1.71805165053 2.10071157241
5457 0.714285714286 0.714285714286
5459 0.0958904109589 0.0958904109589
5462 2.92244170984 3.09751356836
5463 3.82051282051 3.82051282051
5464 0.698113207547 0.698113207547
5475 2.1581769437 2.1581769437
5477 2.31803757549 2.51855995082
5478 0.173253930268 0.174449368542
5479 2.57046979866 2.57046979866
5480 3.85714285714 3.85714285714
5481 1.9474982382 2.09260969522
5482 1.63113682948 2.13226390242
5483 0.315789473684 0.315789473684
5484 2.85166396185 2.85345228202
5488 0.459652931364 0.525094524866
5492 3.12359938948 3.76581461535
5493 0.980981650371 1.65467435881
5496 0.412400459283 0.527305690504
5499 0.963601532567 0.963601532567
5500 2.08 2.08
5506 1.6789666002 1.83621586443
5507 2.03935594676 2.50616154011
5509 0.204938271605 0.204938271605
5512 0.944778599202 1.28770258754
5513 2.0 2.0
5515 1.31943263592 1.58242673346
5517 0.299301092986 0.368963042306
5518 1.51705774164 1.81214104398
5519 1.33666666667 1.33666666667
5521 1.37778952314 1.44133254722
5523 3.77835879761 3.98063369567
5526 2.81428571429 2.81428571429
5531 2.20833333333 2.20833333333
5538 0.8 0.8
5545 1.13157211717 1.40699517462
5546 3.15749730313 3.15749730313
5550 1.22222222222 1.22222222222
5551 0.0983606557377 0.0983606557377
5554 2.00887675037 2.31752109603
5555 5.08333333333 5.08333333333
5562 1.52513609635 1.91785635574
5565 0.962261544666 1.10218048105
5571 4.46428571429 4.46428571429
5573 5.3413288318 5.88063075627
5575 0.986178861789 0.986178861789
5578 0.875222746245 1.18447626082
5581 0.61996497373 0.61996497373
5584 1.03800236604 1.34686589012
5586 1.52 1.52
5589 6.95238095238 6.95238095238
5600 1.29160305344 1.29160305344
5608 2.19579698223 2.54062977154
5609 5.75 5.75
5612 0.375 0.375
5613 0.0 0.0
5617 6.64463076427 6.64463076427
5618 2.65625 2.65625
5627 0.363636363636 0.363636363636
5633 10.5703200776 10.5703200776
5638 1.68181818182 1.68181818182
5641 2.17073170732 2.17073170732
5642 1.82932165379 2.47928773316
5646 1.25057142857 1.25057142857
5649 3.40443220393 4.23158810059
5652 0.733354880414 0.733354880414
5655 0.866414618778 0.876652351681
5659 2.52420738011 3.13364170494
5662 0.903884233464 1.40815188475
5669 0.252425067754 0.268938193504
5674 1.61315353864 1.82667153172
5681 1.75 2.05818150587
5683 0.713281637301 0.748704853504
5685 0.135531135531 0.135531135531
5687 2.00112960413 3.03590696932
5691 2.56666666667 2.56666666667
5692 1.98421122845 2.58262787576
5694 0.519230769231 0.519230769231
5700 2.64325178504 3.30118503557
5702 6.57728706625 6.57728706625
5707 2.05512225716 2.15948798084
5720 2.21904761905 2.64948546753
5721 2.93751266496 3.54390675714
5723 1.23456790123 1.23456790123
5724 3.39300318379 3.53954820457
5725 0.860353130016 0.860353130016
5727 5.93333333333 5.93333333333
5729 3.3007184447 4.23344542108
5736 0.929147078576 0.929147078576
5737 0.989492160216 1.13449390767
5740 4.61837773122 4.61837773122
5745 0.77134523555 1.02752382671
5749 0.486079328757 0.487161692758
5750 2.0 2.0
5754 0.764705882353 0.764705882353
5757 0.0555555555556 0.0555555555556
5762 0.209302325581 0.209302325581
5763 1.19472008987 1.19472008987
5768 3.39739663093 3.39739663093
5772 4.34513635709 5.03487221218
5782 12.0 12.0
5785 1.17894285817 1.5406912453
5786 1.83598050701 2.50920117048
5790 4.61818181818 4.61818181818
5792 0.497945482381 0.644403814822
5797 1.96232876712 1.96232876712
5799 1.83204611063 2.15137628836
5815 0.864069072393 0.864069072393
5816 0.522080325369 0.61912759832
5826 1.77925285061 2.14149788423
5827 0.480001240233 0.480675761455
5828 0.215568862275 0.215568862275
5831 0.495915328647 0.504925077426
5834 4.26086956522 4.26086956522
5835 1.63333333333 2.12968437933
5836 1.14814814815 1.14814814815
5837 2.82391549871 3.2395528743
5846 1.03761385634 1.14556269308
5849 4.24077175786 4.60812231906
5851 1.53653017241 2.10773328404
5865 1.83630355581 2.22817880721
5868 0.918918918919 0.918918918919
5870 2.00994688146 2.28692564496
5876 4.22257645461 4.5361370974
5879 1.91666666667 1.91666666667
5885 0.375 0.375
5889 1.47368421053 1.47368421053
5890 0.653846153846 0.653846153846
5891 0.0883458646617 0.0883458646617
5892 2.04968082154 2.04968082154
5896 1.2222131354 1.42075927619
5897 2.27851126659 3.25054845574
1808421951 13 13
5898 3.05765065384 4.43072101116
5899 5.17391304348 5.17391304348
5902 3.14084507042 3.14084507042
5904 0.633333333333 0.633333333333
5909 2.93023255814 2.93023255814
5911 4.32943047278 5.04054509967
5915 1.83746760459 2.35957368849
5924 1.66666666667 1.66666666667
5925 1.27740008241 1.55645302801
5931 1.63296051668 2.13691591968
5932 1.19889119889 1.27781961626
5933 2.87920348734 3.70794475941
1800171780 13.0 1
5934 7.10605735162 7.79244046218
5936 0.4854338058 0.644282220136
5937 9.70066137566 9.72448594925
5938 7.72222222222 7.72222222222
5940 0.133333333333 0.133333333333
5941 0.648953227282 0.807745591298
5945 1.65004334366 1.81664820909
5946 0.413793103448 0.413793103448
5948 4.33769848939 4.53782568677
5949 1.5063078217 1.66662045229
5956 4.72050315666 6.367980037
5957 0.927286234264 1.24960146744
5963 0.182384711259 0.182384711259
5964 0.954023845007 0.992097485087
5968 1.5504511895 1.5504511895
5969 1.32353868876 1.84683034146
5974 1.36674741053 1.45977188913
5976 5.88286086673 6.11397358782
5988 1.52112676056 1.52112676056
5990 0.52 0.52
5992 5.54419895351 5.61571301841
6000 8.81818181818 8.81818181818
6004 3.9057550658 5.45308320809
6006 1.59232130254 1.94540777758
6007 1.43433665644 1.84036150831
6013 0.476607074933 0.476607074933
6018 1.20767356882 1.20767356882
6022 2.72249770432 2.72249770432
6026 0.230235164335 0.242576816328
6035 2.29344729345 2.29344729345
6038 1.11764705882 1.11764705882
6040 4.63013099888 4.73844581356
6041 0.938469365097 1.0472289033
1800340898 13.0 12
6043 1.53681927304 2.32220216635
6044 0.653846153846 0.653846153846
6045 0.966917867983 1.27131170366
6048 0.458333333333 0.458333333333
6053 0.047619047619 0.047619047619
6055 0.150923200428 0.150923200428
6059 0.636363636364 0.636363636364
6061 1.09657702741 1.28845414498
6063 0.71523761522 0.758324797558
6065 3.12610976594 3.29474140599
6070 6.73333333333 6.73333333333
6071 0.548051014909 0.64849901906
1800061429 13 13
6077 0.777994791667 1.10025078583
6083 9.0 9.0
6084 2.10416666667 2.10416666667
6087 1.90163934426 1.90163934426
6091 5.21366555717 5.52092262749
6094 1.18965517241 1.18965517241
6098 0.428571428571 0.428571428571
6099 0.890697441257 1.12296322206
6102 1.55 1.55
6103 1.23554301834 1.23554301834
6107 4.82825047507 5.92023120288
6112 2.74444444444 3.81117589838
6115 0.650420168067 0.88716760308
6117 0.825714285714 0.825714285714
6120 3.71528086235 4.40902153201
6124 3.61493882807 3.61493882807
6126 4.11764705882 4.11764705882
6136 4.45454545455 4.45454545455
6143 0.333333333333 0.333333333333
6148 2.09004931185 2.79109146573
6150 1.30475423545 1.59827008379
6154 1.28884462151 1.47202664064
6159 1.79069767442 1.79069767442
6160 2.57692307692 2.57692307692
6162 1.65789473684 1.65789473684
1808516303 13.0 13
6168 1.41029697161 1.80242139752
6178 2.56 2.56
6182 3.109375 3.109375
6183 1.33577953671 1.48689674888
6186 1.63333333333 1.63333333333
6190 3.18518518519 3.18518518519
6194 5.60754663893 6.38916087259
6198 5.63682142715 5.9569222497
6201 1.25801921656 1.27739717608
6202 1.73500774164 2.22044234703
6215 0.832707557371 1.12245106222
6218 0.52 0.52
6227 5.61538461538 5.61538461538
6228 2.23076923077 2.23076923077
6234 2.61525086935 2.61525086935
6237 0.350232667266 0.350503811366
6239 0.0322580645161 0.0322580645161
6240 0.663575247526 0.732165909202
6246 3.33333333333 3.33333333333
6260 6.20833333333 6.20833333333
6269 3.76408099786 4.68086462249
6276 5.75 7.45821694509
6277 0.636317543097 0.641422258957
6280 1.66021647818 2.0573054579
6281 1.12637055927 1.45446561155
6282 2.25907747568 2.91219454953
6283 1.42879120608 1.58638711504
6285 3.16574390309 3.9121897855
6287 2.0430740116 2.12910910136
6290 2.75022882777 2.89781687489
6293 2.30769230769 2.30769230769
6297 0.917282427744 1.19969662285
6299 2.00255929769 2.40288912408
6301 1.15789473684 1.15789473684
6303 1.13059213059 1.57193759292
6306 3.39130434783 3.39130434783
6319 4.2 4.2
6321 1.32 1.32
6325 1.52902001779 1.82127990102
6326 0.894736842105 0.894736842105
6328 2.01059237485 2.23866787508
6329 6.24 6.24
6332 8.425 8.425
6335 1.52631578947 1.52631578947
6337 0.91369416512 1.1890628358
6340 3.39285714286 3.39285714286
6343 1.87021788428 2.42322233235
6344 0.602895927602 0.80822610851
6346 0.809756097561 0.809756097561
6349 0.943269230769 0.944147101451
6369 1.24977692668 1.45582465547
6372 3.72357723577 3.72357723577
6375 1.73640059128 1.86327272858
6377 2.4809428894 2.68795787375
6378 4.29783285323 5.163218905
6379 1.17692496758 1.26756713514
6384 3.05610296551 4.22341183243
6386 2.02035458384 2.36454867408
6387 1.05161369796 1.17326706554
6396 0.625 0.625
6397 4.90374787053 4.90374787053
6400 3.96533234784 4.11422137051
6403 4.14714714715 4.14714714715
6404 2.42528742713 2.47545362679
6405 6.15730337079 6.15730337079
6406 1.86736486486 2.18661044524
6410 1.20286682225 1.28432941364
6411 3.61821224392 4.07915547317
6412 0.28 0.28
6415 1.55830487794 2.54690197796
6418 1.84250880349 1.94844846386
6419 1.05802566881 1.13026259806
6420 0.625 0.625
1807839259 13 13
6421 0.0232876712329 0.0329337404936
6428 0.037037037037 0.037037037037
6429 5.42857142857 5.42857142857
6431 7.1872102628 7.25633244946
6432 1.88461538462 1.88461538462
6435 2.1625023483 2.1625023483
6437 1.97916666667 1.97916666667
6438 0.679545030766 0.681344578393
6439 1.84225398936 2.23426092099
6440 3.4339658609 4.04558108902
6441 0.859649122807 0.859649122807
6444 2.661355433 3.91347195476
1800123289 13 9
6450 1.76368516274 2.27295631606
6454 2.05304035348 2.8549332903
6455 2.95152869113 3.22402478857
6456 1.08000226962 1.42209817798
6458 3.86180144096 4.56734348798
6463 0.779551135308 0.869451578452
6470 1.4865417575 1.59533053575
6476 4.82127659574 4.82127659574
6484 1.14302664174 1.37254874408
1800233699 13 13
6488 1.30368783167 1.66271839235
6497 0.585745614035 0.591988373777
6507 0.826086956522 0.826086956522
6517 1.66754799777 1.86623240622
6521 1.8387698377 2.0499485266
6526 1.24177631579 1.24177631579
6530 2.02123799816 2.26623757283
6533 1.39204980993 1.89651738087
6538 3.55444261336 4.3520910196
6540 2.48695652174 2.48695652174
6541 1.57777777778 1.57777777778
6543 8.81481481481 8.81481481481
6549 1.13932382639 1.59793637039
6559 2.69565217391 2.69565217391
6560 0.639260881199 0.879163187086
6562 1.19266260132 1.56294895844
6564 4.23565323565 5.39829509433
6568 3.67729083665 3.67729083665
6571 5.04927680091 5.05302635568
6574 0.714059202332 0.765959508426
6576 2.90625 2.90625
6583 0.886178861789 1.02810124591
6584 8.79591836735 8.79591836735
6591 1.93360160966 1.93360160966
6595 3.60244004605 4.35849093467
6596 1.16666666667 1.16666666667
6601 0.666666666667 0.666666666667
6602 1.82352941176 1.82352941176
6606 2.32142857143 2.32142857143
6608 6.94 8.58878338299
6611 0.25 0.25
6614 2.00355450237 2.00355450237
6615 0.960081558677 1.11150706326
6619 1.125 1.125
6631 2.86241371171 3.06764345305
6640 3.87798998631 3.89366277132
6642 0.689655172414 0.689655172414
6644 1.86410979247 2.36960056685
6651 3.30253102637 3.39214067106
6655 1.71380815303 2.12308341726
6657 5.58825894652 5.58825894652
6671 2.02777777778 2.02777777778
6674 0.228571428571 0.228571428571
6680 1.15386158475 1.15386158475
6689 5.4202853598 5.4202853598
1800019594 13 13
6694 0.0 0.0
6696 2.39299314547 2.42504841326
6697 0.798504300863 0.967073332748
6699 0.944444444444 0.944444444444
6701 0.22641509434 0.22641509434
6702 0.863636363636 0.863636363636
1808409792 13 13
6703 2.99175178754 3.73773896433
6704 4.64828080229 4.64828080229
6705 6.62857142857 6.62857142857
6707 0.782340116279 0.896893164004
6710 0.0545454545455 0.0545454545455
6716 3.34289252149 4.0953269321
6717 1.625 1.625
6718 2.22222222222 2.22222222222
6722 0.551724137931 0.551724137931
6732 2.70138888889 2.70138888889
6734 0.428571428571 0.428571428571
6736 1.75060733622 1.91706722844
6737 2.2677327164 3.04803369437
6738 1.59251003121 1.59251003121
6740 3.11655389457 3.16149789065
6748 1.92612072174 3.17160560719
6752 0.514285714286 0.514285714286
6755 4.04838709677 4.04838709677
6756 3.00578643015 3.99048915911
6766 2.26882833136 2.84993898603
6767 0.210526315789 0.210526315789
6770 9.08120395046 9.08120395046
6772 2.3619047619 2.3619047619
6774 3.04993386243 3.38734124365
6775 1.94889937107 2.2881364602
6778 2.62702472293 3.2435066443
6779 1.65240838831 1.74758522437
6780 5.1062962963 5.65915670355
6782 2.51515151515 2.51515151515
6787 0.0909090909091 0.0909090909091
6794 5.25 5.25
6796 2.30924295775 2.30934531721
6797 6.88888888889 6.88888888889
6800 1.33300840406 1.87979229261
6802 0.80303030303 0.80303030303
6809 1.52525252525 1.52525252525
6814 0.438256658596 0.438256658596
6816 3.36700454387 3.36700454387
6817 4.0 4.0
6819 0.0943396226415 0.0943396226415
6823 2.78574431768 2.8731295636
6824 1.05263157895 1.05263157895
6826 0.457652977074 0.615210091286
6829 0.955477874726 1.3677823919
6830 2.68045858115 2.80336411423
6833 6.48819272966 6.4947844363
6838 4.46850819757 4.53431622629
6839 1.98641140701 2.62283119372
6840 1.58536585366 1.58536585366
6844 1.04964539007 1.08730597996
6853 8.47826086957 8.47826086957
6854 2.43673393685 2.97700825663
6863 2.4221748059 3.02896593385
1800103696 13.0 13
6872 2.1837329606 2.70322169269
6878 2.23246734575 2.58242770987
6883 1.38232196177 1.85266739089
6886 1.63157894737 1.63157894737
6887 0.865624861315 0.898686454129
6889 2.06041613541 2.0604171892
6895 1.58244359798 2.24842395364
6902 1.89307465876 3.15147239537
6913 4.27027027027 4.27027027027
6914 4.92857142857 4.92857142857
6915 0.315789473684 0.315789473684
6917 5.63536172299 5.82306645006
6919 2.72727272727 2.7408751694
6921 1.05039917183 1.21134190059
6939 3.79610655738 3.88745276111
6940 0.770078844071 0.918488644475
6941 6.66666666667 6.66666666667
6948 2.30125786164 2.30125786164
6955 1.78099034335 2.13975703625
6966 0.84375 0.84375
6968 1.88898948395 2.05322826985
6971 1.14401466025 1.33227781403
6975 1.17968643049 1.51504288324
6976 3.52941176471 3.52941176471
6980 2.28935657833 2.50969963942
6981 1.2380952381 1.2380952381
6982 0.285714285714 0.285714285714
6983 1.56398809524 1.75361148445
6993 1.68886478781 1.8238113527
7001 1.01249939087 1.23760484546
7005 3.01658255227 3.01658255227
7006 1.40019826375 1.87683500171
7011 1.61208267091 1.61208267091
7012 0.740487677727 0.867043002547
7013 1.62685989694 1.68389689198
7030 1.45954508576 1.52781039964
7037 0.25 0.25
7041 1.51836734694 1.51836734694
7042 1.28571428571 1.28571428571
7043 1.69860577821 1.95250087133
7045 3.27304116866 3.27304116866
7052 3.22208570667 5.49338329148
7055 1.45833333333 1.45833333333
7058 0.0454545454545 0.0454545454545
7059 0.2 0.2
7060 1.06789028816 1.06835385786
7063 0.557283359915 0.604241100774
7072 1.86842105263 1.86842105263
7073 10.5862068966 10.5862068966
7074 0.673913043478 0.673913043478
7079 1.42025368249 1.67065080307
7080 2.65509882105 3.58724953621
7081 1.93539121822 2.69281461248
7084 5.35989717224 5.35989717224
7088 1.68613138686 1.68613138686
7091 3.31818181818 3.31818181818
7094 1.22390817357 1.77146279319
7095 0.630564784053 0.630564784053
7098 5.41666666667 5.41666666667
7099 1.4021186085 1.66067394262
7109 1.44627915179 1.53469677404
7112 1.79771938523 1.79771938523
7113 3.1029701142 3.28293052461
7114 0.947368421053 0.947368421053
7118 0.205882352941 0.205882352941
7119 1.64344359633 2.43098255978
7121 1.18941769425 1.43552686764
7123 1.07554066403 1.07554066403
7125 1.70732266292 1.7835427226
7127 2.37237469607 2.56772556292
7129 2.55527328907 2.94567603621
7130 3.19719391786 3.94189639934
7132 2.125 2.125
7134 1.64618384543 1.65646343918
7135 1.41581208546 2.35532591404
7137 0.478065630397 0.478065630397
7138 1.76923076923 1.76923076923
7139 2.15555555556 2.15555555556
7140 1.53846153846 1.53846153846
7141 4.35 4.35
7142 1.89464089718 2.29478038023
7143 0.794117647059 0.794117647059
7152 0.111111111111 0.111111111111
7153 1.45945945946 1.45945945946
7158 1.46816976127 1.46816976127
7159 0.795337384765 0.892647172608
7163 1.07930347143 1.6138356267
7164 2.04642857143 2.04642857143
7165 6.39285714286 6.39285714286
7166 1.40908504721 2.05219620643
7168 1.38948767869 2.46245530856
7171 5.12488136214 5.48524119309
7173 2.72255885631 3.01491452883
7176 5.35075018377 6.90155768578
7177 2.15551643192 2.83696505463
7178 1.34899317086 1.57866102209
7181 1.35381823194 1.62356569517
7183 0.225806451613 0.225806451613
7187 2.48936170213 2.48936170213
7188 6.08089368259 6.09712021703
7194 0.948717948718 0.948717948718
7199 1.07024029575 1.07024029575
7203 1.07848733764 1.2591212638
7215 1.80373507942 2.14551016751
7218 5.26666666667 5.26666666667
7222 1.68657728999 2.21529057348
7226 2.2689302984 2.86396942221
7227 2.42809364548 2.42809364548
7233 0.52 0.52
7234 2.46330049261 2.61978717469
7235 3.38095238095 3.38095238095
7247 0.275 0.275
7251 0.696006211908 0.891231689649
7253 0.615384615385 0.615384615385
7254 3.22580645161 3.22580645161
7255 5.75 5.75
7262 1.01810727091 1.31174565655
7263 0.859459459459 0.859459459459
7272 9.9901914993 9.9901914993
7273 2.80952380952 2.80952380952
7275 2.34740882917 2.34740882917
7278 2.81725736395 3.57148778175
7279 2.46153846154 2.46153846154
7290 4.2994588131 4.51145073271
7291 4.75 4.75
7293 1.99087384446 2.81353227027
7294 2.95414233182 3.45154160403
7295 2.09090909091 2.09090909091
7297 2.06278538813 2.06278538813
7301 0.5625 0.5625
7304 2.38449520738 2.73225195096
7305 0.142857142857 0.142857142857
7307 2.08333333333 2.08333333333
7309 0.05 0.05
7310 1.31180759238 1.52302566339
7313 1.63456790123 1.63456790123
7320 4.01384920928 4.59114224997
7323 1.36666666667 1.36666666667
7326 3.90878787879 4.47663664661
7328 2.37758160718 3.35337037913
7334 2.548936367 3.06165176294
7335 3.1875 3.1875
7336 6.4 6.4
7337 3.9 3.9
7339 1.75758557947 2.48164503724
7342 5.58464788732 5.92681358422
7345 8.5 8.5
7347 3.85714285714 3.85714285714
1800328829 13.0 12
7351 3.34254426972 5.03489017329
7354 2.23529411765 2.23529411765
7355 3.21828358209 3.21828358209
7356 3.98333109373 5.58680263649
7357 3.69261744966 3.69261744966
7359 5.08256880734 5.08256880734
7361 1.58286674132 1.59111625185
7369 1.5 1.5
7374 2.3137254902 2.3137254902
7375 1.0 1.0
7379 6.25 6.25
7382 3.57404010044 5.36036861898
7384 1.07023312302 1.16030991408
7385 5.01267937794 6.24448079765
7387 1.24970746224 1.57761901718
7389 3.06676658351 3.97118608127
7391 0.962962962963 0.962962962963
7392 2.5 2.5
7394 1.35714285714 1.35714285714
7398 4.16031969911 4.16031969911
7404 0.59013451826 0.681216205363
7407 2.78879096023 2.78976184464
7410 0.407407407407 0.407407407407
7411 2.4913309536 2.53931802386
7412 1.41176470588 1.41176470588
7413 1.30082796688 1.30082796688
7414 1.32819008948 1.67780854139
7420 3.53169681856 5.36470794278
7431 3.15782215215 3.73939210087
7435 2.87096774194 2.87096774194
1808402448 13.0 1
7436 5.42742799521 7.31277067783
7437 2.32910549769 3.01024830385
7438 6.0 6.0
7442 1.8242213581 2.38315710893
7443 0.162162162162 0.162162162162
7444 1.49697594302 1.51382722273
7446 1.17439474764 1.17439474764
7450 0.133883248731 0.133883248731
7453 1.38012147378 1.82408993294
7459 0.916854016787 1.00275029979
7460 1.36487753751 1.37019168391
7464 0.25 0.25
7465 1.5448302439 1.83067450632
7466 0.878854052636 1.01714296175
7474 1.05298833954 1.37747431833
7478 1.33333333333 1.33333333333
7482 2.99290780142 2.99290780142
7483 0.397674418605 0.397681218492
7484 2.6123070483 3.04270951124
7487 4.46666666667 4.46666666667
7490 5.96774193548 5.96774193548
7491 2.36242892582 2.78077114444
7493 2.41370392247 3.3365685541
7494 2.43536924518 2.59772688286
7497 3.66225165563 3.66225165563
7498 1.80781027495 1.83879251583
7503 2.21428571429 2.21428571429
1800222810 13.0 13
7504 0.5 0.707106781187
1808402448 13 12
7512 1.0 1.0
7513 0.766061654645 0.89940878878
7515 2.58045977011 2.58045977011
7518 3.35293626766 4.60279129461
7525 4.20538177204 4.84487043186
7527 1.5 1.5
7532 1.89655172414 1.89655172414
7533 2.16666666667 2.16666666667
7534 5.0 5.0
7535 2.62264150943 2.62264150943
7538 1.01798561151 1.01798561151
7543 0.330923947203 0.330923947203
7547 6.08952811655 6.26556796357
7550 4.05405405405 4.05405405405
7551 1.88 1.88
7553 1.64674886972 2.10460315558
7557 1.72880952381 1.72880952381
7561 1.44734420431 1.53567309825
7562 5.59307637089 6.28980724274
7564 0.470082524157 0.470093445378
7568 1.79457958829 1.89896726235
7574 1.82237845786 2.01656387989
7578 1.2421377642 1.2422267082
7579 1.94444444444 1.94444444444
7580 3.27364218222 4.47290006697
7585 3.51276102088 3.51276102088
7587 6.01273238816 6.31300455516
7591 0.992008633691 1.36101410915
7594 0.483497394325 0.483497394325
7595 0.799206321388 1.00893489549
7600 2.5107738374 2.71066172514
7604 2.31034482759 2.31034482759
7607 3.32233433324 3.51617860209
7608 2.2692481075 3.65432184286
7611 4.38189805844 4.64649403862
7619 0.4 0.4
7621 0.829460505487 0.852737850225
7627 1.2 1.2
7629 4.75333333333 6.11481988469
7632 1.22232565241 1.71169589948
7638 0.304195804196 0.304195804196
2.0981000612 2.91225010734
[Finished in 8705.2s]