5 1.64301230992 1.64301230992
6 0.232759854272 0.285799982997
9 2.02097493473 2.86778705596
14 0.15 0.15
15 1.92296125346 2.2655416067
19 2.93329945369 3.48107823465
22 2.12613637717 2.52221752611
23 5.66666666667 5.66666666667
24 4.42571317571 6.10926005147
25 0.73753801898 0.771021990324
31 0.232558139535 0.232558139535
32 1.42105263158 1.42105263158
35 2.64582645289 4.02432348013
41 1.92857142857 1.92857142857
47 7.69230769231 7.69230769231
52 1.25465838509 1.25465838509
55 0.436549707602 0.501907888296
57 1.09055555556 1.09055555556
58 6.76503759398 8.15322490298
59 3.83606557377 3.83956684827
61 2.57859281437 3.37107550614
63 0.833333333333 0.833333333333
66 2.45945945946 2.45945945946
68 0.882832739909 1.32828705785
69 1.233977273 1.41691868484
72 0.833333333333 0.833333333333
76 1.2514443939 1.67436074643
81 0.87612649746 0.971329208918
83 6.25549417766 6.75807566644
85 1.06836558472 1.29940907553
89 8.33502538071 8.33502538071
91 11.0 11.0
93 1.0 1.0
95 1.28280961183 1.28280961183
97 0.86861743912 0.86861743912
107 7.8 7.8
108 0.352941176471 0.352941176471
109 0.0 0.0
115 1.86516853933 1.86516853933
119 2.775 2.775
122 3.19060595217 3.67106882042
124 1.02409638554 1.02409638554
126 1.00890032813 1.16245209652
134 0.542031754996 0.654791867814
136 1.10655988888 1.23147146032
146 0.322580645161 0.322580645161
151 2.82585751979 2.82585751979
155 0.333333333333 0.333333333333
156 2.73583982774 5.04957319175
160 0.615384615385 0.615384615385
161 2.65625372926 3.01827318354
162 0.8125 0.8125
164 1.44789949522 1.94162682394
169 0.291666666667 0.291666666667
171 1.18753466161 1.51033098872
172 2.3172299215 4.53453884262
181 0.3 0.3
186 1.55107199056 1.6983155402
188 0.921052631579 0.921052631579
189 1.82896527383 2.45284561735
190 1.4 1.4
195 1.65217391304 1.65217391304
196 6.30844448142 7.5913403135
199 1.67857142857 1.67857142857
204 2.06027690406 2.60735526157
205 1.24606877887 1.39419742147
209 3.72727272727 3.72727272727
219 0.881033899125 1.09899754986
221 1.17768147346 1.17768147346
222 2.0219017094 2.18466749136
223 7.83333333333 7.83333333333
224 2.57523161045 2.68916162731
231 1.0 1.0
233 5.6 5.6
234 1.40089869281 1.49635777226
236 5.35714285714 5.35714285714
243 1.88144895719 1.88144895719
247 0.0714285714286 0.0714285714286
256 1.12372323459 1.16477017616
259 5.55873015873 5.55873015873
260 7.28571428571 7.28571428571
262 0.5 0.5
267 0.277777777778 0.277777777778
274 10.4585987261 10.4585987261
276 2.90282294535 3.58812348831
278 3.27586206897 3.27586206897
284 2.05 2.05
288 9.05166666667 9.09195767942
291 1.81466512702 1.81466512702
299 0.968217608821 1.13018135377
303 0.561881036365 0.789718306201
304 1.87115587357 2.75584363801
307 5.2041512605 7.05413231447
308 2.42930821977 3.39237784568
311 1.375 1.375
312 0.0 0.0
314 3.28571428571 3.28571428571
315 0.888888888889 0.888888888889
316 0.918675847692 1.07961974239
323 3.15310234122 4.56303464289
324 2.5 2.5
326 1.04524361949 1.04524361949
328 3.32770663562 3.39493885373
331 2.4964108655 2.82912913511
333 0.4 0.4
334 1.87091342808 3.28711814357
335 1.0399984509 1.24563253971
337 1.8 1.8
338 1.37777777778 1.37777777778
342 2.62932428573 2.72457486093
343 2.16002972797 2.65747351747
346 0.757028919595 0.992149029168
347 5.9646778043 5.9646778043
348 1.42221548529 1.76019254838
350 11.0 11.0
351 3.57820516915 4.17452782279
357 0.558823529412 0.558823529412
360 3.45833333333 3.45833333333
362 1.42629959517 1.50875666403
364 0.833333333333 0.833333333333
365 1.5696186053 2.44112972883
366 1.54545454545 1.54545454545
369 1.04867968574 1.42321380207
370 4.67276703688 5.26382064268
373 1.27735849057 1.36364065719
374 10.0 10.0
376 1.33928571429 1.33928571429
379 8.25 8.25
380 2.30661352669 2.44223435436
381 0.810527260147 1.00450756186
383 1.06489484335 1.08782506805
384 1.46434608599 1.87511336124
389 1.14648910412 1.18068103382
391 1.62113561218 2.03075072947
393 0.242216117216 0.242216117216
394 0.942857142857 0.942857142857
405 2.1484962406 2.24423338135
406 0.75 0.790569415042
410 0.722660975924 0.932833669498
412 0.142857142857 0.142857142857
419 1.17074712631 1.25732818657
420 1.95952327037 2.77020852867
421 0.5 0.5
427 0.331639223469 0.41005774646
428 1.86111111111 1.86111111111
431 3.61453609218 4.9156275317
433 1.78607637325 2.36485546901
435 1.11111111111 1.11111111111
437 2.88330632091 2.88330632091
445 1.29706258926 1.34943437287
446 0.504545454545 0.72620660494
452 2.15192330481 2.24198138949
456 0.5 0.5
458 1.14285714286 1.14285714286
461 2.21428571429 3.13147288811
473 1.61276177561 2.02147445725
475 1.49734888653 1.49734888653
476 0.954389070515 1.39904335511
480 2.72124957089 2.72124957089
485 2.11008434755 2.9554905456
487 1.14285714286 1.14285714286
488 7.98522727273 7.98522727273
489 3.71464646465 3.96846467367
490 0.959452460229 1.35275332486
493 3.01413873229 3.39356041586
496 1.5 1.5
502 3.35690543679 4.25488215018
505 3.4 3.4
509 2.20393481719 3.15616877092
512 6.39494549058 6.39494549058
515 0.752844752213 0.85068614267
516 0.448012048193 0.487415807053
517 1.3564350698 2.65203883774
520 0.225155768163 0.248981675789
521 11.4 11.4
523 0.953555069208 1.1380647506
524 0.195796460177 0.195796460177
531 2.25842484681 3.16191252313
532 2.27914751176 2.6793050705
535 0.757841174508 0.995134471201
538 0.753840249304 0.9692139966
544 0.755905654343 1.00719730677
545 1.39814814815 1.4171809766
546 1.66666666667 1.66666666667
549 1.06049294419 1.22821322388
550 1.86413992021 2.09265359957
551 0.285714285714 0.285714285714
552 2.73908450704 3.85378343277
553 0.9 0.9
554 4.06666666667 4.06666666667
555 1.60061880887 2.08875342152
560 3.47058823529 3.47058823529
564 3.72958165813 4.85084561249
566 0.901750446449 1.10770053868
569 1.76913243669 1.9136806631
571 6.0 6.0
573 1.94685690653 1.98001363663
575 1.05602034875 1.27449564043
576 1.0 1.0
577 1.66666666667 1.66666666667
579 3.04821289792 3.30620828104
588 0.794520547945 0.794520547945
590 1.44690543825 1.98595804477
591 1.1484880634 1.1518539219
592 11.8571428571 11.8571428571
594 2.62094507858 2.78331182701
599 1.76213491965 1.76471914547
604 0.285714285714 0.285714285714
611 1.38135156236 1.73160287369
613 1.53333333333 1.53333333333
617 3.91087344029 3.93362471865
618 3.50931677019 3.50931677019
621 3.88096362778 3.88096362778
625 2.38592411261 3.26446760903
626 4.35921344136 5.61268483483
628 9.45 9.45
633 0.292682926829 0.292682926829
635 10.8823529412 10.8823529412
638 2.07727797001 2.07727797001
643 7.8121085595 7.8121085595
649 2.30492004003 2.51140024522
650 0.12445922245 0.172827688134
652 2.71761517615 2.71761517615
659 2.79354419191 3.56972757411
671 1.04 1.04
676 1.8845612543 2.49313149262
678 0.821428571429 0.821428571429
681 1.17061143984 1.17061143984
683 1.05942669423 2.34249422374
684 1.43118328865 2.38579141449
687 0.852445542508 0.880593808626
689 2.49933422136 3.6905719113
691 2.41504277567 2.65481302175
692 0.611111111111 0.611111111111
701 0.363636363636 0.363636363636
704 1.03225806452 1.03225806452
705 1.44859117491 1.75592418188
706 4.0 4.0
708 0.0588235294118 0.0588235294118
712 2.47649918963 2.47649918963
713 0.678571428571 0.678571428571
714 2.59808120763 3.36279470056
715 0.75 0.75
723 4.01207624036 4.81777657655
725 1.95858689357 2.63995358048
732 2.24041811847 2.24041811847
735 1.5 2.12132034356
736 7.88888888889 7.88888888889
743 1.6 1.6
744 1.36 1.36
745 0.93017331151 1.26419382225
746 0.444444444444 0.444444444444
747 1.50120481928 1.50120481928
748 1.375 1.375
758 3.58995535714 4.55896154416
762 4.84 4.84
764 3.8864870884 5.43890913141
767 1.11791180929 1.3574825351
770 2.49366565746 2.81653186609
772 1.36363636364 1.36363636364
777 1.16034775278 1.50433347116
779 4.41039885566 5.88340519175
783 2.69696969697 2.69696969697
785 0.75 0.75
786 0.0952380952381 0.0952380952381
789 0.0 0.0
795 0.248175182482 0.248175182482
796 1.16129032258 1.16129032258
801 2.86919642857 3.35081619141
806 3.81082148499 4.48021951588
807 1.8782616409 2.44676411527
809 1.93210817881 2.34588624517
810 2.03783728312 2.7917445335
812 0.625 0.625
814 1.15663801337 1.15663801337
817 3.55538514599 5.24531479238
820 0.875 1.00778221854
821 1.74200475881 2.04605456239
826 0.888888888889 0.888888888889
830 0.785714285714 0.785714285714
831 1.45398773006 1.45398773006
837 2.94444444444 2.94444444444
842 1.38765761652 1.38911955162
845 0.627813653137 0.674722960288
848 1.86208806876 1.92386554114
851 1.88998629469 3.35255913718
853 8.58216134069 9.46876071303
860 4.90646766169 6.66195734759
869 2.56627472427 3.21984230565
872 0.0 0.0
873 0.0434782608696 0.0434782608696
878 0.841350826045 0.902054105165
879 3.21052631579 3.21052631579
881 0.346540166433 0.44769005645
886 0.652907580478 0.685379593897
888 2.62762237762 2.72409376319
890 1.32222222222 1.32222222222
902 1.33333333333 1.33333333333
908 1.66981132075 1.66981132075
912 1.59040178571 1.86863356341
914 6.55555555556 6.55555555556
917 1.50943396226 1.50943396226
918 0.323529411765 0.323529411765
921 1.72727272727 1.72727272727
924 1.00423870622 1.17792793877
926 12.0 12.0
928 1.19474553661 1.22457988029
936 0.0159830268741 0.0159830268741
943 1.68896500105 2.12025575433
948 1.0 1.0
950 2.02952423287 2.69048563388
954 2.36983408748 2.36983408748
961 2.53938465423 2.86777478987
963 1.69846895837 1.85624546
970 0.85 0.85
978 2.53725154879 2.65304647206
986 1.43793524953 2.14812579187
988 2.77304573349 3.06548212798
992 3.63701884454 5.02559694889
993 6.56375563756 6.56375563756
996 0.642857142857 0.642857142857
1005 1.92625106603 2.63954845493
1007 0.689092953523 0.712333725596
1012 0.0909090909091 0.0909090909091
1013 0.766519823789 0.766519823789
1021 2.94444444444 2.94444444444
1023 1.8596287703 1.8596287703
1032 1.51724137931 1.51724137931
1037 1.24168297456 1.24168297456
1040 1.24120603015 1.24120603015
1041 1.34271175898 1.57721891785
1042 2.35714285714 3.33350339702
1046 4.37172850158 5.7376474005
1049 1.48275862069 1.48275862069
1051 1.18240456751 1.50290407817
1053 2.83672037542 3.23663110046
1056 0.142863431536 0.16391305339
1057 6.6 6.6
1061 7.58823529412 7.58823529412
1068 10.2307692308 10.2307692308
1069 1.02336971171 1.07033948333
1070 0.907200787428 1.38627630715
1072 1.38095238095 1.38095238095
1073 1.44224957576 1.45678690317
1074 2.79532967033 2.79532967033
1077 0.636728989094 0.691633908615
1079 2.74011603383 3.31797011029
1084 1.57456140351 2.00496651733
1088 8.58860247629 9.53290702454
1102 4.73475609756 5.6876516017
1103 1.82023514851 1.82023514851
1106 1.14731968811 1.32653043091
1112 0.868421052632 0.868421052632
1114 7.11650485437 7.11650485437
1116 3.34285714286 3.34285714286
1123 2.14285714286 2.14285714286
1126 0.6875 0.6875
1129 3.04658102827 3.84032037899
1139 2.95 2.95
1145 2.57357320287 2.73170381965
1148 6.33649618144 8.24002810406
1152 0.20725388601 0.20725388601
1154 2.56869893887 2.66157231972
1165 1.5627875861 2.85182926385
1166 0.535222672065 0.535222672065
1168 0.928571428571 0.928571428571
1169 0.272727272727 0.272727272727
1180 6.91304347826 6.91304347826
1181 0.430084745763 0.435730457178
1193 1.93616473885 2.12343828948
1197 2.85714285714 2.85714285714
1199 4.29352531526 5.10937229004
1203 0.466666666667 0.466666666667
1210 2.22844355133 3.00171481017
1211 0.291051259774 0.291051259774
1212 0.469387755102 0.469387755102
1216 1.46584807057 1.62973723081
1218 0.68045112782 0.68045112782
1219 2.30720836281 2.86026868693
1221 1.62380538662 1.62380538662
1222 8.5 8.5
1223 0.666666666667 0.666666666667
1226 0.636228146651 0.688309786317
1230 8.85714285714 8.85714285714
1231 4.05555555556 4.05555555556
1234 1.43590504968 1.54114155359
1235 4.41396964191 6.36513291056
1237 0.810344827586 0.810344827586
1239 0.76745747538 1.08534877023
1244 0.863492063492 0.863492063492
1252 4.95238095238 4.95238095238
1256 0.614930156908 0.704318705881
1261 1.09750812568 1.09750812568
1263 1.00308674725 1.04719736889
1264 0.426599870718 0.506690320006
1266 2.89102079772 4.34041755754
1267 1.34360272035 1.88376827882
1268 0.3 0.3
1269 1.28536209553 1.3676304794
1273 4.09914957013 5.02414645986
1275 0.30081300813 0.30081300813
1280 11.6666666667 11.6666666667
1283 10.6222680412 10.6222680412
1284 3.95 4.09586512365
1285 0.309475806452 0.316336363258
1287 2.73732175269 3.8505428961
1289 0.517417715373 0.676227948262
1292 1.43717916427 1.82307146236
1295 1.0904736562 1.0904736562
1296 1.3 1.3
1297 1.98732014976 2.20951772354
1301 1.2 1.2
1308 4.03478787879 5.06156004508
1310 1.05882352941 1.05882352941
1312 0.728384845907 0.857114323026
1313 1.94914723371 2.30187253086
1319 1.6 1.6
1325 0.971486276281 1.15153275709
1327 1.92 1.92
1328 0.448275862069 0.448275862069
1330 1.3316219511 1.94480965029
1337 0.465408805031 0.465408805031
1339 7.27272727273 7.27272727273
1345 0.970933036542 1.05605369805
1347 5.51428571429 5.51428571429
1358 0.625 0.625
1365 1.50409590276 2.47878832694
1368 1.96551724138 1.96551724138
1369 1.72061353078 2.06525731405
1370 6.53846153846 6.53846153846
1371 2.5 2.5
1374 1.85626168234 2.37704726088
1384 2.45296687305 4.19520294342
1387 2.79305218475 4.14311498832
1389 1.75370437604 2.78284524847
1391 0.884742194563 1.13203420835
1393 1.5 1.5
1406 0.776595744681 0.776595744681
1408 0.922774331843 1.18430861787
1412 0.526315789474 0.526315789474
1413 8.12853870458 8.23478510875
1416 1.0625 1.0625
1420 0.393416286515 0.594897124015
1421 0.611111111111 0.611111111111
1422 1.45750873108 1.45750873108
1424 2.17765732731 2.46842886848
1426 9.42992057346 9.48148350283
1430 0.625 0.625
1434 2.40463182288 3.67993993576
1437 0.408357638899 0.641988772714
1438 2.80960375304 3.47944554639
1443 6.78897849462 8.21618687824
1453 0.401149397802 0.422722357902
1455 2.44975556422 4.48498632065
1458 1.23201175244 1.67592421956
1461 0.308996088657 0.308996088657
1465 3.99277951741 4.55397992806
1470 2.75243834127 3.2564603724
1474 4.5495049505 6.36434611569
1475 6.79473684211 6.79473684211
1479 8.57628205323 9.47165614896
1480 1.0489735832 1.13019254506
1482 2.1254305826 2.18097263608
1483 1.59891177614 1.59891177614
1485 4.77777777778 5.16756264633
1486 3.0 3.0
1487 0.967017832549 0.967025407816
1491 1.63229665072 2.00202530463
1494 1.43780135005 1.43780135005
1496 1.89803816686 2.38620071994
1499 3.85781269408 5.34096571831
1504 1.01256281407 1.01256281407
1508 0.0 0.0
1510 1.35897435897 1.35897435897
1512 2.90917796191 4.17248321957
1513 1.27786915585 1.64066868774
1518 1.65831721506 2.26955786443
1520 2.15625 2.44669739138
1526 0.708333333333 0.708333333333
1530 1.19350800867 1.68021084016
1531 6.17708333333 8.26389034781
1539 2.72619047619 3.41668740661
1544 1.96986458593 2.07066194441
1545 1.38198179204 1.73608620233
1547 2.71690425636 3.57867320164
1548 8.76470588235 8.76470588235
1561 11.5 11.5
1563 0.666666666667 0.666666666667
1564 5.94444444444 5.94444444444
1565 0.304587155963 0.304587155963
1569 2.70327102804 3.54720146336
1579 2.65763073602 3.31621161389
1584 1.12628865979 1.12628865979
1585 0.787593272319 0.977275956738
1592 0.421875 0.596621346626
1595 1.5 1.5
1597 8.34376279994 8.65718704569
1598 2.86872051069 2.86872051069
1599 2.73789068861 3.99005593603
1601 7.27777777778 7.27777777778
1602 1.20830162676 1.83932457805
1605 1.19563996386 1.42920499151
1609 0.599211244055 0.6634075973
1622 0.837768907853 1.02355854792
1627 1.89667229322 2.49487305708
1628 2.22824474146 2.49344294719
1629 2.9534127844 2.9534127844
1631 1.21150338404 1.49096985627
1636 0.4 0.4
1638 2.0606361829 2.0606361829
1643 0.888888888889 0.888888888889
1651 2.10903895867 2.87588731854
1652 0.8125 0.8125
1653 1.09821668567 1.30168588016
1658 2.26380630631 2.57342590098
1662 2.95883477978 3.22170300332
1665 0.466666666667 0.466666666667
1668 1.09756097561 1.09756097561
1674 1.81273036986 2.43200197113
1678 2.88136532316 3.72997270202
1683 0.711730696493 0.832433470144
1684 1.72723018816 1.85760871061
1685 5.86261755486 7.16530491255
1687 3.24358974359 3.91088473218
1691 8.35511053675 8.89237633259
1693 1.92698412698 1.92698412698
1699 1.0 1.0
1702 1.95833333333 1.95833333333
1705 1.2 1.2
1712 1.50397861494 2.02844850464
1718 1.5646897107 1.86776268515
1719 0.65 0.65
1720 5.75 5.75
1722 1.02226197663 1.35098650371
1727 0.714285714286 0.714285714286
1728 5.7619047619 5.7619047619
1731 0.0622292993631 0.0622292993631
1732 1.10281425891 1.31299497432
1740 2.65 2.65
1742 9.75 9.75
1746 4.33333333333 4.33333333333
1752 0.744966442953 0.744966442953
1754 4.05682888996 5.58654209695
1764 8.46687697161 8.46687697161
1770 1.56969197469 1.69945718814
1776 1.30951450122 2.31935094291
1778 1.94288681205 1.94288681205
1781 5.0 5.0
1786 1.57894736842 1.57894736842
1788 1.41176470588 1.41176470588
1789 1.41256946945 2.305163501
1792 2.56074423172 3.35037317009
1793 1.73357206675 1.90608575133
1797 0.616157206781 0.628872817433
1799 2.04166666667 2.04166666667
1802 2.56817860365 3.10260222644
1804 2.70301542777 3.72141239198
1806 7.06008455568 8.6472367775
1807 2.12469276294 2.38880272754
1808 0.0333333333333 0.0333333333333
1809 5.76897887844 6.57512117045
1811 1.22793385136 1.22793385136
1817 0.160804020101 0.160804020101
1825 0.850971922246 0.850971922246
1828 3.12179487179 3.12179487179
1830 1.40556624144 1.40782831005
1831 3.74917787743 4.34544653806
1832 2.93792517007 2.99655308709
1833 0.620157885074 0.870311448799
1836 0.219430485762 0.219430485762
1837 3.28111776283 4.28410268054
1838 0.715736040609 0.715736040609
1839 1.20940916835 1.43603276292
1842 2.4 2.4
1843 1.6408045977 1.6408045977
1847 2.51809954751 2.51809954751
1849 2.52205219171 3.66155881335
1850 1.13333333333 1.13333333333
1852 7.57142857143 7.57142857143
1853 1.88308227085 2.03020263102
1855 3.125 3.125
1859 1.81861134974 1.82090361781
1862 1.86214953271 1.86214953271
1866 2.42857142857 2.42857142857
1867 2.22837425138 2.63336955687
1872 2.94285714286 2.94285714286
1878 0.279611650485 0.279611650485
1880 3.10840785967 3.17983114216
1888 1.96978369167 2.57189981406
1896 1.17651935571 1.38936942621
1899 1.85781940321 2.5154086069
1901 1.80785948411 2.32886919982
1902 1.37555660779 1.88328714264
1907 4.05946173008 5.49376203908
1914 0.454545454545 0.454545454545
1918 0.412889518414 0.412889518414
1921 2.65320620148 3.57643888997
1924 0.0151097096308 0.0213683562834
1926 3.19109947644 3.19109947644
1930 0.0 0.0
1937 1.0 1.0
1939 3.4495412844 3.4495412844
1940 2.15962365591 2.19875142073
1941 1.12390981848 1.33468545131
1943 0.0967741935484 0.0967741935484
1946 0.675835756192 0.775145932905
1948 1.5 1.5
1955 0.719930655189 0.781197283031
1956 0.0 0.0
1957 2.13629737455 2.38926513317
1959 3.79042373799 3.87080018092
1962 0.547506442096 0.671957535242
1965 3.57526647431 4.52151850844
1966 1.73942317394 1.93788603547
1969 0.0 0.0
1972 1.58126721763 1.58126721763
1973 5.31578947368 5.31578947368
1982 2.92857142857 2.92857142857
1984 0.431029833234 0.573711671764
1985 1.16129032258 1.16129032258
1989 1.14241591274 1.27740480414
1992 0.931034482759 0.931034482759
1995 1.27947761194 1.34963475749
2000 0.824282999822 0.829971961439
2005 1.46593781668 1.50471792944
2007 0.686649958229 0.815709718778
2008 1.38095238095 1.38095238095
2011 3.45818030093 4.80024695307
2017 0.625 0.625
2018 1.33333333333 1.33333333333
2023 2.32220944895 3.09373431372
2027 5.72 5.72
2032 8.15384615385 8.15384615385
2033 4.0042547705 4.2744952987
2038 0.0 0.0
2040 2.47353522098 3.34016169078
2045 1.51430785124 1.51507450362
2047 10.3333333333 10.3333333333
2050 4.08333333333 4.18495984316
2058 0.530907546368 0.582849196866
2059 2.68509615385 3.01777777691
2062 1.00126054965 1.27904523928
2069 2.84523809524 3.13712500356
2071 0.679794926505 0.795100563251
2074 1.42857142857 1.42857142857
2080 2.33997584541 2.7464088104
2089 1.82608695652 1.82608695652
2091 3.37276080084 3.38147626564
2092 1.81992006967 1.85714588406
2096 1.32747374521 1.51732986838
2100 5.14277907215 6.52569038873
2102 1.01615573848 1.16491938052
2103 1.36992897961 1.89184854953
2105 2.0 2.0
2108 1.9377669738 2.39477909271
2112 0.526315789474 0.526315789474
2114 1.69660631744 2.07848953119
2115 0.551474812912 0.68233812608
2117 0.815161725067 0.938543589016
2127 0.978366948601 1.25139833248
2129 3.9561965812 5.38569923209
2131 0.569047619048 0.755936445276
2140 2.71428571429 2.71428571429
2142 1.65016257759 1.65016549648
2146 3.00024095775 3.26305527962
2149 1.7052238806 1.7052238806
2151 0.825805340579 1.18163484184
2155 0.679698404786 0.951302743418
2156 2.14516129032 2.14516129032
2157 3.83333333333 3.83333333333
2158 5.00357142857 6.82825200986
2160 4.66666666667 4.66666666667
2168 2.34782608696 2.34782608696
2171 4.0 4.0
2176 0.245614035088 0.245614035088
2179 2.8 2.8
2181 1.5 1.5
2183 1.89492348227 2.59893627259
2186 0.923076923077 0.923076923077
2189 0.333333333333 0.333333333333
2192 1.57379061188 1.72474572128
2195 1.00546215749 1.53007789505
2196 0.872727272727 0.872727272727
2197 0.886287807074 1.01572964577
2200 8.5 8.5
2201 1.28571428571 1.28571428571
2202 0.8 1.09544511501
2204 1.85608314571 1.87041280577
2205 3.77884615385 3.77884615385
2209 2.42222222222 2.68355761658
2210 1.51595920588 1.52490873321
2211 1.09296971801 1.29974774872
2212 1.55380293863 1.79952420146
2214 1.0 1.0
2216 2.32265760875 3.66263259291
2217 5.70588235294 5.70588235294
2223 1.25925925926 1.25925925926
2232 0.0909090909091 0.0909090909091
2233 4.44303797468 4.44303797468
2240 1.68604791879 2.76344195245
2242 1.96855267891 2.747245605
2245 0.71457283055 0.913768327571
2246 1.01664555791 1.10598441057
2247 1.4375 1.4375
2250 1.83961573597 2.34102791698
2254 1.95901428398 2.28540680776
2259 1.30650920934 1.91170066666
2262 0.547223201768 0.720654698016
2266 1.0 1.0
2272 0.400770769087 0.402950694167
2278 1.81671747533 2.78455960576
2280 1.2380952381 1.2380952381
2282 6.66666666667 6.66666666667
2287 3.32209798671 5.36585802615
2289 0.0535714285714 0.0535714285714
2292 1.91673480974 2.43815542299
2299 3.53054827843 4.5452763371
2301 0.861538461538 0.861538461538
2307 1.42857142857 1.42857142857
2309 0.777777777778 0.777777777778
2310 3.875 3.875
2311 1.11111111111 1.11111111111
2313 5.84421321988 6.99886279122
2319 0.904729663197 1.03001108132
2320 2.56766941472 3.70361814453
2329 3.0962962963 3.0962962963
2332 1.14416812729 1.49014489012
2342 1.22222222222 1.22222222222
2345 0.8 0.8
2346 0.677161619014 0.748602731351
2353 2.5 2.5
2355 2.25703186672 2.32043888772
2358 1.73372556233 2.10903573476
2364 1.5350804613 1.790869913
2366 0.388535031847 0.388535031847
2367 5.67547723935 6.752107308
2368 3.02380952381 3.02390326064
2370 0.857142857143 0.857142857143
2373 0.181818181818 0.181818181818
2376 0.387628226997 0.39699762781
2378 3.72922252011 3.72922252011
2380 0.182965299685 0.182965299685
2383 1.55555555556 1.55555555556
2386 1.44480728597 1.66012302654
2394 1.40434554908 2.25158703963
2397 9.95652173913 9.95652173913
2402 10.2094763092 10.2094763092
2404 0.563311391479 0.572714620626
2409 2.49644502183 3.3405461551
2414 0.329706202394 0.329706202394
2422 2.04872236451 2.78167474338
2426 1.25496974935 1.25496974935
2428 0.461246394801 0.515885219717
2430 1.43417085427 1.43417085427
2431 2.35907892123 3.36402457129
2433 0.451612903226 0.451612903226
2434 1.50382653061 1.50933445901
2437 3.70413165266 3.74652155481
2443 2.66666666667 2.66666666667
2450 1.43722907837 1.68282319089
2451 0.615384615385 0.615384615385
2454 1.4 1.4
2459 3.33995416348 3.33995416348
2466 3.11828121027 3.27394264487
2469 2.64603940401 3.32042075506
2475 4.93866484518 5.80119148395
2477 1.57288985053 1.78873319169
2478 0.93956475288 0.958835157213
2484 1.01710677008 1.42461915516
2489 1.92 1.92
2494 1.9378091117 2.53534429096
2495 2.29166666667 2.29166666667
2496 3.07055874011 3.20933578335
2498 0.946052712257 1.45461798515
2499 3.35770768697 3.40545016011
2503 0.0 0.0
2505 3.62830653615 3.99823786384
2506 0.934719515743 1.16041043419
2507 1.84895457823 1.85511394577
2508 4.08515458865 4.11207570499
2514 0.263157894737 0.263157894737
2516 3.78738207547 4.94207842701
2518 0.399339933993 0.399339933993
2524 0.6 0.6
2525 0.0322580645161 0.0322580645161
2527 0.357996547713 0.598888871291
2530 2.1768211393 2.35414465247
2537 1.44712292522 1.57576445915
2538 1.20812276668 1.2171507052
2539 2.25432758288 2.48478296217
2541 2.54166666667 2.6545950727
2546 7.28571428571 7.28571428571
2551 2.15042888296 3.26778267212
2552 0.9 0.9
2554 0.449114609881 0.578269938474
2555 0.111111111111 0.111111111111
2561 1.92050006136 2.38847162688
2562 1.26301598558 1.40541984513
2566 3.5 3.5
2570 0.447368421053 0.447368421053
2572 2.21877104918 2.50753069875
2579 1.33333333333 1.33333333333
2580 0.0251141552511 0.0251141552511
2584 1.04956412126 1.13563455363
2585 3.44327908963 4.76969197137
2586 3.03763846769 4.27468442026
2587 4.05609306626 4.3216409195
2590 1.96002358491 1.96002358491
2596 1.4375 1.4375
2603 0.08 0.08
2609 1.9 1.9
2613 1.15277777778 1.15687024572
2618 0.544679078585 0.622189636147
2624 0.923076923077 0.923076923077
2627 1.55524953198 1.86212201222
2630 1.47368421053 1.47368421053
2631 2.16666666667 2.16666666667
2634 4.2758040391 4.71037269883
2636 0.801590909091 0.878068939198
2640 3.80952380952 3.80952380952
2645 1.27598008116 1.3936761563
2647 8.08851674641 8.27038786828
2649 2.28768656716 2.28768656716
2651 0.5 0.5
2653 2.09523809524 2.09523809524
2654 2.11952817824 2.22608211856
2665 6.34353091141 6.34353091141
2669 0.929123851645 1.06671955202
2672 1.20439273381 1.21850284478
2676 1.92984293194 2.00125642397
2679 0.731375661376 0.975596725124
2681 1.15098039216 1.15406441217
2683 1.214006583 1.8096462808
2685 1.15920547827 1.42179108403
2687 4.66647700086 6.70333797645
2690 0.89107898204 0.910149266595
2693 1.72955345981 1.98455815883
2699 0.437403697997 0.437403697997
2702 0.727272727273 0.727272727273
2704 0.712250712251 0.755087882143
2708 0.307692307692 0.307692307692
2713 1.53509607899 1.9570324614
2714 1.2826703966 1.63496796717
2715 3.97792558768 5.31033470094
2716 2.42105152031 3.3421409335
2721 1.46480649506 1.7424313066
2730 0.25 0.25
2733 3.25706940874 3.25706940874
2738 1.18784652916 1.32028025401
2739 0.884931823981 1.0162388276
2743 0.277286135693 0.277286135693
2750 2.30821401658 2.30821401658
2758 5.9478161635 6.48145784796
2761 2.44241830065 3.28405871933
2764 1.95670172084 2.20180729154
2765 1.88812541862 2.8258331748
2767 2.7 2.7
2771 1.3393739861 1.77035993781
2772 1.53197834516 1.58483831846
2775 1.76559988198 2.15966819015
2777 1.09068133125 1.53338674215
2785 0.571428571429 0.571428571429
2787 2.0 2.0
2788 1.43579990435 1.88112421462
2800 1.19349528116 1.80392217336
2803 1.47994784628 1.92653586237
2805 1.40309381238 1.40643629629
2806 4.64026045488 5.13120433712
2821 1.61764705882 2.12783497032
2838 2.54477311206 3.0075814603
2843 0.594423320659 0.594423320659
2846 0.00585885486019 0.00585885486019
2849 0.571428571429 0.571428571429
2850 3.2049813024 3.32741196223
2852 2.86189358372 3.24452328141
2855 6.9756097561 6.9756097561
2856 1.07692307692 1.07692307692
2857 8.60969890022 9.49945982061
2859 1.67289719626 1.67289719626
2860 2.68667322619 2.68667322619
2861 1.06142256783 1.2396336244
2863 5.654823992 6.36892596284
2867 1.14166235178 1.18165299279
2868 2.93796974532 3.37540050742
2869 0.764705882353 0.764705882353
2877 2.2632164719 2.2632164719
2883 4.52479270315 6.95795379282
2884 0.590909090909 0.590909090909
2887 2.77777777778 2.77777777778
2890 2.31888614058 2.92906328872
2891 6.56451612903 6.56451612903
2895 2.80487106017 3.13268038953
2899 1.43682015811 2.19227500131
2902 0.628571428571 0.628571428571
2903 0.220518867925 0.238933253794
2906 2.33333333333 2.33333333333
2907 1.23946666667 1.23946666667
2911 0.830168332969 0.929940975117
2913 1.40470420618 1.76033123341
2919 2.15476190476 2.15686558714
2923 1.76219512195 1.76219512195
2925 1.0 1.0
2926 6.8 6.8
2928 1.97240738125 2.5603642766
2935 2.1658138509 2.77455424104
2938 3.76923076923 3.76923076923
2941 5.15572916667 5.94178582527
2947 5.92307692308 5.92307692308
2950 6.37037037037 6.37037037037
2961 1.42106775366 1.79656780813
2964 1.33647841495 1.8122156299
2965 0.425480769231 0.440225554916
2966 1.30481927711 1.30481927711
2972 0.688888888889 0.688888888889
2973 5.8125 5.8125
2975 0.641791044776 0.641791044776
2976 1.86672522444 2.1353744203
2977 1.50728020478 1.96927237634
2978 2.2 2.2
2981 1.69551068899 1.95622268755
2982 0.0810810810811 0.0810810810811
2985 1.15384615385 1.15384615385
2987 5.5 5.5
2991 0.5 0.5
2993 1.8 1.8
2999 2.05882352941 2.05882352941
3000 1.16576808503 1.59709968809
3006 11.0 11.0
3008 3.33333333333 3.33333333333
3011 1.01671531467 1.11487135435
3014 0.745098039216 0.745098039216
3016 1.80188679245 1.80188679245
3021 0.67934325597 0.826654466301
3022 2.13043478261 2.13043478261
3045 1.91253381906 2.28021817548
3046 2.77245508982 2.77245508982
3050 9.61759082218 9.61759082218
3051 3.32455415483 4.48178253283
3052 0.894367828328 1.14665320563
3054 1.0 1.0
3058 6.01369863014 8.48530348927
3062 2.57009345794 2.57009345794
3064 1.88019546804 3.43882319092
3065 7.6875 7.6875
3068 1.35294117647 1.61523884915
3069 0.2 0.2
3070 1.73993508217 2.79122955713
3074 2.59282667557 3.0564254531
3075 0.732358206984 0.915136620406
3078 0.142857142857 0.142857142857
3079 2.579486445 3.54578147771
3081 2.0 2.0
3092 1.88713081472 3.02616559062
3093 0.0 0.0
3097 0.0935096893264 0.0935096893264
3098 1.87028985507 1.87028985507
3099 1.07797848733 1.23946035683
3102 1.47344678604 1.97550345203
3103 2.28571428571 2.28571428571
3105 0.246478873239 0.246478873239
3107 0.767531219981 0.801963781806
3110 1.46871767424 1.97682718917
3115 2.16594666647 2.19951661665
3116 0.678308823529 0.750725031617
3118 0.0721607769086 0.0721607769086
3121 1.73913043478 1.73913043478
3122 3.64583333333 3.64583333333
3127 3.19627192982 3.19627192982
3128 1.14739341405 1.33621583819
3129 0.507224236096 0.704086849821
3130 1.13636363636 1.13636363636
3131 12.0 12.0
3138 1.01296829971 1.01296829971
3139 1.64886070176 1.91681681541
3140 5.53333333333 5.53333333333
3150 1.14879816955 1.22530514518
3151 1.75 1.75
3154 0.730769230769 0.730769230769
3165 1.52894270321 1.56374019506
3169 1.68296550465 2.17751221361
3173 5.0 5.0
3182 1.02855960265 1.02855960265
3186 1.50465064841 2.00578351589
3187 2.11966613159 3.80104888593
3188 5.23396226415 5.23396226415
3190 2.25823529412 2.25971505078
3193 2.78513077854 3.83286945756
3195 2.45454545455 2.45454545455
3198 0.757178526841 0.959664897811
3203 2.20870808136 2.21048874966
3209 3.79166666667 3.79166666667
3212 1.31967720574 1.73971397918
3215 1.31482428035 1.50385303564
3218 12.0 12.0
3219 1.92400117057 2.95534576318
3224 0.912324213157 1.13071482882
3225 1.80002039933 2.26465377977
3227 5.54545454545 5.54545454545
3231 1.29041610963 1.63476701463
3235 4.20535714286 4.69179225252
3236 6.21052631579 6.21052631579
3239 0.705882352941 0.705882352941
3242 1.35647506925 1.35660155778
3243 0.816035659256 0.846520034585
3244 1.08404691972 1.20828609284
3245 0.792283217931 0.91999332649
3247 0.227422003284 0.274394505128
3252 0.602471233732 0.872103080925
3269 1.71793275218 1.90685218603
3276 0.583333333333 0.583333333333
3277 2.50775193798 2.50775193798
3278 2.37921446999 3.26768515926
3284 1.48324661463 1.77792810582
3286 1.72 1.72
3287 1.60969387755 1.92197074671
3290 0.59630573405 0.602681573063
3293 0.657352941176 0.657352941176
3294 1.15345577499 1.85260332429
3296 4.76235044519 4.94777248214
3297 3.0300872093 3.29563520432
3298 1.40568946188 1.82048715578
3300 2.97762958145 3.23531175872
3318 0.0454545454545 0.0454545454545
3321 1.03697843325 1.49785563212
3323 1.14583333333 1.14583333333
3328 1.37614678899 1.37614678899
3332 0.714285714286 0.714285714286
3336 2.39655198524 2.79673843869
3340 5.98268398268 7.38797827364
3341 3.39123287859 4.1756881893
3345 3.45699426322 4.69988977762
3347 0.292109247935 0.36282046513
3351 2.66562629494 3.23406493675
3352 0.698775081128 0.703118419281
3353 0.973453482708 0.973453482708
3355 4.33333333333 4.33333333333
3366 3.94995941365 4.15242738131
3368 0.882013952078 0.882013952078
3372 5.4 6.48999229584
3374 0.787234042553 0.787234042553
3376 1.0 1.0
3381 0.899543378995 0.899543378995
3384 1.52 1.52
3385 2.46232120633 3.00182068844
3386 4.5 4.5
3389 4.02978498977 6.33004890789
3392 9.15 9.15
3395 1.68805985708 2.47006036249
3398 5.99031476998 5.99031476998
3399 0.44501510574 0.44501510574
3403 4.2 4.2
3404 1.07368421053 1.07368421053
3408 1.55737704918 1.55737704918
3409 7.19221453287 7.68505380741
3410 2.19293478261 2.21432879413
3412 3.57751721826 4.82145757616
3413 0.676175841961 0.683923387722
3414 1.11764705882 1.11764705882
3418 1.07333333333 1.07333333333
3421 0.682932005988 0.817837903195
3422 3.33333333333 3.33333333333
3423 1.09326033662 1.50367753254
3424 0.0 0.0
3426 2.13521850312 2.2049196846
3427 2.0625 2.0625
3429 3.4244404844 4.2213943218
3431 6.28323630606 7.64251716214
3438 3.4 3.4
3439 1.45454545455 1.45454545455
3440 4.39487071667 5.66379567094
3443 0.8 0.8
3450 0.953610712578 1.00167232757
3452 2.06531840021 2.2192249169
3455 0.5625 0.5625
3456 0.8 0.8
3457 2.73096976017 2.73096976017
3463 1.37107569721 1.37409728553
3464 2.10149253731 2.10149253731
3468 1.60644556944 1.76080675272
3476 1.25 1.25
3478 2.13224314582 3.08162971377
3480 10.2777777778 10.2777777778
3481 4.39745786566 6.79413388489
3482 0.0 0.0
3486 2.10519366197 2.10519366197
3487 3.41991590214 4.80711895783
3488 4.11442356483 5.6334032841
3491 2.47619047619 2.47619047619
3495 1.44610778443 1.44610778443
3499 0.38895790388 0.441101651822
3502 3.03548803939 3.60064680361
3510 1.65041493776 1.6605205829
3514 7.62879599857 8.35483532342
3516 1.69471981655 2.09775292115
3517 2.71127284034 3.53181695591
3519 0.847222222222 1.06953462823
3522 4.00342172797 5.00479046595
3523 1.90684091309 2.29984333373
3543 0.822510822511 0.822510822511
3545 1.52426600636 1.83695317209
3547 0.142857142857 0.142857142857
3550 5.61538461538 5.61538461538
3554 0.662034409191 0.686086781247
3558 0.899038461538 0.899359773927
3565 0.108786610879 0.108786610879
3569 0.87610619469 0.87610619469
3571 0.772261336355 0.787401027251
3573 0.889307228916 0.889307228916
3578 2.10144927536 2.43590381362
3580 1.8766990712 2.03492988777
3583 4.06035555839 5.68694190689
3585 1.03448275862 1.03448275862
3587 2.25221878225 2.6139430339
3592 3.85240464345 3.91604937942
3594 2.70192301017 3.11585357438
3595 2.07104781896 3.19265361866
3597 0.713043478261 0.713043478261
3600 2.97368421053 2.97368421053
3601 9.0 9.0
3604 2.34482758621 2.34482758621
3607 2.20537202603 2.75083575169
3608 1.50075402145 1.51251519314
3613 1.0 1.0
3614 4.72621493646 6.39904027164
3615 0.892543859649 0.892543859649
3616 0.764705882353 0.764705882353
3619 0.391022674688 0.391022674688
3621 1.4 1.4
3630 0.4375 0.4375
3632 1.30207930753 1.49391458232
3636 2.31350291371 2.6663954672
3637 8.73170731707 8.73170731707
3657 2.40979423455 2.92931984627
3661 2.81408899479 4.57387647496
3667 1.0 1.0
3676 2.45592897907 2.62597940444
3679 3.13615023474 3.991714843
3683 0.927409061902 0.927409061902
3684 11.4705882353 11.4705882353
3685 2.52457002457 3.26472901317
3689 1.20833333333 1.20833333333
3692 4.43181818182 4.43181818182
3693 0.708333333333 0.708333333333
3695 3.375 3.375
3696 2.66666666667 2.66666666667
3700 0.235294117647 0.235294117647
3709 3.69089699632 3.76937768025
3713 0.184210526316 0.184210526316
3719 2.51910903805 3.71300813111
3721 8.0 8.0
3722 1.10842696629 1.10842696629
3728 5.27556196574 6.78769767313
3729 2.3466395112 2.3466395112
3730 2.49975654063 2.97737756523
3733 3.14293198467 3.87750229151
3735 0.0733695652174 0.0733695652174
3736 2.80113286323 4.42291138278
3738 0.766570048309 0.831501379211
3743 0.831913004882 0.883871635451
3745 0.9 0.9
3748 9.67840647095 9.77016833116
3750 2.16707616708 2.16707616708
3753 1.11764705882 1.11764705882
3755 3.45718681489 4.34428670473
3758 1.14090100192 1.46553575564
3760 6.17834018637 7.09890496945
3765 1.76470588235 1.76470588235
3783 1.19672131148 1.19672131148
3789 0.72 0.72
3802 0.870312987958 0.96236169933
3808 1.11304347826 1.11304347826
3810 2.02469118571 2.16190040228
3814 0.722376973073 0.722376973073
3816 1.52380952381 1.52380952381
3821 5.5 5.5
3823 10.6666666667 10.6666666667
3828 2.90976058932 2.90976058932
3831 0.726098641089 1.01111285644
3832 3.48708698139 4.66657224023
3834 0.444444444444 0.444444444444
3838 1.14914166075 1.21009151704
3840 1.5757436526 2.36436466246
3843 5.94190170669 6.96894684895
3849 1.35069376026 1.8020936578
3852 2.03540637238 2.06728604604
3855 3.0 3.0
3857 3.24359712185 4.712054379
3859 1.67123287671 1.67123287671
3863 2.76923076923 2.76923076923
3864 11.3421602787 11.3421602787
3866 0.785714285714 0.785714285714
3868 2.07886606546 2.09861087694
3874 2.09183253685 2.22378276092
3876 2.08940092166 2.08940092166
3878 3.64743589744 4.60683859791
3879 1.37638860747 1.65839280591
3882 2.79900839054 3.94763059374
3889 0.923711116182 1.13717308398
3895 2.34605759984 2.5712154482
3897 0.903253424658 0.903695194831
3902 2.90103608432 2.90103608432
3907 0.416666666667 0.416666666667
3912 0.407356900623 0.437469266975
3913 1.74869781091 3.44499133811
3918 1.31166666667 1.56439995596
3924 1.87465181058 1.87465181058
3926 0.5 0.5
3927 1.01101341411 1.76468934981
3936 1.44546051209 2.31241088921
3938 8.26666666667 8.26666666667
3953 1.22720311524 1.54472262915
3957 1.375 1.375
3961 1.05599557283 1.40974677648
3962 0.25 0.25
3963 10.6666666667 10.6666666667
3965 5.45714285714 5.45714285714
3967 2.76822916667 3.2406738016
3970 3.85714285714 3.85714285714
3973 0.623862234772 0.777896368756
3974 8.0 8.0
3983 0.585272378867 0.585272378867
3985 1.5995872033 1.66420468218
3993 1.42184936848 2.54631850812
3994 0.560222007674 0.775754862362
3995 1.36843002532 1.47959467809
3996 2.39130434783 2.39130434783
4004 1.25446740871 1.46874333402
4008 5.26315789474 5.26315789474
4018 1.06666666667 1.06666666667
4023 1.63503471436 2.10782251462
4046 2.5812379198 2.66056089356
4047 3.12493386243 3.9516444476
4048 6.66458013686 8.11356274499
4050 3.21305220884 3.22826674582
4052 1.0 1.0
4053 0.997927890593 0.997927890593
4054 2.84906832298 3.02631859204
4064 2.13578732702 3.73137663816
4068 5.0 5.0
4069 1.65 1.65
4070 3.41702825882 3.94867873164
4073 2.0 2.0
4075 0.840749595979 1.01139085918
4078 5.46666666667 5.46666666667
4082 1.36600256015 2.28861270783
4088 1.625 1.625
4091 4.79543921386 6.24324686536
4093 8.05037070833 9.26642206391
4105 0.51215917465 0.51215917465
4106 3.09211399145 3.7188043016
4113 4.75666666667 5.4707758946
4130 1.80317113288 2.17806126057
4138 1.4 1.4
4141 4.73214285714 6.37242344891
4143 0.615384615385 0.615384615385
4144 0.820143884892 0.820143884892
4149 4.125 4.125
4153 1.05 1.05
4154 0.692307692308 0.692307692308
4159 5.3986938891 7.39645393145
4161 1.72658227848 2.30467781205
4162 2.14645717972 2.31979085211
4167 10.3333333333 10.3333333333
4172 1.63246855346 1.75384827026
4175 1.20621045621 1.21880203681
4179 4.20187037939 6.52887564346
4182 0.426470588235 0.426470588235
4184 1.78977272727 1.78977272727
4186 0.424964936886 0.424964936886
4192 1.66812542992 1.95841555186
4193 1.5823282963 1.81107654356
4195 3.21222479982 3.22040334223
4207 0.382434138956 0.383486775139
4210 0.721617665886 0.833914578089
4212 1.73363396148 2.09780875814
4219 0.797506845367 0.832701555858
4221 2.33153791579 3.05522280154
4227 6.24738590002 7.41560301453
4229 1.73333333333 1.73333333333
4236 0.538461538462 0.538461538462
4240 1.39435850457 1.72851619772
4245 0.875 0.875
4247 1.07468099881 1.18075065055
4252 1.32510786496 1.33050084916
4253 1.09066606632 1.45424057069
4260 1.74920076698 3.17628820661
4265 0.05 0.05
4268 0.666666666667 0.666666666667
4271 1.5617182002 2.24600628908
4272 0.636363636364 0.636363636364
4274 1.26785521005 1.56487444584
4280 0.593714285714 0.594132397806
4282 1.32488231914 1.62662465998
4286 2.0625 2.0625
4294 1.87654320988 1.87654320988
4296 0.937873285716 0.995923486341
4297 1.51812977099 1.51812977099
4298 10.25 10.25
4301 0.900555555556 0.924842662628
4308 2.48208757187 2.48208757187
4311 2.55555555556 2.55555555556
4315 2.2328364562 2.4269546075
4317 0.186868686869 0.186868686869
4323 2.92045454545 3.11359489023
4325 1.875 1.875
4330 1.13043478261 1.13043478261
4333 0.709677419355 0.709677419355
4341 1.42972976586 1.6578263021
4349 1.15591752811 1.21412895516
4353 1.7 1.7
4355 2.26589595376 2.26589595376
4357 1.7531577048 1.7531577048
4361 1.4 1.4
4362 1.53359880538 1.53359880538
4363 6.80913731236 8.02461142209
4367 1.51386321381 1.79689515318
4377 2.32610722611 2.45749166274
4379 2.70149253731 2.70149253731
4382 2.33209404824 2.93747522539
4388 2.1108659067 2.13562844199
4391 1.375 1.375
4392 3.57926356589 3.89547634679
4395 0.878100371089 1.04062143045
4399 1.0361155107 1.10675221136
4415 0.942188136283 1.0362536643
4416 9.6278780336 9.6278780336
4417 6.10508474576 6.10508474576
4418 2.02187320711 2.45794176475
4420 0.647356508351 0.822405651749
4423 2.18187986429 2.9419685275
4426 0.630945395001 0.683716438789
4430 2.375 2.375
4431 1.01195814649 1.01195814649
4433 0.212762147029 0.217531689311
4434 1.93333333333 1.93333333333
4437 1.63859331416 1.9486575322
4438 9.17857142857 9.17857142857
4441 1.89420450351 2.10424538606
4442 1.25260080645 1.41405229805
4443 0.315789473684 0.315789473684
4444 0.746639256187 1.00935967275
4445 10.8275862069 10.8275862069
4447 6.59246185843 7.57466651789
4448 0.627906976744 0.627906976744
4450 5.42857142857 5.42857142857
4454 0.576923076923 0.576923076923
4455 8.16666666667 8.16666666667
4456 2.12692539607 2.25850315206
4459 2.33333333333 2.33333333333
4461 0.895051282797 0.985194603813
4462 0.528794402583 0.528794402583
4465 0.0625 0.0625
4470 2.75513950073 2.76599897553
4474 0.918622828784 1.11293715158
4475 1.69306468165 1.70689848475
4479 0.396396396396 0.396396396396
4485 0.578947368421 0.578947368421
4490 4.78181818182 4.78181818182
4492 0.242647058824 0.242647058824
4498 0.722503896809 0.777840675061
4501 1.40940069638 1.42736049799
4502 3.4 3.4
4503 0.787969924812 0.787969924812
4508 0.9375 0.9375
4510 1.4191522763 1.50155344609
4514 1.67825788752 2.42612176169
4515 0.285714285714 0.285714285714
4523 2.01855263218 2.72276596311
4524 1.60776609207 2.15150155396
4525 2.10714285714 2.83248286556
4526 2.94623655914 2.94623655914
4530 0.533333333333 0.533333333333
4531 1.6886525367 1.99811375582
4534 1.59346858371 1.5939821636
4538 1.40347181308 1.8844972108
4543 9.21996769897 9.321760018
4546 3.2 3.2
4550 1.9281015546 2.35100610622
4553 2.55104470908 3.2427607099
4558 1.36413524169 1.39052060405
4565 0.407925041876 0.473928732404
4566 4.5625 4.5625
4569 1.30087244037 1.47171287836
4570 2.05062817495 2.95823863835
4572 3.98347107438 5.2835971793
4574 1.53869047619 1.53869047619
4576 0.223958333333 0.223958333333
4582 1.64473421477 2.40137492143
4583 3.68598682064 5.80976703499
4587 0.166666666667 0.166666666667
4592 1.92619451855 1.99132961844
4593 1.82162415901 2.31332316241
4595 1.55447377945 1.641694021
4602 2.12058645227 2.64774730056
4604 0.0909090909091 0.0909090909091
4606 0.58297041193 0.964295403591
4610 0.602836879433 0.602836879433
4611 7.57142857143 7.9961725538
4613 1.20510584036 1.43350037188
4615 0.285714285714 0.285714285714
4616 3.84693003374 5.08467345026
4617 3.0 3.0
4619 0.773410632418 0.955938860821
4623 2.22636823921 2.38067251139
4624 1.18715837998 1.42441684009
4629 1.47533457286 1.67574425438
4636 4.38330097087 4.48226867473
4637 2.24829931973 2.24829931973
4638 1.97196526151 2.276652738
4644 1.79135446686 1.79135446686
4645 1.57271215173 1.8122170082
4651 1.25198087111 1.25243524579
4656 7.14856230032 7.81123469885
4660 2.59090987019 3.13884803855
4663 0.6 0.6
4665 5.76899634009 7.62690012058
4670 1.72222222222 1.72222222222
4673 5.02547770701 5.02547770701
4675 2.77779833038 3.52408004085
4688 3.16661503264 4.07437363151
4695 3.94545454545 4.59461596521
4697 11.6666666667 11.6666666667
4698 1.70745745746 2.25001093851
4703 1.01267157311 1.39385019367
4704 3.53846153846 3.53846153846
4705 0.423076923077 0.423076923077
4706 0.875 0.875
4709 3.10086160861 4.23221993011
4715 5.85714285714 5.85714285714
4724 0.238095238095 0.238095238095
4725 5.0 5.0
4727 1.33333333333 1.33333333333
4728 0.03125 0.03125
4730 1.64102564103 1.64102564103
4736 0.428571428571 0.428571428571
4740 2.42339801109 2.46994635511
4744 1.56939998511 1.67610930016
4747 0.539548022599 0.539548022599
4748 1.77025947174 2.13775226467
4749 2.18273346698 3.32788406364
4757 3.11111111111 3.11111111111
4760 0.938707868625 1.11373137902
4761 1.33683090024 1.3893801726
4763 0.48 0.48
4764 8.69230769231 8.69230769231
4770 2.85714285714 2.85714285714
4774 1.68527977204 2.00187754663
4778 0.576923076923 0.576923076923
4781 2.47620576807 4.86351124762
4782 0.0748730964467 0.0748730964467
4790 1.61111984167 1.98997122509
4796 3.16666666667 3.16666666667
4801 0.592909535452 0.592909535452
4802 0.85926893713 1.07722519488
4803 3.66666666667 3.66666666667
4805 0.853852792777 0.989458055515
4806 1.69872437345 2.07326588655
4807 1.57945355758 1.76008487418
4810 0.587743732591 0.587743732591
4812 0.322069287883 0.347458837229
4813 0.851629797218 0.890827157896
4816 1.15384615385 1.15384615385
4817 0.454545454545 0.454545454545
4818 11.4444444444 11.4444444444
4819 1.54622776095 1.72938840927
4820 1.1462165222 1.45987941133
4821 1.12987424289 1.26073984625
4827 2.49593844603 3.13290809627
4828 0.405557188535 0.482893217538
4836 0.582413131132 0.691002215455
4840 0.526315789474 0.526315789474
4844 1.26666666667 1.26666666667
4851 1.88888888889 2.00308404192
4855 0.438889655641 0.527836083216
4859 1.26086956522 1.26086956522
4861 5.68898341443 6.43788938261
4863 1.38330565873 1.61083121338
4871 8.73733840424 9.63997381042
4875 0.96 0.96
4878 3.85714285714 3.85714285714
4881 0.752293577982 0.752293577982
4885 0.10582010582 0.10582010582
4889 0.146718146718 0.146718146718
4894 3.22301620744 4.82133387838
4897 1.01298701299 1.15671935346
4900 1.19534050179 1.19534050179
4910 4.78799541698 6.30322186959
4911 1.70588235294 1.70588235294
4916 1.10792951542 1.10792951542
4920 1.40715440744 1.79897662846
4922 1.28571428571 1.28571428571
4924 2.90476190476 2.90476190476
4929 3.92720207664 4.83182469524
4948 0.208333333333 0.208333333333
4949 2.66666666667 2.8955905174
4951 10.1875 10.1875
4956 0.773143563651 0.880550694116
4960 1.0850004017 1.0850004017
4964 1.92488610645 2.82867265358
4966 1.67284154343 1.80586699872
4967 2.45755951859 4.68706883867
4971 0.668859649123 0.668859649123
4983 2.43857120139 3.38581965999
4988 0.295500098795 0.311634263173
4991 3.84 3.84
4993 2.18315531512 2.53995639707
4994 2.07142857143 2.07142857143
4999 1.0 1.0
5000 1.88235294118 1.88235294118
5003 1.51770558782 1.63486655694
5009 4.04437422723 4.19874221072
5013 0.555555555556 0.555555555556
5014 7.28571428571 7.28571428571
5019 5.25 5.25
5021 11.5917107584 11.6060828239
5024 2.75720578918 3.06334208118
5026 0.956411407831 1.31667264671
5030 3.25 3.25
5036 2.46825023518 3.19691512717
5045 9.84885386819 9.84885386819
5046 0.0769230769231 0.0769230769231
5047 2.37685459941 2.37685459941
5060 12.0 12.0
5061 0.333333333333 0.333333333333
5062 2.07270408163 2.07270408163
5064 0.52380952381 0.52380952381
5065 1.25145066054 1.82575673449
5066 1.224193899 1.2934896597
5067 2.26864159677 3.25247353259
5069 3.22403196171 4.39553338892
5072 1.0 1.0
5076 4.84615384615 4.84615384615
5077 0.416668865786 0.536470630783
5078 2.14740205337 2.56732149275
5084 0.3125 0.3125
5085 1.52858776444 1.52858776444
5086 2.2657574341 2.6913494802
5096 6.43658536585 6.43658536585
5097 0.916666666667 0.916666666667
5099 1.35949939017 1.70541333552
5103 1.99835423197 1.99902149108
5113 2.20303437393 3.7612139515
5117 1.0 1.0
5119 0.689808321646 0.923847564878
5121 1.71144476804 2.47563438694
5124 3.49450549451 3.49450549451
5127 3.31931246358 4.32024736934
5131 7.60674157303 7.60674157303
5132 3.56760913374 4.20279402527
5134 0.553361344538 0.638259773486
5138 2.32142857143 2.32142857143
5143 1.1 1.1
5144 3.34482758621 3.34482758621
5150 2.01485953262 2.01530867208
5151 1.56345548592 2.03850795937
5154 0.0538781163435 0.0538781163435
5157 1.49416971917 2.14125946266
5159 0.437022900763 0.437022900763
5167 1.57555342824 1.94058597008
5168 1.4 1.4
5179 9.78947368421 9.78947368421
5182 1.48863636364 1.48863636364
5183 1.21502157842 1.71897529894
5191 4.05838922959 5.02997354724
5200 4.2 4.2
5202 0.517147535587 0.551018968634
5203 2.72727272727 2.72727272727
5204 1.6920059643 1.76416303998
5210 1.00180459963 1.11126751186
5211 2.93427738123 2.97276809209
5214 1.66101694915 1.66101694915
5217 1.90783311019 2.38491990451
5218 2.1024506467 2.19796886941
5219 0.0552216988793 0.0552216988793
5223 1.66723301746 2.23326709694
5224 0.833333333333 0.833333333333
5228 1.61824146788 2.23768790164
5229 1.79668728727 2.55402004782
5233 1.80614549169 2.11052583748
5234 7.28571428571 7.28571428571
5241 0.473684210526 0.473684210526
5242 0.75 0.75
5246 2.02582863026 2.61805503234
5250 1.00639720849 1.18477320525
5251 2.40767509824 3.27914573504
5254 2.79551133524 3.45643489588
5256 1.1962962963 1.44120243959
5257 3.0 3.0
5265 3.4 3.4
5271 0.989130434783 0.989130434783
5272 1.74842317402 2.58698261372
5274 0.185714285714 0.185714285714
5280 1.58924321811 2.12007945897
5282 0.740740740741 0.740740740741
5287 1.58461538462 1.58461538462
5288 3.11538461538 3.11538461538
5289 1.05128205128 1.05128205128
5291 3.2711164523 3.60648871419
5292 2.22564102564 2.23131145783
5293 1.96050601666 1.96050601666
5294 2.3403952916 2.562247641
5295 3.5525004533 3.82324822487
5300 3.86085196449 5.3449806448
5301 3.23076923077 3.23076923077
5310 2.80235294118 2.80235294118
5311 1.69380885798 1.97158205846
5320 1.37037037037 1.37037037037
5321 1.22409068261 1.30291719164
5322 2.52464065708 2.52464065708
5325 7.11962477148 8.37680051187
5326 0.0609756097561 0.0609756097561
5327 1.6 1.6
5328 1.05882352941 1.05882352941
5330 5.8 5.8
5331 6.0 6.0
5335 0.447368421053 0.447368421053
5336 1.19832402235 1.19832402235
5344 1.40650775422 1.5029036356
5345 0.8125 0.8125
5356 0.0424472373725 0.0424472373725
5361 2.20619235837 2.20619235837
5363 4.33339210567 5.46703283974
5367 0.806690615177 0.853014249315
5368 0.902484143763 1.03964321183
5371 4.75293986511 5.83507759507
5372 5.49939988453 6.3373743787
5374 0.108823529412 0.108823529412
5381 10.55 10.55
5382 0.214656964657 0.233951250327
5383 0.214285714286 0.214285714286
5386 1.58823529412 1.58823529412
5387 1.42838660578 1.4322367511
5388 1.17391304348 1.17391304348
5392 0.833333333333 0.833333333333
5395 2.1935483871 2.1935483871
5402 7.50054400341 8.68699378502
5404 0.864054826362 1.10257098806
5406 1.5 1.5
5412 0.528571428571 0.528571428571
5414 1.68363507891 2.19752407002
5421 0.968149314395 1.09337681467
5423 1.37247336377 1.53366755224
5424 1.62537441164 1.88705127601
5433 5.83333333333 7.47031161034
5446 2.30753035822 2.50178991996
5451 3.0 3.0
5453 10.8947368421 10.8947368421
5454 2.02525252525 2.26997588788
5456 1.30593181728 1.60335372606
5457 0.285714285714 0.285714285714
5459 0.435483870968 0.435483870968
5462 3.32414729492 3.41346731687
5463 4.66666666667 4.66666666667
5464 1.38461538462 1.38461538462
5475 2.17320261438 2.17320261438
5477 2.29213041368 2.48501951903
5478 0.30562075614 0.316033360108
5479 1.96153846154 1.96153846154
5480 0.0 0.0
5481 2.58713450292 2.63056328678
5482 1.6278555102 2.03577308368
5483 0.333333333333 0.333333333333
5484 3.04931822186 4.0568351258
5488 0.18784805352 0.220061605225
5492 2.71049311599 3.68067278447
5493 1.17196691601 1.46427010258
5496 0.451036763619 0.542803271609
5499 0.884091793077 0.884091793077
5500 2.11111111111 2.11111111111
5506 1.68227058543 1.8549672195
5507 2.13049104814 2.49489116023
5509 0.335593220339 0.335593220339
5512 0.879185709277 1.17598192452
5513 2.0 2.0
5515 1.25240373757 1.46112314301
5517 0.290838130124 0.348485739971
5518 1.68940941149 1.87090065499
5519 2.14844804318 2.14844804318
5521 0.887743521846 1.10171629089
5523 2.34503929319 2.63744153857
5526 3.91666666667 3.91666666667
5531 1.93333333333 1.93333333333
5538 2.0 2.0
5545 0.910239061795 1.00376486899
5546 2.91792065663 2.91792065663
5550 1.5625 1.5625
5551 1.07692307692 1.07692307692
5554 1.8604888547 2.44071000216
5555 4.85714285714 4.85714285714
5562 1.49255404898 1.90904965456
5565 0.726963240192 0.913699218384
5571 4.72222222222 4.72222222222
5573 3.92429063981 5.13473821391
5575 1.2174293209 1.2174293209
5578 0.979648051557 1.2327070785
5581 1.86797066015 1.86797066015
5584 0.988560794587 1.35060316498
5586 1.35714285714 1.35714285714
5589 0.375 0.375
5600 0.0675381263617 0.0675381263617
5608 2.08360205466 2.59720237223
5609 5.92857142857 5.92857142857
5612 0.333333333333 0.333333333333
5613 1.78947368421 1.78947368421
5617 7.09283050145 7.09283050145
5618 3.875 3.875
5627 0.6 0.6
5633 9.94646271511 9.94646271511
5638 2.05882352941 2.05882352941
5641 3.07692307692 3.07692307692
5642 1.87632505461 2.73618103166
5646 0.171163914619 0.171163914619
5649 3.37170823295 4.59880167546
5652 1.32585949178 1.32585949178
5655 1.02039184326 1.02059558154
5659 2.50721620118 3.24655729727
5662 0.951050561781 1.56716840783
5669 0.229815418374 0.316456056186
5674 1.66788947499 1.88133803095
5681 1.60128205128 1.77590806101
5683 0.186269038546 0.22762904112
5685 2.09411764706 2.09411764706
5687 2.35265435953 4.0351250468
5691 1.52941176471 1.52941176471
5692 1.8104768288 2.41722507241
5694 1.44117647059 1.44117647059
5700 2.81937030634 3.58019414454
5702 5.50310559006 5.50310559006
5707 2.14377405662 2.28110615146
5720 2.68333333333 2.85783523357
5721 3.94016959715 4.95324343123
5723 0.567901234568 0.567901234568
5724 3.57472531723 3.9240100406
5725 0.591703056769 0.591703056769
5727 7.4 7.4
5729 2.99409628384 4.262594693
5736 0.5576 0.5576
5737 1.26901425504 1.52593622882
5740 4.93125712115 4.93125712115
5745 0.848292192882 1.10950913395
5749 0.500539808022 0.501996729216
5750 2.0 2.0
5754 1.06060606061 1.06060606061
5757 1.3 1.3
5762 0.411764705882 0.411764705882
5763 0.425 0.425
5768 3.95718654434 3.95718654434
5772 5.37351809202 6.0167376991
5782 12.0 12.0
5785 0.89643281351 1.13397408871
5786 1.82803459201 2.62745705762
5790 10.2 10.2
5792 0.293091361785 0.390872045539
5797 1.84914841849 1.84914841849
5799 1.92980098939 2.08786168576
5815 0.490059108006 0.490059108006
5816 0.548837318448 0.634645146058
5826 1.78367556915 1.98698827493
5827 0.192672111274 0.19388060836
5828 0.0821917808219 0.0821917808219
5831 0.229654620311 0.294154278483
5834 0.3 0.3
5835 1.9131661442 2.16064151887
5836 1.78947368421 1.78947368421
5837 1.90395213852 2.67459552769
5846 0.930796328794 1.03683934216
5849 3.92932526729 4.81376452685
5851 1.1864523491 1.44444086641
5865 2.22897520493 2.81210450235
5868 0.28 0.28
5870 1.65553423348 2.02306104654
5876 3.98286883433 4.58554995587
5879 1.44 1.44
5885 2.0 2.0
5889 1.8 1.8
5890 1.54545454545 1.54545454545
5891 0.168316831683 0.168316831683
5892 2.01622516556 2.01622516556
5896 1.58091191977 1.91652918548
5897 2.54459234174 3.7559585288
5898 3.33556448655 4.60365279205
5899 5.8 5.8
5902 3.88888888889 3.88888888889
5904 1.22857142857 1.22857142857
5909 4.1 4.1
5911 4.98580045225 5.87651132561
5915 1.83702956989 2.33026790592
5924 2.0 2.0
5925 1.49865439093 2.01794448353
5931 1.73178017862 2.31522861035
5932 0.788888888889 0.852157755058
5933 2.78979399431 3.62750397267
5934 5.00952200151 6.33406299076
5936 0.785340289333 0.989699496232
5937 10.7205720572 10.7449828509
5938 7.09090909091 7.09090909091
5940 0.4 0.4
5941 0.488321015135 0.625144837374
5945 1.65841036971 1.85720475167
5946 0.842105263158 0.842105263158
5948 3.55401244935 4.11303174505
5949 2.06923076923 2.12176659676
5956 4.63037409269 6.40263593252
5957 1.32808430418 1.4057278133
5963 0.237720111214 0.237720111214
5964 0.35453100159 0.359121049223
5968 6.04128157733 6.04128157733
5969 1.15662982062 1.8825238261
5974 1.38608414668 1.6603483786
5976 6.63555555556 7.3562728754
5988 3.25 3.25
5990 1.05555555556 1.05555555556
5992 8.42849094703 9.29156977671
6000 9.9 9.9
6004 4.03868960824 5.87222678478
6006 1.54787994668 1.90274115557
6007 1.67296573876 1.96093683369
6013 0.472562599893 0.472562599893
6018 0.935849056604 0.935849056604
6022 1.36745836746 1.36745836746
6026 0.525644744216 0.598258455935
6035 3.84388185654 3.84388185654
6038 1.17647058824 1.17647058824
6040 1.27788358978 1.72061513676
6041 1.19117775216 1.25457840943
6043 1.23556953448 1.69297732064
6044 0.0 0.0
6045 1.00482385262 1.3203064622
6048 0.357142857143 0.357142857143
6053 1.62962962963 1.62962962963
6055 0.254842875592 0.254842875592
6059 0.6 0.6
6061 1.07610458416 1.45192963868
6063 1.23042362003 1.36841412836
6065 3.38116370809 3.74871964288
6070 7.7619047619 7.7619047619
6071 1.92895442359 1.97607364888
6077 0.646604938272 0.914437473201
6083 5.0 5.0
6084 2.4 2.4
6087 1.82352941176 1.82352941176
6091 7.19489016507 7.51833398828
6094 2.23076923077 2.23076923077
6098 0.5 0.5
6099 0.850109687872 1.15133928196
6102 1.6 1.6
6103 1.54132823698 1.54132823698
6107 5.09906389111 6.53086809353
6112 2.64583333333 2.88329118466
6115 0.789192429344 0.987856807907
6117 1.66535433071 1.66535433071
6120 2.79589299311 4.36848669994
6124 3.10761904762 3.10761904762
6126 0.5 0.5
6136 4.26315789474 4.26315789474
6143 1.0 1.0
6148 2.23798150387 2.93150512567
6150 1.54484622968 1.85326074211
6154 0.270742358079 0.382887514704
6159 1.93548387097 1.93548387097
6160 2.67441860465 2.67441860465
6162 1.79166666667 1.79166666667
6168 0.458645433189 0.563004991587
6178 2.86666666667 2.86666666667
6182 2.74576271186 2.74576271186
6183 1.42968650994 1.5795080686
6186 2.85714285714 2.85714285714
6190 0.538461538462 0.538461538462
6194 5.81896038759 7.03282942096
6198 5.55395043553 7.3781181432
6201 0.54611073736 0.55727650347
6202 2.5280636777 3.47727153028
6215 1.04027213012 1.22950766834
6218 1.17647058824 1.17647058824
6227 6.5 6.5
6228 2.08754208754 2.08754208754
6234 2.84772148316 2.84772148316
6237 0.296176716529 0.296433420923
6239 0.611111111111 0.611111111111
6240 0.744083994377 0.892455678905
6246 0.818181818182 0.818181818182
6260 6.17647058824 6.17647058824
6269 4.23196424453 5.42546857061
6276 5.15151515152 6.850160696
6277 0.471609403255 0.54423073891
6280 1.44439779641 1.69661829772
6281 0.365101929955 0.558658394948
6282 2.3741101958 2.96953312733
6283 1.49988151388 1.73659262128
6285 3.77431478002 4.44447738084
6287 1.40706109033 1.40714002428
6290 2.68078171288 2.71780411541
6293 3.55555555556 3.55555555556
6297 1.28173366014 1.97722476296
6299 1.67956700827 2.46241712102
6301 1.27272727273 1.27272727273
6303 1.4306099152 1.5791805823
6306 4.88235294118 4.88235294118
6319 1.85714285714 1.85714285714
6321 0.538461538462 0.538461538462
6325 1.50163333547 1.71980526868
6326 0.36 0.36
6328 0.613992120053 0.920870641159
6329 6.58823529412 6.58823529412
6332 9.62962962963 9.62962962963
6335 1.84615384615 1.84615384615
6337 0.427794057794 0.485860375714
6340 4.83333333333 4.83333333333
6343 1.82254951729 2.43298911429
6344 0.503663003663 0.61956217642
6346 1.79166666667 1.79166666667
6349 0.845464052288 0.85721732472
6369 1.22736544346 1.39128241914
6372 4.5 4.5
6375 0.819614064062 0.854217579074
6377 1.93008823825 2.03964589868
6378 5.31854259794 6.90450877751
6379 1.09792510291 1.16390300749
6384 3.49216264859 4.68021928384
6386 1.57693626508 2.1438679817
6387 0.697115384615 0.832425232529
6396 0.916666666667 0.916666666667
6397 2.26461988304 2.26461988304
6400 4.95483742864 5.46029994495
6403 4.74601366743 4.74601366743
6404 1.25842277652 1.29858546068
6405 1.47368421053 1.47368421053
6406 1.85408475317 2.02188456796
6410 1.25776743441 1.36008309254
6411 4.39550202335 5.40766954117
6412 0.0 0.0
6415 1.90788393054 2.9476723739
6418 1.01485011715 1.16991549952
6419 1.08713046498 1.19497446664
6420 0.153846153846 0.153846153846
6421 0.00709219858156 0.00709219858156
6428 1.23529411765 1.23529411765
6429 0.666666666667 0.666666666667
6431 9.95490733074 9.97398006835
6432 1.42105263158 1.42105263158
6435 3.75944487278 3.75944487278
6437 3.28571428571 3.28571428571
6438 0.833681765389 0.899498855437
6439 1.26735190097 1.75198663594
6440 3.83171066771 4.7936008135
6441 1.92105263158 1.92105263158
6444 2.44666097431 3.88413827442
6450 1.82416650949 2.32362260101
6454 3.17067394016 3.69227312449
6455 1.06000345582 1.22732286644
6456 1.47452190663 2.43936784789
6458 3.77767827996 4.63383973209
6463 0.784199436342 1.01742942308
6470 0.924188885816 1.15802257068
6476 9.37323943662 9.37323943662
6484 1.07312771948 1.36723753224
6488 0.829859512372 0.981006225305
6497 0.514746543779 0.517857950205
6507 0.235294117647 0.235294117647
6517 1.18874856275 1.41541204522
6521 1.51302031639 2.07179976369
6526 1.33379694019 1.33379694019
6530 1.65491741742 1.94956617706
6533 0.992065501405 1.17363382724
6538 3.60421163442 4.21265837108
6540 0.634920634921 0.634920634921
6541 0.733333333333 0.733333333333
6543 9.66666666667 9.66666666667
6549 1.215915456 1.72261654571
6559 2.53333333333 2.53333333333
6560 0.799953929399 1.06967679155
6562 1.32059528137 1.80701396136
6564 4.31695721078 5.44410917394
6568 2.54166666667 2.54166666667
6571 6.5303030303 8.51835914997
6574 0.859816399069 0.861756717701
6576 3.1 3.1
6583 1.23741165108 1.39843133032
6584 11.380952381 11.380952381
6591 1.4908616188 1.4908616188
6595 3.12630181781 4.33148559857
6596 1.28 1.28
6601 1.76470588235 1.76470588235
6602 1.36363636364 1.36363636364
6606 2.84210526316 2.84210526316
6608 6.73913043478 8.54942264713
6611 0.444444444444 0.444444444444
6614 1.5787037037 1.5787037037
6615 0.882226511809 1.1229285571
6619 0.0 0.0
6631 2.46236161479 2.84019648194
6640 2.78042667012 3.11973742774
6642 0.125 0.125
6644 1.49268819609 2.17835075636
6651 1.83126727012 1.99315573273
6655 0.664502164502 0.670988688694
6657 5.87874097007 5.87874097007
6671 3.35 3.35
6674 0.130434782609 0.130434782609
6680 1.28769118718 1.28769118718
6689 7.30886850153 7.30886850153
6694 0.0 0.0
6696 2.55475277067 2.59722833994
6697 0.795078051247 0.878050285032
6699 0.466666666667 0.466666666667
6701 0.5 0.5
6702 1.61538461538 1.61538461538
6703 0.89543817527 1.47964852364
6704 3.77104722793 3.77104722793
6705 7.65 7.65
6707 0.548611111111 0.549708817421
6710 0.0 0.0
6716 3.50841487736 4.72752802231
6717 1.11764705882 1.11764705882
6718 2.15384615385 2.15384615385
6722 1.07692307692 1.07692307692
6732 3.72628726287 3.72628726287
6734 1.45454545455 1.45454545455
6736 1.72375114386 2.0152136476
6737 2.67435055901 3.45075127762
6738 0.025447042641 0.025447042641
6740 1.56483754091 1.70291703727
6748 1.84133261107 3.11353388918
6752 2.09523809524 2.09523809524
6755 5.71812080537 5.71812080537
6756 3.18679849643 4.12492013136
6766 1.92336219044 2.93656056983
6767 0.909090909091 0.909090909091
6770 9.1749757517 9.1749757517
6772 1.77894736842 1.77894736842
6774 2.55291005291 2.91784790535
6775 1.22630560928 1.73425802426
6778 4.28888888889 5.24035857787
6779 1.75519414232 1.87638235638
6780 5.64173094374 6.10364193173
6782 2.68181818182 2.68181818182
6787 0.307692307692 0.307692307692
6794 9.0 9.0
6796 2.52552089075 2.86620234505
6797 9.75 9.75
6800 1.54011846684 2.22044571582
6802 0.666666666667 0.666666666667
6809 2.46 2.46
6814 1.464 1.464
6816 2.29906542056 2.29906542056
6817 5.0 5.0
6819 2.73913043478 2.73913043478
6823 1.44068998365 2.12684323705
6824 0.5 0.5
6826 0.556481481481 0.68912904018
6829 0.301466454164 0.336225480486
6830 2.53538701606 2.68122961694
6833 0.310526315789 0.329609859197
6838 4.94165424088 4.97225478922
6839 2.01512606722 2.6755855186
6840 1.23333333333 1.23333333333
6844 1.50690548537 1.52507567237
6853 11.5 11.5
6854 2.67299289857 3.73244555727
6863 2.69461492259 3.47204371431
6872 1.66169426077 2.14507133638
6878 2.7182339923 3.3961739478
6883 1.34382218143 1.93616106277
6886 1.38461538462 1.38461538462
6887 1.40495999273 1.40505190706
6889 2.42987125375 2.49286225549
6895 1.58086775329 2.23482695702
6902 1.91532863815 3.54520314631
6913 5.5 5.5
6914 6.0 6.0
6915 0.769230769231 0.769230769231
6917 5.73325716561 5.88467983508
6919 1.30303030303 1.30338261622
6921 1.02768715692 1.15046736331
6939 2.18365384615 2.21710044732
6940 0.7966285352 0.967376939467
6941 8.0 8.0
6948 2.30634662327 2.30634662327
6955 1.85358184471 2.38475125726
6966 0.142857142857 0.142857142857
6968 1.87152365533 2.05306100081
6971 1.24265073597 1.45154921931
6975 1.00144632283 1.25048294541
6976 4.95652173913 4.95652173913
6980 2.41254522305 2.70502284839
6981 0.602272727273 0.602272727273
6982 0.130434782609 0.130434782609
6983 2.46703296703 2.94584416193
6993 2.07519567648 2.2719375283
7001 0.994561916049 1.31591067059
7005 2.37454873646 2.37454873646
7006 1.46727147329 1.99933704315
7011 1.14545454545 1.14545454545
7012 1.0268548356 1.14220196748
7013 0.763861683591 0.896740838545
7030 1.45504921819 1.46695963162
7037 1.33333333333 1.33333333333
7041 0.374768089054 0.374768089054
7042 1.0 1.0
7043 1.80754782474 2.05877252949
7045 4.82126348228 4.82126348228
7052 3.05128467118 5.76351304807
7055 1.31578947368 1.31578947368
7058 0.0555555555556 0.0555555555556
7059 0.428571428571 0.428571428571
7060 1.0175848425 1.01764538838
7063 0.655695713734 0.734041785733
7072 0.25 0.25
7073 11.2222222222 11.2222222222
7074 0.851239669421 0.851239669421
7079 1.98684156631 2.31731373971
7080 3.71752534564 4.61411603223
7081 2.26565059731 3.10212578709
7084 1.66037735849 1.66037735849
7088 1.59012131716 1.59012131716
7091 1.5 1.5
7094 1.41693504727 1.81771256914
7095 1.00533943555 1.00533943555
7098 4.1 4.1
7099 1.09933404845 1.27961546705
7109 1.54040639237 1.73761121462
7112 1.59556620731 1.59556620731
7113 1.15504992066 1.48063132514
7114 0.8125 0.8125
7118 0.695652173913 0.695652173913
7119 1.71322470692 2.65965325657
7121 1.23139060375 1.55322557259
7123 1.2639040349 1.2639040349
7125 1.91817994797 1.97544053878
7127 3.14514670073 3.5774978364
7129 2.51072905062 2.94604894126
7130 3.30638180324 4.06417949976
7132 0.285714285714 0.285714285714
7134 1.53476575535 1.55419674031
7135 1.44558776109 2.45141926475
7137 0.586113266098 0.586113266098
7138 0.473684210526 0.473684210526
7139 2.35064935065 2.35064935065
7140 0.583333333333 0.583333333333
7141 5.66666666667 5.66666666667
7142 1.58495828219 2.21150523085
7143 0.321428571429 0.321428571429
7152 1.52631578947 1.52631578947
7153 1.77272727273 1.77272727273
7158 0.63925729443 0.63925729443
7159 0.798867021867 0.917006146043
7163 1.15535760223 1.55536796072
7164 0.724299065421 0.724299065421
7165 6.10526315789 6.10526315789
7166 1.41314079118 2.03531363133
7168 1.32037041599 2.43869362698
7171 5.59975696958 6.08042861167
7173 2.60383291452 3.21652298733
7176 5.35118434619 7.08940463839
7177 0.646649810367 0.736893705877
7178 1.13439047639 1.56850609942
7181 0.955173544326 1.05824093043
7183 1.52631578947 1.52631578947
7187 2.77777777778 2.77777777778
7188 6.31818181818 6.45422534417
7194 0.166666666667 0.166666666667
7199 0.0541176470588 0.0541176470588
7203 0.990861210641 1.22635410604
7215 1.02731512628 1.47048093995
7218 11.0 11.0
7222 1.7076863856 2.17263674043
7226 2.86486669386 3.60441945408
7227 2.56060606061 2.56060606061
7233 0.411764705882 0.411764705882
7234 3.74894514768 4.00731163365
7235 2.53846153846 2.53846153846
7247 0.32 0.32
7251 0.920840420391 1.25916688391
7253 2.125 2.125
7254 3.7 3.7
7255 6.66666666667 6.66666666667
7262 0.850880648974 1.26169485975
7263 1.39104554865 1.39104554865
7272 10.3176470588 10.3176470588
7273 2.5 2.5
7275 1.03092783505 1.03092783505
7278 2.51669274214 3.22916029559
7279 0.5625 0.5625
7290 3.02627128517 4.47620536139
7291 7.14285714286 7.14285714286
7293 1.0662154554 1.20925808635
7294 3.00947638934 3.93549658192
7295 1.875 1.875
7297 0.646268656716 0.646268656716
7301 0.916666666667 0.916666666667
7304 1.81341747773 2.13533955296
7305 0.714285714286 0.714285714286
7307 1.625 1.625
7309 0.133333333333 0.133333333333
7310 1.29494929213 1.44740884346
7313 1.67816091954 1.67816091954
7320 4.20640374007 5.0250506868
7323 2.72222222222 2.72222222222
7326 4.89772241232 5.44887052659
7328 2.30699740081 3.38105938861
7334 3.24463434022 5.11265340691
7335 1.35714285714 1.35714285714
7336 11.0 11.0
7337 4.15384615385 4.15384615385
7339 1.81040798237 2.75407605167
7342 6.67291570969 6.84608525265
7345 8.5 8.5
7347 2.2 2.2
7351 3.96437153672 5.76865014989
7354 3.45 3.45
7355 3.37649880096 3.37649880096
7356 4.5116958042 6.29079399801
7357 1.25520833333 1.25520833333
7359 7.73684210526 7.73684210526
7361 0.762820512821 0.766072576612
7369 2.35714285714 2.35714285714
7374 2.43243243243 2.43243243243
7375 1.1875 1.1875
7379 0.666666666667 0.666666666667
7382 3.76618179493 5.65120910615
7384 2.10257438476 2.18466070281
7385 4.96896539993 6.16291994992
7387 1.22956564504 1.48921535989
7389 3.05180448991 4.53794371762
7391 0.666666666667 0.666666666667
7392 1.69230769231 1.69230769231
7394 1.88235294118 1.88235294118
7398 5.36595174263 5.36595174263
7404 0.241626984127 0.260123100594
7407 2.13114982744 2.14767924028
7410 0.15 0.15
7411 2.64668085455 2.78203588739
7412 0.714285714286 0.714285714286
7413 1.30700966075 1.30700966075
7414 1.15901682613 1.53014856212
7420 4.00136097844 5.51063146821
7431 2.35824430723 3.53415355676
7435 3.82352941176 3.82352941176
7436 5.6865248227 7.4861298737
7437 2.20799063156 3.13283899037
7438 0.333333333333 0.333333333333
7442 1.92606212069 2.50005024739
7443 1.13043478261 1.13043478261
7444 1.52678193605 1.53453588306
7446 1.06729900632 1.06729900632
7450 1.972 1.972
7453 1.37870085246 1.82677993571
7459 0.775659824047 0.839501400202
7460 1.62707124443 1.63812551178
7464 0.638888888889 0.638888888889
7465 1.38319722507 1.574996248
7466 0.9475841692 1.07334691523
7474 1.03476851295 1.40875762044
7478 3.0 3.0
7482 1.15656565657 1.15656565657
7483 0.480357142857 0.522412232644
7484 2.7939065319 3.18151558184
7487 4.28571428571 4.28571428571
7490 6.0 6.0
7491 2.74739208633 3.63334318048
7493 2.65369622845 3.63598323245
7494 1.10906328845 1.1589938062
7497 1.3612565445 1.3612565445
7498 2.11186790506 2.20712315328
7503 2.0 2.0
7504 0.5 0.707106781187
7512 1.0 1.0
7513 0.730128699507 0.90289010487
7515 2.07317073171 2.07317073171
7518 2.93295427892 4.53435422254
7525 4.08915303011 5.62000394956
7527 0.111111111111 0.111111111111
7532 2.75 2.75
7533 2.63636363636 2.63636363636
7534 6.23076923077 6.23076923077
7535 4.86666666667 4.86666666667
7538 0.697580645161 0.697580645161
7543 0.48490945674 0.48490945674
7547 8.59110037327 8.69053465616
7550 4.73913043478 4.73913043478
7551 2.75 2.75
7553 1.20453730733 1.69846711906
7557 1.05371660859 1.05371660859
7561 1.40902117729 1.47973621735
7562 5.55759398496 6.30001273082
7564 0.514673640572 0.542829403347
7568 2.55939707149 2.69941496393
7574 2.6032255066 2.91922399533
7578 0.533882978723 0.557023191527
7579 3.22727272727 3.22727272727
7580 3.13144662145 4.54073648071
7585 3.38285714286 3.38285714286
7587 4.53239783797 6.32386836762
7591 0.812251723862 0.979627845372
7594 2.71547619048 2.71547619048
7595 0.646898673433 0.808138478175
7600 2.56883458153 2.72793171962
7604 1.52941176471 1.52941176471
7607 3.2253968254 4.12695604386
7608 2.44148372514 3.8739202755
7611 9.17130365855 9.30730326423
7619 0.586206896552 0.586206896552
7621 1.18237822532 1.18272243017
7627 0.4 0.4
7629 4.6913377193 6.58511886158
7632 1.18733289427 1.65909385262
7638 0.193798449612 0.193798449612
2.06064652574 3.09292193104