4447 5.12934730663 5.36236808422
4023 1.49591400237 1.65244843525
5988 0.744856040726 0.744856040726
346 1.58500063288 1.73430966508
347 6.04751391743 6.04751391743
7513 1.15166932853 1.43458490565
7512 3.01103554842 3.01103554842
342 3.08471199232 3.33366816265
343 2.35727572781 2.45209428838
3996 1.72268677267 1.72268677267
3995 0.817853517376 1.08105486752
3994 1.36841195716 1.45625257619
348 0.892928153732 1.17156895146
7518 3.33648807789 4.14801499181
6150 1.27019344135 1.54339502965
6154 0.482937429746 0.583541904676
6159 0.585092600892 0.585092600892
6796 2.11249672145 2.93501218933
6797 8.37589373795 8.37589373795
4730 0.898353791318 0.898353791318
4736 1.88210192324 1.88210192324
2319 0.982464069111 0.985394692695
2313 6.00834994947 6.00910478168
2310 2.35583617403 2.35583617403
2311 2.62476271859 2.62476271859
5851 0.632430447473 0.811164051883
299 1.25039567269 1.48970684448
7627 2.47336295065 2.47336295065
291 3.45835758216 3.45835758216
4656 3.46243880718 4.20908806116
274 5.89427138886 5.89427138886
276 2.85439634539 3.76419858833
278 7.47247056041 7.47247056041
4836 1.00284069458 1.11772724425
6584 8.49059700131 8.49059700131
2262 1.1969283334 1.27800074758
6190 4.53065956902 4.53065956902
2266 5.08800801426 5.08800801426
2443 1.72549764632 1.72549764632
6055 0.238628006059 0.238628006059
108 1.58731894283 1.58731894283
109 0.153945008325 0.153945008325
107 4.04285676684 4.04285676684
4813 1.77888807762 1.77922796133
2047 9.70987447097 9.70987447097
2045 0.989011671225 1.03476548467
4817 2.990977216 2.990977216
4816 1.93691628187 1.93691628187
2040 2.37883492878 3.05733975414
4819 1.59220824629 1.82423366678
4818 10.0829130876 10.0829130876
1297 1.68511903665 1.93098249142
6378 4.35707871692 4.8360098518
6379 1.49194164173 1.79692088104
6053 0.646561163907 0.646561163907
5828 1.220808234 1.220808234
6372 0.911503737611 0.911503737611
6375 1.67376630916 1.67377038288
6377 1.82932334532 2.12902902151
2838 3.80938859325 3.9899098908
5363 3.78318039832 4.33573415546
3519 0.143512522768 0.14376590791
3510 1.41728272132 1.72393542535
3517 1.5151558201 2.19113031293
3516 1.78133826608 2.40356464924
7263 1.15277152589 1.15277152589
3514 5.97886875505 6.09998041391
6201 3.01000764839 3.0100669725
6202 1.51051822726 2.22219229631
2685 1.52896953498 1.70019661524
2687 5.2152128352 5.64192506025
2681 0.844360425251 0.977683092752
2683 1.0151296693 1.25923941369
5406 0.955893844582 0.955893844582
5119 0.220703567642 0.221707874599
6802 2.17106220714 2.17106220714
6800 0.773943605452 1.05288119007
5293 8.27436544021 8.27436544021
5404 0.95325025343 1.23633681208
91 8.14664099301 8.14664099301
93 0.430508319617 0.430508319617
95 2.02558737252 2.02558737252
97 2.08120766304 2.08120766304
5402 7.10078699087 7.24747174703
5182 4.27007789524 4.27007789524
1622 1.29367624685 1.58533730908
1992 1.5750904828 1.5750904828
1627 1.77562117854 1.84239527112
3993 2.21952991158 3.11809378698
1629 3.08219629215 3.08219629215
1628 3.24112188273 3.52882593096
3209 0.47739499515 0.47739499515
2860 0.1983367656 0.1983367656
2861 5.17320853599 5.38731203219
2863 6.70996462698 7.34865805421
2867 1.24877605099 1.60969359136
555 1.75441260622 2.02424074407
554 3.16941517599 3.16941517599
551 0.557251163883 0.557251163883
550 1.09751620707 1.42276072048
553 0.262577304988 0.262577304988
552 2.95466021147 3.13694107185
7142 2.27348859963 2.76776428004
1199 6.02863110418 6.08721623511
5459 0.968713786622 0.968713786622
7079 2.38755804285 2.38756120065
7074 0.640170616848 0.640170616848
5451 2.50456591415 2.50456591415
1193 2.79184823086 2.79204784364
3341 3.66063498889 4.19785890671
5454 3.06849159019 3.73031236943
3347 2.12666179249 2.20852423577
1197 4.61215829815 4.61215829815
3345 5.17405150031 5.21476030124
1754 4.01753782712 4.58959428121
1752 0.389114644574 0.389114644574
6976 3.16149108357 3.16149108357
6975 0.774883410422 0.917359359602
6971 2.20028094178 2.39660979784
4253 2.53833074396 3.37045707733
4252 2.07513665788 2.27162345846
5531 0.450030380892 0.450030380892
5538 0.0908453000814 0.0908453000814
1285 1.33872443072 1.67135613411
1284 3.21554623251 3.3680063618
1287 4.58577359945 4.79180947386
1280 4.57497011665 4.57497011665
1283 9.61835509236 9.61835509236
1289 0.982570982067 0.986260758909
7188 5.10058789574 5.48682703266
1579 3.22718556556 3.63905432362
689 3.40836017188 3.99644612877
684 2.14618034171 3.57339154744
687 2.2536720837 2.45997283839
7183 1.11199311673 1.11199311673
681 2.11289885014 2.11289885014
683 2.31800629314 3.40368686124
7187 0.166836741666 0.166836741666
458 2.54012871551 2.54012871551
6006 1.99263965048 2.38974665922
1222 8.63525122791 8.63525122791
4388 2.00100076595 3.07612419085
6576 1.65027478917 1.65027478917
625 2.47702604278 2.61504621995
6574 1.50194144882 1.80949804202
5627 0.952489845495 0.952489845495
4382 2.23286258405 2.84284799733
7459 0.715824961387 0.862199366532
1371 2.2452584335 2.2452584335
406 0.863783111232 0.863783136493
405 1.58405759685 2.1015966621
1374 1.56913213769 1.78765394921
3834 2.98383188919 2.98383188919
628 8.34343255067 8.34343255067
3831 0.513504265215 0.669889316787
3832 3.36842944075 4.51182403853
3838 3.72000369688 3.72008280719
6794 7.61564182351 7.61564182351
4844 1.08866794563 1.08866794563
5990 1.9513971112 1.9513971112
5992 6.50716104043 6.54052873636
379 5.0486230292 5.0486230292
7527 2.7283850792 2.7283850792
7525 3.0035412947 3.22044196927
370 4.81065193909 5.47777760377
373 0.491950682185 0.491963142006
2038 3.17398019834 3.17398019834
374 5.54361234353 5.54361234353
376 3.51957724853 3.51957724853
6530 0.661410256613 0.808736951099
393 1.73228395504 1.73228395504
391 1.11653727514 1.6228322496
394 1.26612666898 1.26612666898
6148 2.48440545625 3.20086965334
2309 5.5185317317 5.5185317317
6780 3.86865293551 4.61035562534
6782 1.21517017668 1.21517017668
4728 1.35096883992 1.35096883992
6787 1.73598464158 1.73598464158
2301 3.9359442444 3.9359442444
4724 3.36570433776 3.36570433776
4727 0.829609647804 0.829609647804
2307 6.45046143355 6.45046143355
5846 0.712777280812 0.834652575691
6538 3.29821758254 3.89383373506
5849 3.12538097116 3.61309080825
3748 2.53696822573 2.53789722029
3203 1.50349654987 1.8854875263
3745 1.15863545002 1.15863545002
3743 0.246353580944 0.249276569894
247 0.752907922327 0.752907922327
4623 2.34017249587 2.54601577928
4624 3.18128048809 3.33452110319
243 1.16493127858 1.16493127858
4629 2.44704145164 4.01439025377
2272 1.08442469714 1.08567255393
2278 2.75142314144 3.2144293997
2459 0.490108775516 0.490108775516
2454 1.27256638067 1.27256638067
2451 3.24887962967 3.24887962967
2450 2.46885406838 2.79417124751
172 0.121171629416 0.124393917679
171 2.22343452267 2.69022162411
2050 2.71065949959 2.75424600464
4538 0.736363725051 0.85581479252
4828 0.932699763951 1.15108418421
2059 3.93656038982 3.96610508685
2058 0.184856011302 0.202342798467
3692 1.56054526878 1.56054526878
3693 1.39441198414 1.39441198414
4530 2.69836741562 2.69836741562
3695 2.1674931117 2.1674931117
3696 2.13438039062 2.13438039062
4821 1.24856335892 1.49540204286
6369 2.3354434626 2.37528164408
4983 2.49964131823 3.34272355146
7337 3.00289432364 3.00289432364
1504 3.1313733908 3.1313733908
3522 3.48277650397 4.89256296313
3523 2.17190426012 2.67209827367
7043 1.15151465116 1.47940137964
7218 3.14272657076 3.14272657076
7215 1.33198555811 1.41859023055
1601 4.92971063161 4.92971063161
6215 0.686251532852 0.687532442824
6386 3.42163680205 3.47624698413
2699 1.11563519719 1.11563519719
4651 0.493498951735 0.567117293583
2693 1.29877433978 1.37422233496
2690 0.420249012585 0.521915514516
6819 2.09626878775 2.09626878775
1605 0.123263072045 0.124915856548
6814 0.173180103449 0.173180103449
6817 5.89464416765 5.89464416765
6816 1.25457576068 1.25457576068
7326 3.09504464059 3.68824609712
3231 2.17328995104 2.5087760612
3236 4.06659809103 4.06659809103
1969 7.3103948707 7.3103948707
3235 4.0083636038 4.17984241107
1965 3.92695189403 4.30110247974
1966 1.11408075601 1.6642619167
3239 2.61958474735 2.61958474735
5191 5.32318432436 5.4931936837
1962 1.39631662945 1.43069653874
2877 4.60489839486 4.60489839486
3355 1.52645075675 1.52645075675
3351 2.08824325673 2.33086984571
3353 0.00181394754428 0.00181394754428
3352 1.06052041932 1.14276875706
7063 0.562253001714 0.588852274592
5446 1.80687900354 2.2599533453
7060 2.30286292605 2.52752567922
1764 9.08312727786 9.08312727786
1788 0.479900970289 0.479900970289
1145 1.51897139208 1.70314985899
6968 1.42603777779 1.42664500374
1148 6.16225230974 6.24754127516
5509 0.210577514701 0.210577514701
5506 1.51489250586 1.51513147982
5507 2.38871693545 3.0492805484
5500 0.586476576487 0.586476576487
692 1.74744203043 1.74744203043
1547 1.98466910378 2.12177188743
1544 2.95239906718 3.07145385475
1545 2.0455012504 2.45195708417
1548 5.19577810262 5.19577810262
7199 2.13889611754 2.13889611754
546 3.12448191726 3.12448191726
544 1.28745945262 1.52729275832
545 1.15859066129 1.2700453338
549 2.23446112475 2.54295370063
7194 5.10941866249 5.10941866249
6886 1.65114538476 1.65114538476
7564 1.48188300757 1.60435103687
764 3.12864542894 4.35318717659
6406 2.4145702695 3.22845371738
5618 2.15329826765 2.15329826765
7442 1.94252155761 2.51984501664
6568 3.22492232633 3.22492232633
5477 2.00837560442 2.09017374879
5612 0.0407911081407 0.0407911081407
5613 0.866441105415 0.866441105415
6405 5.61728236351 5.61728236351
5617 7.39829590114 7.39829590114
6562 1.46711136132 1.69736023968
7398 2.81490842496 2.81490842496
5475 1.88605042899 1.88605042899
410 1.69975252735 2.32958264821
1389 2.27007884817 3.05592741472
412 0.655466108622 0.655466108622
1384 3.13075131422 3.88507629617
1387 3.24483733058 3.91554147305
419 0.937459609559 1.08735306052
5003 2.42388191105 2.7139452358
3823 6.77818648128 6.77818648128
3821 3.09138591928 3.09138591928
7114 2.91738469122 2.91738469122
3828 4.17323729752 4.17323729752
5000 0.870304045932 0.870304045932
7482 4.11948111655 4.11948111655
4282 2.0404900937 2.31956711333
4280 0.717539584319 0.870657492214
4286 2.27444487099 2.27444487099
7538 3.75306923715 3.75306923715
369 1.2511148217 1.63719256221
366 1.71705720839 1.71705720839
7534 1.6333199888 1.6333199888
364 0.0602361794397 0.0602361794397
365 2.39726026534 2.91975172181
362 1.06854956047 1.06856218776
5009 4.02590922515 4.60064593764
360 1.22102871911 1.22102871911
7532 0.641983950259 0.641983950259
380 1.48396444839 1.73087717814
381 1.71142291933 1.7956262531
383 1.66968343319 2.20971477148
384 2.61211888048 3.69797671452
6178 1.36098829576 1.36098829576
389 0.580150299695 0.580186570775
5271 0.311850221226 0.311850221226
6778 3.05689144958 3.9063632385
6779 0.655565997116 0.657718372276
1369 2.63193786632 2.96036992697
6774 3.08467067696 3.12016833111
6775 0.573115591018 0.678311354303
6770 7.45514151477 7.45514151477
6772 0.826966327285 0.826966327285
4757 1.49568486001 1.49568486001
5870 1.64689093172 1.64689337274
5876 4.44749045002 4.70699675774
5374 0.753871447902 0.753871447902
5879 0.324801215203 0.324801215203
3758 1.53777135314 1.69253959784
3750 1.41680489456 1.41680489456
3753 0.176746656622 0.176746656622
3755 3.49412003206 4.0361567319
2192 1.49992918146 2.12683515567
259 6.15472441812 6.15472441812
4637 4.39597343835 4.39597343835
2195 1.90778513514 2.49322932312
2196 0.0407881346821 0.0407881346821
2197 1.76462834129 1.94239310472
4638 2.09387515264 2.46501467323
256 1.90299003712 1.90304363524
2200 7.2324235881 7.2324235881
2201 0.73239214602 0.73239214602
2202 0.917457098522 1.00016090318
2204 1.55495956687 1.83305852254
2205 2.86885090741 2.86885090741
2209 2.3941965733 2.9330752311
6689 5.92630915416 5.92630915416
6680 5.00683691339 5.00683691339
2428 3.98661704324 4.01711054916
4812 1.04351466626 1.04365452192
2422 1.72649380596 2.21164748336
2426 3.33977743508 3.33977743508
4810 2.05729392356 2.05729392356
169 2.86062805888 2.86062805888
164 2.08316294045 2.14066276124
160 1.81029526818 1.81029526818
161 2.36262463289 2.91623294125
162 3.13429272394 3.13429272394
3689 0.00082717559861 0.00082717559861
3683 0.90659427672 0.90659427672
4526 2.27665507812 2.27665507812
4525 5.99647330988 6.24707565146
4524 1.23468566696 1.38619345781
4523 2.43035932035 2.79654022112
3685 2.99400296564 3.06406506617
3684 5.12671353602 5.12671353602
6194 5.33076358846 5.99997624591
6981 1.69907890983 1.69907890983
2518 1.60402147371 1.60402147371
1842 2.27092079744 2.27092079744
2514 2.24815638322 2.24815638322
2516 3.47082479048 4.18972793552
6198 5.54262965245 5.56556224051
908 3.78599408466 3.78599408466
6740 2.00454853819 2.01121701797
2730 0.0725980360584 0.0725980360584
2733 3.18024256592 3.18024256592
4426 1.0586259418 1.15873982189
5294 2.07468776858 2.40135098268
5295 2.05590709783 2.96676939804
2738 2.79502430622 2.89228988605
2739 1.19107239729 1.4905753401
5291 2.96632932283 3.68795073586
1817 0.273116813118 0.273116813118
1811 1.80026581219 1.80026581219
7203 1.42342018229 1.51799200631
6227 4.1192215201 4.1192215201
6228 3.16318076491 3.16318076491
671 0.225281155939 0.225281155939
6993 0.948372927472 0.948414066941
1609 1.26189897984 1.62335266287
7336 2.01207140964 2.01207140964
7335 2.6778932659 2.6778932659
7334 4.66743862066 4.96438168275
3225 1.93842010788 2.68471916971
3224 3.50072253293 3.50083355658
3227 3.52002655178 3.52002655178
1602 1.84934021706 2.33911512941
1973 3.8538178928 3.8538178928
1972 1.32689853085 1.32689853085
7339 2.97860155704 3.3063530329
809 2.04944072523 2.35353527256
801 2.9531131276 3.29999527712
807 1.74844018595 2.05157928163
806 2.43029599788 2.76769661675
2849 6.46338595822 6.46338595822
2846 2.75276474641 2.75276474641
2843 1.07536674389 1.07536674389
3321 1.39754342893 1.58337243733
3323 1.95446526328 1.95446526328
3328 2.29421890137 2.29421890137
5478 0.560202061889 0.780358193489
5479 1.9141527719 1.9141527719
5274 0.086765982389 0.086765982389
7058 1.08820601048 1.08820601048
1776 0.99679863391 1.34926014922
1770 2.99757668127 2.99767689769
5272 3.39646655865 3.64179233211
323 5.13321054929 5.59518214606
7052 3.29014468133 5.28567715481
1778 0.579664749527 0.579664749527
7055 0.811988614393 0.811988614393
1154 3.85709588344 4.12614340794
1152 0.475478660712 0.475478660712
5519 1.9942572161 1.9942572161
5518 1.60815731031 1.66605746671
5513 2.71478775694 2.71478775694
5512 1.43367788035 1.79350385083
5515 1.41438370598 1.7511425979
5517 1.95628215767 2.12317940152
1551 9.15620591875 9.15620591875
2999 3.99367946637 3.99367946637
59 1.31993370206 1.31996472321
58 5.54767202263 5.63231410128
55 0.990240838777 1.01050710592
2991 1.31980816239 1.31980816239
57 2.18011038569 2.18011038569
2993 3.46501505514 3.46501505514
52 0.92016824975 0.92016824975
535 1.30363317025 1.38796845345
532 1.59099781174 1.61154071328
531 3.04225840991 3.68249475327
7342 6.49681919627 6.96117727282
538 0.703433021562 0.83260017285
5600 0.327015667456 0.327015667456
5609 4.42895525154 4.42895525154
5608 2.74262131795 3.31463526457
5134 1.16437794421 1.25387253838
1902 1.60154256274 1.93091110542
6517 2.76555545841 2.76555938569
428 1.16588439837 1.16588439837
421 4.08045645522 4.08045645522
420 2.99037575272 3.31123765234
3293 0.14588977078 0.14588977078
1393 2.53535084259 2.53535084259
1391 0.809843286795 1.20873967336
3810 1.823388644 1.89379241683
3816 1.68488052425 1.68488052425
3814 0.482024636075 0.482024636075
3457 4.5021241775 4.5021241775
6420 0.438935458662 0.438935458662
4298 6.1122754747 6.1122754747
4294 2.03109132212 2.03109132212
4297 1.75043173103 1.75043173103
853 6.56756072519 6.60759391933
6428 1.18700848403 1.18700848403
6429 2.78242650183 2.78242650183
6412 0.213511469881 0.213511469881
7543 0.732799196049 0.732799196049
7547 5.31083877628 5.45500635792
6168 2.02567365998 2.16047427794
6160 3.82242052755 3.82242052755
6162 0.0628263613469 0.0628263613469
4749 1.56968747041 1.59729808832
4748 3.50021285403 3.99392516324
6767 2.30260381038 2.30260381038
6766 2.49651503678 2.8369340939
4740 3.76281780471 3.87114162158
4747 1.81872273779 1.81872273779
4744 1.00214915931 1.27830082623
5868 1.70158399366 1.70158399366
5865 2.51191343118 2.65972956179
4715 2.62711976017 2.62711976017
2183 2.45951259552 2.91989346506
7059 0.259043086984 0.259043086984
2181 0.629468285494 0.629468285494
2186 0.860654185829 0.860654185829
4606 5.21524050102 5.76300146779
2189 1.99965752875 1.99965752875
224 4.00409795858 4.01266915828
223 5.92691777117 5.92691777117
222 1.81187455262 2.44393061788
221 0.806327686959 0.806327686959
2212 1.78701100142 1.8586403105
2211 0.854051489857 1.13357984026
2210 1.44883141493 1.60481914267
2217 3.17951695225 3.17951695225
2216 2.27608038496 3.91217581668
2214 5.24535630025 5.24535630025
6699 0.722902186968 0.722902186968
7293 1.01480956187 1.1061298099
6697 1.11328870287 1.30693739035
6696 1.11715718511 1.2312839392
6694 0.920936360431 0.920936360431
151 0.805219749945 0.805219749945
155 1.47689362995 1.47689362995
156 3.33058919134 5.01893628578
2433 0.948168985557 0.948168985557
2431 3.09534674829 3.23811355144
2430 2.20327080281 2.20327080281
2437 4.31885329478 4.40902413266
2434 2.02534582492 2.21588101138
6340 3.46579603743 3.46579603743
6343 1.95890130392 2.30590400154
6344 4.50637335864 4.50727095609
6346 1.24253229039 1.24253229039
6349 0.915014020733 0.915128319742
4510 1.5498594361 2.15177710124
6809 2.21118200995 2.21118200995
4514 1.00496491892 1.14157087143
4515 3.53531840847 3.53531840847
6186 1.77967141583 1.77967141583
6183 1.4576752198 1.61499157579
6182 2.56167001027 2.56167001027
2508 3.81685120354 3.93120061755
2507 2.14878948201 2.91926907101
2506 2.88144609095 2.91948950898
2505 3.33720526424 3.38397691854
2503 1.27144876154 1.27144876154
5289 2.25085119849 2.25085119849
5288 1.67395629819 1.67395629819
2721 1.84477831666 2.39778654551
5280 2.51718183555 2.86395245901
5282 1.24330315869 1.24330315869
5287 3.05192845399 3.05192845399
7234 0.520028380002 0.608600095334
7235 6.41027406303 6.41027406303
7233 1.13690980909 1.13690980909
5047 4.15631208926 4.15631208926
5046 2.96855115608 2.96855115608
5045 9.53306340779 9.53306340779
1807 2.34889615117 2.38349017247
3783 1.55205682658 1.55205682658
1804 2.50312119285 3.46342246469
1802 2.02828778739 2.43952221706
3789 2.00380495169 2.00380495169
1809 5.56026862649 6.09282072859
1808 0.93474504167 0.93474504167
4994 2.07740997853 2.07740997853
6239 1.02010228391 1.02010228391
4993 2.20292760575 2.55022833328
4991 3.27464032027 3.27464032027
6234 2.50531578823 2.50531578823
6237 0.186180114494 0.18622754801
4999 0.0744914426663 0.0744914426663
1948 0.61581789168 0.61581789168
7301 2.38413403544 2.38413403544
7307 6.51850849628 6.51850849628
7304 4.53573833987 4.85275186075
7305 0.0297641461789 0.0297641461789
1943 1.01177735848 1.01177735848
1940 1.7707614141 1.77080972305
1941 1.44586346806 1.69914530192
1946 1.01282822444 1.11437526526
810 2.20312672033 2.824249808
1252 3.32012751867 3.32012751867
812 0.994393304512 0.994393304512
814 0.92604474638 0.92604474638
817 3.62083179532 4.19967342451
2859 0.755693901242 0.755693901242
5183 1.55259557605 2.24038777112
2850 3.34591967594 3.86777305302
2852 1.99830443044 2.27960673674
2855 1.42350170223 1.42350170223
2857 6.44016735493 6.47995383316
2856 2.4454443767 2.4454443767
7045 6.37237097086 6.37237097086
1491 2.87846307981 2.87860740601
5463 2.9544956267 2.9544956267
5462 2.41448555497 2.49475413172
1494 2.71791398234 2.71791398234
3336 2.31954007003 2.9823917523
1496 2.24685254385 2.30877142588
7042 3.30184366962 3.30184366962
1499 4.88550407624 4.90342246549
1702 0.746129358205 0.746129358205
7328 2.92822682353 3.68177105666
1705 1.39511409412 1.39511409412
427 1.85194847873 1.85194849937
4574 4.88515773486 4.88515773486
1129 2.49360250255 2.52992717202
1123 0.727121499092 0.727121499092
6983 4.01908572752 4.23706761636
6982 1.23331407698 1.23331407698
1126 0.154873207286 0.154873207286
6980 2.96991720642 3.05639130122
2982 2.62700111396 2.62700111396
2981 2.17681040615 2.96956551989
2987 0.236774524562 0.236774524562
3022 4.21146655025 4.21146655025
2985 1.91378414829 1.91378414829
524 1.48967664776 1.48967664776
520 1.81757024741 1.88308266366
521 5.49867675982 5.49867675982
523 2.52219089044 2.81515321614
1012 0.784181562638 0.784181562638
1013 0.508803199719 0.508803199719
1234 2.08164432865 2.56261269746
1235 5.8301979499 5.84585638128
1237 0.908575175642 0.908575175642
1230 8.88661472102 8.88661472102
1231 0.261611255792 0.261611255792
304 2.31944378165 2.64638156991
4195 0.105253458211 0.112880404253
4192 0.995339133797 1.10407444818
1239 1.76619529471 2.02581103204
5674 2.00501770279 2.59692053894
4355 5.22229820624 5.22229820624
4357 0.374974489183 0.374974489183
4353 2.98923860873 2.98923860873
6507 0.860476870664 0.860476870664
4900 0.257160112037 0.257160112037
437 3.98701986036 3.98701986036
435 0.18760272952 0.18760272952
433 1.87718252083 2.13468615323
431 4.74173177552 5.16826521653
7158 1.32430733225 1.32430733225
3808 6.17028082455 6.17028082455
3802 1.19091209001 1.27313477009
6437 0.513835758605 0.513835758605
6435 1.66346759915 1.66346759915
6432 3.68175253943 3.68175253943
6431 10.4242819577 10.4242954843
5707 1.23923471794 1.61092702607
5700 2.6098040297 3.03433477675
5702 8.09009829143 8.09009829143
6438 0.862284435507 1.02545783435
2868 3.70511666534 4.40346845203
2869 3.55083785751 3.55083785751
7553 1.13396818367 1.45439895654
7551 2.25381852712 2.25381852712
7550 1.64105950748 1.64105950748
7557 1.92458116258 1.92458116258
7578 0.49682956287 0.501392114511
4774 3.17818325776 3.3641125607
4770 6.36196493894 6.36196493894
4778 3.06145249036 3.06145249036
6421 0.109990428803 0.109990689775
4175 0.330207364653 0.332252345463
4172 2.14970171184 2.21125335433
6752 0.150785831593 0.150785831593
6756 2.71612581941 3.77292246463
4179 3.11055056241 4.96462622385
6755 3.48273426429 3.48273426429
7171 5.08054010279 5.48253919041
5815 1.61119555299 1.61119555299
5816 1.68029249124 1.82857889767
4296 1.94352281937 2.41902621213
7173 4.37625627112 4.56698315644
5064 0.660993734254 0.660993734254
4619 0.609066782122 0.831171285131
234 3.36030601725 3.91016129701
4610 0.358951612075 0.358951612075
236 3.11576726449 3.11576726449
4615 1.13453321073 1.13453321073
231 3.36180830458 3.36180830458
4617 1.90922220837 1.90922220837
233 4.82656735498 4.82656735498
7392 3.15185395463 3.15185395463
2223 0.373905211504 0.373905211504
5924 3.0477064839 3.0477064839
5925 1.53054781793 1.99720450734
4881 0.372084501239 0.372084501239
146 0.594762504576 0.594762504576
5356 0.130360005617 0.130360005617
5143 0.228774346833 0.228774346833
4501 1.24809535886 1.24809621329
4503 0.988077368568 0.988077368568
4502 0.491768198345 0.491768198345
4508 2.1925389282 2.1925389282
2089 1.37428028486 1.37428028486
2080 2.48443678781 2.61926227828
3403 2.58588489344 2.58588489344
2538 2.76269478005 2.90354801379
2539 0.235304108953 0.235393053769
2530 2.16343624788 2.52618527919
2537 0.552448705783 0.552464114739
2713 0.95227784854 1.38921923978
5453 9.30374600133 9.30374600133
2716 2.66221890843 3.29328476017
2714 2.15605241426 2.25027789499
2715 4.00277743983 5.99698726356
5078 1.59280644772 1.98012884541
7222 1.39572222997 1.55036461204
5456 2.28879674636 2.35883440084
7227 1.97360100867 1.97360100867
7226 2.44439325723 3.14689044571
5072 1.59763295916 1.59763295916
5457 1.57570052846 1.57570052846
5076 0.345952855036 0.345952855036
5077 1.93217366907 2.09954688226
1832 3.29379949303 3.33300021423
1833 1.05367114804 1.05374929073
1830 2.96881826236 3.00635789254
1831 3.08891379874 4.13834983686
1836 0.122185603043 0.122185603043
1837 3.5053699608 3.8170319254
1838 1.23976054873 1.23976054873
1839 1.1934890682 1.42687974529
2155 1.63010136245 1.83624035152
2156 2.8228163786 2.8228163786
2157 2.90842528812 2.90842528812
2402 7.94217433008 7.94217433008
2151 1.88920890932 2.07510570314
6240 0.850573147396 1.02724640724
4988 2.13902938143 2.14037462147
7446 0.415145460022 0.415145460022
2158 5.48947043021 5.66589721095
936 0.0392553885015 0.0392553885015
6246 0.870872851263 0.870872851263
2409 1.13250748377 1.60864238931
5381 4.75445521628 4.75445521628
5382 1.24882192033 1.59364206641
5383 2.47934439605 2.47934439605
5386 4.07635915362 4.07635915362
5387 0.05395910656 0.0556333616303
5388 0.396714836337 0.396714836337
1691 4.39022168759 5.23474305128
1955 0.866460219312 0.866460280058
1957 1.99176495224 2.24039708601
1956 5.29841860562 5.29841860562
1959 3.13338083447 3.55316744444
3243 6.23741677061 6.23756761077
3242 5.51817122615 7.25592489678
3247 0.876605207767 0.878670273588
7310 1.68768201003 1.96088550308
3245 0.816280075522 1.08656113793
3244 3.86243057875 3.9630840026
826 0.498336616846 0.498336616846
821 1.49976266238 1.64857439029
820 0.980708823479 1.03951509909
1483 0.715111027432 0.715111027432
1482 1.49489523161 2.11263572684
1480 1.40538633084 1.41194567093
1487 1.87990399531 1.92976766395
1486 2.26768392112 2.26768392112
1485 2.02840692463 2.21429531127
7037 1.54455866039 1.54455866039
5496 1.75779737647 2.04166556086
3300 0.851402903296 1.26957950774
5493 2.0009402837 2.35549984399
796 1.23295683681 1.23295683681
795 1.55921404458 1.55921404458
5251 2.92360545375 3.58833950394
5256 1.00299111696 1.23697880334
5257 1.79337765255 1.79337765255
5254 3.71098220231 4.67704776535
1719 0.574296372637 0.574296372637
1718 1.39401791572 1.88631965857
613 0.37437067138 0.37437067138
2414 1.99536923147 1.99536923147
1139 1.80380190428 1.80380190428
1273 6.07424417257 6.18047576847
1995 1.007207405 1.37855882323
1275 0.0792043317074 0.0792043317074
5940 1.84751785864 1.84751785864
3011 1.80878049299 2.1114288758
3016 3.04478862973 3.04478862973
7141 2.91318628854 2.91318628854
3014 1.34730429038 1.34730429038
7143 0.686150325205 0.686150325205
926 3.1449856052 3.1449856052
1007 0.514796165409 0.571005048933
1005 2.3093600349 2.59798418176
512 6.81769040964 6.81769040964
515 1.11333962919 1.26562208608
517 1.96261126441 2.59713561632
516 0.319836350849 0.319937286032
1226 1.49605448143 1.51662480936
621 0.634011225869 0.634011225869
1223 0.62611340622 0.62611340622
626 5.24502617095 5.47301551481
1221 3.14984718415 3.14984718415
4182 0.0801980419563 0.0801980419563
4184 2.85785331472 2.85785331472
4186 1.57254503691 1.57254503691
5662 1.67325316449 1.96529243588
6533 1.34145197615 1.73942036173
4349 1.01961774575 1.04280291853
7562 5.41591913953 6.22534285053
5669 0.50511148036 0.552849536417
4341 0.994713898052 1.19143704671
2883 5.62345389623 5.62347719329
7498 1.41273678865 1.48467542816
2887 2.99378339107 2.99378339107
2884 0.714705284891 0.714705284891
7493 3.17481904929 3.82442171896
7490 4.8667955102 4.8667955102
7491 2.50654592092 2.55126940997
7497 2.5746700883 2.5746700883
7494 2.01918126291 2.08470663176
3878 4.4355288546 5.59819982877
3879 2.08974859032 2.12494069143
3874 2.19291392271 2.2447303706
3876 6.43555125356 6.43555125356
6403 1.51002935872 1.51002935872
6400 3.38248852144 4.01247313624
15 1.84338211845 2.19101201904
14 2.35932356711 2.35932356711
6404 3.29472410853 3.29476170503
1921 2.44777701043 3.24335311815
19 2.42010254187 2.42014620716
7568 1.59344437657 1.81830326239
7561 0.145815002302 0.14640361483
7374 1.76974574909 1.76974574909
3907 0.46946840237 0.46946840237
3902 4.43461601916 4.43461601916
4761 3.06208684839 3.39830998601
4760 1.63024319754 1.88780946648
4763 0.230616741234 0.230616741234
4764 5.45853744595 5.45853744595
6748 1.97113028109 2.85120255156
4167 7.00764313968 7.00764313968
4162 1.40557388286 1.48964912114
4161 1.49396377955 1.89080408841
205 2.55344584508 2.75532836689
204 2.31738482691 2.75670378311
209 3.81981184114 3.81981184114
830 3.00425417609 3.00425417609
7181 0.317656533711 0.318603163016
2233 4.95912700376 4.95912700376
2232 1.19017407152 1.19017407152
5937 8.42921398018 8.42965705095
5936 0.727593918159 0.840868917059
5934 4.68018249462 4.98847882714
5933 3.68007669384 4.22690858554
5932 1.49676126993 2.04958714229
5931 1.8640893645 2.1921134368
5938 3.58882067284 3.58882067284
7140 1.75062903022 1.75062903022
3499 1.24113609862 1.45489523336
3495 2.28953528744 2.28953528744
3491 0.503332737904 0.503332737904
4570 2.50570209076 3.13662903136
4572 5.86984240519 6.05115779037
2096 2.8749650424 3.4101604401
2091 2.53115873114 2.58179890919
5096 7.92201249474 7.92201249474
4576 0.984196058023 0.984196058023
2092 2.19186091286 2.52562777457
3657 4.74920691617 6.15513832693
4604 4.75863173485 4.75863173485
2525 0.59316436319 0.59316436319
2524 0.670913442658 0.670913442658
2527 9.03482712938 9.03503702096
4602 2.9762698197 3.59292070613
6902 3.72233800057 5.1007556903
5065 0.827797284705 0.921146532583
4889 2.7018532212 2.7018532212
5067 1.38599338097 1.62726680349
5066 0.886038150783 1.05027355341
5061 0.181802159771 0.181802159771
2708 1.13145960733 1.13145960733
7262 1.8173773363 2.21362049723
5062 0.616234277779 0.616234277779
2704 1.28502653435 1.28504919035
5069 3.45292613348 3.78635138798
4885 0.635469812805 0.635469812805
2702 0.825610374311 0.825610374311
4193 1.69617840918 1.8954005604
1828 0.762288776432 0.762288776432
1825 1.45505159813 1.45505159813
7453 2.23409756751 2.91526311168
928 1.58029216686 1.63842827944
2146 3.64997274938 3.76916679413
7072 3.17073266142 3.17073266142
2142 2.29458364994 2.5300784839
2140 1.13940995414 1.13940995414
921 1.52628288362 1.52628288362
4498 1.39482144554 1.46887707732
924 1.96786129843 2.10689671069
4971 0.101388534509 0.101388534509
2149 3.26827471678 3.26827471678
5745 1.07112200451 1.07837068199
5392 0.00616243683588 0.00616243683588
5395 3.85682133419 3.85682133419
3276 1.01087070788 1.01087070788
3277 1.29490844223 1.29490844223
1924 0.688861959647 0.688901430192
1926 0.626845365968 0.626845365968
5749 1.5019244092 1.50207270586
3278 1.55191007705 1.68782770193
7369 1.52226473525 1.52226473525
3476 0.810296769358 0.810296769358
831 3.44721271704 3.44721271704
837 1.08395250533 1.08395250533
7361 2.46709305113 2.52062770985
3478 1.57444122691 1.78568368965
5586 3.47595719108 3.47595719108
3332 0.16693814889 0.16693814889
3318 0.0838238311668 0.0838238311668
6571 6.04093316335 6.13506713308
5488 0.904840572883 1.09678750681
5484 2.13083214991 2.6140890063
5483 0.998387154011 0.998387154011
5482 1.8849549951 2.22610853471
5481 1.83026835982 2.0963735807
5480 5.21826730456 5.21826730456
785 0.671663213405 0.671663213405
786 2.92967245571 2.92967245571
7450 2.46047807466 2.46047807466
1728 3.26070703486 3.26070703486
783 0.493323743615 0.493323743615
6591 3.49191531194 3.49191531194
1727 1.56109107855 1.56109107855
5246 1.57427798565 1.65305846239
1722 1.77528054248 2.64876486376
789 5.37912855335 5.37912855335
1720 4.31428549477 4.31428549477
5242 2.00212388332 2.00212388332
7594 1.19874105105 1.19874105105
61 3.49914405431 3.58310038932
3006 1.48894685976 1.48894685976
3000 2.11741475227 2.45173468518
66 1.87763074687 1.87763074687
68 1.91923182461 2.13890126546
69 1.20840967386 1.9825835691
3008 1.03205950502 1.03205950502
7159 1.10405577714 1.43470094661
1370 4.99445685729 4.99445685729
7153 0.791925380732 0.791925380732
7152 2.17156559167 2.17156559167
1584 0.50397353612 0.50397353612
1585 1.02512539443 1.31405495028
6826 0.989646062327 1.08172675161
509 3.89440999773 4.08082363812
1032 1.63109303528 1.63109303528
505 1.35071691471 1.35071691471
502 4.13491393642 4.4664326785
1037 1.89367160648 1.89367160648
1212 0.760573111719 0.760573111719
1210 2.96735366522 2.997246955
633 2.06212751087 2.06212751087
1216 1.39719801805 1.60761766571
635 1.96652131144 1.96652131144
638 3.65540652886 3.65540652886
1218 1.14957082907 1.14957082907
1219 2.23781128025 2.89548596273
6521 2.05150808541 2.41972453674
7484 2.46514928268 2.8798208811
7487 3.82451186921 3.82451186921
4379 2.52806674898 2.52806674898
7483 1.19025913547 1.19026169646
5659 2.03704291239 2.83741457696
5655 1.07075635917 1.07077239711
5652 0.876687481291 0.876687481291
4377 5.41918547975 5.41920456351
2899 3.52477982698 5.30572442404
2895 0.559052645207 0.764237180963
2891 9.15631760112 9.15631760112
2890 3.48018576943 3.79192263044
1106 1.74757897492 2.31825786916
1455 4.64982992954 5.26618032449
1102 3.49992288944 4.9483144861
1103 1.36327978513 1.36327978513
1453 0.697770600274 0.779886184421
1458 2.03329365871 2.64417981486
1899 2.76022629019 4.0710402128
4082 1.41061829376 2.2323529718
3868 1.77463562894 2.09071411263
4088 3.5752754537 3.5752754537
5241 1.49489939586 1.49489939586
3738 1.29610157418 1.39018066417
3866 0.0788068603463 0.0788068603463
3864 10.9348425896 10.9348425896
7073 8.45927784115 8.45927784115
3735 3.92960856237 3.92960856237
5729 2.70107114632 4.07214502605
6419 0.999153162 1.24083342349
6418 0.697425835147 0.801843225852
6415 1.94582706546 2.38348341309
5723 2.273310094 2.273310094
5720 2.21431477764 2.43652443113
5721 2.78752485494 3.25387337299
6411 4.46077959949 5.32315649526
5727 6.63641260499 6.63641260499
5724 1.73987344668 2.12873366063
5725 0.344833703176 0.344833703176
3913 1.50606883599 3.60363398791
3912 1.68811733756 1.7483415993
3918 1.6903005108 1.99529394023
6732 2.49634662583 2.49634662583
6734 0.661994396448 0.661994396448
6736 2.66219090763 3.7125110253
6737 2.61493311285 3.45548636269
6738 3.50806748479 3.50806748479
4796 1.66232563017 1.66232563017
4790 1.66067129624 1.80511576316
5836 3.08177755205 3.08177755205
4153 1.88463012605 1.88463012605
5834 3.67021464374 3.67021464374
5835 2.54039146571 2.59642143035
4154 1.27203899792 1.27203899792
5831 0.0188109134812 0.0294397074808
4159 4.49990755907 6.21781152128
4698 4.26133415117 6.33073429463
219 2.75194721727 2.87151479082
7464 0.541844291017 0.541844291017
6087 2.48985788599 2.48985788599
6084 3.16496504855 3.16496504855
6083 2.72302017705 2.72302017705
6644 1.14513931988 1.33378041884
6640 3.45408122475 3.68238252768
6642 1.75486332509 1.75486332509
5902 2.68834906354 2.68834906354
5904 1.28489151212 1.28489151212
5909 2.80779917571 2.80779917571
6497 0.231025560344 0.231028087506
3488 4.56676859983 5.30121534715
3481 5.64926357644 5.88609648468
3480 7.58042641146 7.58042641146
3482 3.41026317549 3.41026317549
3487 4.74651973588 5.11534902107
3486 4.37895317445 4.37895317445
4566 2.50660638587 2.50660638587
4565 1.0585007095 1.16740436856
4569 2.10343579602 2.15650295565
7080 2.83084305364 3.39495938243
2551 2.5181788284 3.84852558641
2552 7.57471516073 7.57471516073
2554 1.50937260103 1.77770823775
2555 1.50026794597 1.50026794597
6396 1.06281719587 1.06281719587
6397 5.46991717502 5.46991717502
2397 9.98771441643 9.98771441643
2394 1.12169809606 1.5724939578
63 2.38254308893 2.38254308893
5013 2.38439217031 2.38439217031
5014 4.92256178627 4.92256178627
2771 1.88115604864 2.79292259466
2772 1.69490412429 2.20319040113
4897 1.50457611359 1.5842944462
2775 1.74150855443 1.79503585257
2777 1.50128485382 1.5559241162
1859 0.499027190534 0.667953034543
6260 4.80570827304 4.80570827304
4418 1.99355602601 2.85244598418
4417 5.00319401142 5.00319401142
4416 4.69277116224 4.69277116224
1852 4.42144845206 4.42144845206
1853 0.725758283634 0.817695943569
1855 0.46512989045 0.46512989045
6269 3.33702037001 4.03630707661
5168 1.40733708707 1.40733708707
2171 0.750240896341 0.750240896341
2176 3.08825690002 3.08825690002
918 0.676810357132 0.676810357132
6063 0.474729306213 0.60917109128
4967 2.49124549675 4.23638507568
914 5.64054352688 5.64054352688
917 2.28362478431 2.28362478431
2179 1.23719232649 1.23719232649
912 1.49041357123 1.74121833778
2603 1.55679822084 1.55679822084
2609 2.61363072396 2.61363072396
1930 7.07306132006 7.07306132006
1937 5.6102120127 5.6102120127
3269 1.49461310908 1.51905325101
1939 3.16430254444 3.16430254444
5127 2.04678521532 2.19160655518
5121 2.02413677193 2.63968445731
845 1.97095235576 1.9709633923
3464 1.3813697226 1.3813697226
3463 2.39990542808 2.39993400025
842 1.82914117445 2.07069115874
7091 3.2114572685 3.2114572685
7375 0.568115783766 0.568115783766
848 1.85936711743 2.20711578824
7012 1.02575996235 1.21032442637
7013 3.92167360954 3.92168149908
7011 0.994804900287 0.994804900287
1731 0.307457292686 0.307457292686
1732 1.95043953576 2.46366936325
5234 2.35219342838 2.35219342838
1806 5.47350243616 5.60435965705
758 2.95773304326 3.31296632396
7088 1.07597979621 1.07597979621
1595 0.725871976158 0.725871976158
6887 0.711918267393 0.711933298765
1597 5.01011878952 5.26176071014
3074 1.91501791242 2.54736736073
3075 2.04516022656 2.21874468872
1592 1.22161497594 1.33672874762
3078 0.285497535775 0.285497535775
3079 2.5346673067 3.37999807161
1599 3.93905564538 4.18022499741
1598 3.26246924027 3.26246924027
6889 2.03158433445 2.11983055965
5344 1.66137159553 1.72858906989
5345 0.369939817875 0.369939817875
7168 2.05305666378 3.0621664494
1021 2.55644548933 2.55644548933
1023 4.5268709627 4.5268709627
7163 0.997762243135 0.997791462169
7166 1.7014141093 1.85204531537
7164 1.47985322779 1.47985322779
7165 5.55480891315 5.55480891315
604 3.15000719331 3.15000719331
4367 2.42135702335 2.7090023846
4361 4.19002336821 4.19002336821
4363 6.95042831678 7.73214392879
4362 2.63003743932 2.63003743932
1203 3.93364544809 3.93364544809
5649 2.96482908644 3.60183423589
1211 2.08999014118 2.08999014118
5641 2.01084866607 2.01084866607
6041 1.16744686872 1.37524645722
5642 1.83879377932 2.1833774519
5646 0.413064228899 0.413064228899
6335 0.747774816319 0.747774816319
3105 2.93376904124 2.93376904124
3107 5.20985968512 5.20987442276
3102 1.25002383022 2.0123429952
3103 0.151105449067 0.151105449067
1112 2.56166410536 2.56166410536
1443 5.97923057902 7.46974969257
1114 6.23070588383 6.23070588383
1116 2.35583980072 2.35583980072
4093 6.78812112335 7.19608529214
4091 4.82680117478 5.61306155403
6332 9.14631238696 9.14631238696
5737 1.81079485968 1.84112551553
5736 0.753609147908 0.753609147908
489 2.56598556231 2.61675714879
488 2.15630978495 2.15630978495
487 0.46508748937 0.46508748937
485 1.95326263131 2.75570588298
4587 2.70971264143 2.70971264143
480 4.83612878415 4.83612878415
7585 2.87211142548 2.87211142548
6463 1.04988350811 1.19756532777
7580 4.92273714101 6.06700409025
4725 2.88540934755 2.88540934755
4851 1.41846690121 1.4779636174
5300 3.9930795687 5.29091977902
3926 1.09524267208 1.09524267208
3927 2.08294546685 2.68438971855
3924 2.2637754261 2.2637754261
6526 0.267716553509 0.267716553509
6722 1.00237877373 1.00237877373
4782 0.281388071891 0.281388071891
4781 2.84234147865 4.8315736308
4149 5.98864282267 5.98864282267
5827 1.18622122407 1.55219326191
5826 2.50126328094 2.91607260151
4144 2.33023626318 2.33023626318
4141 4.9209493094 5.52679902796
4143 1.21979114347 1.21979114347
3857 4.27332267337 5.34532869916
3855 1.34739339202 1.34739339202
3852 1.33024570956 1.33041845708
3859 4.02147879488 4.02147879488
6099 1.43063710925 1.74142425099
6098 0.248184736119 0.248184736119
6091 3.7843261012 3.90775157625
6094 1.38416821379 1.38416821379
6917 5.19692850313 5.35805954618
6657 6.83796351121 6.83796351121
6655 2.01798040599 2.03863431843
6048 1.42734210122 1.42734210122
6651 2.0569930564 2.05808967606
5915 1.87755872795 2.18928612377
5911 5.04557769716 5.68227358693
4820 2.46965082132 2.75756464802
199 0.889632767527 0.889632767527
195 2.59636772135 2.59636772135
196 5.93055957651 5.93192662556
190 0.913400555223 0.913400555223
6384 3.28099614895 4.24965850715
6387 2.42141511905 2.72969777501
3679 5.99955195985 6.26248818487
4558 1.56738132324 2.23221531215
3676 1.98375168121 2.60988496535
4553 2.49957798849 2.78074226632
4550 4.14711552288 4.42590373564
2541 1.06645717967 1.16791197867
2546 1.17139275419 1.17139275419
2380 1.81919847768 1.81919847768
2383 2.5463619741 2.5463619741
2386 1.40020757643 1.76833078426
3580 0.592113265496 0.723372727087
3583 3.8109329542 5.1828291426
3585 2.91172631241 2.91172631241
3587 3.60410647709 3.73879463306
2761 2.2628296802 2.64002972958
2767 1.73127648942 1.73127648942
2765 2.04978669481 3.06360717168
2764 2.13743787924 2.30743064773
6913 3.31173788363 3.31173788363
902 1.23359630297 1.23359630297
1849 1.72282110034 2.87591049443
6277 0.475891641464 0.489684209876
6276 5.99960887417 7.84744487305
1843 3.54957435861 3.54957435861
4423 1.95541356898 3.06670983974
4420 0.946748105888 1.06055487148
1847 3.80212124197 3.80212124197
6077 2.00786558203 2.79782298228
2168 1.07946770978 1.07946770978
6071 1.66704739809 2.25392657464
6070 6.10161258108 6.10161258108
4951 9.03637659499 9.03637659499
4956 1.30005862621 1.60499917491
2160 1.37726645344 1.37726645344
7309 0.156599563415 0.156599563415
2613 2.60672768594 2.60672773727
7095 0.0714307337361 0.0714307337361
2618 0.509237947514 0.510063031554
7347 3.10724354385 3.10724354385
7345 7.00501323267 7.00501323267
3298 0.502290560473 0.608699083263
5138 1.49723553253 1.49723553253
3294 0.0846096591821 0.0847782574835
1907 4.8320238407 5.8426505273
3296 4.31091965185 4.56403783791
3297 4.59401437178 4.68114863448
3290 0.377638618205 0.531431645878
5132 1.5892782781 2.56117765284
5131 5.75816067458 5.75816067458
1901 2.09108474822 2.5501123703
3452 1.67916423197 2.38250908999
3450 2.2321227178 2.48433101443
3456 2.66992273792 2.66992273792
851 2.05730694362 2.93706124134
3455 1.029161902 1.029161902
3863 1.48619917069 1.48619917069
6 0.725717430315 0.833285521549
7001 1.43073552753 1.76818651668
7005 0.494836570265 0.494836570265
7006 2.13052901529 2.53598101847
5229 1.66972061862 2.07666199997
5228 3.60627467004 3.92847147738
5223 2.84951517999 3.34000641941
5224 1.05560821544 1.05560821544
743 4.34811249631 4.34811249631
744 0.974894080739 0.974894080739
745 1.23093288176 1.55204605734
746 3.27317974267 3.27317974267
747 5.30516330298 5.30516330298
748 11.0093418838 11.0093418838
3062 1.86309833512 1.86309833512
7177 0.582369752795 0.77167536646
7176 4.52647630085 6.16882126689
6895 1.55422211449 2.38576490714
3065 5.34032015204 5.34032015204
3064 2.22068210313 2.99772015208
2947 4.55263526735 4.55263526735
3069 1.69090116809 1.69090116809
3068 0.996948813772 1.18804179485
7178 3.17382984196 3.40540108998
2941 3.48914384017 3.60693154697
1051 2.58002666361 2.74617185332
1053 3.43713446835 3.76010438588
1056 1.75953901496 2.1558593416
1057 3.50547430343 3.50547430343
1693 3.09981687086 3.09981687086
2919 1.01829438124 1.09992775276
1699 5.22789655985 5.22789655985
4311 1.69577677478 1.69577677478
618 3.44564329888 3.44564329888
4315 5.75411261311 5.89093249525
4317 2.21936278805 2.21936278805
1797 1.02099274388 1.20046046013
611 2.28478505106 3.02739249502
617 3.26502339754 4.11123920915
7574 0.118351783089 0.121093574663
3118 1.42719477004 1.42719477004
3116 2.94477378795 3.10403501805
3115 1.70690206854 1.79708543772
3110 1.8601607354 2.23766985719
7579 0.875551354125 0.875551354125
1470 2.88250239084 3.14685775025
1474 4.54360847752 4.58528383617
1475 8.23884356889 8.23884356889
7041 3.38109096089 3.38109096089
6143 0.511819893979 0.511819893979
1479 6.58875473529 6.63955150876
5464 1.10665165483 1.10665165483
1301 0.665059233743 0.665059233743
7129 2.22958217397 2.41491058047
1308 2.55322281812 3.58307984331
6410 1.78839194095 1.8506588635
5740 5.76796729974 5.76796729974
4229 1.00396693454 1.00396693454
3597 0.978732900705 0.978732900705
496 0.0933936722887 0.0933936722887
4227 5.96656809272 6.25758897286
490 4.81667436561 4.81782887514
4221 1.41207401626 1.64007327886
493 3.19618454344 3.45635260867
24 5.48365843389 5.57995263644
25 1.45202719739 1.52823639767
5584 1.46140544549 2.23142946882
22 3.18906350345 3.44452205049
23 3.4092888118 3.4092888118
7595 1.00129969813 1.24286684666
6470 2.50954398853 3.47630458016
6476 7.45012108691 7.45012108691
7591 0.710994887169 0.857112124318
5589 2.76434177162 2.76434177162
3938 7.33629589982 7.33629589982
3936 2.77666503121 2.80797463462
5265 1.72526651755 1.72526651755
6718 1.35732260714 1.35732260714
6716 4.38607007184 5.05563559925
6717 2.22343389951 2.22343389951
6710 1.87209240851 1.87209240851
4138 3.74812641081 3.74812641081
4130 2.80969653219 2.83807970471
7474 1.42053260881 1.72351168686
5692 2.00434080369 2.60723652414
3840 1.30322637109 1.88924056468
3843 6.01135291755 6.09181180184
5691 3.37763986211 3.37763986211
5694 0.420666978183 0.420666978183
3849 1.5514996781 2.15338137804
1872 1.82748635332 1.82748635332
4046 1.8205313256 1.87393252582
4047 5.74166088541 6.33112013722
4048 7.01722213639 7.59121470383
5968 0.0638681476307 0.0638681476307
5969 1.30077014897 1.51624928153
5963 2.07489383234 2.07489383234
5964 1.48407263005 1.48961744004
2289 0.412247897795 0.412247897795
3667 1.21173249662 1.21173249662
3661 2.99526092235 4.00515068453
2280 2.67276178789 2.67276178789
2282 3.49178686744 3.49178686744
5433 5.46671010365 5.51823075292
2287 3.38375277563 4.69945331294
4543 6.56042436708 6.61612543406
4546 0.889034321389 0.889034321389
2579 0.0887843948465 0.0887843948465
2572 2.91415616146 3.20343451849
2570 2.52781149457 2.52781149457
4534 1.22920036376 1.4786421411
2378 4.69178886245 4.69178886245
4827 3.03807548812 3.40490557701
2376 0.844604079268 1.04258834001
2370 1.87006848455 1.87006848455
2373 0.031139993406 0.031139993406
3592 1.32922624934 1.33305727507
2596 0.92777006556 0.92777006556
2590 1.23529533829 1.23529533829
3595 1.57202533866 2.39106704985
3594 2.01525593081 2.22406240953
5036 3.98502183558 4.00939931683
6280 2.49920368478 2.66912474626
5030 0.499238408726 0.499238408726
4531 2.60385173488 3.17145045155
4434 0.154508281459 0.154508281459
4437 1.71520005936 1.76253548926
1084 4.3544298499 4.35443053125
4431 2.33031776645 2.33031776645
4430 0.740228392825 0.740228392825
4433 1.53668240986 1.53668655469
6283 1.75164558213 1.82441326986
4438 8.42246579021 8.42246579021
1878 0.570279028121 0.570279028121
6595 2.79597659719 3.86199115191
970 1.44651675463 1.44651675463
5581 2.96850725305 2.96850725305
6287 1.57377841569 1.57569064505
4949 3.0053987119 3.08770670291
4948 1.62635725612 1.62635725612
6282 2.22174451762 2.93131899201
978 0.997916911881 1.08157440894
6043 2.26389308063 2.59243487572
6040 7.50250069669 7.51606092919
181 4.8410840888 4.8410840888
186 1.40621133216 2.18626082515
6044 0.271789338455 0.271789338455
6045 3.25604498296 3.80835319007
2112 1.64520641311 1.64520641311
189 1.72867573156 2.09998726262
2114 2.87481134868 3.13942857927
2115 0.951982914259 1.05753665397
2117 1.61610399186 1.61610404539
2627 3.55866829917 4.14550883996
2624 4.14844382385 4.14844382385
5837 6.41882869274 6.43551894899
7351 3.41686823549 5.41675736715
1918 1.81388725903 1.81388725903
7355 1.67507611758 1.67507611758
4924 2.61256372511 2.61256372511
7357 3.69975274072 3.69975274072
7356 4.17473697615 5.56936290933
3287 4.94577101967 5.8189415521
3286 2.53274371791 2.53274371791
3284 1.92485505805 2.04882081032
188 2.93928871502 2.93928871502
869 2.23279441845 2.44990765963
860 5.48083572338 7.34412195763
3440 3.33153103965 3.90883723426
3443 2.1230326373 2.1230326373
2027 2.69821434461 2.69821434461
2750 3.7977694803 3.7977694803
2023 2.35073917352 3.14571348971
2758 2.79753751028 2.95009396361
881 0.693567228661 0.693624267949
886 0.354745034309 0.356156390868
888 1.59950697841 1.67265046397
5217 2.18159520917 2.51045922383
5214 3.90237964883 3.90237964883
5210 1.80388990846 2.0262272977
5211 3.69882207508 3.73012450491
5218 2.62249251027 2.6244121237
5219 7.49579677347 7.49579677347
7504 4.9964052892 4.99700889549
5414 1.50671759164 1.97919988635
777 0.829492270962 1.16180887638
770 3.08924166174 3.31572813091
772 0.888637356137 0.888637356137
7503 1.0020985156 1.0020985156
779 4.50683244459 5.94278049992
7638 0.0475957119851 0.0475957119851
4675 3.4529937849 4.03670022024
76 1.45086531237 1.91812609167
2978 0.473942645431 0.473942645431
72 0.646675492528 0.646675492528
3058 6.0757352502 6.31220557609
2972 3.72249687567 3.72249687567
2973 4.63546043307 4.63546043307
3054 1.76360747567 1.76360747567
3052 1.13857877345 1.4599984611
2977 1.64473858967 2.0834984086
3050 9.25324157391 9.25324157391
2975 3.52630269953 3.52630269953
1042 1.55948372354 1.94412308693
1041 2.11670754298 2.34213998776
1040 0.660596145746 0.660596145746
1046 5.14384578689 6.55137659887
1049 2.52558452523 2.52558452523
1683 3.14635217406 3.15230737222
1685 4.59484570291 5.35864
1684 2.78556852214 3.03609794722
1687 2.63539540972 3.30918332655
4802 1.65397981321 1.7205300412
7354 2.97675330931 2.97675330931
4301 1.60925669269 1.695576921
1268 1.83634222802 1.83634222802
1263 1.99771086667 2.20101653204
1261 3.26101467867 3.26101467867
4308 4.36132386485 4.36132386485
1267 1.30974951801 1.4397924592
1266 3.7125279844 4.51491430931
1264 3.7233674672 3.72344977463
7359 5.48320288759 5.48320288759
3021 1.01737150731 1.31967414471
5103 2.48168255051 2.51691760678
3128 0.909019259449 1.22278741127
3129 0.717208476641 0.858737844095
7619 0.919190816462 0.919190816462
3122 3.53070586112 3.53070586112
3121 0.99316480395 0.99316480395
3127 2.1720176903 2.1720176903
1914 2.54909587062 2.54909587062
1465 2.01304199269 2.1756483465
6065 3.49219357043 3.82444904447
1461 2.66234115185 2.66234115185
1313 1.97738504766 2.16194046518
1312 1.39702661537 1.71137973381
1310 5.96350742445 5.96350742445
1319 3.54219439711 3.54219439711
6914 3.76512357573 3.76512357573
6915 0.64399291033 0.64399291033
6444 2.03609464443 2.63761319886
5750 0.149305828698 0.149305828698
5757 1.58451646184 1.58451646184
6440 3.17903121181 3.60394963945
5754 0.43754846977 0.43754846977
4236 3.80880169886 3.80880169886
6919 4.20440317851 5.43888806276
6124 4.6659393427 4.6659393427
312 1.61304608659 1.61304608659
311 0.753861702913 0.753861702913
316 1.56350204772 1.7585100001
315 3.26781308218 3.26781308218
314 1.98468336011 1.98468336011
6701 1.003398586 1.003398586
6703 3.53351261107 3.54061599864
6702 0.924376873683 0.924376873683
6705 5.42508016348 5.42508016348
6704 4.01572959226 4.01572959226
6707 0.50197213423 0.671676446488
7435 2.42694666089 2.42694666089
7436 3.65768705796 4.35429418458
7437 3.17535521846 3.87434618457
7431 2.53298798956 3.45846303857
5685 0.784357855249 0.784357855249
5687 1.59036580967 1.8339368983
5681 1.70336261633 1.78136587567
5683 0.562491958846 0.581516213277
1330 1.76842120127 2.35140765827
6674 1.10880199003 1.10880199003
4704 1.85156521191 1.85156521191
6671 1.29619857686 1.29619857686
4054 2.50864128671 3.16453088969
4053 1.77594066356 1.77594066356
4052 3.53433547883 3.53433547883
4050 2.02169962126 2.259316815
6218 0.820867491244 0.820867491244
5976 6.08548016628 6.1418935783
5974 1.0368541047 1.06996337946
2299 3.35930932216 3.93573227511
3613 3.61530210291 3.61530210291
3614 4.16588333847 5.21541304192
3615 0.384968770204 0.384968770204
3616 0.148485037347 0.148485037347
2292 3.25308384007 3.25400601248
6939 4.23851219286 4.2698728496
2561 2.11144735182 2.63006563018
2562 3.13521257949 3.9627820036
2566 4.66907387502 4.66907387502
2368 2.50722637697 2.73822847418
2367 5.998634191 6.43229788243
2366 0.423502396459 0.423502396459
2364 1.35778403363 1.41075816638
2587 4.06042910451 4.06399048792
2586 2.94677890694 4.40261306267
2585 3.58905823854 4.45687252049
2584 2.07186260449 2.51976769254
7294 2.6634901932 2.68965180528
7295 1.15154680375 1.15154680375
2580 4.37143062784 4.37143062784
5021 6.19378035814 6.23194448172
5024 2.5106345812 2.56231744597
5026 2.27433951117 2.47704920125
4441 2.53302295731 2.53535008043
4442 0.976580450233 0.977342238767
4443 3.24378148787 3.24378148787
4444 0.857216164462 1.01598683155
4445 8.59584156834 8.59584156834
1867 2.00334790803 2.02232005065
1866 0.439607106294 0.439607106294
4448 2.86648056816 2.86648056816
3721 3.44663656026 3.44663656026
3722 0.715260518086 0.715260518086
961 2.43672527295 2.87867404743
6299 2.19520176339 2.7000510351
963 0.388936517073 0.497935558873
6297 2.86073417076 2.98824556605
6293 1.45513082601 1.45513082601
4688 3.52320200645 3.98812844649
6290 1.75669198392 1.75750738055
2108 2.93874695519 3.65753679766
6059 1.84597966316 1.84597966316
2103 1.47863857544 1.94342340231
2102 1.14751459536 1.24541374634
2100 5.46599172187 6.42381186528
5575 2.06232405091 2.06232405091
2105 1.49398618533 1.49398618533
5117 0.609691177504 0.609691177504
5113 2.76110750613 3.99980258253
2634 4.32904893521 4.72422396623
2636 1.52809994066 1.52844597007
2631 2.85327801389 2.85327801389
2630 2.94833326838 2.94833326838
5571 3.00002864067 3.00002864067
5292 0.501258632755 0.659005818296
3438 0.911844773943 0.911844773943
3439 0.135483593454 0.135483593454
878 2.04171265381 2.04203965784
879 3.39037085742 3.39037085742
3431 6.28894886878 6.38215503618
872 0.746965878589 0.746965878589
873 0.376276489316 0.376276489316
4592 1.45612453852 2.05877709119
4593 2.36858486524 2.66616286069
2743 0.395694537492 0.395694537492
2033 1.22717129944 1.59565789796
2032 7.63820988284 7.63820988284
4595 1.22052057156 1.59279172931
9 2.28039467602 3.12279461573
4840 0.221688216667 0.221688216667
3097 3.21364743548 3.21364743548
890 0.0708435656722 0.0708435656722
5200 4.19872467715 4.19872467715
5203 3.79894364955 3.79894364955
5202 0.507875534881 0.516874758745
5204 1.22581187611 1.28141668185
7320 4.07340671323 4.89483863738
3545 1.32768590006 1.63504415906
3547 5.6215548435 5.6215548435
3543 1.57546038638 1.57546038638
7323 0.821053423591 0.821053423591
2965 0.187144508641 0.187339844
2964 1.39636834753 1.76985241134
2966 0.621474801513 0.621474801513
2961 1.52029626096 1.98819615965
762 2.25763620257 2.25763620257
1781 4.18982317155 4.18982317155
767 1.99784964174 2.05322785891
1786 2.86703839034 2.86703839034
7113 3.59623758369 3.59630061118
7112 2.35005074779 2.35005074779
6878 1.80559204998 1.8739003676
7119 2.41240457298 2.80740997863
7118 1.40188158123 1.40188158123
3045 1.01947731129 1.14097767131
6872 5.41959591399 5.58195836259
3046 4.31707951335 4.31707951335
1079 4.02236985714 4.32081815459
1077 2.00484286847 2.00799799938
1074 2.18568052182 2.18568052182
1072 2.94090393527 2.94090393527
1073 1.42709435401 1.43436647347
1070 1.98423884105 2.34151898395
5372 4.98036392786 6.57429528796
7290 5.48701053702 6.64791523343
1678 2.72053267911 3.10733898972
1674 1.09367154989 1.65503768537
678 2.33362739372 2.33362739372
676 1.62577581407 2.18958811339
4333 1.8099069161 1.8099069161
4330 0.18732786522 0.18732786522
3131 4.85946366413 4.85946366413
3130 0.824591005968 0.824591005968
3139 3.16897823017 3.19831483444
3138 0.732090058162 0.732090058162
7608 1.93498965254 2.79197956548
7607 3.91694519187 3.94399067098
7604 4.13861078907 4.13861078907
7600 2.56033103229 2.65927820051
6018 2.54593811641 2.54593811641
1412 4.55240537774 4.55240537774
1413 6.09810558381 6.71790232373
1416 0.536842266891 0.536842266891
1327 2.82395272509 2.82395272509
1325 2.13136451983 2.35550900404
1328 3.02268896506 3.02268896506
6450 1.54256080497 2.05762974681
6455 3.4491469515 3.48261092498
6454 3.40923870715 4.31047538917
5768 4.49724534762 5.14055041375
6456 1.25052461053 1.68727259377
6458 4.69426018294 4.96643817025
4645 0.505879147801 0.556545343498
5762 0.170321799546 0.170321799546
4207 1.87336592289 1.93172521039
4636 4.38210826566 4.38281367424
5565 1.22403084422 1.46046855249
5562 0.977381199546 1.22405969067
1256 0.2061793454 0.206220050954
1526 3.84637180312 3.84637180312
1520 1.66603102924 1.6660334659
308 1.96090822373 2.46910504676
3953 2.0020688305 2.45155042398
303 1.54535351287 1.76728704597
3957 3.14443180843 3.14443180843
307 4.64114398014 5.42782137382
4113 4.01361157613 4.55028225178
7420 3.96882860102 5.47890808848
3340 4.17819275278 6.67776243378
5159 1.60662664602 1.60662664602
2475 2.61398078385 2.9307440779
6601 1.15885215995 1.15885215995
6602 2.17070594901 2.17070594901
6439 3.17252402545 3.22745133184
6606 1.25029546534 1.25029546534
7109 1.11219301352 1.13585496667
6608 1.27680877554 1.27682152365
5946 0.0872990936245 0.0872990936245
5945 0.640623458998 0.762690110486
4064 3.83467327113 4.40191360432
5941 0.997715754571 1.32181028361
2976 2.36007322683 2.63104830966
4068 4.77415729194 4.77415729194
4069 7.65885635006 7.65885635006
5948 3.41997048949 3.49400046869
5949 1.83200703828 1.83200821596
5785 0.860033668634 0.987913839044
5786 1.8585789784 2.24642309016
5782 4.83309199925 4.83309199925
5019 5.00283266867 5.00283266867
3051 2.79194499078 4.28842006553
3601 2.91441427889 2.91441427889
3600 1.42236042704 1.42236042704
3607 4.42118609649 4.46018430316
3604 3.27428904105 3.27428904105
3608 1.52854304176 1.52854383302
5361 1.09127008278 1.09127008278
4894 3.73042895871 4.86414325673
5367 1.76862970364 1.83652960277
6115 3.61368089772 3.64581898104
6117 1.24915039547 1.24915039547
6112 4.40175882558 5.61370594807
2358 1.73208890024 2.10947231144
2353 2.41734972332 2.41734972332
5368 1.49135312013 1.73160875265
2355 3.14517088027 3.47504178573
4450 5.3689650431 5.3689650431
4456 2.54561424645 3.08715760214
4455 8.11970373247 8.11970373247
4454 1.52036533203 1.52036533203
3736 2.81821145135 4.90580754176
4459 1.60696724992 1.60696724992
3733 5.47118762068 6.13661953388
476 1.0723030505 1.53049631704
3730 3.56444480989 3.87287807503
4922 4.0639860662 4.0639860662
4920 1.964057486 2.44089855747
4695 3.24443670699 3.57659542582
4697 8.95212586361 8.95212586361
2131 2.97027042923 2.9766630302
950 2.27659582853 2.5969090065
4929 4.39925398149 4.9561721395
954 0.00729817110104 0.00729817110104
6022 1.54663412715 1.54663412715
6026 1.37898843963 1.68151899115
2649 2.48512047952 2.48512047952
5167 1.6080681771 1.99026380978
2640 1.7623750798 1.7623750798
2645 2.45583932249 2.59445230845
2647 10.7741988647 10.7742104303
3429 2.3222527866 2.76148136333
3423 1.40066829162 1.64898715047
3422 1.80798012901 1.80798012901
3421 1.20415791688 1.24327321749
3427 2.60017743158 2.60017743158
3426 2.37079953873 2.62045045156
3424 1.76873377538 1.76873377538
1850 0.138661214622 0.138661214622
2000 3.67466113267 3.70747223788
6337 1.58289679133 1.60777622757
2007 1.08919256932 1.17966014722
4859 6.01126705366 6.01126705366
2005 1.61459963781 1.97907043614
2008 0.788405830305 0.788405830305
4415 2.03786339136 2.51391851578
4583 5.21200456158 5.42876522717
4582 1.99171787909 2.18551818819
1269 3.23685166365 3.27689783579
3554 0.495664986124 0.503144760196
3550 3.8211104935 3.8211104935
6966 2.181768681 2.181768681
3558 2.58583222767 3.26634125925
6061 1.98018720542 2.3381086729
2911 0.875089041237 1.15492576436
1799 1.22913329014 1.22913329014
2913 1.32764736284 1.68527707745
1793 2.00277841222 2.16549314527
1792 2.50161320787 3.12731573457
715 0.719498473107 0.719498473107
714 3.23448205834 3.3950791915
713 1.247846582 1.247846582
712 3.91310303896 3.91310303896
4966 1.0196308493 1.33211901258
7127 3.00681888254 3.37692974948
6840 0.86538623011 0.86538623011
7125 1.97849146545 2.04538712514
7123 1.07850125363 1.07850125363
6844 2.01547318551 2.10865651767
7121 1.21700413519 1.51813079678
1069 1.05825097286 1.33813096852
1068 8.99150661981 8.99150661981
4964 2.10138969601 3.03244757737
1061 6.58068557368 6.58068557368
5301 2.16637861459 2.16637861459
1668 0.371667951456 0.371667951456
1665 3.53137795599 3.53137795599
4960 1.70896331686 1.70896331686
1662 2.64229379725 3.63566367598
591 2.38169554064 2.42149206756
590 2.3281680182 2.77915705599
592 9.17102248675 9.17102248675
594 2.49457783713 2.91461838864
6596 0.0612288954808 0.0612288954808
599 4.99328973797 4.99329310918
4323 3.56255347923 3.85545748556
4325 1.46784495314 1.46784495314
1088 7.68307709772 8.21828492216
3140 3.44439479435 3.44439479435
2821 0.716638316388 0.876560111261
3386 1.53782121527 1.53782121527
3384 1.28377210162 1.28377210162
3385 4.81810612103 5.49527166316
5412 3.11123796745 3.11123796745
3381 0.622023045188 0.622023045188
7632 1.84883088847 1.99176403271
3389 4.22592743754 5.72054107422
1408 2.55500429132 2.5551796021
1406 0.225464466283 0.225464466283
5792 0.514996196868 0.652005321749
1339 4.53460839503 4.53460839503
4210 0.847483036697 0.953663798814
4212 1.52654992062 1.86169961555
1337 2.99604872207 2.99604872207
5790 7.53603711742 7.53603711742
4219 4.50000444735 6.23942350892
446 3.98239935363 5.66597564837
445 0.511288733455 0.520307289421
691 2.54767313403 3.23989707118
5772 3.40603211854 4.24321411193
7515 0.247453038184 0.247453038184
5578 1.35457685227 1.65216975992
32 0.770897369046 0.770897369046
31 2.0850491353 2.0850491353
5573 5.438136211 5.57233841983
35 3.38816213475 4.20861160363
3092 2.29784784409 3.40104025445
3093 3.62438390484 3.62438390484
643 6.82946838221 6.82946838221
1244 1.45397926663 1.45397926663
1531 6.001614732 6.43736729061
1530 1.65073436558 1.94158381651
649 3.34096748878 3.37344661347
3098 0.707922369889 0.707922369889
3099 3.39417080878 3.4101686121
1539 3.49222149958 3.5263148208
338 0.758918752289 0.758918752289
335 2.77110889169 2.83178946796
334 2.9473176267 3.62514149998
337 0.00453373936956 0.00453373936956
331 2.51051488553 2.95164889065
333 1.64082753736 1.64082753736
7611 2.09490191757 2.11694389328
5124 4.77392657216 4.77392657216
4105 0.56122057137 0.56122057137
4106 1.70388328622 2.04856595729
7412 2.09975311972 2.09975311972
7413 4.06115044494 4.06115044494
7410 0.593975741107 0.593975741107
7411 4.49978086871 4.56209685779
7414 1.8365674011 1.83656835687
3897 1.13573791236 1.13603431199
3895 1.74954016985 2.06986579825
7379 5.57964073757 5.57964073757
6611 1.07139150098 1.07139150098
6615 0.830510678575 1.00754339713
6614 3.19344068129 3.19344068129
6619 3.03307866565 3.03307866565
4078 4.14224977977 4.14224977977
5957 1.4834753906 1.71131436447
5956 4.79783428002 5.90041339634
4075 5.37931685003 5.51128388691
4070 2.81133808672 3.74247815817
4073 1.10767874977 1.10767874977
5797 2.76424059592 2.76424059592
3967 4.48829410228 4.94446431342
3965 2.39719533957 2.39719533957
3962 1.50308939078 1.50308939078
3963 2.40556297575 2.40556297575
3961 0.810520241909 1.04442459483
7278 3.80728337868 3.87614003282
5799 2.81616384151 3.3873013102
3636 2.53037902951 2.92357264618
3637 9.50865922146 9.50865922146
3632 0.884722218608 1.14486617523
3630 1.03000411568 1.03000411568
4611 3.08644864858 3.08645150381
3468 1.47801806235 1.74799638398
4613 1.3465037661 1.40969848944
2345 1.8409169754 1.8409169754
2346 0.261629577167 0.488275868529
2342 5.97533477851 5.97533477851
6107 4.56738052527 5.06044011552
6103 1.14696855414 1.14696855414
6102 0.760822529022 0.760822529022
4616 6.22411417922 6.22427753737
3709 1.77656501672 2.47910296053
1888 1.79442066517 1.83323909847
3700 1.44174192351 1.44174192351
4465 3.27148975178 3.27148975178
4462 0.633485705643 0.633485705643
1880 4.40675840718 4.43349509154
2127 5.70012525882 5.74721221646
2129 4.32774469429 4.78868383856
4665 5.99071192865 6.65761557147
4660 2.75002863968 3.6906906772
943 2.03238550749 2.48050634468
4910 4.13103266338 6.59855591463
4663 1.66055071642 1.66055071642
6038 2.13335853355 2.13335853355
6035 3.02155098104 3.02155098104
2653 1.64429971384 1.64429971384
2651 1.87648706912 1.87648706912
6441 0.117324939444 0.117324939444
2654 2.52309717201 2.6714537012
3414 0.592149519962 0.592149519962
7389 6.30504493054 6.61862741056
3412 5.31982200523 6.24495069967
136 2.10446951755 2.11371576444
3410 1.03628540128 1.06591281655
134 0.364108052969 0.474794238096
7382 3.92880459887 5.32443691826
7387 1.74348558126 2.06114872913
3418 0.0907325671403 0.0907325671403
7385 6.70591207651 8.295913746
6326 0.579348606035 0.579348606035
6325 1.41542859358 1.5262562913
2018 0.000955496032145 0.000955496032145
6321 1.09271589287 1.09271589287
4863 3.05286143622 3.30337346982
2017 7.55659937414 7.55659937414
4861 3.77474526344 3.96172276816
2011 3.71390398798 5.2186861098
6839 2.27437464575 2.96967898866
6329 4.68787466285 4.68787466285
6328 0.766234508859 1.09178499057
7443 1.88279896371 1.88279896371
7444 1.9372341582 2.26116507243
7254 1.45900163026 1.45900163026
7255 4.24083893096 4.24083893096
7251 0.340687737718 0.557384655436
3565 1.99757766292 1.99757766292
3569 0.376992244468 0.376992244468
4485 0.646103988634 0.646103988634
6564 3.9938049944 4.09543844964
2903 2.08314797084 2.14165043906
2902 1.27880548557 1.27880548557
708 0.49837131566 0.49837131566
2906 1.00080209004 1.00080209004
6853 5.46546852215 5.46546852215
704 3.8651868756 3.8651868756
705 3.66274139862 4.22923049229
706 2.46160655981 2.46160655981
701 2.38311544163 2.38311544163
6560 1.3390239247 1.83148482135
7139 1.37277523241 1.37277523241
7138 1.15014828912 1.15014828912
89 8.53598290056 8.53598290056
83 5.70177251039 6.04282424758
81 1.25651557087 1.70980557219
7135 2.13368852598 2.69184773626
7134 2.27298712885 3.01143705249
7137 1.80914749474 1.80914749474
85 1.60758931807 1.95974046212
5311 1.83846621524 2.62337885007
5310 2.2704841648 2.2704841648
1658 1.8349087517 2.09221195679
1652 0.0510593847797 0.0510593847797
1653 0.988993856089 1.27403615829
1651 1.83497790723 2.4347530176
6583 0.996872609799 1.10092792653
1631 0.747457398817 0.964082772404
588 0.497237520453 0.497237520453
3151 4.0937787245 4.0937787245
3150 1.66628963916 2.02140204533
7621 2.05514234254 2.05514456145
3154 1.9407116785 1.9407116785
7629 5.50772144871 5.87104430867
1437 0.311810054347 0.311986009507
1434 2.71200288944 4.00453130016
3392 6.64271466066 6.64271466066
3395 2.31944131957 3.08130705731
1636 1.54589219128 1.54589219128
1430 2.14867202811 2.14867202811
3399 0.475703284679 0.475703284679
3398 5.00921343925 5.00921343925
1438 3.21206234992 3.71235324761
4260 3.14887772719 3.56913530615
5233 1.00415503398 1.00845660252
4265 1.20801923111 1.20801923111
4268 4.54682461729 4.54682461729
452 2.36490409312 2.42090064032
1345 1.49444535601 1.58248458796
456 1.21657168136 1.21657168136
1347 4.39712507884 4.39712507884
6921 1.46417282428 1.61370033862
5546 3.3459259977 3.3459259977
5545 0.98934215501 1.04400552814
652 4.22399749347 4.22399749347
650 1.2753732695 1.27539330672
1508 0.0882823736015 0.0882823736015
4461 1.5994329844 1.88013406852
3081 1.26471601064 1.26471601064
659 3.08165904787 3.4310980442
5890 0.121028538137 0.121028538137
5891 0.514208254232 0.514208254232
5892 4.12650716356 4.12650716356
5896 1.77023494908 2.07410869988
5897 2.71781001758 4.21737345137
5898 2.46308518252 4.07399625253
5899 3.34762710582 3.34762710582
948 0.180225822693 0.180225822693
3882 4.18077857071 5.26619260867
3889 2.49835042117 2.86566712921
4916 4.61828255954 4.61828255954
7404 0.0528972831536 0.052930771646
7407 1.49846255415 1.57962554924
4911 2.74965541438 2.74965541438
4008 5.24505507056 5.24505507056
4004 1.18984152902 1.45225639698
3970 3.250984745 3.250984745
3973 1.67183057139 1.6974714369
326 2.28635752687 2.28635752687
3974 4.33343799785 4.33343799785
324 1.28672681396 1.28672681396
328 1.17652434056 1.17652667878
3621 3.99643179604 3.99643179604
3070 2.07414306288 3.55484757984
2332 0.580750548418 0.752818035344
6136 2.65978770071 2.65978770071
6883 1.9506679472 2.62575997734
3713 1.94794541446 1.94794541446
3719 2.09073736426 3.72157851198
4479 1.53260347851 1.53260347851
4470 3.04219036774 3.08514021689
4475 2.61418027298 2.7986022175
4474 0.295355623678 0.295364918336
5763 1.39396645896 1.39396645896
6007 1.47905542989 1.57351738819
6004 4.61706652735 5.26055699904
6000 7.47771118557 7.47771118557
2489 2.77194264357 2.77194264357
2950 4.43958188707 4.43958188707
2484 1.62442836304 1.96897526774
4673 5.30893325703 5.30893325703
4670 2.13051439757 2.13051439757
3252 0.939718071896 0.973157219407
2245 1.37318707584 1.60429672002
2246 1.03471104841 1.0347336475
2247 0.906891038653 0.906891038653
2240 2.38817918924 3.38819049019
5179 5.3532258108 5.3532258108
2242 1.99427254763 2.7781555413
7394 0.000626890643677 0.000626890643677
2466 2.05398438394 2.11359793308
996 3.81076770197 3.81076770197
7391 2.58552130159 2.58552130159
993 6.74173658748 6.74173658748
992 2.5248274052 2.76907511609
5144 1.53548400262 1.53548400262
2469 3.16680052111 3.84676357534
7535 3.21738704104 3.21738704104
122 2.62528022093 3.17512810916
124 0.740057040626 0.740057040626
3404 1.71865654853 1.71865654853
126 2.44607845856 2.48979948417
3409 6.32892603639 7.00352252363
3408 4.6534834914 4.6534834914
4875 0.361255798487 0.361255798487
4871 6.75670210161 6.82584483067
7438 5.20692109044 5.20692109044
4878 2.44994511634 2.44994511634
2069 3.81251764404 4.13858088234
7533 1.73775955269 1.73775955269
5424 1.51363930062 1.51367272823
2062 1.33430733086 1.40974956617
6319 4.50333899197 4.50333899197
3413 1.46286422105 1.47488346542
5423 1.17745749475 1.43137207153
7247 0.130726422925 0.130726422925
5099 1.42733518294 1.78942435259
3578 1.52836353752 1.65744959639
3571 1.5924723138 1.67033229275
3573 1.78337522823 1.78337522823
5097 0.00583008713591 0.00583008713591
2665 3.90034025625 3.90034025625
4492 0.248325601318 0.248325601318
4490 4.34223858736 4.34223858736
2669 1.56685889235 1.82741846448
6823 2.51842334261 3.19177189634
6824 1.35387190724 1.35387190724
2938 2.72952835814 2.72952835814
6829 1.74822702486 1.76695038602
2935 2.00022808563 2.16635255646
5326 0.665353535984 0.665353535984
5327 0.0180934457911 0.0180934457911
5325 6.00351315168 6.05482340936
5322 2.32612432912 2.32612432912
5320 1.18929764046 1.18929764046
5321 1.16611653208 1.26748631197
5328 1.27024820783 1.27024820783
1643 1.29531596603 1.29531596603
579 2.58166809765 3.0141227165
573 2.06403783971 2.43895222898
571 4.88646531801 4.88646531801
577 2.10493272811 2.10493272811
576 5.25181453713 5.25181453713
575 1.92885777545 1.99411888491
3169 2.84247839772 3.52989421624
2803 1.63440938636 1.90090195924
2800 1.91176990749 2.12216887034
3165 1.40508916217 1.910335158
2806 4.89009895229 5.49134125725
2805 4.15784750742 4.15784753631
1421 0.499083110121 0.499083110121
1420 0.992406309139 0.992427120613
7094 2.00122776051 2.69046359665
1422 2.83744985916 2.83744985916
3368 2.42858476167 3.15122990396
1424 3.49531227078 4.14640399285
1426 5.32881715805 5.32989397095
3366 3.69566855458 3.72980085741
2404 4.18289152919 4.18302825934
7098 6.59307241463 6.59307241463
7099 2.13109109501 2.18010584054
732 3.14354864663 3.14354864663
735 2.99868781918 2.99869453612
736 7.06544326532 7.06544326532
4272 3.20352324485 3.20352324485
4271 2.10420341129 3.0704034679
1358 0.416745817567 0.416745817567
4274 1.83911873031 2.57680566618
461 2.30948861068 2.30948930944
5555 1.86029976915 1.86029976915
5554 1.36883429898 1.77899804805
6488 3.3216784994 3.35954882114
5551 0.214365426523 0.214365426523
5550 1.5288822129 1.5288822129
7384 0.578174673363 0.773818953444
6955 1.84453854058 2.0842386873
6484 2.59138894019 3.07761142674
6285 3.74500697747 4.23955336721
6948 3.789229901 3.789229901
1518 1.16291239973 1.40499713715
1510 4.17092005459 4.17092005459
1513 1.73679949628 1.85956571471
1512 3.61425043004 4.23129362872
5885 2.05048314814 2.05048314814
5889 2.0942842193 2.0942842193
6559 3.9986208553 3.9986208553
7478 2.5691218557 2.5691218557
3186 1.76905965556 1.97641927858
3187 3.26818037638 4.74032192579
3182 1.84150086884 1.84150086884
3188 3.75020655073 3.75020655073
6863 2.68864330406 3.19445774122
1896 1.37029510127 1.6701191179
6631 2.74772672219 3.17065515005
4018 3.0942993818 3.0942993818
6281 4.73918609101 5.14862881428
357 0.568230585821 0.568230585821
351 2.46036729275 2.46170241667
350 5.6177702178 5.6177702178
3985 2.45735731105 2.50832863141
3983 2.48020780761 2.48020780761
4855 1.17521761783 1.44142345682
6126 6.86025514501 6.86025514501
6120 3.66922175215 4.4874413897
4706 2.09315871319 2.09315871319
4705 1.28128344807 1.28128344807
2320 2.62343253981 4.15244424434
4703 1.27141609941 1.27141610835
2329 3.14840769885 3.14840769885
4709 2.09936564317 2.48176612612
288 6.66769010348 6.74927339324
3619 0.564754937746 0.564754937746
5 0.11126569459 0.11126569459
284 2.87469387094 2.87469387094
3760 5.97289112207 6.47931751589
3765 0.930722505318 0.930722505318
262 0.344712534648 0.344712534648
260 5.18726247069 5.18726247069
267 1.99558827427 1.99558827427
2499 1.84423239267 2.09171033886
2498 2.12186724998 2.24675418588
6013 0.431548433928 0.431548433928
1296 1.59187114397 1.59187114397
7253 2.84568608722 2.84568608722
2495 0.600434307776 0.600434307776
2494 2.92437348294 3.25482146112
4644 4.80147577979 4.80147577979
2496 1.9991311291 2.76649387323
2259 2.59663522379 2.72146609297
2254 2.31301530928 2.85143863897
5060 6.46892748298 6.46892748298
2250 2.39270777417 3.00401177429
2477 1.44979562157 1.54223981053
988 3.95613631097 4.28528984504
5151 1.44356137865 1.84259409881
5150 2.47757186953 2.91621385674
986 1.60942083293 1.92681122322
5154 5.50518210425 5.50518210425
5157 1.54361418483 1.73824964813
2478 2.34050506946 2.54481252741
115 10.0552132172 10.0552132172
7313 3.519083052 3.519083052
119 4.29226449768 4.29226449768
2785 1.66481234624 1.66481234624
4801 1.04314385056 1.04314385056
2787 3.65618998305 3.65618998305
4803 0.548510906644 0.548510906644
4805 0.723175067084 0.723379188587
4806 1.97807594482 1.97880771277
4807 2.340712069 2.72544270889
2788 0.962519646834 0.962685754369
2071 1.18725343148 1.18813373939
6306 4.18352226709 4.18352226709
6301 1.70633271084 1.70633271084
6303 3.50355051733 3.64606414043
2074 1.82187329966 1.82187329966
7272 9.02833608796 9.02833608796
7273 5.3361522018 5.3361522018
7275 3.46162548135 3.46162548135
3502 3.26965830272 3.29146327591
7279 5.28568576098 5.28568576098
5086 1.48992813559 1.78208116276
5085 2.7845795969 2.7845795969
5084 1.07071737076 1.07071737076
2672 2.06848250663 2.18177979859
2676 1.17379724657 1.27971533718
2679 1.2387654076 1.26504119221
6833 5.51992300683 5.5200258273
2928 2.36172768251 2.77730906762
6830 2.34345353947 2.6297878359
6854 3.04603238192 3.34946001984
2923 2.41888353532 2.41888353532
6838 5.34048253339 5.69339316996
2925 0.0463759578932 0.0463759578932
2926 3.68973818937 3.68973818937
5331 5.67460851553 5.67460851553
5330 5.24964740297 5.24964740297
5335 0.461187218988 0.461187218988
5336 1.84567511658 1.84567511658
2907 2.07127521244 2.07127521244
3215 1.93933835762 2.08231611336
1984 0.516918341362 0.663394285021
1985 0.035903169023 0.035903169023
1982 1.54842445446 1.54842445446
3212 1.54891037483 1.68508894721
1638 0.525562358847 0.525562358847
5371 4.65785282003 4.98544347341
3218 6.18440203636 6.18440203636
3219 2.03842401072 2.62488407491
1989 2.50523008913 2.60632506654
569 1.34326398423 1.69048322506
560 3.94993456358 3.94993456358
564 4.2897718336 4.67726359249
566 1.73759815899 1.972761053
6543 8.88014248432 8.88014248432
3173 0.47401308184 0.47401308184
7081 0.730901956546 0.731085734648
7030 2.25893914703 3.06219410321
7084 7.77575185275 7.77575185275
3376 1.33404083032 1.33404083032
3374 4.54286443358 4.54286443358
5421 1.00730757552 1.67300602847
3372 4.99997416972 6.41617794616
1180 6.0570288617 6.0570288617
1181 3.93490397116 3.93490459363
725 2.52136609327 3.22074430697
723 11.2799984031 11.2800066777
1746 3.25085727152 3.25085727152
1740 0.762358520141 0.762358520141
1742 8.82793708485 8.82793708485
5499 0.168446669399 0.168446669399
1165 1.24335603124 2.69309218368
1166 1.43810811373 1.43810811373
7587 4.55761130334 4.99253528232
7291 5.55378887393 5.55378887393
4247 1.73090419166 1.99107541585
4245 2.42845108743 2.42845108743
1168 1.63464035221 1.63464035221
1169 2.14874481317 2.14874481317
4240 1.63534875107 2.00163100474
5521 1.69492589413 1.88157747793
5523 3.75313046857 3.96029335781
5526 2.12070882849 2.12070882849
7130 2.1386925075 2.50028432673
6941 4.55035796171 4.55035796171
6940 1.3732283704 1.37328268743
7132 1.50406825177 1.50406825177
47 6.85851715118 6.85851715118
7297 1.29825236521 1.29825236521
41 5.22607751957 5.22607751957
1569 2.49868097924 2.74993087872
1365 2.29794846886 3.4288660351
5492 4.42138552248 4.7036398972
1292 1.75655908486 2.10596063086
1561 8.99922583198 8.99922583198
1563 2.58894702172 2.58894702172
1564 3.40533536687 3.40533536687
1565 0.204366413618 0.204366413618
1295 2.88407460272 2.88407460272
1712 1.77951944609 2.33164918089
475 0.0863178771222 0.0863178771222
5250 0.988516083183 1.0704017028
1789 1.62635517799 1.85359609801
4399 4.23596407783 4.48321420899
7460 3.3772651463 3.41500072868
5638 3.24126345208 3.24126345208
6541 2.69318599766 2.69318599766
6540 3.31678472635 3.31678472635
4391 2.2918830019 2.2918830019
4392 3.50435539593 3.81514426006
4395 1.68609264128 2.15103123671
6549 1.32823916946 2.050812468
5633 11.3267743004 11.3267743004
473 1.60394081991 1.82157656551
3195 0.616906831074 0.616906831074
1862 0.220290946389 0.220290946389
3193 3.46589640493 4.20533073677
7465 2.27816797974 2.50248684271
3190 1.99563504793 2.33857523067
3728 5.90503028996 6.24930266035
3198 2.14492085988 2.18785795339
7466 1.84579529124 1.975901606
1368 0.820366371145 0.820366371145
3729 1.0993817567 1.0993817567
2.36556967141 3.12190471561