4447 5.10415911873 5.35743372837
4023 1.51986135231 1.65084112081
5988 0.859618665183 0.859618665183
346 1.58062799006 1.73259388601
347 6.18178274792 6.18178274792
7513 0.888176660317 1.17353503612
7512 3.0001710601 3.0001710601
342 3.17284177493 3.38285395706
343 2.19263653549 2.25659305723
3996 1.717667389 1.717667389
3995 0.769164311452 1.00105663093
3994 1.13499321873 1.22822166274
348 0.964374287553 1.23843306192
7518 3.3072852298 4.10789404818
6150 1.24115467554 1.53858523646
6154 0.499722258479 0.607760570771
6159 0.614544282859 0.614544282859
6796 2.12722646089 2.90873382808
6797 8.36120085234 8.36120085234
4730 0.922777975515 0.922777975515
4736 1.86808093891 1.86808093891
2319 0.971945581521 0.975294157731
2313 6.01967955695 6.02021175497
2310 2.35950772422 2.35950772422
2311 2.64356806648 2.64356806648
5851 0.626476735911 0.802619695785
299 1.18390533914 1.41166865197
7627 2.49565555138 2.49565555138
291 2.97623861608 2.97623861608
4656 3.6726061265 4.50122135831
274 6.00561523846 6.00561523846
276 2.90811532876 3.79602577231
278 7.42566523674 7.42566523674
4836 0.998751716862 1.09904695433
6584 8.50783315364 8.50783315364
2262 1.08823442529 1.14828693338
6190 4.56910806159 4.56910806159
2266 5.08292546145 5.08292546145
2443 1.7277912921 1.7277912921
6055 0.239867144866 0.239867144866
108 1.59888327767 1.59888327767
109 0.153861419248 0.153861419248
107 4.00105396031 4.00105396031
4813 1.79416446412 1.79418075133
2047 9.69415565083 9.69415565083
2045 0.976813574475 1.03192390643
4817 3.00031948335 3.00031948335
4816 1.94294520134 1.94294520134
2040 2.3991206892 3.06385845264
4819 1.69810868417 1.80113796392
4818 10.0072978166 10.0072978166
1297 1.85502231128 1.97477877973
6378 4.23278754413 4.75377142152
6379 1.46740928824 1.74651131949
6053 0.687292570129 0.687292570129
5828 1.26697784894 1.26697784894
6372 1.1156786909 1.1156786909
6375 1.67480201181 1.6748439064
6377 1.85741103108 2.12825607034
2838 3.78514243664 3.97914248449
5363 3.80428755878 4.33661871358
3519 0.137146707977 0.137147131671
3510 1.40985464097 1.73172289741
3517 1.65660893568 2.29011478764
3516 1.78955119067 2.41951749091
7263 1.07761505063 1.07761505063
3514 5.86129200607 6.02167563469
6201 3.09382477256 3.09542361432
6202 1.46098355474 2.15181697254
2685 1.40767693332 1.61102212001
2687 5.21737321893 5.65051583133
2681 0.853470405119 0.989183439446
2683 1.04096529048 1.29533004081
5406 0.953277493607 0.953277493607
5119 0.2527396135 0.252744325201
6802 2.21921861832 2.21921861832
6800 0.801530322612 1.10222367123
5293 8.64769389023 8.64769389023
5404 0.682020557269 1.08730095418
91 8.14279271874 8.14279271874
93 0.433725229679 0.433725229679
95 1.99789729696 1.99789729696
97 1.12105217931 1.12105217931
5402 7.04143760298 7.18553458056
5182 4.30340495883 4.30340495883
1622 1.30197467049 1.56631142603
1992 1.56127553139 1.56127553139
1627 1.7682368257 1.83865153532
3993 2.11849799424 3.04720967241
1629 3.15542182396 3.15542182396
1628 3.29400400253 3.49038709832
3209 0.449942798273 0.449942798273
2860 0.184963986626 0.184963986626
2861 5.08414551228 5.32043832579
2863 6.4390561033 7.01497338817
2867 1.25143275078 1.61238256217
555 1.48234674554 1.63843448825
554 3.15369751427 3.15369751427
551 0.554604238296 0.554604238296
550 1.14995383733 1.47493152846
553 0.265245172505 0.265245172505
552 2.96106176354 3.13826688509
7142 2.05957015947 2.59400135322
1199 5.94667882456 6.03018594704
5459 0.975379602967 0.975379602967
7079 2.31461212735 2.31534091213
7074 0.711350341581 0.711350341581
5451 2.49848456868 2.49848456868
1193 2.74035266954 2.74164156685
3341 3.69099093744 4.23552561271
5454 2.9941631587 3.7102173726
3347 1.9996373617 2.11752689194
1197 4.63775202633 4.63775202633
3345 5.19263352776 5.25063129556
1754 4.07709548857 4.65954328666
1752 0.39713186475 0.39713186475
6976 3.16889743758 3.16889743758
6975 0.764810173662 0.907263565121
6971 2.21679167622 2.41487506741
4253 2.51169652986 3.27364870615
4252 2.02597703461 2.2114366233
5531 0.462093058269 0.462093058269
5538 0.0991221394703 0.0991221394703
1285 1.36179586449 1.67318691385
1284 3.2559837346 3.41916479387
1287 4.33224173614 4.51732382303
1280 4.58509737891 4.58509737891
1283 9.7059234259 9.7059234259
1289 1.03768048757 1.03769049709
7188 5.06882321341 5.44477338322
1579 3.16343600047 3.54666916278
689 3.31887352305 3.92487261478
684 2.14545279671 3.56993616963
687 1.79513406582 1.8657395789
7183 0.875452761783 0.875452761783
681 2.06393902026 2.06393902026
683 2.25689271311 3.35712072872
7187 0.195736864192 0.195736864192
458 2.53289498401 2.53289498401
6006 1.98933063223 2.37935717582
1222 8.63621714026 8.63621714026
4388 1.95827767987 3.05458324023
6576 1.64820933473 1.64820933473
625 2.51557391414 2.65500534127
6574 1.54471314721 1.79613877421
5627 0.944669148026 0.944669148026
4382 2.23639081362 2.8339777152
7459 0.810302076277 0.950181064727
1371 2.24904193264 2.24904193264
406 0.862043889187 0.862043889241
405 1.67514714673 2.24244782951
1374 1.54929945575 1.75987472133
3834 2.99814640095 2.99814640095
628 8.34727052855 8.34727052855
3831 0.499089827955 0.664368346868
3832 3.37211942679 4.51048870346
3838 3.59583865737 3.59604258583
6794 7.63751543071 7.63751543071
4844 1.08821635189 1.08821635189
5990 1.94719815446 1.94719815446
5992 6.16871472132 6.20515347833
379 5.06599000862 5.06599000862
7527 2.72270386987 2.72270386987
7525 3.06498832708 3.26076161041
370 4.63794850476 5.2567381006
373 0.504568764668 0.504609364884
2038 3.16521530721 3.16521530721
374 5.55662209833 5.55662209833
376 3.43371584253 3.43371584253
6530 0.671231221246 0.822076676307
393 1.80503040578 1.80503040578
391 1.09447522859 1.59932836357
394 1.27738039747 1.27738039747
6148 2.59878707313 3.23774819116
2309 5.51202049882 5.51202049882
6780 3.86867468885 4.60756434753
6782 1.22335515912 1.22335515912
4728 1.36006538054 1.36006538054
6787 1.74904078627 1.74904078627
2301 4.01354660945 4.01354660945
4724 3.40138398021 3.40138398021
4727 0.828112032164 0.828112032164
2307 6.4453190838 6.4453190838
5846 0.698475340626 0.817080185716
6538 3.25421618151 3.85914891793
5849 3.14032598248 3.63154510384
3748 2.64711043328 2.64780133985
3203 1.52626775226 1.92089652326
3745 1.15894744596 1.15894744596
3743 0.268392430828 0.273424302192
247 0.750416737182 0.750416737182
4623 2.37063105239 2.57435049434
4624 3.0412296818 3.16097833906
243 1.17009158581 1.17009158581
4629 2.48741735074 4.0207824785
2272 1.14364398961 1.14364408283
2278 2.70822755972 3.17655476243
2459 0.554916304198 0.554916304198
2454 1.26609787961 1.26609787961
2451 3.35708592596 3.35708592596
2450 2.40734432306 2.76738856485
172 0.139131441787 0.139449006127
171 2.16273330497 2.58770368644
2050 2.72217257642 2.76760465393
4538 0.791947212284 0.891164586321
4828 0.722555804655 1.05531023876
2059 3.97940914931 4.01001602734
2058 0.130682302493 0.132001778316
3692 1.62007046392 1.62007046392
3693 1.41081058067 1.41081058067
4530 2.69458739495 2.69458739495
3695 2.17672592475 2.17672592475
3696 2.12531915114 2.12531915114
4821 1.21706787414 1.48654888597
6369 2.32659890452 2.36644906088
4983 2.5211338671 3.35291198358
7337 3.00128145909 3.00128145909
1504 3.02267586641 3.02267586641
3522 3.48543194973 4.88750679305
3523 2.21630291934 2.65214150817
7043 1.1714431029 1.50280586355
7218 3.1337755137 3.1337755137
7215 1.36128122421 1.44090166746
1601 4.9288930805 4.9288930805
6215 0.729030653687 0.729175530657
6386 3.45542485662 3.52150498746
2699 0.594411512731 0.594411512731
4651 0.53523135901 0.620521702255
2693 1.3083236634 1.36882127318
2690 0.489745193912 0.58365362764
6819 2.07651908903 2.07651908903
1605 0.125809317567 0.125857535506
6814 0.115283904587 0.115283904587
6817 5.88775219778 5.88775219778
6816 1.1909000135 1.1909000135
7326 3.067235721 3.67478332893
3231 2.06528986202 2.35945553227
3236 4.07629391405 4.07629391405
1969 7.31579674684 7.31579674684
3235 3.99990440045 4.16681326531
1965 3.79827139188 4.13997566907
1966 1.06619469167 1.63174236534
3239 2.61560907123 2.61560907123
5191 5.46992086548 5.66481391858
1962 1.38586163225 1.42151938253
2877 4.53435400211 4.53435400211
3355 1.5384123633 1.5384123633
3351 2.06009640146 2.29348491506
3353 0.114480773249 0.114480773249
3352 1.14306858213 1.23437395296
7063 0.563776319413 0.592853181099
5446 1.96093952103 2.36566317536
7060 2.28655535425 2.46458300422
1764 9.04497542872 9.04497542872
1788 0.490364838849 0.490364838849
1145 1.57482634366 1.77219698873
6968 1.46793036664 1.46793485971
1148 6.01711812523 6.09170777792
5509 0.211713270401 0.211713270401
5506 1.3288209024 1.35304679301
5507 2.41741279975 3.05061349008
5500 0.583632502531 0.583632502531
692 1.76880458472 1.76880458472
1547 1.5168671557 1.52928368959
1544 2.95193249204 3.06786848263
1545 1.99545391948 2.40117313092
1548 5.17335735646 5.17335735646
7199 2.17788461444 2.17788461444
546 3.12942428191 3.12942428191
544 1.29584239617 1.5309384764
545 1.14099900193 1.2476128598
549 2.16592914663 2.52722578762
7194 5.13601784369 5.13601784369
6886 1.64338464575 1.64338464575
7564 1.39526228849 1.49331071559
764 3.13663314023 4.35626314546
6406 2.50172373838 3.36811045001
5618 2.15097649522 2.15097649522
7442 1.89282949452 2.47144273438
6568 3.24388926052 3.24388926052
5477 1.95724767391 2.05541048633
5612 0.0537067928244 0.0537067928244
5613 0.863803347903 0.863803347903
6405 5.67569984251 5.67569984251
5617 7.41224756684 7.41224756684
6562 1.51172448145 1.73379301658
7398 2.83156446738 2.83156446738
5475 1.89550035844 1.89550035844
410 1.86178678426 2.41931445746
1389 2.21035892901 3.0008709084
412 0.628855286046 0.628855286046
1384 3.13754998601 3.91432029099
1387 3.20629770855 3.8959189209
419 0.922114956701 1.06512368518
5003 2.49420872693 2.77658536794
3823 6.7825261268 6.7825261268
3821 3.06974425551 3.06974425551
7114 2.91446417431 2.91446417431
3828 4.24435952587 4.24435952587
5000 0.870198792634 0.870198792634
7482 4.19041441856 4.19041441856
4282 1.97074328146 2.22476330768
4280 0.714829577677 0.872503012605
4286 2.24963346031 2.24963346031
7538 3.30549674243 3.30549674243
369 1.24540974744 1.69161575163
366 1.72239342087 1.72239342087
7534 1.62753645597 1.62753645597
364 0.0623080654122 0.0623080654122
365 2.15663578056 2.66395367466
362 0.992532183454 0.992833562986
5009 4.06337422387 4.60963324814
360 1.19991998365 1.19991998365
7532 0.643937496629 0.643937496629
380 1.47223074215 1.71076329849
381 1.68953724161 1.77856123777
383 1.78274786821 2.28503457774
384 2.66062708377 3.71129287821
6178 1.36504791015 1.36504791015
389 0.572712126836 0.572712200397
5271 0.343756566502 0.343756566502
6778 2.99450919166 3.89071672564
6779 0.682379402946 0.682382646414
1369 2.63475327983 2.9610669994
6774 3.0833546061 3.11962113232
6775 0.526170080683 0.610818997107
6770 7.62399631802 7.62399631802
6772 0.837122333447 0.837122333447
4757 1.50255692074 1.50255692074
5870 1.7012023787 1.70295782955
5876 4.43999239146 4.69056034586
5374 0.731916655315 0.731916655315
5879 0.331073126004 0.331073126004
3758 1.40592012727 1.52824320395
3750 1.51268581648 1.51268581648
3753 0.180487993475 0.180487993475
3755 3.49543152227 4.04257919838
2192 1.48359489644 2.11105805821
259 6.37317559636 6.37317559636
4637 4.03948709955 4.03948709955
2195 1.72868419516 2.3716693181
2196 0.0353122982507 0.0353122982507
2197 1.78673364259 1.95842316053
4638 2.11464321683 2.47121024821
256 1.88543405555 1.88543762151
2200 7.21440460485 7.21440460485
2201 0.746097368468 0.746097368468
2202 0.924989143831 1.00777227201
2204 1.60681656367 1.90772421681
2205 2.8372034047 2.8372034047
2209 2.39813711022 2.94270593809
6689 5.94023011652 5.94023011652
6680 5.99143350504 5.99143350504
2428 3.7034412696 3.71049719336
4812 0.986156321952 0.986201212666
2422 1.6728193967 2.15446944705
2426 3.24455120461 3.24455120461
4810 1.82390239203 1.82390239203
169 2.83501052512 2.83501052512
164 2.17319445788 2.23374981854
160 1.81282907735 1.81282907735
161 2.38281342301 2.90584028608
162 3.14150571442 3.14150571442
3689 0.000156216137462 0.000156216137462
3683 1.23386756826 1.23386756826
4526 1.86090530365 1.86090530365
4525 5.99907570915 6.24473114122
4524 1.22405008982 1.38658582743
4523 2.31779581819 2.75579714528
3685 2.99290228908 3.06321734998
3684 5.11870495733 5.11870495733
6194 5.19635275776 5.81820138734
6981 1.75960682258 1.75960682258
2518 1.59047354417 1.59047354417
1842 2.27063114801 2.27063114801
2514 2.24592223729 2.24592223729
2516 3.49323767784 4.22123721781
6198 5.49194824137 5.5102265862
908 3.70799599456 3.70799599456
6740 2.21924894989 2.21925149196
2730 0.0729812218896 0.0729812218896
2733 3.15335820926 3.15335820926
4426 0.989220850649 1.07201599567
5294 2.07446492772 2.39770426581
5295 2.01582311332 2.96341744806
2738 2.65319003538 2.7856490168
2739 1.14658801287 1.41375469657
5291 2.94948066981 3.65966418183
1817 0.273591548682 0.273591548682
1811 2.13224650505 2.13224650505
7203 1.42311942936 1.51628183346
6227 4.12278653891 4.12278653891
6228 3.22478463255 3.22478463255
671 0.224209986256 0.224209986256
6993 0.993961480802 0.99435333702
1609 1.20691693911 1.56824119129
7336 1.99779946984 1.99779946984
7335 2.53074127753 2.53074127753
7334 4.60631789103 4.90823007143
3225 1.95398347035 2.69452516658
3224 3.35775860514 3.3595740587
3227 3.50702458665 3.50702458665
1602 1.78432793453 2.32107974044
1973 3.83350189727 3.83350189727
1972 1.38067973434 1.38067973434
7339 2.909985148 3.25700327395
809 2.00114892121 2.27230808182
801 2.99713601562 3.32894685117
807 1.75908826039 2.05428417449
806 2.48401980714 2.85215571784
2849 6.43829147612 6.43829147612
2846 1.65861446361 1.65861446361
2843 1.06101737859 1.06101737859
3321 1.09606508525 1.24754348425
3323 1.84084282775 1.84084282775
3328 2.31670138467 2.31670138467
5478 0.563345574845 0.754575697446
5479 2.08480265158 2.08480265158
5274 0.0848329780738 0.0848329780738
7058 1.090628793 1.090628793
1776 0.996466534954 1.35088127485
1770 2.9955993041 2.99575656285
5272 3.30930103847 3.58439922666
323 5.65307622812 5.79915403545
7052 3.27107122756 5.28942405572
1778 0.771066929665 0.771066929665
7055 0.818010996959 0.818010996959
1154 3.76843572715 4.00978329856
1152 0.49858220244 0.49858220244
5519 2.14941524322 2.14941524322
5518 1.58823786501 1.65927327554
5513 2.71428020909 2.71428020909
5512 1.47422739096 1.78611005229
5515 1.40680139561 1.74787897092
5517 1.95315365088 2.11816639441
1551 9.23540768393 9.23540768393
2999 3.99755481104 3.99755481104
59 1.315382205 1.3153889795
58 5.51697696114 5.59509368774
55 1.00159584553 1.02103136979
2991 1.32641927577 1.32641927577
57 1.97786752727 1.97786752727
2993 3.46008809005 3.46008809005
52 0.991657080121 0.991657080121
535 1.30222378095 1.38514339771
532 1.3735970379 1.46738751948
531 3.00162270608 3.62708621763
7342 6.33619759615 6.75328566209
538 0.700875305843 0.82848329859
5600 0.468393811197 0.468393811197
5609 4.44086450581 4.44086450581
5608 2.74199613449 3.31438094228
5134 1.07139256233 1.18433223927
1902 1.25715408143 1.43527809325
6517 2.60953270634 2.62395020642
428 1.14243418088 1.14243418088
421 4.11492935752 4.11492935752
420 2.86158285485 3.1697362508
3293 0.00176570075675 0.00176570075675
1393 2.54348644789 2.54348644789
1391 0.790616564047 1.24909390658
3810 1.7355465059 1.78455745944
3816 1.69604966706 1.69604966706
3814 0.523704916544 0.523704916544
3457 4.38943203352 4.38943203352
6420 0.437332547429 0.437332547429
4298 6.03801778016 6.03801778016
4294 2.03821633251 2.03821633251
4297 1.68386909357 1.68386909357
853 6.23189857599 6.27286715995
6428 1.17986549242 1.17986549242
6429 2.79188256702 2.79188256702
6412 0.211734955171 0.211734955171
7543 0.597016569308 0.597016569308
7547 5.12825711585 5.22794714854
6168 1.97501870833 2.09016200416
6160 3.81336822366 3.81336822366
6162 0.0678364218109 0.0678364218109
4749 1.54296000543 1.56760332026
4748 2.77677687381 3.22536923629
6767 2.30268541353 2.30268541353
6766 2.51432211323 2.84835294681
4740 3.83395395446 3.96578849937
4747 1.84373941712 1.84373941712
4744 0.929590178009 1.27404576855
5868 1.7226667316 1.7226667316
5865 2.11735625452 2.33847778529
4715 2.63146601355 2.63146601355
2183 2.44642933362 2.92118711691
7059 0.249325626048 0.249325626048
2181 0.636469012502 0.636469012502
2186 0.852022933254 0.852022933254
4606 5.28938070631 6.0674787548
2189 2.00249076595 2.00249076595
224 3.96578318745 3.96972771612
223 5.9112363633 5.9112363633
222 1.9915995097 2.49669943484
221 0.848552556739 0.848552556739
2212 1.76045997244 1.82483018181
2211 0.816977473071 1.14128498197
2210 1.4305522755 1.57820096842
2217 3.24841858508 3.24841858508
2216 2.26447851744 3.90923373255
2214 5.26202361265 5.26202361265
6699 0.726414459999 0.726414459999
7293 1.04105530668 1.12610287388
6697 1.04464581206 1.23536602482
6696 1.15641842071 1.27859467946
6694 0.937432088789 0.937432088789
151 0.798436201765 0.798436201765
155 1.47853521229 1.47853521229
156 3.23734109959 4.9376513125
2433 0.94847688635 0.94847688635
2431 2.94163095096 3.09075273647
2430 2.01000286828 2.01000286828
2437 4.30694844183 4.39575616102
2434 1.99151673658 2.17579294672
6340 3.46950627067 3.46950627067
6343 2.04342080855 2.36761604851
6344 4.43053320561 4.43054156074
6346 1.24054643145 1.24054643145
6349 0.902600604866 0.902600611014
4510 1.50122712961 2.09277658193
6809 2.33620871895 2.33620871895
4514 1.00843338862 1.14816560019
4515 3.54021958679 3.54021958679
6186 1.7882221136 1.7882221136
6183 1.45779237125 1.62432541559
6182 2.53679872467 2.53679872467
2508 3.85421907798 3.96204044474
2507 2.13438858793 2.91962499417
2506 2.77583411547 2.81419155729
2505 3.30182646975 3.35004602895
2503 1.27244675436 1.27244675436
5289 2.22779098732 2.22779098732
5288 1.6594492989 1.6594492989
2721 1.96988002071 2.43095769568
5280 2.49285634856 2.83948846099
5282 1.23648503605 1.23648503605
5287 3.040082531 3.040082531
7234 0.497285449257 0.589477111054
7235 6.41020402904 6.41020402904
7233 1.14165553135 1.14165553135
5047 4.05497513036 4.05497513036
5046 2.92078103895 2.92078103895
5045 9.49203581823 9.49203581823
1807 2.36342712562 2.42413211221
3783 1.65247087386 1.65247087386
1804 2.50146308943 3.47395149795
1802 1.90406950288 2.37099352593
3789 1.99766136361 1.99766136361
1809 5.55058615178 6.09855929097
1808 0.933416322586 0.933416322586
4994 2.07729209935 2.07729209935
6239 1.00050242687 1.00050242687
4993 2.19428541135 2.55000531547
4991 3.27940872727 3.27940872727
6234 2.38562299478 2.38562299478
6237 0.182739271179 0.182740447434
4999 0.0664627856277 0.0664627856277
1948 0.615419738862 0.615419738862
7301 2.39921457628 2.39921457628
7307 6.54518021382 6.54518021382
7304 4.50907224413 4.79224325471
7305 0.0323714301391 0.0323714301391
1943 0.998691981132 0.998691981132
1940 1.87553046508 1.87554591447
1941 1.48880853802 1.76453239331
1946 0.965162300681 1.05404972133
810 2.1103880317 2.73427709488
1252 3.28465798781 3.28465798781
812 0.999627346433 0.999627346433
814 0.567717489363 0.567717489363
817 3.62567933651 4.13967939511
2859 0.749942864398 0.749942864398
5183 1.55705313285 2.25481305842
2850 3.31486414782 3.86887662453
2852 2.05859134224 2.35917606834
2855 1.40661799669 1.40661799669
2857 6.26159465617 6.30508277249
2856 2.43797688061 2.43797688061
7045 6.52788041021 6.52788041021
1491 2.89152522819 2.89155644675
5463 2.94996305944 2.94996305944
5462 2.51584862337 2.61729960304
1494 2.65226743184 2.65226743184
3336 2.30831629275 2.97453101
1496 2.1717378702 2.24279922149
7042 3.31018128278 3.31018128278
1499 4.82032125602 4.84790573106
1702 0.738433819136 0.738433819136
7328 2.80140051178 3.62028456876
1705 1.39961855604 1.39961855604
427 1.61583359084 1.62844357864
4574 4.79085941794 4.79085941794
1129 2.46412234185 2.50679838426
1123 0.734726715696 0.734726715696
6983 3.99715892662 4.21483476697
6982 1.22816363017 1.22816363017
1126 0.192268959949 0.192268959949
6980 2.55688966356 2.71247038603
2982 2.638266955 2.638266955
2981 2.14953239141 2.90259103265
2987 0.221291480681 0.221291480681
3022 4.11911143011 4.11911143011
2985 1.91445689866 1.91445689866
524 1.50285827095 1.50285827095
520 1.73895766585 1.8019586474
521 5.46279047218 5.46279047218
523 2.42358493212 2.65796713066
1012 0.786331611065 0.786331611065
1013 0.477227243894 0.477227243894
1234 1.99834097647 2.5074682336
1235 5.75875921194 5.77799238626
1237 0.908099224819 0.908099224819
1230 8.98548687031 8.98548687031
1231 0.236994575595 0.236994575595
304 2.32027837649 2.65449308681
4195 0.163621842848 0.16680586155
4192 0.984164784001 1.09183893703
1239 1.56604905766 1.97204684647
5674 2.05242440448 2.55435527899
4355 5.19310806407 5.19310806407
4357 0.279202353861 0.279202353861
4353 3.00825773447 3.00825773447
6507 0.859172208575 0.859172208575
4900 0.255059751313 0.255059751313
437 4.00977422549 4.00977422549
435 0.182374179163 0.182374179163
433 1.9196908885 2.21063184822
431 4.58903801563 5.02229390481
7158 0.999065364686 0.999065364686
3808 6.21928095882 6.21928095882
3802 0.911283321606 1.2123748886
6437 0.525512435629 0.525512435629
6435 1.57575580113 1.57575580113
6432 3.68621623601 3.68621623601
6431 9.92389972562 9.93241261797
5707 1.26183683097 1.60222173428
5700 2.59868715101 3.03630016974
5702 8.05553750494 8.05553750494
6438 0.853605901095 0.994934365232
2868 3.69871886592 4.40241448608
2869 3.48558643924 3.48558643924
7553 1.08363935673 1.42941919516
7551 2.24973169382 2.24973169382
7550 1.63101095152 1.63101095152
7557 1.50574824501 1.50574824501
7578 0.453538462522 0.455006774511
4774 3.20612453443 3.35708273439
4770 6.37385571357 6.37385571357
4778 3.08238721191 3.08238721191
6421 0.111500418981 0.111501183015
4175 0.379492053348 0.379616750953
4172 2.14355029417 2.20238924269
6752 0.148463995478 0.148463995478
6756 2.74731759418 3.79376935158
4179 3.09556328967 4.96673095794
6755 3.60471618973 3.60471618973
7171 5.1422996872 5.54921746666
5815 1.41435281661 1.41435281661
5816 1.70206951916 1.84942953972
4296 1.99046806305 2.4770549542
7173 4.37316190798 4.5609875424
5064 0.6650668849 0.6650668849
4619 0.543337869991 0.818349989598
234 3.40089225385 3.93242149573
4610 0.366308141818 0.366308141818
236 3.12797242836 3.12797242836
4615 1.13085487725 1.13085487725
231 3.35783367975 3.35783367975
4617 1.88740457167 1.88740457167
233 4.82965627363 4.82965627363
7392 3.16534584354 3.16534584354
2223 0.369674112483 0.369674112483
5924 3.06197651292 3.06197651292
5925 1.42864155622 1.85554755535
4881 0.36019105946 0.36019105946
146 0.599007189581 0.599007189581
5356 0.135282189588 0.135282189588
5143 0.217211522003 0.217211522003
4501 1.12166270637 1.14094268683
4503 0.939822295884 0.939822295884
4502 0.493360208677 0.493360208677
4508 2.30499434573 2.30499434573
2089 1.42258000259 1.42258000259
2080 2.49446901973 2.62645367616
3403 2.5878550485 2.5878550485
2538 2.83494553554 2.98211465393
2539 0.509997435126 0.561771945503
2530 2.2490107813 2.58975679444
2537 0.605958696362 0.608483174198
2713 0.938459187282 1.36569426092
5453 9.29330358296 9.29330358296
2716 2.68639934056 3.33427932345
2714 2.21131707601 2.30888789798
2715 4.05498303251 5.98092450033
5078 1.63521396492 2.0333121108
7222 1.50232100194 1.63131159502
5456 2.29467188047 2.35220597983
7227 1.99953896769 1.99953896769
7226 2.58176204693 3.24357856168
5072 1.59900670699 1.59900670699
5457 1.55377177449 1.55377177449
5076 0.369751700211 0.369751700211
5077 1.89726860352 2.09291829812
1832 3.18686075594 3.20990595419
1833 0.990701502844 0.991958824593
1830 2.94388006837 2.98048614005
1831 3.11234205911 4.17526065119
1836 0.0605060709924 0.0605060709924
1837 3.37950407195 3.74857514533
1838 1.19739425712 1.19739425712
1839 1.22157754355 1.47005630388
2155 1.60985072358 1.8017443007
2156 2.87523319005 2.87523319005
2157 2.91069038967 2.91069038967
2402 8.53415531472 8.53415531472
2151 1.76210320816 1.96378767143
6240 0.827639896605 1.00231209058
4988 1.65249867147 1.81535819289
7446 0.329417719167 0.329417719167
2158 5.49970435297 5.6782096955
936 0.0326717970641 0.0326717970641
6246 0.874182661652 0.874182661652
2409 1.31504714825 1.72443213198
5381 4.94695440845 4.94695440845
5382 1.21871909581 1.57592372596
5383 2.47584307725 2.47584307725
5386 4.05017549725 4.05017549725
5387 0.0555229361976 0.0560384498097
5388 0.382913085258 0.382913085258
1691 4.49629228897 5.25240932287
1955 0.916167975087 0.918245158233
1957 1.90013717236 2.25747086888
1956 5.29418121583 5.29418121583
1959 3.15857245605 3.53539566797
3243 6.31998612174 6.32015348514
3242 5.21040206862 7.02314859977
3247 0.919448188285 0.919509511007
7310 1.72589067354 1.97056053265
3245 0.786517641093 1.01427404332
3244 3.54363438336 3.61820040221
826 0.500645175036 0.500645175036
821 1.50630204503 1.65659036418
820 0.995670968494 1.05845109988
1483 0.729981020005 0.729981020005
1482 1.52549715898 2.15524718996
1480 1.51165107372 1.53721642678
1487 1.97465265125 2.0339890884
1486 2.22433419643 2.22433419643
1485 2.03013447823 2.21753345637
7037 1.57080248879 1.57080248879
5496 1.65434496114 1.92264866421
3300 0.875895847024 1.3564217482
5493 1.9751597671 2.33907882147
796 1.23257036717 1.23257036717
795 1.56353398414 1.56353398414
5251 2.86852321754 3.52828301573
5256 0.999193761369 1.23633890314
5257 1.8373257188 1.8373257188
5254 3.70127633479 4.61345060012
1719 0.594638429649 0.594638429649
1718 1.30053743286 1.79236389727
613 0.362149684761 0.362149684761
2414 1.0915606046 1.0915606046
1139 1.78672475883 1.78672475883
1273 5.94563355583 6.10375624507
1995 0.998243234017 1.36580573318
1275 0.0527876058301 0.0527876058301
5940 1.8323053765 1.8323053765
3011 1.69905166785 1.99090950001
3016 3.11614552881 3.11614552881
7141 2.91450062569 2.91450062569
3014 1.39726583874 1.39726583874
7143 0.69260402129 0.69260402129
926 3.1429893808 3.1429893808
1007 0.525759275276 0.565609918818
1005 2.21608692864 2.52628602407
512 6.70124806365 6.70124806365
515 1.12296167153 1.2635904122
517 1.87827716408 2.56075131557
516 0.300579478979 0.300610944794
1226 0.98792202503 1.24409709749
621 0.826011430661 0.826011430661
1223 0.636211625183 0.636211625183
626 4.97319852501 5.1934603102
1221 3.39314153423 3.39314153423
4182 0.0930633723667 0.0930633723667
4184 2.88799076465 2.88799076465
4186 1.58771129529 1.58771129529
5662 1.53382913112 1.82368977807
6533 1.35088583488 1.75783338854
4349 1.00766402889 1.02735284493
7562 5.41955804844 6.2438175087
5669 0.373444540065 0.38567518519
4341 0.898115386454 1.06797975393
2883 5.56563735226 5.5658627247
7498 1.31893258192 1.41521694544
2887 2.99840239666 2.99840239666
2884 0.70595716037 0.70595716037
7493 3.15522320937 3.79447735377
7490 4.86796506576 4.86796506576
7491 2.49784878502 2.54906480034
7497 2.51191839483 2.51191839483
7494 1.96138243132 2.02481468682
3878 4.45768019131 5.66530734769
3879 2.00349713344 2.03749848437
3874 2.43065493055 2.47461659172
3876 6.29295366084 6.29295366084
6403 1.46180819343 1.46180819343
6400 3.36745877959 3.82838270414
15 1.82657309183 2.12759834797
14 2.17541749026 2.17541749026
6404 3.04422622265 3.074224837
1921 2.37734724192 3.19140465094
19 2.49666642546 2.49805439015
7568 1.77834332442 2.24600331119
7561 0.153911219334 0.153915816882
7374 1.76589864038 1.76589864038
3907 0.465421722153 0.465421722153
3902 4.27236954779 4.27236954779
4761 3.10537342046 3.448197631
4760 1.60665013223 1.88699691425
4763 0.234887231726 0.234887231726
4764 5.43030967601 5.43030967601
6748 1.98517261349 2.83993951735
4167 7.00536715298 7.00536715298
4162 1.36355011271 1.46243391115
4161 1.49941796072 1.88650024427
205 2.59202089473 2.77913525495
204 2.30301835421 2.75531349418
209 3.81828936663 3.81828936663
830 2.99545946892 2.99545946892
7181 0.188710639243 0.235402604114
2233 5.12136777054 5.12136777054
2232 1.20887848805 1.20887848805
5937 8.33725325288 8.33725346972
5936 0.779384677781 0.87823063122
5934 5.1885607086 5.55974382863
5933 3.70997884768 4.22208374095
5932 1.49167100001 2.05223846378
5931 1.82143863795 2.15321179291
5938 3.63800262973 3.63800262973
7140 1.81733716686 1.81733716686
3499 1.24529451566 1.44832513509
3495 2.23056991622 2.23056991622
3491 0.502872199483 0.502872199483
4570 2.4238967592 3.04436764634
4572 5.80427921346 5.99493176049
2096 2.77809542654 3.29619358207
2091 2.49673725867 2.54342200906
5096 7.89895272103 7.89895272103
4576 0.988050577427 0.988050577427
2092 2.18996577548 2.50786579244
3657 4.69669550229 6.10938047991
4604 4.768719827 4.768719827
2525 0.621104385173 0.621104385173
2524 0.66629189146 0.66629189146
2527 9.00487436003 9.00490517978
4602 3.00876645657 3.62136269867
6902 3.70857353077 5.05241161348
5065 0.79007921733 0.906900265208
4889 2.56010862703 2.56010862703
5067 1.45619166678 1.63675623267
5066 1.07553683402 1.19110091051
5061 0.181399479259 0.181399479259
2708 1.13320991042 1.13320991042
7262 1.80775796002 2.19610657363
5062 0.633236522085 0.633236522085
2704 1.28538181239 1.28541372394
5069 3.54383467434 3.83256632519
4885 0.452624548916 0.452624548916
2702 0.829335869861 0.829335869861
4193 1.82049754535 2.03956575377
1828 0.764086901288 0.764086901288
1825 1.61823722943 1.61823722943
7453 2.21062116538 2.88904141143
928 1.51153128436 1.54684411925
2146 3.65222503812 3.77212831032
7072 3.16892319335 3.16892319335
2142 2.33021935514 2.50754927223
2140 1.16679238641 1.16679238641
921 1.5003278034 1.5003278034
4498 1.40355946434 1.50357110606
924 1.96370924254 2.0802898447
4971 0.0744452197216 0.0744452197216
2149 3.17957982512 3.17957982512
5745 1.05947540105 1.06607291935
5392 0.000384582084552 0.000384582084552
5395 3.85947562467 3.85947562467
3276 1.11627942725 1.11627942725
3277 1.25848749076 1.25848749076
1924 0.545970240148 0.565457031129
1926 0.735460652923 0.735460652923
5749 1.5032238961 1.50323224944
3278 1.56058315884 1.69543907441
7369 1.50374364549 1.50374364549
3476 0.815167573825 0.815167573825
831 3.48657084159 3.48657084159
837 1.08439769652 1.08439769652
7361 2.49439590227 2.54381785532
3478 1.53925996748 1.74635088123
5586 3.47556761149 3.47556761149
3332 0.167119913139 0.167119913139
3318 0.0832133360966 0.0832133360966
6571 5.98284086041 6.06887617397
5488 0.87019675863 1.09462924047
5484 2.16044431291 2.60767284501
5483 0.999395824691 0.999395824691
5482 1.82377306518 2.16209527876
5481 1.81841075696 2.0749997066
5480 5.19319491497 5.19319491497
785 0.666478243633 0.666478243633
786 2.95808188266 2.95808188266
7450 2.30646165004 2.30646165004
1728 3.27692574485 3.27692574485
783 0.579328370713 0.579328370713
6591 3.42229236778 3.42229236778
1727 1.58285338866 1.58285338866
5246 1.56995039833 1.6481879396
1722 1.65837690401 2.54593610255
789 5.39602264404 5.39602264404
1720 4.32083228117 4.32083228117
5242 1.99991798065 1.99991798065
7594 1.03446773713 1.03446773713
61 3.50374949213 3.58778765544
3006 1.46758849226 1.46758849226
3000 2.02673250624 2.3217343139
66 1.89166053793 1.89166053793
68 1.82673754793 2.03584421299
69 1.17157242726 1.7723701567
3008 0.999511140933 0.999511140933
7159 0.984835652773 1.33964265457
1370 4.96819136745 4.96819136745
7153 0.794231137171 0.794231137171
7152 2.20428616374 2.20428616374
1584 0.432423577126 0.432423577126
1585 1.0210100192 1.32273589074
6826 1.00930416785 1.10179504561
509 3.66776917615 3.88278685421
1032 1.63887187273 1.63887187273
505 1.35377864159 1.35377864159
502 4.15505856186 4.47656179679
1037 1.9072037164 1.9072037164
1212 0.774082789193 0.774082789193
1210 2.99915783646 3.02693115848
633 2.05784225794 2.05784225794
1216 1.54288732468 1.70883075102
635 1.96320623303 1.96320623303
638 3.55550101466 3.55550101466
1218 1.18278350718 1.18278350718
1219 2.11865013701 2.83149874829
6521 2.09400023871 2.49063956467
7484 2.54800428489 2.91388151128
7487 3.84401527983 3.84401527983
4379 2.50036350783 2.50036350783
7483 1.19363360623 1.19370059461
5659 2.06344338455 2.83183958593
5655 1.05025058938 1.05058890673
5652 0.77928516691 0.77928516691
4377 5.41350340347 5.41350340355
2899 3.48547721351 5.30731571733
2895 0.5826500056 0.760133654533
2891 9.17326518457 9.17326518457
2890 3.46389316244 3.77453157108
1106 1.70350191857 2.26986857138
1455 4.85796510255 5.4852464446
1102 3.50101867287 4.94890038155
1103 1.45013618051 1.45013618051
1453 0.71081851309 0.82637780433
1458 1.8971547906 2.47148927611
1899 2.73796599522 4.06210893582
4082 1.38418841192 2.24456915297
3868 1.58969401469 1.84477974156
4088 3.60904984303 3.60904984303
5241 1.49566183943 1.49566183943
3738 1.28572708383 1.38939818842
3866 0.0824113987891 0.0824113987891
3864 11.0226103131 11.0226103131
7073 8.41681264346 8.41681264346
3735 3.88568018171 3.88568018171
5729 2.64273430026 4.02856244638
6419 1.0521733181 1.5861926075
6418 1.26591915697 1.38700607333
6415 1.96360701652 2.38713426138
5723 2.28958530303 2.28958530303
5720 2.16663887749 2.38607480066
5721 2.61824406963 3.06541818841
6411 4.42692529235 5.25714496991
5727 6.64006880985 6.64006880985
5724 1.77965837986 2.20867898133
5725 0.338651738867 0.338651738867
3913 1.46772244337 3.5989458983
3912 1.3407776326 1.39520909351
3918 1.68940833147 1.99566085679
6732 2.74799849483 2.74799849483
6734 0.667641330282 0.667641330282
6736 2.3750430135 3.3484802272
6737 2.66972562434 3.47225142995
6738 3.58481558296 3.58481558296
4796 1.66658768687 1.66658768687
4790 1.64588797313 1.78320805149
5836 3.08067737977 3.08067737977
4153 1.91610995599 1.91610995599
5834 3.692610101 3.692610101
5835 2.52454289694 2.58673760218
4154 1.37317260933 1.37317260933
5831 0.0299371876338 0.0500738000316
4159 4.55781234863 6.22606505337
4698 4.30304464896 6.35208096319
219 2.78333929271 2.89707802458
7464 0.581760688023 0.581760688023
6087 2.5420085815 2.5420085815
6084 3.14799996472 3.14799996472
6083 2.71400786958 2.71400786958
6644 1.19393625804 1.32866034911
6640 3.41448526574 3.63953004805
6642 1.74577997403 1.74577997403
5902 2.73456563003 2.73456563003
5904 1.25726510875 1.25726510875
5909 2.72308737447 2.72308737447
6497 0.224843202572 0.224921799406
3488 4.42065323419 5.16315511383
3481 5.29707596713 5.59021239377
3480 7.59368547159 7.59368547159
3482 3.36372340948 3.36372340948
3487 4.99598596242 5.43711908911
3486 4.17437586846 4.17437586846
4566 2.50098064256 2.50098064256
4565 1.04054803212 1.16123875112
4569 2.09512715218 2.13685710721
7080 2.83519281657 3.42474048212
2551 2.54252408947 3.89181140811
2552 7.58301230221 7.58301230221
2554 1.50461430849 1.77350742667
2555 1.4979716493 1.4979716493
6396 1.06286442693 1.06286442693
6397 5.47697975205 5.47697975205
2397 9.9997080453 9.9997080453
2394 1.10487435692 1.52636787335
63 2.36263174604 2.36263174604
5013 2.38069818965 2.38069818965
5014 4.92654611098 4.92654611098
2771 1.43746802133 2.07031682516
2772 1.77834493507 2.34990522773
4897 1.49291112938 1.57616130077
2775 1.73216052349 1.78309830803
2777 1.49726339427 1.57126335155
1859 0.499172290223 0.667816851918
6260 4.80066122999 4.80066122999
4418 2.01118691681 2.86477074001
4417 5.03846434434 5.03846434434
4416 4.36951019259 4.36951019259
1852 4.42668467965 4.42668467965
1853 0.755340458181 0.860065533029
1855 0.462191932275 0.462191932275
6269 3.30374723013 3.99760946741
5168 1.41585400606 1.41585400606
2171 0.749996127351 0.749996127351
2176 3.05828505216 3.05828505216
918 0.681393627134 0.681393627134
6063 0.730959914395 0.745247811003
4967 2.51128970021 4.23851726869
914 5.63628637371 5.63628637371
917 2.27378254396 2.27378254396
2179 1.23386320967 1.23386320967
912 1.49757056126 1.74264847739
2603 1.54638370246 1.54638370246
2609 2.61333355225 2.61333355225
1930 7.09389725828 7.09389725828
1937 5.61752421414 5.61752421414
3269 1.50153619615 1.52931071911
1939 3.3039447958 3.3039447958
5127 2.05490142421 2.19403502061
5121 2.03196593209 2.66693249927
845 1.63151224661 1.66503755153
3464 1.59712546903 1.59712546903
3463 2.41297917398 2.41298095873
842 1.77910723999 2.0236631854
7091 3.20068591284 3.20068591284
7375 0.571181920542 0.571181920542
848 1.94627659247 2.21626473967
7012 0.85311779728 1.03375863245
7013 3.48383239188 3.50760327155
7011 0.798412232556 0.798412232556
1731 0.205804632595 0.205804632595
1732 1.99840806463 2.4963273242
5234 2.34568572012 2.34568572012
1806 5.40142903121 5.51380279718
758 2.88117565764 3.28695365475
7088 1.03553232663 1.03553232663
1595 0.72711743429 0.72711743429
6887 0.614901146223 0.619724793932
1597 5.06011818009 5.24281043627
3074 1.98133061894 2.57878443935
3075 2.10768800439 2.22632043694
1592 1.1527639759 1.25098835501
3078 0.285979632037 0.285979632037
3079 2.46704900182 3.35528638082
1599 3.77613946407 4.04529032887
1598 3.0195947324 3.0195947324
6889 2.22518850071 2.2550453585
5344 1.67245634911 1.74521827219
5345 0.368671362047 0.368671362047
7168 1.90261513893 3.07348683159
1021 2.56208882104 2.56208882104
1023 4.47392962067 4.47392962067
7163 1.01734050173 1.01998641095
7166 1.69337140562 1.8449647478
7164 1.56591465732 1.56591465732
7165 5.54611617068 5.54611617068
604 3.1421389008 3.1421389008
4367 2.40885371443 2.69543086227
4361 4.17792191565 4.17792191565
4363 6.95503570791 7.7425131817
4362 1.56647658662 1.56647658662
1203 3.92574418453 3.92574418453
5649 3.06727504398 3.60548785206
1211 2.03206371662 2.03206371662
5641 2.07165564147 2.07165564147
6041 1.23336273759 1.42590610407
5642 1.82105749525 2.17001574864
5646 0.222551572825 0.222551572825
6335 0.751504175416 0.751504175416
3105 2.91077621182 2.91077621182
3107 5.08570363112 5.08772226877
3102 1.29851923098 2.01811269959
3103 0.143466791469 0.143466791469
1112 2.57696058118 2.57696058118
1443 6.00047614824 7.48049711501
1114 6.23959981753 6.23959981753
1116 2.31361403544 2.31361403544
4093 6.8813825105 7.24942424864
4091 4.87809600504 5.65129357933
6332 9.16956821159 9.16956821159
5737 1.74775453234 1.78355313607
5736 0.688380152188 0.688380152188
489 2.57964837091 2.62731153323
488 2.2742763461 2.2742763461
487 0.466891818791 0.466891818791
485 1.99203835896 2.7915010871
4587 2.70669363014 2.70669363014
480 4.43773021337 4.43773021337
7585 2.80875249343 2.80875249343
6463 0.887006571868 1.01269276658
7580 4.90916112698 6.05685881184
4725 2.88803246471 2.88803246471
4851 1.47037234763 1.54497860185
5300 3.98847305167 5.27832636545
3926 1.08280163 1.08280163
3927 1.96335068173 2.59846867124
3924 2.20827667133 2.20827667133
6526 0.237877561066 0.237877561066
6722 1.00100611305 1.00100611305
4782 0.271462204541 0.271462204541
4781 2.86034431649 4.84814393235
4149 5.99267304709 5.99267304709
5827 1.19817362011 1.54967736177
5826 2.50608746391 2.9155019697
4144 2.32290267086 2.32290267086
4141 4.89044032758 5.4880688378
4143 1.2202536038 1.2202536038
3857 4.13088554395 5.32809260907
3855 1.36268611938 1.36268611938
3852 1.31743189666 1.3174964324
3859 3.99248354732 3.99248354732
6099 1.21391352809 1.52240208138
6098 0.250000990491 0.250000990491
6091 3.77906231931 3.90345667838
6094 1.37647976515 1.37647976515
6917 5.20909508441 5.36353845837
6657 6.70024130114 6.70024130114
6655 2.00619181551 2.02188032879
6048 1.41636877136 1.41636877136
6651 2.11227933796 2.11234160841
5915 1.87862377477 2.1887227913
5911 5.07790093663 5.70828654227
4820 2.44982303811 2.74559895712
199 0.875435716545 0.875435716545
195 2.61418550367 2.61418550367
196 6.00130035673 6.00168280389
190 0.909229576932 0.909229576932
6384 3.31015170096 4.21324365179
6387 2.41663979362 2.71989804556
3679 6.00445991965 6.26536278107
4558 1.442621848 2.04827208314
3676 2.00265569561 2.63007779473
4553 2.48546320562 2.74727879042
4550 4.21508910229 4.5189497803
2541 1.07354082368 1.17215841076
2546 1.18223285446 1.18223285446
2380 1.71669044768 1.71669044768
2383 2.58162870788 2.58162870788
2386 1.33927484452 1.6743845028
3580 0.636877783995 0.784611031493
3583 3.829412891 5.18582116478
3585 2.91019787683 2.91019787683
3587 3.62321062517 3.75983025588
2761 2.21549933294 2.60000803932
2767 1.7342618043 1.7342618043
2765 1.99183450603 3.03726289685
2764 2.05832315269 2.26186876574
6913 3.28079462141 3.28079462141
902 1.25030610245 1.25030610245
1849 1.92908960761 2.88750296779
6277 0.492063872255 0.503574385924
6276 5.99985423226 7.84804171777
1843 3.53055132707 3.53055132707
4423 1.96724283364 3.09832038193
4420 0.945665820258 1.0528243486
1847 3.64667578228 3.64667578228
6077 2.03050170576 2.79865692836
2168 1.0827621981 1.0827621981
6071 1.63349225901 2.1954610463
6070 6.10573912243 6.10573912243
4951 9.05942721959 9.05942721959
4956 1.24220794589 1.52391562617
2160 1.37135014595 1.37135014595
7309 0.128424079211 0.128424079211
2613 2.60708274606 2.60708616225
7095 0.455158748571 0.455158748571
2618 0.514746454012 0.516808589164
7347 3.11371568959 3.11371568959
7345 6.99994860396 6.99994860396
3298 0.51593614211 0.605346178154
5138 1.47917306236 1.47917306236
3294 0.0891996110731 0.089745265337
1907 4.77027752736 5.80011321131
3296 4.08407143628 4.43401377415
3297 4.66862608011 4.74741954549
3290 0.440590306457 0.547988801301
5132 1.60243566416 2.52562959171
5131 5.81441283913 5.81441283913
1901 2.05497283664 2.55998836366
3452 1.8824379773 2.51143394276
3450 2.32336476113 2.52742842342
3456 2.66378835304 2.66378835304
851 2.04234707486 2.92810684165
3455 0.99733830201 0.99733830201
3863 1.4773999181 1.4773999181
6 0.804280543526 0.902692209609
7001 1.25674559457 1.62684357623
7005 0.594969839256 0.594969839256
7006 2.07737969993 2.49248110553
5229 1.6761400236 2.07728798312
5228 3.60035839885 3.92010153625
5223 2.84570442825 3.33792737787
5224 1.06142832325 1.06142832325
743 4.33909436016 4.33909436016
744 0.981967575006 0.981967575006
745 1.25207259071 1.5478999347
746 3.26948194327 3.26948194327
747 5.32859162017 5.32859162017
748 11.0446457758 11.0446457758
3062 1.89696270343 1.89696270343
7177 0.569961546086 0.749372536209
7176 4.56158202876 6.21000158589
6895 1.54861513739 2.37685831927
3065 5.27452999924 5.27452999924
3064 2.22737305305 3.00229971776
2947 4.5455727432 4.5455727432
3069 1.69096797251 1.69096797251
3068 0.997829927031 1.19210364439
7178 2.98704470933 3.19300940338
2941 3.40064731501 3.49411738813
1051 2.61395190418 2.74614386903
1053 3.19641028468 3.51126055674
1056 1.68876036695 2.10320016798
1057 3.48083900685 3.48083900685
1693 3.20743126974 3.20743126974
2919 1.00295734819 1.08946561585
1699 5.21973134995 5.21973134995
4311 1.68916229313 1.68916229313
618 3.27375900763 3.27375900763
4315 5.60110016967 5.76099871206
4317 2.13677783604 2.13677783604
1797 0.956386230951 1.14066785094
611 2.22602358811 2.98276649216
617 3.35353486435 4.21496970232
7574 0.154904327417 0.154926533179
3118 1.54494558585 1.54494558585
3116 2.92723244161 3.09267327353
3115 1.82614864752 1.90486937834
3110 1.90058520268 2.27082678173
7579 0.881086208826 0.881086208826
1470 2.9150477189 3.18611274956
1474 4.44564754366 4.47630634784
1475 7.77436615304 7.77436615304
7041 3.1934243328 3.1934243328
6143 0.523964110762 0.523964110762
1479 6.29942611812 6.34790795134
5464 1.09941794578 1.09941794578
1301 0.666251439928 0.666251439928
7129 2.20440856199 2.41377098529
1308 2.57358927658 3.58622796755
6410 1.69111498035 1.76586383795
5740 5.6347862419 5.6347862419
4229 0.993909642619 0.993909642619
3597 0.999556648779 0.999556648779
496 0.101578470976 0.101578470976
4227 6.08495369218 6.41412716471
490 4.86397001738 4.86403560698
4221 1.40018891927 1.58175229764
493 3.21112826996 3.46357221066
24 5.42219534538 5.50759446293
25 1.09843468101 1.19367013006
5584 1.41192852087 2.19440310139
22 3.08694064473 3.34394085428
23 3.40143835478 3.40143835478
7595 0.953798811534 1.20873810491
6470 2.66488774094 3.59139559365
6476 7.30277677354 7.30277677354
7591 0.723180037659 0.86128804403
5589 2.78280905209 2.78280905209
3938 7.37277633441 7.37277633441
3936 2.7040634561 2.72242084403
5265 1.73353143288 1.73353143288
6718 1.36045162015 1.36045162015
6716 4.35526347131 5.04509205566
6717 2.23901109117 2.23901109117
6710 1.879739163 1.879739163
4138 3.741104875 3.741104875
4130 2.69962640544 2.73414938033
7474 1.46969872575 1.84635880239
5692 2.04470379561 2.65180119531
3840 1.30043077615 1.87868400793
3843 5.80485231614 5.85894304883
5691 3.35998324724 3.35998324724
5694 0.467718825103 0.467718825103
3849 1.55316355141 2.15687526186
1872 1.83358710667 1.83358710667
4046 1.88421234666 1.94699016957
4047 5.76208501413 6.31380582384
4048 6.99302464616 7.56272503221
5968 0.529530332503 0.529530332503
5969 1.28494812384 1.48896527802
5963 1.89127250361 1.89127250361
5964 1.48973409003 1.4952727139
2289 0.500032960837 0.500032960837
3667 1.19735201997 1.19735201997
3661 2.81080665893 3.98303227556
2280 2.74713060783 2.74713060783
2282 3.45621409249 3.45621409249
5433 5.50934457224 5.55304198094
2287 3.35408298517 4.70370574834
4543 6.62592716255 6.69781838899
4546 0.924154742875 0.924154742875
2579 0.085629391994 0.085629391994
2572 2.96739150572 3.26197743638
2570 2.54294198525 2.54294198525
4534 1.29299857831 1.621223601
2378 4.66600532624 4.66600532624
4827 3.00913158663 3.35948191178
2376 0.88687342106 1.05316070193
2370 1.91114096638 1.91114096638
2373 0.0301293914583 0.0301293914583
3592 1.19420880448 1.19421718899
2596 0.965635612563 0.965635612563
2590 1.36111250859 1.36111250859
3595 1.52974979728 2.39316593367
3594 2.0032487406 2.20425538215
5036 3.7417740599 3.75130625314
6280 2.44782621943 2.67868929105
5030 0.500601286306 0.500601286306
4531 2.60261590812 3.18383867745
4434 0.21533884918 0.21533884918
4437 1.72123835413 1.75688567375
1084 4.37465847519 4.37466027447
4431 2.32114297424 2.32114297424
4430 0.722952818363 0.722952818363
4433 1.64512145257 1.64760607808
6283 1.74850055099 1.81580958114
4438 8.43450035116 8.43450035116
1878 0.599488155213 0.599488155213
6595 2.78321262011 3.80252228474
970 1.45365027826 1.45365027826
5581 2.9056924905 2.9056924905
6287 1.49055432756 1.490562275
4949 2.99998780894 3.0824908299
4948 1.64145111529 1.64145111529
6282 2.23745071058 2.92352934701
978 0.87758809385 0.928389992348
6043 2.27862700724 2.60056085757
6040 7.4734449182 7.48930925583
181 4.84103264524 4.84103264524
186 1.41718629772 2.19153016963
6044 0.274320786994 0.274320786994
6045 3.24028212302 3.783042929
2112 1.64157043226 1.64157043226
189 1.74845563555 2.10855428668
2114 2.862369168 3.12847807962
2115 0.942669892467 1.03637568659
2117 1.63720420753 1.63737540775
2627 3.4293472068 4.02863696667
2624 4.18272071764 4.18272071764
5837 5.75797287497 5.81262348995
7351 3.48169679546 5.51686760457
1918 1.91967667247 1.91967667247
7355 1.49661841489 1.49661841489
4924 2.61506138572 2.61506138572
7357 3.8377302497 3.8377302497
7356 4.21048291496 5.60679315923
3287 4.9884317017 5.84977172006
3286 2.64788145991 2.64788145991
3284 1.84285658649 1.96672750427
188 2.83640836345 2.83640836345
869 2.25308706995 2.44771273707
860 5.49754200619 7.35008157315
3440 3.57084702568 3.9114100646
3443 2.16902212709 2.16902212709
2027 2.68496724906 2.68496724906
2750 3.83234398783 3.83234398783
2023 2.3721968306 3.03114832184
2758 2.77909086877 2.9251655311
881 0.677691873678 0.678273272602
886 0.386245944798 0.386535223224
888 1.57621843721 1.6513614854
5217 2.27864039836 2.570583449
5214 3.71100598333 3.71100598333
5210 1.83147099334 2.05217723648
5211 3.68175745 3.70806934915
5218 2.52040332358 2.52048793079
5219 5.50870377985 5.50870377985
7504 4.99997500315 5.00066923995
5414 1.48990504804 1.97065029631
777 0.838612893256 1.13424165224
770 3.06698942161 3.29778134531
772 0.888860778718 0.888860778718
7503 0.999289310596 0.999289310596
779 4.47984507934 5.95195495877
7638 0.0494277585414 0.0494277585414
4675 3.32586003624 3.88697068292
76 1.43350705913 1.90878484643
2978 0.47460768993 0.47460768993
72 0.639144074843 0.639144074843
3058 6.00925301899 6.26812211889
2972 3.75497933295 3.75497933295
2973 4.65119714588 4.65119714588
3054 1.76932158819 1.76932158819
3052 1.08920068302 1.44739123031
2977 1.66539125683 2.09553010795
3050 8.98104479115 8.98104479115
2975 3.50963514986 3.50963514986
1042 1.49913480511 1.91078725577
1041 2.21642012697 2.47481417312
1040 0.786568813946 0.786568813946
1046 5.04150888854 6.41337645507
1049 2.56428827313 2.56428827313
1683 3.23800683745 3.23804360264
1685 4.59304656155 5.35869684563
1684 2.76262836723 3.00767862044
1687 2.67141945011 3.3121032297
4802 1.66630926394 1.74601258464
7354 2.99996216696 2.99996216696
4301 1.63376238783 1.70882565172
1268 1.83015812661 1.83015812661
1263 2.01897051151 2.14573120887
1261 3.05766059675 3.05766059675
4308 5.05881001194 5.05881001194
1267 1.77475926669 1.86505218515
1266 3.65938164337 4.47504710142
1264 3.59373729701 3.59701512781
7359 5.53778141475 5.53778141475
3021 1.05144211817 1.31283411212
5103 2.42411579384 2.45076871679
3128 0.898166070185 1.26421466997
3129 0.712879103615 0.846311001966
7619 0.920039025517 0.920039025517
3122 3.56358667473 3.56358667473
3121 1.00014222624 1.00014222624
3127 2.02245343247 2.02245343247
1914 2.53694777091 2.53694777091
1465 1.98911086212 2.15147784519
6065 3.49355271089 3.83099422774
1461 2.3838542786 2.3838542786
1313 2.04350813863 2.24090622252
1312 1.17443808207 1.38538322124
1310 5.99522703116 5.99522703116
1319 3.54260075517 3.54260075517
6914 3.75072198414 3.75072198414
6915 0.666690910887 0.666690910887
6444 2.05579918875 2.61715261873
5750 0.155096436739 0.155096436739
5757 1.57854894884 1.57854894884
6440 3.04171366036 3.51230270105
5754 0.432388651207 0.432388651207
4236 3.80440450344 3.80440450344
6919 4.24281482087 5.49418326666
6124 4.42789094762 4.42789094762
312 1.61141892726 1.61141892726
311 0.753431631357 0.753431631357
316 1.45621747411 1.68529679848
315 3.27049642645 3.27049642645
314 2.00299598891 2.00299598891
6701 0.996470599715 0.996470599715
6703 3.45386699358 3.45386808521
6702 0.925466453639 0.925466453639
6705 5.43211915968 5.43211915968
6704 3.98203604358 3.98203604358
6707 0.499197242339 0.668511952746
7435 2.41900633117 2.41900633117
7436 3.66726990187 4.35918167258
7437 3.09827109518 3.80348460694
7431 2.59989488936 3.4922467881
5685 0.766929876984 0.766929876984
5687 1.49173731862 1.7954296573
5681 1.67596237723 1.74892821346
5683 0.56262835476 0.581301811262
1330 1.74734585953 2.3220380321
6674 1.10428497568 1.10428497568
4704 1.84800666375 1.84800666375
6671 1.32206983416 1.32206983416
4054 2.50183675106 3.15807465175
4053 2.1975092416 2.1975092416
4052 3.56317805334 3.56317805334
4050 1.97458910012 2.2029343509
6218 0.817560811008 0.817560811008
5976 6.00888697376 6.05984387716
5974 0.830502998352 0.859146462089
2299 3.33596360357 3.91560297675
3613 3.60919287732 3.60919287732
3614 4.76276480884 5.51525298988
3615 0.312419214856 0.312419214856
3616 0.142817808781 0.142817808781
2292 3.21836174631 3.2184080375
6939 4.21190492446 4.24075861897
2561 2.12620682589 2.61573540212
2562 3.08697496167 3.83053089395
2566 4.66361176563 4.66361176563
2368 2.5011970681 2.74268685284
2367 6.03536734179 6.45107286075
2366 0.374615251538 0.374615251538
2364 1.37056989548 1.42424878934
2587 4.01036453561 4.01262889027
2586 2.97575375841 4.4258595419
2585 3.61857305164 4.54818538558
2584 2.00865990402 2.44447263102
7294 2.49989341605 2.56166653868
7295 1.15421926692 1.15421926692
2580 4.31415968295 4.31415968295
5021 6.28213377323 6.30688929577
5024 2.50723904469 2.5600984426
5026 2.15212775839 2.32401254432
4441 2.39280596197 2.39282729991
4442 0.966390941514 0.966395030618
4443 3.23573761351 3.23573761351
4444 0.855119687317 1.00947429879
4445 8.55592093993 8.55592093993
1867 1.97933331899 2.00119222653
1866 0.433609164567 0.433609164567
4448 2.84082378281 2.84082378281
3721 3.44440727062 3.44440727062
3722 0.831387588436 0.831387588436
961 2.41817181171 2.85448862028
6299 2.21069539692 2.72615019478
963 0.484785460183 0.529174247976
6297 2.71408562728 2.82479157792
6293 1.48476248709 1.48476248709
4688 3.42108540231 3.85338131708
6290 2.24368606847 2.24738992519
2108 2.80549121079 3.52785616364
6059 1.84467514781 1.84467514781
2103 1.45306139516 1.81741349542
2102 1.14029115236 1.23692964906
2100 5.37885839642 6.31470587335
5575 1.94113436603 1.94113436603
2105 1.49665009804 1.49665009804
5117 0.611233394479 0.611233394479
5113 2.80717215264 3.99758836104
2634 4.31098029197 4.70921892701
2636 1.57377607945 1.5737831471
2631 2.81746320557 2.81746320557
2630 2.93287090133 2.93287090133
5571 3.00124315867 3.00124315867
5292 0.501068901266 0.659122138079
3438 0.913014139989 0.913014139989
3439 0.155193999124 0.155193999124
878 2.07924967002 2.07926636221
879 3.38051900626 3.38051900626
3431 6.32134755014 6.40164245037
872 0.749688233202 0.749688233202
873 0.375489572127 0.375489572127
4592 1.4943664387 2.09838409772
4593 2.39517712516 2.69099267624
2743 0.410177705628 0.410177705628
2033 1.43980806363 1.64508713381
2032 7.6355653394 7.6355653394
4595 1.17706634408 1.56476031923
9 2.27089941979 3.1255115551
4840 0.22250022312 0.22250022312
3097 3.00465362582 3.00465362582
890 0.00963486954334 0.00963486954334
5200 4.21576884335 4.21576884335
5203 3.8049697692 3.8049697692
5202 0.47278057565 0.479137465318
5204 1.25549085588 1.310853011
7320 4.09249476797 4.91077070919
3545 1.22944665148 1.57808989787
3547 5.61800851297 5.61800851297
3543 1.51254572345 1.51254572345
7323 0.830837465129 0.830837465129
2965 0.18171016507 0.181710171664
2964 1.4614236495 1.76800464526
2966 0.640489442867 0.640489442867
2961 1.55679630029 1.99931424964
762 2.257470704 2.257470704
1781 4.19078482056 4.19078482056
767 2.0275709675 2.08839118606
1786 2.88463059474 2.88463059474
7113 3.32718926315 3.42537299338
7112 2.20337525829 2.20337525829
6878 1.72566926174 1.90548429008
7119 2.39241220154 2.8068138458
7118 1.39461345899 1.39461345899
3045 1.00571549928 1.15347999768
6872 5.46966609996 5.62152933347
3046 4.60096128436 4.60096128436
1079 4.00839066103 4.30661943507
1077 1.92624278553 1.93634312589
1074 2.31615831914 2.31615831914
1072 2.942980887 2.942980887
1073 1.41977474573 1.42630853179
1070 1.58770544301 1.98598663322
5372 4.94827290599 6.51803053629
7290 5.73845820671 6.50399952748
1678 2.47989330064 3.02995780221
1674 1.04241183823 1.63908821181
678 2.31775907891 2.31775907891
676 1.62779185297 2.1941720224
4333 1.82216237304 1.82216237304
4330 0.187247880593 0.187247880593
3131 4.87012521239 4.87012521239
3130 0.834823574036 0.834823574036
3139 3.0729744848 3.1154709546
3138 0.626964218002 0.626964218002
7608 1.93370696347 2.8030133253
7607 3.9811556115 4.01746511692
7604 4.12715299916 4.12715299916
7600 2.49976118027 2.61423430809
6018 2.52232313888 2.52232313888
1412 4.58977063666 4.58977063666
1413 6.00188800077 6.6472198183
1416 0.537577808533 0.537577808533
1327 2.8207681852 2.8207681852
1325 2.06762800192 2.32352819888
1328 3.0324644441 3.0324644441
6450 1.55134473417 2.05689138111
6455 3.56118021743 3.58244279844
6454 2.85792521754 3.43256547554
5768 6.58789805983 6.59484704161
6456 1.25767046831 1.70234371733
6458 4.61082449662 4.89990334674
4645 0.614090098263 0.734683344023
5762 0.129596058789 0.129596058789
4207 1.70199249066 1.73929386315
4636 4.51186632597 4.51661279395
5565 1.13415729653 1.38963035363
5562 0.974601410182 1.21508279563
1256 0.182902236568 0.185398946588
1526 3.88162893881 3.88162893881
1520 1.66289346458 1.66289662828
308 1.96376168987 2.47096326778
3953 1.90523316243 2.33392076964
303 1.54481827718 1.77098774138
3957 3.17826605602 3.17826605602
307 4.66512564532 5.43077014763
4113 3.99560306388 4.54051790473
7420 3.99434706846 5.50007448156
3340 4.17920492006 6.67912700328
5159 1.60806760523 1.60806760523
2475 2.66414865613 3.03717022722
6601 1.15916091389 1.15916091389
6602 2.17760233517 2.17760233517
6439 2.99608306449 3.03456658187
6606 1.25476734635 1.25476734635
7109 1.2192845423 1.28121339448
6608 1.28075372559 1.28075372814
5946 0.0663777068164 0.0663777068164
5945 0.643329433379 0.759557413611
4064 3.86703725747 4.43609273981
5941 0.915541912761 1.2609452655
2976 2.18121318309 2.5140389306
4068 4.77423492842 4.77423492842
4069 7.93541074791 7.93541074791
5948 3.51021134334 3.56129083249
5949 1.83390492331 1.8339066864
5785 0.853447654126 0.980761051449
5786 1.84589546485 2.25406788075
5782 4.8531387997 4.8531387997
5019 4.99995423146 4.99995423146
3051 2.69799584351 4.16365413193
3601 2.90431270905 2.90431270905
3600 1.34688157489 1.34688157489
3607 4.33387861791 4.38340098934
3604 3.17642172463 3.17642172463
3608 1.48579861286 1.48580249837
5361 1.12385420768 1.12385420768
4894 3.63150972947 4.78594227266
5367 1.73836965038 1.80239897189
6115 3.59058164436 3.62229927985
6117 1.24425561156 1.24425561156
6112 4.40285434234 5.62221359745
2358 1.75055704806 2.13351886908
2353 2.39124491326 2.39124491326
5368 1.50588782278 1.73895170886
2355 3.01467918141 3.3245824259
4450 5.36015279919 5.36015279919
4456 2.3371882976 2.83411195358
4455 8.119529136 8.119529136
4454 1.51595477269 1.51595477269
3736 2.81228819299 4.88863727287
4459 1.60313087194 1.60313087194
3733 5.18375978896 5.82040087888
476 1.07520106392 1.52502811424
3730 3.43078119811 3.68798955132
4922 4.07750491742 4.07750491742
4920 1.88612761568 2.35704454416
4695 3.24810176353 3.58028452194
4697 8.95224730257 8.95224730257
2131 3.00029141236 3.00635550433
950 2.1467066479 2.51173789601
4929 4.41774049756 4.97362712975
954 0.806629804561 0.806629804561
6022 2.02448344578 2.02448344578
6026 1.12818964409 1.37134255494
2649 2.54148068884 2.54148068884
5167 1.59724414214 1.97037508111
2640 1.76931691069 1.76931691069
2645 2.28552168157 2.47984999008
2647 10.7674605758 10.7674632293
3429 2.35280451329 2.79692321376
3423 1.42662987691 1.71413143354
3422 1.81670776295 1.81670776295
3421 1.16208383313 1.19926258143
3427 2.61448288962 2.61448288962
3426 2.24693724487 2.51914306511
3424 1.76686341979 1.76686341979
1850 0.141669728679 0.141669728679
2000 3.48621774334 3.50066966167
6337 1.57661474598 1.59322310783
2007 1.08242991623 1.1964163942
4859 5.99325293704 5.99325293704
2005 1.56466053589 1.94377034494
2008 0.787684779141 0.787684779141
4415 1.98725535354 2.47469570639
4583 5.14673681339 5.35977243839
4582 2.02475220648 2.21878800733
1269 3.20483159672 3.23490059254
3554 0.486552863039 0.491480866024
3550 3.81885893617 3.81885893617
6966 2.20512396519 2.20512396519
3558 2.59287426668 3.27236872376
6061 1.95500769918 2.28575402387
2911 0.866506516097 1.16134537877
1799 1.2579520816 1.2579520816
2913 1.36195179109 1.67747968256
1793 1.95609095663 2.1057663832
1792 2.45635373013 3.11718473655
715 0.719222684137 0.719222684137
714 2.99405743166 3.27374061394
713 1.23734826953 1.23734826953
712 3.86950800729 3.86950800729
4966 1.0537800928 1.30886863885
7127 2.99845940529 3.37388374669
6840 0.861429795623 0.861429795623
7125 1.97521564008 2.0347225628
7123 1.03051614774 1.03051614774
6844 1.82918605892 1.88843353793
7121 1.28169112681 1.60369839062
1069 1.08430917607 1.34646917972
1068 9.00055198462 9.00055198462
4964 2.08001705125 3.01272945677
1061 6.58806759725 6.58806759725
5301 2.17586379486 2.17586379486
1668 0.356931004696 0.356931004696
1665 3.5299677292 3.5299677292
4960 1.57903760493 1.57903760493
1662 2.60847703091 3.58879687265
591 2.39181730592 2.4433338827
590 2.32818007906 2.77367095268
592 9.15716867326 9.15716867326
594 2.54393199236 2.97796439243
6596 0.0503538891682 0.0503538891682
599 4.58876104806 4.60676749656
4323 3.59702551459 3.89962158258
4325 1.47081192004 1.47081192004
1088 7.71648152575 8.25728302164
3140 3.4385160353 3.4385160353
2821 0.728508291088 0.884501008992
3386 1.54068594364 1.54068594364
3384 1.29623113998 1.29623113998
3385 4.98627162793 5.71311967085
5412 3.10762800492 3.10762800492
3381 0.640354587195 0.640354587195
7632 1.85378488902 1.98829101881
3389 4.03465134761 5.63985904431
1408 2.53435225845 2.53435723865
1406 0.264740303086 0.264740303086
5792 0.572850355271 0.662225468198
1339 4.54675277257 4.54675277257
4210 0.810517877423 0.904594764777
4212 1.47370735225 1.83451438078
1337 3.0739630905 3.0739630905
5790 7.55027722 7.55027722
4219 4.45389022433 6.17035636285
446 3.98308703377 5.6658859385
445 0.51860596543 0.538485218813
691 2.59702776596 3.30718788217
5772 3.56176216007 4.44696560141
7515 0.0385051708775 0.0385051708775
5578 1.33624489257 1.64473250628
32 0.768462308576 0.768462308576
31 2.02121437207 2.02121437207
5573 5.16504636681 5.31839876456
35 3.15412738715 4.059281607
3092 2.29708368167 3.39899194913
3093 3.62504769456 3.62504769456
643 6.70475536199 6.70475536199
1244 1.45946819222 1.45946819222
1531 5.99274384046 6.41455383817
1530 1.4742549976 1.69567387818
649 2.53891974395 2.66801476219
3098 0.72986819353 0.72986819353
3099 3.36571931679 3.38295012962
1539 3.50046516997 3.53601838317
338 0.737900582022 0.737900582022
335 2.7732612167 2.83373441222
334 2.93596359895 3.61656266944
337 0.00225058471801 0.00225058471801
331 2.45409985035 2.83035743424
333 1.63848911863 1.63848911863
7611 2.05849948384 2.08710934673
5124 4.88578353503 4.88578353503
4105 0.585518142791 0.585518142791
4106 1.75835352837 2.07608089794
7412 2.08959158059 2.08959158059
7413 4.37891020253 4.37891020253
7410 0.601551299321 0.601551299321
7411 4.42010184317 4.47100085793
7414 1.90345149099 1.90479985219
3897 1.11705147841 1.11705149552
3895 1.75071388854 2.09912271436
7379 5.55834871927 5.55834871927
6611 1.06515659758 1.06515659758
6615 0.714017038125 0.84525266623
6614 3.11688645994 3.11688645994
6619 3.00067738252 3.00067738252
4078 4.1377389848 4.1377389848
5957 1.42167919243 1.63351596001
5956 4.8117073522 5.90882029964
4075 4.92445374732 5.02646104903
4070 2.93096199939 3.76636991487
4073 1.11199153376 1.11199153376
5797 2.66893336085 2.66893336085
3967 4.47233431496 4.921627054
3965 2.45717220412 2.45717220412
3962 1.58300729805 1.58300729805
3963 2.43141382993 2.43141382993
3961 0.809294486339 1.04217435608
7278 3.7796188249 3.86014515606
5799 2.814507997 3.37957500754
3636 2.42612818837 2.79314088349
3637 9.43048982547 9.43048982547
3632 0.941693080901 1.22754823321
3630 1.0824272744 1.0824272744
4611 3.05423597811 3.05423889415
3468 1.38681159779 1.63149493653
4613 1.32415830761 1.38455457914
2345 1.84412383755 1.84412383755
2346 0.262101006708 0.48796075666
2342 5.98909275435 5.98909275435
6107 4.53173037322 5.0294622861
6103 1.61846893955 1.61846893955
6102 0.764727764116 0.764727764116
4616 6.19923490723 6.19924287263
3709 1.80601368761 2.37656334736
1888 1.82763388119 1.8642488627
3700 1.46108287353 1.46108287353
4465 3.26304007503 3.26304007503
4462 0.117734716115 0.117734716115
1880 4.42998441887 4.45577631664
2127 6.76326465577 6.76327446905
2129 4.34969134673 4.79361572212
4665 5.9781737266 6.65430271956
4660 2.79184454101 3.70834164133
943 2.03830334563 2.50253813232
4910 4.10683605764 6.55586048855
4663 1.66654367992 1.66654367992
6038 2.1180472045 2.1180472045
6035 3.025930114 3.025930114
2653 1.63233450116 1.63233450116
2651 1.87869775367 1.87869775367
6441 0.114433740318 0.114433740318
2654 2.4773274559 2.61793169653
3414 0.600913174487 0.600913174487
7389 6.21022811971 6.5574749879
3412 5.19508521084 6.16294558693
136 1.64838372279 1.76971001656
3410 0.99964241308 1.02716939011
134 0.364743085562 0.466248023906
7382 3.90629234342 5.28709670883
7387 1.69370071046 2.01218950767
3418 0.090767717704 0.090767717704
7385 6.70257607358 8.28260614473
6326 0.57188928425 0.57188928425
6325 1.40714544461 1.52176500829
2018 0.00377900998385 0.00377900998385
6321 1.0757291441 1.0757291441
4863 2.8872372501 3.14617253183
2017 7.56529568672 7.56529568672
4861 3.80784468553 3.99594586564
2011 3.70095888833 5.21321973999
6839 2.33395025401 3.11362176251
6329 4.68981543612 4.68981543612
6328 0.735036325408 1.05533108133
7443 1.87760141571 1.87760141571
7444 1.87599912231 2.16368671071
7254 1.46316469222 1.46316469222
7255 4.24945779234 4.24945779234
7251 0.388451861038 0.566253166878
3565 2.19773993284 2.19773993284
3569 0.369352479589 0.369352479589
4485 0.646166520018 0.646166520018
6564 4.01979388364 4.12793353359
2903 1.88332312402 1.90733883591
2902 1.25604068808 1.25604068808
708 0.497554811946 0.497554811946
2906 1.0009113287 1.0009113287
6853 5.46940141037 5.46940141037
704 3.89215879432 3.89215879432
705 3.69150781763 4.28048519275
706 2.46191471891 2.46191471891
701 2.37312824579 2.37312824579
6560 1.33515846988 1.82684704979
7139 1.37606199517 1.37606199517
7138 1.19511218435 1.19511218435
89 8.49036147813 8.49036147813
83 5.59455562037 5.98516393957
81 1.42824889843 1.80808855696
7135 2.024805924 2.62379144262
7134 2.20492341133 2.8836449844
7137 1.24682657518 1.24682657518
85 1.63069370008 1.9998835713
5311 1.80040383084 2.57740061567
5310 2.27302892794 2.27302892794
1658 1.84135125834 2.09538264538
1652 0.0509331009941 0.0509331009941
1653 0.921676773767 1.21974393577
1651 1.76434116099 2.39438509074
6583 0.949163101299 1.036813238
1631 0.792030753068 0.992101840163
588 0.501123988177 0.501123988177
3151 4.08945149119 4.08945149119
3150 1.63790087533 1.99556580509
7621 2.00076290456 2.00153146971
3154 1.95413510718 1.95413510718
7629 5.4936706723 5.86255132307
1437 0.190217678884 0.222269633529
1434 2.69534863565 3.9864890374
3392 6.66176349252 6.66176349252
3395 2.24142223984 2.99767252755
1636 1.54089774958 1.54089774958
1430 2.13099672174 2.13099672174
3399 0.478212191835 0.478212191835
3398 4.76269474738 4.76269474738
1438 3.21531321379 3.71697354805
4260 3.22209458194 3.6175548243
5233 1.01566714542 1.01850310422
4265 1.20664495528 1.20664495528
4268 4.53032907964 4.53032907964
452 2.54328670374 2.58234772126
1345 1.33928827263 1.49264099314
456 1.20255949033 1.20255949033
1347 4.50567569712 4.50567569712
6921 1.45851610698 1.61439019259
5546 3.3194352244 3.3194352244
5545 1.01294840193 1.06050302565
652 3.81064654724 3.81064654724
650 1.27023293727 1.27023353666
1508 0.0901814358584 0.0901814358584
4461 1.55206946133 1.82898327343
3081 1.26388761444 1.26388761444
659 3.11210798548 3.44441357927
5890 0.138324462832 0.138324462832
5891 0.520553587773 0.520553587773
5892 3.47455884683 3.47455884683
5896 1.57550182505 1.81466000124
5897 2.6498109956 4.18203565963
5898 2.55054552156 4.0776380695
5899 3.33284197257 3.33284197257
948 0.176428946561 0.176428946561
3882 4.1651724486 5.24549816253
3889 2.34811083573 2.76091367466
4916 4.68481047674 4.68481047674
7404 0.0551728778656 0.0551745155894
7407 1.43194437989 1.49900964241
4911 2.74312638115 2.74312638115
4008 5.22759389839 5.22759389839
4004 1.16719174451 1.43270512571
3970 3.25053819262 3.25053819262
3973 1.6729784413 1.70015690306
326 2.09725506476 2.09725506476
3974 4.31526732216 4.31526732216
324 1.29405156667 1.29405156667
328 1.15400766905 1.15435272561
3621 4.00096547993 4.00096547993
3070 2.00934529623 3.46170087568
2332 0.588019090164 0.750200629112
6136 2.64787926802 2.64787926802
6883 1.83927044428 2.52281962885
3713 1.93251886876 1.93251886876
3719 2.04271935986 3.70762449196
4479 1.64141885069 1.64141885069
4470 2.93637854012 3.00126492133
4475 2.62252998708 2.81518413456
4474 0.298008507841 0.298030390833
5763 1.34776255811 1.34776255811
6007 1.51233158317 1.61740159122
6004 4.31307105781 5.11752716564
6000 7.45067479193 7.45067479193
2489 2.75556409813 2.75556409813
2950 4.35099559018 4.35099559018
2484 1.39262803816 1.79569211036
4673 5.52657512273 5.52657512273
4670 2.08723988906 2.08723988906
3252 0.940083057675 0.975903029468
2245 1.34151731216 1.55336538494
2246 0.986450032808 1.06731276671
2247 0.900346239468 0.900346239468
2240 2.36872379666 3.38259570157
5179 5.36051147509 5.36051147509
2242 1.96767338637 2.74753818466
7394 0.00707230734067 0.00707230734067
2466 2.09178443014 2.1458491445
996 3.81712304717 3.81712304717
7391 2.58482028642 2.58482028642
993 6.70385510104 6.70385510104
992 2.59329501085 2.79411835459
5144 1.58011014992 1.58011014992
2469 3.17639243726 3.84907878728
7535 3.2356006737 3.2356006737
122 2.69909437794 3.24611104686
124 0.787804864527 0.787804864527
3404 1.71621901855 1.71621901855
126 2.44412015805 2.50577848985
3409 6.34515258013 7.01345068243
3408 4.65168716957 4.65168716957
4875 0.347803616625 0.347803616625
4871 6.50013375334 6.56724447692
7438 5.23446827838 5.23446827838
4878 2.45768651813 2.45768651813
2069 3.72260705281 4.0134273203
7533 1.72695522816 1.72695522816
5424 1.51286987532 1.51309743488
2062 1.27767576011 1.36924747438
6319 4.50002317043 4.50002317043
3413 1.34095506462 1.34237486906
5423 1.19968752531 1.46621780083
7247 0.133944228037 0.133944228037
5099 1.49086586569 1.95039636618
3578 1.43013413563 1.61137511525
3571 1.48072433733 1.6000126224
3573 1.08734203704 1.08734203704
5097 0.00211626688693 0.00211626688693
2665 3.93362725399 3.93362725399
4492 0.177619716144 0.177619716144
4490 4.41313319036 4.41313319036
2669 1.44677224224 1.74731692005
6823 2.53249339295 3.19274758567
6824 1.36683144208 1.36683144208
2938 2.74279927624 2.74279927624
6829 1.59658641258 1.66983144175
2935 1.89066705173 2.11259650334
5326 0.642931972 0.642931972
5327 0.00143633750323 0.00143633750323
5325 6.07127214648 6.13836765194
5322 2.40019448475 2.40019448475
5320 1.19712328804 1.19712328804
5321 1.27436403118 1.40847269418
5328 1.26647896224 1.26647896224
1643 1.29604006734 1.29604006734
579 2.69379323552 3.13382319433
573 1.99900392552 2.34649709399
571 4.89696217218 4.89696217218
577 2.09130809517 2.09130809517
576 5.23346902685 5.23346902685
575 1.81724131046 1.85660909497
3169 2.76653169365 3.46984380114
2803 1.64018275242 1.90959832585
2800 1.88076924112 2.11146139478
3165 1.45831318634 1.7977187943
2806 4.7762128471 5.34264776663
2805 3.73187665891 3.75643187649
1421 0.499332783296 0.499332783296
1420 1.03261136636 1.03416775475
7094 1.88171375809 2.58629067221
1422 2.84996556493 2.84996556493
3368 2.79769531716 3.23489908765
1424 3.39719847521 4.05845941089
1426 5.04384829834 5.04516470477
3366 3.70040238142 3.73285506296
2404 3.89454226694 3.90385926106
7098 6.57316134912 6.57316134912
7099 2.04280702359 2.08849117499
732 3.07803943239 3.07803943239
735 3.00050124832 3.00050315377
736 7.06229684758 7.06229684758
4272 3.19979743951 3.19979743951
4271 2.1012712052 3.06918729425
1358 0.417654333655 0.417654333655
4274 1.75132297956 2.40977860862
461 2.30684323945 2.30684339578
5555 1.84945732597 1.84945732597
5554 1.42053727905 1.84790401732
6488 3.26757253815 3.3094445413
5551 0.207335255861 0.207335255861
5550 1.54754626276 1.54754626276
7384 0.557700845104 0.72103723642
6955 1.85026397449 2.10379722507
6484 2.62708203349 3.10945091878
6285 3.82859268625 4.27977409021
6948 4.15917399638 4.15917399638
1518 1.18853743262 1.41486887924
1510 4.15668744244 4.15668744244
1513 1.73585673677 1.84108401593
1512 3.66809684706 4.23859177649
5885 2.05546747712 2.05546747712
5889 2.09987112544 2.09987112544
6559 4.00051636442 4.00051636442
7478 2.8344415291 2.8344415291
3186 1.74599705148 2.00134684438
3187 3.22414613141 4.66138716909
3182 1.71176944546 1.71176944546
3188 3.53789040656 3.53789040656
6863 2.69214786805 3.19844999166
1896 1.34564823103 1.66320912561
6631 2.737440119 3.18438921402
4018 3.04949100442 3.04949100442
6281 4.71160410917 5.11986872317
357 0.631399497723 0.631399497723
351 2.47161047873 2.47401208852
350 5.58867257764 5.58867257764
3985 2.47810522926 2.53074281483
3983 2.30510037645 2.30510037645
4855 1.20864545395 1.50420683065
6126 6.81904765229 6.81904765229
6120 3.63526802949 4.48644439743
4706 2.07876225922 2.07876225922
4705 1.28525166232 1.28525166232
2320 2.62776411561 4.03061399303
4703 1.21102354089 1.22006702176
2329 3.16295665347 3.16295665347
4709 2.11308772737 2.50494150945
288 6.58993263277 6.66547333734
3619 0.579688576751 0.579688576751
5 0.140440290693 0.140440290693
284 2.86934215285 2.86934215285
3760 5.73675033871 6.34092085507
3765 0.920071355427 0.920071355427
262 0.356736632454 0.356736632454
260 5.17101227841 5.17101227841
267 1.99988085108 1.99988085108
2499 1.74812580094 1.97815009698
2498 2.10565361179 2.22868873827
6013 0.181212726542 0.181212726542
1296 1.55416174097 1.55416174097
7253 2.83340671928 2.83340671928
2495 0.599343182676 0.599343182676
2494 3.18800722403 3.56690521132
4644 3.6615384247 3.6615384247
2496 1.9533163946 2.72491490477
2259 2.55387269708 2.67409445605
2254 2.36771101879 2.89909648979
5060 6.46576516236 6.46576516236
2250 2.38448999834 2.99936825177
2477 1.40095142401 1.47512035597
988 3.73379324231 4.01602529838
5151 1.44146373614 1.83682661391
5150 2.27798959456 2.71093759906
986 1.4968544626 1.8124849818
5154 4.37547056119 4.37547056119
5157 1.52841064636 1.70980505442
2478 2.33290860816 2.5226815411
115 10.0455231896 10.0455231896
7313 3.51567723037 3.51567723037
119 4.30521552105 4.30521552105
2785 1.65104263148 1.65104263148
4801 1.03214375034 1.03214375034
2787 3.66683683002 3.66683683002
4803 0.549188457702 0.549188457702
4805 0.721951512522 0.721951918184
4806 2.00264514998 2.00273224633
4807 2.26626019718 2.6643904661
2788 0.860014085609 0.865250801402
2071 1.23161831009 1.23162010006
6306 4.17829287568 4.17829287568
6301 1.69138445178 1.69138445178
6303 3.44014912281 3.56822105096
2074 1.83464384837 1.83464384837
7272 9.22691973469 9.22691973469
7273 5.32900688339 5.32900688339
7275 3.4365540489 3.4365540489
3502 2.87101680803 2.93556642629
7279 5.27496101899 5.27496101899
5086 1.48601092169 1.77379559518
5085 2.75319302976 2.75319302976
5084 1.07718478782 1.07718478782
2672 1.98052215724 2.04829351307
2676 1.18892596708 1.29779038636
2679 1.03113604792 1.0323952895
6833 5.5088736843 5.50889624601
2928 2.40267115099 2.83166562477
6830 2.30009042069 2.57898147684
6854 3.19813423183 3.40744461326
2923 2.45286154276 2.45286154276
6838 5.3842170056 5.76672168322
2925 0.0429959072385 0.0429959072385
2926 3.69229281631 3.69229281631
5331 5.67560026971 5.67560026971
5330 5.25000912855 5.25000912855
5335 0.455163163288 0.455163163288
5336 1.42683858378 1.42683858378
2907 2.03922970925 2.03922970925
3215 1.91218462555 2.03148105853
1984 0.605231986736 0.72321293744
1985 0.0407525078784 0.0407525078784
1982 1.56075324046 1.56075324046
3212 1.74782898499 1.96398945015
1638 0.561090991837 0.561090991837
5371 4.60734622505 4.95280480062
3218 6.18212838699 6.18212838699
3219 2.0661821668 2.60336386987
1989 2.25865019309 2.29740956475
569 1.33412601799 1.66839600138
560 3.47455549319 3.47455549319
564 4.17132723064 4.57399740771
566 1.77582931773 2.01370988002
6543 8.88757244589 8.88757244589
3173 0.455695631002 0.455695631002
7081 0.78085565692 0.78273944267
7030 1.34030348752 1.57267385303
7084 7.82323718164 7.82323718164
3376 1.33358847287 1.33358847287
3374 4.62821912242 4.62821912242
5421 1.05371287953 1.62166773345
3372 5.00147180104 6.4154738357
1180 6.04518122452 6.04518122452
1181 3.8627160039 3.86273495812
725 2.51066342631 3.20542803128
723 11.2884053584 11.2884175793
1746 3.24805263021 3.24805263021
1740 0.766150627328 0.766150627328
1742 8.8304981631 8.8304981631
5499 0.169527848152 0.169527848152
1165 1.18254839507 2.67570018992
1166 1.33661178823 1.33661178823
7587 4.49031187493 4.95042239581
7291 5.55504099121 5.55504099121
4247 1.75143450825 1.9904714632
4245 2.46204392048 2.46204392048
1168 1.64299658175 1.64299658175
1169 2.15024336127 2.15024336127
4240 1.62732483407 1.97944955972
5521 1.87185087287 2.11773388441
5523 3.73360395235 3.96536605659
5526 2.00197413917 2.00197413917
7130 2.10174942508 2.48209210193
6941 4.54523875817 4.54523875817
6940 1.32856472431 1.33331967664
7132 1.50115229112 1.50115229112
47 6.85538210629 6.85538210629
7297 1.20084922273 1.20084922273
41 5.20885533117 5.20885533117
1569 2.50211761928 2.74993239855
1365 2.29466957721 3.42126687514
5492 4.43449191769 4.71223976767
1292 1.68828341132 2.07327020992
1561 9.00283256215 9.00283256215
1563 2.58375949349 2.58375949349
1564 3.39291393191 3.39291393191
1565 0.0759291283804 0.0759291283804
1295 2.76428156784 2.76428156784
1712 1.7447885407 2.29961274288
475 0.072225270358 0.072225270358
5250 0.987090237154 1.06835478745
1789 1.36237794164 1.58512263427
4399 4.14738976839 4.43854053643
7460 3.34290244786 3.38571124926
5638 3.24533995108 3.24533995108
6541 2.66322588471 2.66322588471
6540 3.29765958956 3.29765958956
4391 2.30776468459 2.30776468459
4392 3.50035991533 3.80590429839
4395 1.65637553873 2.09328111907
6549 1.29623967648 1.98764667178
5633 11.3263984992 11.3263984992
473 1.58259853971 1.79609016586
3195 0.621653608164 0.621653608164
1862 0.231350270099 0.231350270099
3193 3.44161355675 4.24509996827
7465 2.14195565378 2.41593438128
3190 1.99973134743 2.35909744801
3728 5.90646606651 6.26002988703
3198 2.19166976837 2.24116353175
7466 1.85579488234 1.9804321831
1368 0.823122925375 0.823122925375
3729 1.36147876255 1.36147876255
2.34232654407 3.09913359109