4447 5.17065257612 5.38645406694
4023 1.50064750911 1.65114381544
5988 0.809162021408 0.809162021408
346 1.61030206303 1.75441272354
347 6.0303041073 6.0303041073
7513 1.10784948128 1.39080286056
7512 3.01336510206 3.01336510206
342 3.07820522005 3.34726865963
343 2.35593840221 2.44872146196
3996 1.7222507325 1.7222507325
3995 0.820939894133 1.11422632777
3994 1.35568524233 1.44385912434
348 0.840115593524 1.08452369213
7518 3.27696216063 4.099154764
6150 1.25601682 1.53982731776
6154 0.486015934804 0.587998443616
6159 0.573663107395 0.573663107395
6796 2.1981525335 2.92396275456
6797 8.36468037478 8.36468037478
4730 1.75158090362 1.75158090362
4736 1.86622148692 1.86622148692
2319 0.983192877708 0.986086020053
2313 6.00057681965 6.00150836528
2310 2.35773096293 2.35773096293
2311 2.62734214949 2.62734214949
5851 0.630302840585 0.806769400562
299 1.24986840161 1.48893962987
7627 2.47084953993 2.47084953993
291 3.44824228387 3.44824228387
4656 3.44819422337 4.18776694382
274 6.22542308824 6.22542308824
276 2.85106007919 3.7479156367
278 7.48915496619 7.48915496619
4836 1.00577416795 1.11298068696
6584 8.49849531097 8.49849531097
2262 1.18703063467 1.26800946197
6190 4.5111775931 4.5111775931
2266 5.0906693086 5.0906693086
2443 1.7263952978 1.7263952978
6055 0.238121844798 0.238121844798
108 1.58801010277 1.58801010277
109 0.153797658699 0.153797658699
107 4.03387685865 4.03387685865
4813 1.75483166115 1.75516729195
2047 9.71594190074 9.71594190074
2045 0.989855942929 1.03576332141
4817 2.99336565216 2.99336565216
4816 1.93762639905 1.93762639905
2040 2.39024641711 3.08017691152
4819 1.56129742172 1.78634728237
4818 9.98989207522 9.98989207522
1297 1.71569974432 1.93604216161
6378 4.39119896085 4.87569782267
6379 1.47476307131 1.78973363471
6053 0.646437642968 0.646437642968
5828 1.21696025461 1.21696025461
6372 0.917346254347 0.917346254347
6375 1.71560096751 1.71596198674
6377 1.8416104213 2.14216966127
2838 3.81687027677 3.99891161566
5363 3.79024834951 4.33471794286
3519 0.151384078432 0.151554194825
3510 1.43906280824 1.73435744015
3517 1.56123993495 2.21212617357
3516 1.78462964752 2.40475066769
7263 1.14750349483 1.14750349483
3514 6.01145157178 6.13934048277
6201 3.01102824588 3.01106605346
6202 1.50330684332 2.21513067348
2685 1.49271512713 1.66116344667
2687 5.2003400221 5.63910904062
2681 0.843288227213 0.975658273174
2683 1.04851313463 1.28167921517
5406 0.97578765607 0.97578765607
5119 0.230838268907 0.231328094099
6802 2.18572614719 2.18572614719
6800 0.7768639577 1.05426770915
5293 8.27497910871 8.27497910871
5404 0.967088058314 1.22306665774
91 8.13119062338 8.13119062338
93 0.43141824684 0.43141824684
95 2.16243856415 2.16243856415
97 2.0789173069 2.0789173069
5402 7.00667959353 7.1545272603
5182 4.32153624874 4.32153624874
1622 1.30719077828 1.60409486174
1992 1.57410453301 1.57410453301
1627 1.70268167243 1.75943834267
3993 2.23616216038 3.09815359833
1629 3.06198097259 3.06198097259
1628 3.18041676609 3.46729250114
3209 0.475917907389 0.475917907389
2860 0.187142931093 0.187142931093
2861 5.15813302716 5.37519954499
2863 6.71212151382 7.35027375899
2867 1.29461627913 1.70349559938
555 1.68540107392 1.99754347807
554 3.1874095568 3.1874095568
551 0.53416733509 0.53416733509
550 1.20798339238 1.5926560677
553 0.261038425005 0.261038425005
552 2.95599442623 3.13595310434
7142 2.25646362377 2.74585914954
1199 6.06596550863 6.12335547335
5459 0.996110709281 0.996110709281
7079 2.39736633469 2.39738916382
7074 0.652279475359 0.652279475359
5451 2.50512393647 2.50512393647
1193 2.78780827041 2.78837166275
3341 3.65646027137 4.19247083527
5454 3.06754149802 3.72182783298
3347 2.12559576515 2.20723433218
1197 4.63435496237 4.63435496237
3345 5.03679999245 5.05419785832
1754 3.97625355187 4.57017700201
1752 0.377456266156 0.377456266156
6976 3.15574734268 3.15574734268
6975 0.77842361133 0.921936926314
6971 2.19622278331 2.3915409665
4253 2.51677801993 3.3499102673
4252 2.07963343709 2.27702950949
5531 0.449084942985 0.449084942985
5538 0.0862120544011 0.0862120544011
1285 1.34898059923 1.67448862886
1284 3.23230423062 3.3896587991
1287 4.59000815865 4.78611161608
1280 4.57569864465 4.57569864465
1283 9.232066678 9.232066678
1289 1.05739151087 1.05858766329
7188 5.1093239329 5.49792589335
1579 3.2903277041 3.6844259016
689 3.41265796106 3.99562408118
684 2.14997399226 3.57268703378
687 2.24701006317 2.44746562499
7183 1.04052632742 1.04052632742
681 2.14553735724 2.14553735724
683 2.31666203293 3.40331373122
7187 0.164655785986 0.164655785986
458 2.54166357342 2.54166357342
6006 1.99711420581 2.39026964656
1222 8.63550818089 8.63550818089
4388 1.95083890669 3.05883892373
6576 1.65050007837 1.65050007837
625 2.45756963783 2.59098199963
6574 1.49397786485 1.80302600144
5627 0.951643985391 0.951643985391
4382 2.2959212458 2.91468933778
7459 0.611215442435 0.820694953366
1371 2.24689313396 2.24689313396
406 0.871571253302 0.871586267079
405 1.6587067031 2.21085241445
1374 1.57577672301 1.78929122579
3834 2.98957898806 2.98957898806
628 8.34469833384 8.34469833384
3831 0.511008503683 0.680376460066
3832 3.36934455521 4.5090431392
3838 3.67805720299 3.67827045688
6794 7.63115941427 7.63115941427
4844 1.09027476907 1.09027476907
5990 1.95367276061 1.95367276061
5992 6.54460249206 6.58164736422
379 5.05044395812 5.05044395812
7527 2.71294674898 2.71294674898
7525 3.00428831663 3.22202648746
370 4.81578767002 5.47839862366
373 0.495358263118 0.495363754141
2038 3.17339469674 3.17339469674
374 5.5372730549 5.5372730549
376 3.67553459149 3.67553459149
6530 0.645782214563 0.789257585716
393 1.81258584376 1.81258584376
391 1.14694688186 1.65111451808
394 1.27300461692 1.27300461692
6148 2.44773530072 3.16100720316
2309 5.52124197151 5.52124197151
6780 3.86251040963 4.60175186172
6782 1.21529311397 1.21529311397
4728 1.34723670362 1.34723670362
6787 1.74066995711 1.74066995711
2301 3.98803025539 3.98803025539
4724 3.3653305236 3.3653305236
4727 0.831154315948 0.831154315948
2307 6.44359246121 6.44359246121
5846 0.774949603607 0.895169964892
6538 3.31156588569 3.90017064965
5849 3.12109444214 3.58626275358
3748 2.56938668718 2.57570325464
3203 1.50540640462 1.88964700708
3745 1.16461671037 1.16461671037
3743 0.290890903749 0.290896333311
247 0.750642063663 0.750642063663
4623 2.33400147522 2.52982515059
4624 3.17984233553 3.33282168724
243 1.16672975191 1.16672975191
4629 2.46262664453 4.03036014895
2272 1.07307986484 1.07666588723
2278 2.7434529888 3.20260351421
2459 0.489489622925 0.489489622925
2454 1.28176310354 1.28176310354
2451 3.27957867211 3.27957867211
2450 2.46725882467 2.79250817441
172 0.135218820483 0.135948335409
171 2.21179626864 2.68904012523
2050 2.72131311654 2.76588754526
4538 0.702001002712 0.836753632539
4828 0.942455926109 1.17021624195
2059 4.00508814987 4.03395338677
2058 0.0794771959059 0.0817305631667
3692 1.57285892235 1.57285892235
3693 1.43743228888 1.43743228888
4530 2.71427706652 2.71427706652
3695 2.17171050821 2.17171050821
3696 2.14391659763 2.14391659763
4821 1.24346326588 1.48080679734
6369 2.32557151447 2.36392154229
4983 2.51836632213 3.35334536838
7337 2.9977446319 2.9977446319
1504 3.01041621694 3.01041621694
3522 3.47081071879 4.87731786164
3523 2.22123439522 2.63508971608
7043 1.18024053398 1.49577573128
7218 3.14161637326 3.14161637326
7215 1.32611562119 1.41615647159
1601 4.93259028014 4.93259028014
6215 0.581325151438 0.599177208268
6386 3.42583101613 3.48473595451
2699 1.12629419904 1.12629419904
4651 0.478826766839 0.553172889103
2693 1.29788923604 1.3668737732
2690 0.403040745649 0.516898563804
6819 2.09192801812 2.09192801812
1605 0.121375890868 0.122554168906
6814 0.35491019982 0.35491019982
6817 5.89593098587 5.89593098587
6816 1.26392991298 1.26392991298
7326 3.08108247626 3.68202919745
3231 2.17516597542 2.51105024237
3236 4.07788931628 4.07788931628
1969 7.30963226496 7.30963226496
3235 3.99722699752 4.16728324589
1965 3.88645851034 4.26334377981
1966 1.04699945884 1.65246449309
3239 2.62475869299 2.62475869299
5191 5.32426334343 5.49553559353
1962 1.41085714752 1.44588431274
2877 4.63016461198 4.63016461198
3355 1.54733864088 1.54733864088
3351 2.0816483456 2.32441207774
3353 0.00121659307382 0.00121659307382
3352 1.15987931437 1.24545686008
7063 0.555461988373 0.585757718795
5446 1.80929149079 2.26881275519
7060 2.28356550482 2.49949518089
1764 9.08218721507 9.08218721507
1788 0.482048438058 0.482048438058
1145 1.53439414898 1.70600002191
6968 1.32953406097 1.36279484642
1148 6.33454957785 6.41987575957
5509 0.243798001962 0.243798001962
5506 1.5097607353 1.509771379
5507 2.39393199362 3.00867816085
5500 0.588269124157 0.588269124157
692 1.74892159145 1.74892159145
1547 2.14660033035 2.22595783347
1544 2.94248301153 3.05180303496
1545 2.05062606502 2.45513329943
1548 5.19587849612 5.19587849612
7199 2.15160459491 2.15160459491
546 3.12392820482 3.12392820482
544 1.28911487965 1.53192223769
545 1.1388748591 1.24510987375
549 2.13369958843 2.45875602564
7194 5.10917967963 5.10917967963
6886 1.65379455997 1.65379455997
7564 1.47853745009 1.60203713056
764 3.12824234587 4.35296719318
6406 2.45566425477 3.28391450758
5618 2.15547682409 2.15547682409
7442 1.94777714219 2.52501433416
6568 3.27950877721 3.27950877721
5477 1.99496493893 2.0805643015
5612 0.0441907357632 0.0441907357632
5613 0.874268086918 0.874268086918
6405 5.6605398933 5.6605398933
5617 7.39695199208 7.39695199208
6562 1.48760233819 1.71471033766
7398 2.72387628664 2.72387628664
5475 1.88203321483 1.88203321483
410 1.81305673899 2.36338361612
1389 2.31644976333 3.08167083947
412 0.646125130274 0.646125130274
1384 3.10428390396 3.85528356194
1387 3.25655867189 3.94388317496
419 0.920953810251 1.07323881864
5003 2.45586831544 2.74151633791
3823 6.77646875073 6.77646875073
3821 3.08913140596 3.08913140596
7114 2.91415404746 2.91415404746
3828 4.1344713508 4.1344713508
5000 0.867737017822 0.867737017822
7482 4.20908526044 4.20908526044
4282 1.97685391371 2.2351564126
4280 0.72078954887 0.873007422164
4286 2.23292027233 2.23292027233
7538 3.44528020252 3.44528020252
369 1.28670459778 1.69419881594
366 1.71616461077 1.71616461077
7534 1.61682554309 1.61682554309
364 0.0643030761892 0.0643030761892
365 2.39336952378 2.86517676658
362 1.07248014977 1.07249642736
5009 3.9831008978 4.58366994649
360 1.21237185813 1.21237185813
7532 0.642799502303 0.642799502303
380 1.4722295793 1.70474646994
381 1.71342552877 1.79494110664
383 1.94110911035 2.4473065718
384 2.6167232133 3.65903856296
6178 1.36023993352 1.36023993352
389 0.587214696185 0.587241461943
5271 0.329945319044 0.329945319044
6778 3.05769043291 3.89259854887
6779 0.609712779199 0.619785975426
1369 2.63479639187 2.96362472097
6774 3.07631507362 3.11377781503
6775 0.592414800503 0.708378697845
6770 7.45213452884 7.45213452884
6772 0.834881878647 0.834881878647
4757 1.49341307531 1.49341307531
5870 1.63864361494 1.63873147912
5876 4.43624726545 4.68745243241
5374 0.742251125507 0.742251125507
5879 0.324262361957 0.324262361957
3758 1.53620573634 1.69403270704
3750 1.40491806625 1.40491806625
3753 0.17599926699 0.17599926699
3755 3.47649138355 4.01530809414
2192 1.48674881047 2.10392267845
259 6.1929649521 6.1929649521
4637 4.39892227562 4.39892227562
2195 1.90428268698 2.49277586789
2196 0.0472183535141 0.0472183535141
2197 1.76190935216 1.94011110426
4638 2.0907085626 2.46202987608
256 1.90818193014 1.90820819959
2200 7.21084199642 7.21084199642
2201 0.732254029122 0.732254029122
2202 0.92524105218 1.00836949348
2204 1.42822878524 1.65111758167
2205 2.78363694682 2.78363694682
2209 2.38359732663 2.90855216323
6689 5.92700635297 5.92700635297
6680 5.02205370855 5.02205370855
2428 3.99969112273 4.02661137634
4812 1.04740745272 1.04784489339
2422 1.66124997016 2.16643328249
2426 3.34244556615 3.34244556615
4810 2.178453425 2.178453425
169 2.85861021291 2.85861021291
164 2.09946473494 2.15913103623
160 1.81156237201 1.81156237201
161 2.38313776324 2.98266011329
162 3.13216509435 3.13216509435
3689 0.00123301858235 0.00123301858235
3683 0.887841948658 0.887841948658
4526 2.11116006848 2.11116006848
4525 5.98809470901 6.23936442615
4524 1.21874697317 1.37744295469
4523 2.33548291483 2.76368667243
3685 2.99294824593 3.06324777468
3684 5.10824773366 5.10824773366
6194 5.3714162838 6.07276128805
6981 1.89219778219 1.89219778219
2518 1.45110470561 1.45110470561
1842 2.2681643713 2.2681643713
2514 2.24393631793 2.24393631793
2516 3.43346802442 4.17934392471
6198 5.51134741203 5.53139005128
908 3.88920995371 3.88920995371
6740 2.82437526259 2.8435046453
2730 0.0786625742347 0.0786625742347
2733 3.20706944362 3.20706944362
4426 1.0580426809 1.15795635579
5294 2.07691712138 2.39688207357
5295 2.06025856958 2.97534556505
2738 2.77583384676 2.87186773397
2739 1.15939681837 1.44657955484
5291 2.99822740235 3.68884344091
1817 0.269601674593 0.269601674593
1811 1.80390621916 1.80390621916
7203 1.39920121606 1.4987391518
6227 4.12271000774 4.12271000774
6228 3.08858760653 3.08858760653
671 0.22572193296 0.22572193296
6993 0.945303051932 0.945318382971
1609 1.21106550537 1.61281247511
7336 2.00968800261 2.00968800261
7335 2.58245556557 2.58245556557
7334 4.61087839355 4.90746342924
3225 1.95828224512 2.69369204445
3224 3.5013226692 3.50143805086
3227 3.52251028802 3.52251028802
1602 1.82313179493 2.31888114558
1973 3.8563866682 3.8563866682
1972 1.31934979984 1.31934979984
7339 2.99435826164 3.31582247739
809 2.10016240155 2.42800479357
801 2.96499649903 3.30178209685
807 1.81678513604 2.13853566694
806 2.50457519515 2.87054894986
2849 6.45551948503 6.45551948503
2846 2.55491842041 2.55491842041
2843 0.984531671934 0.984531671934
3321 1.3211818147 1.5273028817
3323 1.92615287739 1.92615287739
3328 2.34349321007 2.34349321007
5478 0.570289949042 0.799317565053
5479 1.9954898068 1.9954898068
5274 0.0861759538725 0.0861759538725
7058 1.08528772376 1.08528772376
1776 1.00072235086 1.35294206875
1770 2.99303047761 2.99316233744
5272 3.39278026948 3.63666632515
323 5.16967910062 5.63219436302
7052 3.27073388553 5.27254679277
1778 0.591325874523 0.591325874523
7055 0.816510492886 0.816510492886
1154 3.85728404218 4.12489864598
1152 0.481820434966 0.481820434966
5519 1.93354502866 1.93354502866
5518 1.57611547094 1.64897705386
5513 2.71373533937 2.71373533937
5512 1.4151952837 1.73999875538
5515 1.43349271551 1.76244084997
5517 1.96629271416 2.11880574171
1551 9.22700436563 9.22700436563
2999 3.99211575813 3.99211575813
59 1.32071210976 1.32075650467
58 5.54676279633 5.63227599167
55 0.992756295181 1.01288738527
2991 1.31862085786 1.31862085786
57 2.17369441431 2.17369441431
2993 3.46802483608 3.46802483608
52 0.899115698764 0.899115698764
535 1.30275547566 1.386445079
532 1.59172780356 1.61226508247
531 3.03577189809 3.62384238144
7342 6.49647640608 6.96194694168
538 0.702071056442 0.832608940614
5600 0.365289614964 0.365289614964
5609 4.4328525622 4.4328525622
5608 2.72646596701 3.29511447224
5134 1.16805265914 1.25748483074
1902 1.50280671127 1.79234429316
6517 2.76058010627 2.76058175515
428 1.1561166244 1.1561166244
421 4.07679802134 4.07679802134
420 2.9889703746 3.29724929206
3293 0.141010951423 0.141010951423
1393 2.5320737323 2.5320737323
1391 0.820315097029 1.26178447129
3810 1.82231265535 1.8939663827
3816 1.68122886524 1.68122886524
3814 0.47543372183 0.47543372183
3457 4.52518624206 4.52518624206
6420 0.435323307998 0.435323307998
4298 6.11487849988 6.11487849988
4294 2.02189422315 2.02189422315
4297 1.73489067318 1.73489067318
853 6.53714007413 6.57506164686
6428 1.18804118837 1.18804118837
6429 2.78477142882 2.78477142882
6412 0.212290257923 0.212290257923
7543 0.735944025719 0.735944025719
7547 5.37203646679 5.5084708819
6168 1.93967098371 2.07422884596
6160 3.83754216059 3.83754216059
6162 0.0645047657178 0.0645047657178
4749 1.50974438555 1.54181017316
4748 3.52146165198 4.01896483644
6767 2.30322588922 2.30322588922
6766 2.500100834 2.83884040863
4740 3.7351268487 3.84332884409
4747 1.73806979971 1.73806979971
4744 0.988297512846 1.27549278835
5868 1.70119161241 1.70119161241
5865 2.58346745538 2.6976404943
4715 2.63930231218 2.63930231218
2183 2.49091163218 2.94104982197
7059 0.257842516292 0.257842516292
2181 0.627902769022 0.627902769022
2186 0.850752847242 0.850752847242
4606 5.26188127256 5.86829671356
2189 1.99726385971 1.99726385971
224 3.93530978347 3.94018335271
223 5.93244049072 5.93244049072
222 1.96814244241 2.49940975272
221 0.777543313354 0.777543313354
2212 1.80448290803 1.87924515605
2211 0.856509854597 1.13277811664
2210 1.53233391051 1.68400557362
2217 3.16404195624 3.16404195624
2216 2.27793460994 3.91907846824
2214 5.24651216366 5.24651216366
6699 0.726914970282 0.726914970282
7293 1.0216012215 1.11708992707
6697 1.1158612434 1.31234821283
6696 1.13813351395 1.25919984306
6694 0.921466130185 0.921466130185
151 0.801386305975 0.801386305975
155 1.48087008027 1.48087008027
156 3.31498188371 5.0132425131
2433 0.949921414598 0.949921414598
2431 3.11717306777 3.25979094798
2430 2.21264920343 2.21264920343
2437 4.28445405387 4.37156711908
2434 2.00873832569 2.19262318799
6340 3.46712173061 3.46712173061
6343 1.95577860012 2.30152035977
6344 4.36497934644 4.36498975467
6346 1.25280248854 1.25280248854
6349 0.906357842475 0.906706130626
4510 1.53259589278 2.130698403
6809 2.22896166892 2.22896166892
4514 1.00437448675 1.14146124379
4515 3.53061236595 3.53061236595
6186 1.78001020746 1.78001020746
6183 1.4626742656 1.6257785419
6182 2.58425947712 2.58425947712
2508 3.89107968707 3.98646001645
2507 2.17090178216 2.95142847621
2506 2.79234531042 2.84706928786
2505 3.30886045292 3.35076523274
2503 1.27163921562 1.27163921562
5289 2.25329693196 2.25329693196
5288 1.67377857753 1.67377857753
2721 1.85795294007 2.41622612342
5280 2.51244663625 2.8616109716
5282 1.2399164517 1.2399164517
5287 3.06106631477 3.06106631477
7234 0.413214316382 0.464944307963
7235 6.40168561326 6.40168561326
7233 1.13931270863 1.13931270863
5047 4.21581086198 4.21581086198
5046 2.96649237571 2.96649237571
5045 9.54260783151 9.54260783151
1807 2.35737397998 2.39133633599
3783 1.62049532279 1.62049532279
1804 2.50231553711 3.47010567872
1802 2.02711711232 2.45221359605
3789 2.00227294383 2.00227294383
1809 5.54148127139 6.08154872822
1808 0.940616695588 0.940616695588
4994 2.07719939367 2.07719939367
6239 1.02181599452 1.02181599452
4993 2.20821848725 2.55176882926
4991 3.2748215661 3.2748215661
6234 2.43200010582 2.43200010582
6237 0.186100290898 0.186117989475
4999 0.0739657221308 0.0739657221308
1948 0.616577846318 0.616577846318
7301 2.38170031061 2.38170031061
7307 6.51925031464 6.51925031464
7304 4.54683697236 4.87339103573
7305 0.0349316538667 0.0349316538667
1943 1.01054536311 1.01054536311
1940 1.82643359783 1.82698955829
1941 1.46793962758 1.73189333462
1946 1.03006073658 1.12722534389
810 2.22416184678 2.84859373922
1252 3.3137131656 3.3137131656
812 0.997850814342 0.997850814342
814 0.893430301034 0.893430301034
817 3.58876946164 4.15768154336
2859 0.746216877699 0.746216877699
5183 1.54951447132 2.23867463919
2850 3.29676753905 3.8195549372
2852 1.99546346103 2.27681282706
2855 1.46041888866 1.46041888866
2857 6.43593099906 6.47383509407
2856 2.43891233788 2.43891233788
7045 6.36840751924 6.36840751924
1491 2.87012386808 2.87053155273
5463 2.96677382973 2.96677382973
5462 2.54954539874 2.66900891633
1494 2.75911981699 2.75911981699
3336 2.32051065226 2.98683013155
1496 2.2526780482 2.31416437362
7042 3.31167325035 3.31167325035
1499 4.91871300407 4.93515423683
1702 0.74709141942 0.74709141942
7328 2.92310883742 3.69712712273
1705 1.39250085613 1.39250085613
427 1.84378450897 1.84378598515
4574 4.93954237138 4.93954237138
1129 2.49377681534 2.53002259873
1123 0.726672671614 0.726672671614
6983 4.03633410231 4.25113247638
6982 1.23268138071 1.23268138071
1126 0.166323862102 0.166323862102
6980 3.01523200947 3.11394532286
2982 2.61218279069 2.61218279069
2981 2.17523884097 2.97244483349
2987 0.0494586079511 0.0494586079511
3022 4.1949988153 4.1949988153
2985 1.91328222271 1.91328222271
524 1.45442986454 1.45442986454
520 1.75582554807 1.81819880462
521 5.48759472197 5.48759472197
523 2.40497775677 2.69339145187
1012 0.788265927686 0.788265927686
1013 0.502175777147 0.502175777147
1234 2.07264609375 2.56236968043
1235 5.83760340168 5.85311428689
1237 0.901921773438 0.901921773438
1230 8.99935305366 8.99935305366
1231 0.26242016591 0.26242016591
304 2.29475123965 2.65034172355
4195 0.0975819181454 0.132314533526
4192 0.992694787159 1.10554226056
1239 1.77891840959 2.03118866505
5674 2.00797694477 2.60612148182
4355 5.25713281565 5.25713281565
4357 0.378993216158 0.378993216158
4353 2.98646170839 2.98646170839
6507 0.860292591115 0.860292591115
4900 0.241479138916 0.241479138916
437 3.9876317002 3.9876317002
435 0.185580907337 0.185580907337
433 1.88525215839 2.13701034402
431 4.88885180482 5.26780681523
7158 0.870261283803 0.870261283803
3808 6.47992946967 6.47992946967
3802 1.28100269128 1.38807773335
6437 0.525626639094 0.525626639094
6435 1.65805166117 1.65805166117
6432 3.68129808488 3.68129808488
6431 10.492184468 10.492411184
5707 1.25500343788 1.63224406358
5700 2.63709710813 3.04779134867
5702 8.06980800807 8.06980800807
6438 0.833772488066 0.995451080033
2868 3.74684491204 4.44200190198
2869 3.51133205909 3.51133205909
7553 1.07104343152 1.42343218208
7551 2.26052134071 2.26052134071
7550 1.6406278937 1.6406278937
7557 1.9024729157 1.9024729157
7578 0.484903274875 0.488513146572
4774 3.19134405314 3.37008799172
4770 6.34581250713 6.34581250713
4778 3.05595310599 3.05595310599
6421 0.110583537446 0.110590948493
4175 0.288011099023 0.298789847335
4172 2.15481986961 2.21676186051
6752 0.145926072951 0.145926072951
6756 2.71276279312 3.77588436991
4179 3.05316291247 4.96200238132
6755 3.58320311361 3.58320311361
7171 5.09295043652 5.49400863286
5815 1.62644536772 1.62644536772
5816 1.68377159656 1.83343456516
4296 1.90087910114 2.34616408214
7173 4.39615598803 4.59093093324
5064 0.661465631466 0.661465631466
4619 0.558990994603 0.77866822687
234 3.31923584877 3.8894239399
4610 0.37530844127 0.37530844127
236 3.12214074422 3.12214074422
4615 1.13238729474 1.13238729474
231 3.3619722258 3.3619722258
4617 1.90849776508 1.90849776508
233 4.82918337131 4.82918337131
7392 3.14968381726 3.14968381726
2223 0.383096682998 0.383096682998
5924 3.07432393205 3.07432393205
5925 1.42975816211 1.8399473749
4881 0.346512592453 0.346512592453
146 0.594886488794 0.594886488794
5356 0.127643077338 0.127643077338
5143 0.220123303181 0.220123303181
4501 1.24769666419 1.24769703358
4503 0.976969219794 0.976969219794
4502 0.498104554207 0.498104554207
4508 2.27450374061 2.27450374061
2089 1.34731781079 1.34731781079
2080 2.47459436598 2.61028907992
3403 2.58626756951 2.58626756951
2538 2.65591161877 2.79580483868
2539 0.242588605078 0.243073734258
2530 2.11617478161 2.44912990437
2537 0.550621417158 0.550647143392
2713 0.976551018671 1.39174585835
5453 9.30349588662 9.30349588662
2716 2.68379453521 3.31150455947
2714 2.15762194675 2.24537158475
2715 4.00196823658 5.99595624415
5078 1.58836177251 1.97868031778
7222 1.41358612762 1.55386723124
5456 2.22148862568 2.28605308389
7227 2.08566735859 2.08566735859
7226 2.70290975758 3.51935106489
5072 1.59955448033 1.59955448033
5457 1.57245754079 1.57245754079
5076 0.3444055449 0.3444055449
5077 1.9359174378 2.10365284039
1832 3.29123223507 3.33049084389
1833 1.00347695643 1.00403191909
1830 2.9650942914 3.00293495804
1831 3.08810607317 4.13340016538
1836 0.128917767302 0.128917767302
1837 3.51146968195 3.82019714294
1838 1.19892660619 1.19892660619
1839 1.19650509015 1.4344458373
2155 1.63530852542 1.83617977353
2156 2.85012444848 2.85012444848
2157 2.91096411476 2.91096411476
2402 7.93927100701 7.93927100701
2151 1.8919175128 2.0800799474
6240 0.859552928585 1.03546848831
4988 2.14976318516 2.15061615217
7446 0.436184353373 0.436184353373
2158 5.4940842468 5.67022849852
936 0.0391831268149 0.0391831268149
6246 0.88688584335 0.88688584335
2409 1.17943382944 1.64754026407
5381 4.88450575763 4.88450575763
5382 1.19409583589 1.57515301692
5383 2.48403682687 2.48403682687
5386 4.04406324795 4.04406324795
5387 0.06231158858 0.0646708400818
5388 0.394009373642 0.394009373642
1691 4.58982715114 5.33325222158
1955 0.857559652454 0.857566266376
1957 1.94381333036 2.19314666216
1956 5.29311803312 5.29311803312
1959 3.16114737562 3.58735734072
3243 6.05738276308 6.06103990725
3242 5.51893912929 7.26877587905
3247 0.869894397579 0.872717483641
7310 1.67172474243 1.9625192261
3245 0.81261638329 1.07635798086
3244 3.93376402966 4.04893500676
826 0.497344253363 0.497344253363
821 1.50405590128 1.66391879188
820 0.971644520261 1.02796747822
1483 0.720597178629 0.720597178629
1482 1.49201507588 2.10626443013
1480 1.53415926454 1.61559450193
1487 1.82250492888 1.93935807288
1486 2.28068466636 2.28068466636
1485 2.02563298832 2.21149160536
7037 1.5610712207 1.5610712207
5496 1.75945375954 2.03261561222
3300 0.848805155992 1.26745151726
5493 2.0006094045 2.35575438995
796 1.23425463887 1.23425463887
795 1.54743596056 1.54743596056
5251 2.91032623892 3.57811976544
5256 1.00193638762 1.23689961953
5257 1.81032877377 1.81032877377
5254 3.75624333213 4.69675482419
1719 0.571864984737 0.571864984737
1718 1.38833493362 1.88688661077
613 0.376106660733 0.376106660733
2414 1.99020097201 1.99020097201
1139 1.805412879 1.805412879
1273 6.00421655514 6.11775344745
1995 1.00752133222 1.37869181074
1275 0.177196607613 0.177196607613
5940 1.83573684349 1.83573684349
3011 1.81294937085 2.1173615452
3016 3.19519212107 3.19519212107
7141 2.91696485481 2.91696485481
3014 1.29032150541 1.29032150541
7143 0.691146125425 0.691146125425
926 3.15154497201 3.15154497201
1007 0.506786788383 0.56978819452
1005 2.29054903201 2.59304859355
512 6.81694850219 6.81694850219
515 1.13527784987 1.2974843004
517 1.98929662821 2.61511709505
516 0.320836167483 0.321064587968
1226 1.49602464188 1.51630968425
621 0.639663095871 0.639663095871
1223 0.634770200726 0.634770200726
626 5.2416227167 5.47106739473
1221 3.1491721575 3.1491721575
4182 0.0238551072283 0.0238551072283
4184 2.84250970902 2.84250970902
4186 1.55211434646 1.55211434646
5662 1.71626447248 2.01284951442
6533 1.34830956219 1.75213697434
4349 1.01495611861 1.04058150268
7562 5.42021451519 6.22720075653
5669 0.502732729989 0.551860249265
4341 0.994047927309 1.19663969671
2883 5.60594512339 5.6060027981
7498 1.40102694768 1.47491181348
2887 2.99100591287 2.99100591287
2884 0.714593512198 0.714593512198
7493 3.18984215711 3.83146627246
7490 4.8703579244 4.8703579244
7491 2.50721813086 2.55128955432
7497 2.72852491002 2.72852491002
7494 2.01601543966 2.07707798495
3878 4.4346993889 5.6302963936
3879 2.01227807316 2.04240458333
3874 2.17958981182 2.22568787433
3876 6.42542374489 6.42542374489
6403 1.52527835122 1.52527835122
6400 3.19175032585 3.78278505761
15 1.85184644823 2.18952142075
14 2.2715755234 2.2715755234
6404 3.28872325662 3.2887614368
1921 2.43761089418 3.23007005332
19 2.32873161607 2.33009662006
7568 1.59167937967 1.81753084203
7561 0.151951897139 0.152307788498
7374 1.76574235156 1.76574235156
3907 0.468639565425 0.468639565425
3902 4.44105441651 4.44105441651
4761 3.04700310708 3.38052487301
4760 1.69121466362 1.95197034235
4763 0.231079753391 0.231079753391
4764 5.46038694159 5.46038694159
6748 1.95718472436 2.82681828304
4167 7.00774320678 7.00774320678
4162 1.42894124717 1.50083770102
4161 1.49674878093 1.89551110761
205 2.52364183141 2.73451133127
204 2.32236035456 2.75851895764
209 3.81938984534 3.81938984534
830 2.99293075681 2.99293075681
7181 0.335314043662 0.335924794264
2233 4.99687864391 4.99687864391
2232 1.19240602121 1.19240602121
5937 8.48405894314 8.48526254344
5936 0.728780490853 0.842327285075
5934 4.65221525984 4.97962591253
5933 3.67658043776 4.22715142068
5932 1.49553555165 2.05139130474
5931 1.85877026163 2.18934337864
5938 3.54829449703 3.54829449703
7140 1.74656968353 1.74656968353
3499 1.26756609098 1.47626163489
3495 2.19086850396 2.19086850396
3491 0.501634612941 0.501634612941
4570 2.49074859719 3.13557242276
4572 5.85580414273 6.04313897972
2096 2.8481572608 3.35782073902
2091 2.54344872304 2.59284661054
5096 7.916857132 7.916857132
4576 1.03290113958 1.03290113958
2092 2.20613722533 2.54638920563
3657 4.77146014009 6.18079425183
4604 4.75988067721 4.75988067721
2525 0.602674687599 0.602674687599
2524 0.671032881416 0.671032881416
2527 9.04071105199 9.04086173567
4602 2.95692627791 3.55634283764
6902 3.73828499887 5.10532414591
5065 0.815748089122 0.908290632835
4889 2.56191227243 2.56191227243
5067 1.42001118629 1.63617495243
5066 0.931920223173 1.06473012939
5061 0.180853102787 0.180853102787
2708 1.13208998908 1.13208998908
7262 1.80675282972 2.20572706713
5062 0.642316620258 0.642316620258
2704 1.28303765648 1.28306760824
5069 3.47885543568 3.80589621295
4885 0.620030962256 0.620030962256
2702 0.827211192812 0.827211192812
4193 1.80025537053 2.0131867136
1828 0.762683233412 0.762683233412
1825 1.50881799653 1.50881799653
7453 2.22930839852 2.90593296992
928 1.55761886849 1.61848328947
2146 3.65580041713 3.77436175426
7072 3.17647267524 3.17647267524
2142 2.30592898621 2.53806618731
2140 1.14816114097 1.14816114097
921 1.53178254707 1.53178254707
4498 1.36718816014 1.45180405841
924 1.87141046849 1.97303260268
4971 0.0781789896295 0.0781789896295
2149 3.27039063549 3.27039063549
5745 1.0696311011 1.07698250622
5392 0.00538675355583 0.00538675355583
5395 3.85658557677 3.85658557677
3276 1.02300766732 1.02300766732
3277 1.33662437102 1.33662437102
1924 0.691062300208 0.691175909618
1926 0.634131119457 0.634131119457
5749 1.49480731602 1.49481240584
3278 1.53776117573 1.68559712915
7369 1.52469046262 1.52469046262
3476 0.809767137156 0.809767137156
831 3.45653045294 3.45653045294
837 1.0849095642 1.0849095642
7361 2.4661263394 2.52090593341
3478 1.58309033297 1.78904668784
5586 3.47544761333 3.47544761333
3332 0.167383035189 0.167383035189
3318 0.0831574551988 0.0831574551988
6571 6.01352700862 6.11028960795
5488 0.897697294082 1.09137028866
5484 2.15250963402 2.66913617997
5483 0.998600465756 0.998600465756
5482 1.89754881144 2.22465588192
5481 1.83977007339 2.10095923943
5480 5.20497721248 5.20497721248
785 0.671692786013 0.671692786013
786 2.91700982853 2.91700982853
7450 2.4174245688 2.4174245688
1728 3.27312821464 3.27312821464
783 0.486961498631 0.486961498631
6591 3.50241912067 3.50241912067
1727 1.58009240286 1.58009240286
5246 1.57333103369 1.65275187393
1722 1.68442703895 2.56491758094
789 5.40566456552 5.40566456552
1720 4.31585295675 4.31585295675
5242 2.00057861319 2.00057861319
7594 1.18770690859 1.18770690859
61 3.49641147937 3.58094418019
3006 1.46297906095 1.46297906095
3000 2.10867514182 2.42904343181
66 1.87824915503 1.87824915503
68 1.92279642364 2.14313864005
69 1.22701601672 2.00303606622
3008 1.03815821611 1.03815821611
7159 1.06362340525 1.39503577027
1370 4.95989190645 4.95989190645
7153 0.793866954624 0.793866954624
7152 2.16969639794 2.16969639794
1584 0.431244182701 0.431244182701
1585 1.02087218902 1.31302799829
6826 0.966877389529 1.07696568332
509 3.85968557307 4.05562529398
1032 1.63324354033 1.63324354033
505 1.35621310944 1.35621310944
502 4.10232704467 4.43315659661
1037 1.90098892598 1.90098892598
1212 0.735389936998 0.735389936998
1210 2.96864790865 2.99205566599
633 2.02757932945 2.02757932945
1216 1.55416270176 1.81074266485
635 2.00088183851 2.00088183851
638 3.65712690869 3.65712690869
1218 1.10180287154 1.10180287154
1219 2.01582968304 2.75913533842
6521 2.03880306596 2.421082058
7484 2.47019723912 2.88079103642
7487 3.82534198251 3.82534198251
4379 2.54896267457 2.54896267457
7483 1.19723040593 1.19723590289
5659 2.04803687649 2.82146238815
5655 1.06977438239 1.0697984612
5652 0.877494633956 0.877494633956
4377 5.408400603 5.40840709747
2899 3.5413578523 5.35528782014
2895 0.591668064599 0.767511149517
2891 9.13629028387 9.13629028387
2890 3.48607775561 3.79674516058
1106 1.70587482933 2.26146266584
1455 4.74115951985 5.30170021921
1102 3.50124844329 4.94862015016
1103 1.36587437573 1.36587437573
1453 0.701454031873 0.809150765687
1458 2.02982462644 2.64010793628
1899 2.76019734043 4.07145747843
4082 1.39584535388 2.24867498472
3868 1.61949314611 1.89642214123
4088 3.5532695635 3.5532695635
5241 1.49315774935 1.49315774935
3738 1.24256611502 1.37024622196
3866 0.0940365349814 0.0940365349814
3864 10.9446183266 10.9446183266
7073 8.45612353617 8.45612353617
3735 3.9489756038 3.9489756038
5729 2.69711678175 4.07083286403
6419 0.987238296037 1.31719601442
6418 0.779464652824 0.875016842525
6415 1.93864279063 2.37795280576
5723 2.28595520034 2.28595520034
5720 2.17136572741 2.3852185891
5721 2.79258879025 3.25891561295
6411 4.5453634264 5.31719769682
5727 6.63285675724 6.63285675724
5724 1.74298874841 2.13201702506
5725 0.338064918479 0.338064918479
3913 1.46511896485 3.59329306544
3912 1.68985399607 1.75919309185
3918 1.692729106 1.997399411
6732 2.49093455631 2.49093455631
6734 0.66255286308 0.66255286308
6736 2.68037682953 3.70807604731
6737 2.61329133177 3.45411109282
6738 3.54862435377 3.54862435377
4796 1.65845081092 1.65845081092
4790 1.66096377812 1.80580474082
5836 3.08019472533 3.08019472533
4153 1.88294522581 1.88294522581
5834 3.67517844515 3.67517844515
5835 2.55771920863 2.61050742945
4154 1.34920922379 1.34920922379
5831 0.0348571606046 0.0518637851558
4159 4.50144366384 6.21841077897
4698 4.21448214897 6.32309554835
219 2.74813994753 2.86581604623
7464 0.542427962104 0.542427962104
6087 2.495258372 2.495258372
6084 3.17115091222 3.17115091222
6083 2.70724850109 2.70724850109
6644 1.12924190338 1.31980205529
6640 3.44098107869 3.66754656539
6642 1.75504027677 1.75504027677
5902 2.69864980772 2.69864980772
5904 1.28275264444 1.28275264444
5909 2.76648988023 2.76648988023
6497 0.230214638251 0.230227697237
3488 4.48795721944 5.21912321978
3481 5.57465158904 5.78667396363
3480 7.58475910507 7.58475910507
3482 3.40999189019 3.40999189019
3487 4.94862274742 5.36666990309
3486 4.38342382759 4.38342382759
4566 2.50835350591 2.50835350591
4565 1.0575490331 1.16559888959
4569 2.0919558188 2.15573309086
7080 2.82058671611 3.38525137128
2551 2.50288840194 3.85110210358
2552 7.57577844882 7.57577844882
2554 1.50996680607 1.78314191835
2555 1.50479657736 1.50479657736
6396 1.06574810208 1.06574810208
6397 5.47619382775 5.47619382775
2397 9.99081693455 9.99081693455
2394 1.24629091458 1.67060282143
63 2.3740362488 2.3740362488
5013 2.38682111992 2.38682111992
5014 4.92408968679 4.92408968679
2771 1.89145685681 2.7948284746
2772 1.58441487778 2.00230631418
4897 1.50441202726 1.58436807195
2775 1.73581160754 1.78719796229
2777 1.4855554189 1.53893634056
1859 0.499115398542 0.667898831811
6260 4.79823135308 4.79823135308
4418 2.01213718204 2.87320308048
4417 5.00067886376 5.00067886376
4416 4.63872423844 4.63872423844
1852 4.42578297853 4.42578297853
1853 0.755239811021 0.853934222603
1855 0.464953364986 0.464953364986
6269 3.34043488584 4.04006904652
5168 1.40210871818 1.40210871818
2171 0.750099593625 0.750099593625
2176 3.04147662407 3.04147662407
918 0.667579630599 0.667579630599
6063 0.475463442478 0.605954045155
4967 2.48638906663 4.23257640815
914 5.64196947493 5.64196947493
917 2.28304700178 2.28304700178
2179 1.23794795084 1.23794795084
912 1.47817457138 1.73887294414
2603 1.55907649135 1.55907649135
2609 2.62489482497 2.62489482497
1930 7.07107338082 7.07107338082
1937 5.60959736231 5.60959736231
3269 1.50222600109 1.5270878043
1939 3.21390970127 3.21390970127
5127 2.04436633254 2.19165372467
5121 2.02536760917 2.63979339736
845 1.96103782514 1.96105296502
3464 1.6428219785 1.6428219785
3463 2.3997191364 2.39973592071
842 1.84715578315 2.08450817354
7091 3.21348802819 3.21348802819
7375 0.568978176945 0.568978176945
848 1.85312444307 2.19082324839
7012 1.02613993972 1.21099808592
7013 3.90813829173 3.90824217995
7011 1.05708156973 1.05708156973
1731 0.310204845374 0.310204845374
1732 1.94553683208 2.45225446477
5234 2.34433838817 2.34433838817
1806 5.24570275978 5.37946255213
758 2.96396319543 3.31765960268
7088 1.05413507411 1.05413507411
1595 0.726900154133 0.726900154133
6887 0.751630484874 0.753696633146
1597 4.99213767355 5.24199087302
3074 1.88645385718 2.5385047425
3075 2.04384638644 2.15012014961
1592 1.22433419319 1.34033749175
3078 0.283724336353 0.283724336353
3079 2.55917249654 3.39602149091
1599 3.93964067174 4.17988783637
1598 3.27905915866 3.27905915866
6889 1.99554455678 2.07902039665
5344 1.66903211938 1.73745602576
5345 0.363773734208 0.363773734208
7168 1.93650265558 3.07778778117
1021 2.56526141287 2.56526141287
1023 4.50497983862 4.50497983862
7163 0.997642932053 0.997678870814
7166 1.67843310249 1.84254265001
7164 1.59156940124 1.59156940124
7165 5.55560786732 5.55560786732
604 3.1464099627 3.1464099627
4367 2.42676235722 2.71249965643
4361 4.18734988139 4.18734988139
4363 6.95419993406 7.73636499825
4362 2.68428747521 2.68428747521
1203 3.93453923769 3.93453923769
5649 2.94742777803 3.65750260247
1211 2.07810169239 2.07810169239
5641 2.02485791522 2.02485791522
6041 1.20207359329 1.38806927889
5642 1.83809979996 2.18966168641
5646 0.413150420299 0.413150420299
6335 0.753342106529 0.753342106529
3105 2.93806191085 2.93806191085
3107 5.22169091685 5.22169149766
3102 1.24997584266 2.01234822159
3103 0.153000373599 0.153000373599
1112 2.58286256658 2.58286256658
1443 5.98185177985 7.47190172844
1114 6.23394135327 6.23394135327
1116 2.3308902833 2.3308902833
4093 6.95047343022 7.36074149325
4091 4.84899115613 5.62025032385
6332 9.21313145015 9.21313145015
5737 1.79874952716 1.82788883647
5736 0.757933784493 0.757933784493
489 2.56562326691 2.61664193593
488 2.15493702752 2.15493702752
487 0.466828915315 0.466828915315
485 1.91643980904 2.74138979611
4587 2.71094672375 2.71094672375
480 4.8422171568 4.8422171568
7585 2.89667753176 2.89667753176
6463 1.08881366493 1.21388066261
7580 4.93434004941 6.07081018367
4725 2.89418115172 2.89418115172
4851 1.24264795998 1.2658135171
5300 4.01624261459 5.29419987498
3926 1.09370356713 1.09370356713
3927 2.07378937643 2.67254547949
3924 2.24839546432 2.24839546432
6526 0.278130970298 0.278130970298
6722 0.992349040682 0.992349040682
4782 0.290897169825 0.290897169825
4781 2.84286208953 4.83819218366
4149 5.99565502471 5.99565502471
5827 1.18592278965 1.55228124517
5826 2.5042881696 2.91917483025
4144 2.25268793602 2.25268793602
4141 4.92978120787 5.53748920681
4143 1.21921952448 1.21921952448
3857 4.2293681064 5.30006073507
3855 1.34245348113 1.34245348113
3852 1.37881071804 1.38104097738
3859 3.93049108785 3.93049108785
6099 1.40460563481 1.70103332831
6098 0.248371865722 0.248371865722
6091 3.78892448876 3.91941462471
6094 1.38640688808 1.38640688808
6917 5.2134241331 5.37453602454
6657 6.84771145887 6.84771145887
6655 2.00995210914 2.03334124876
6048 1.44604081239 1.44604081239
6651 2.06709465171 2.06891616306
5915 1.86764836202 2.18611549679
5911 5.07977981794 5.72266107581
4820 2.46370303972 2.75490716753
199 0.891828028031 0.891828028031
195 2.59590754499 2.59590754499
196 6.00657521447 6.00741414213
190 0.913485847717 0.913485847717
6384 3.3067260328 4.29751163926
6387 2.41537834409 2.71791979531
3679 5.76241664362 5.96747145212
4558 1.60693901922 2.34461137595
3676 1.98434674332 2.61154529114
4553 2.50213450396 2.78257837694
4550 4.13622182323 4.42085653887
2541 1.07378844211 1.17389709914
2546 1.18511234862 1.18511234862
2380 1.73592749113 1.73592749113
2383 2.54558900618 2.54558900618
2386 1.26411460058 1.65908099397
3580 0.595892048773 0.727162548468
3583 3.80407039659 5.17908068015
3585 2.90851897911 2.90851897911
3587 3.6129326518 3.76520826421
2761 2.23846045159 2.60617974992
2767 1.73133140449 1.73133140449
2765 2.06572898672 3.06724369972
2764 2.0902131592 2.24409081872
6913 3.31639563052 3.31639563052
902 1.2591670215 1.2591670215
1849 2.14270118161 2.92849699748
6277 0.490674385719 0.500756521065
6276 5.99867182187 7.84933417458
1843 3.49466215115 3.49466215115
4423 1.95222384858 3.08058914178
4420 0.940837406087 1.05095405192
1847 3.79729948349 3.79729948349
6077 2.06152905766 2.80005898228
2168 1.08087910728 1.08087910728
6071 1.67447217718 2.26432951561
6070 6.10808743855 6.10808743855
4951 9.05559242417 9.05559242417
4956 1.287835339 1.59595555652
2160 1.37726997807 1.37726997807
7309 0.144649320903 0.144649320903
2613 2.60735637354 2.60735664209
7095 0.344345870211 0.344345870211
2618 0.479941167285 0.485943748741
7347 3.10537745344 3.10537745344
7345 7.00083070037 7.00083070037
3298 0.54168199401 0.617827060177
5138 1.49731850703 1.49731850703
3294 0.0835080535425 0.083917800931
1907 4.80505772949 5.824298356
3296 4.3123386593 4.56578240218
3297 4.66167631914 4.74069256809
3290 0.383540494761 0.544915379378
5132 1.58226499204 2.55284561363
5131 5.90020057513 5.90020057513
1901 2.15795137344 2.60982278892
3452 1.63172709016 2.3549732385
3450 2.2311201072 2.47848596217
3456 2.6672382116 2.6672382116
851 2.05072076011 2.93232969867
3455 1.02305355349 1.02305355349
3863 1.48593842069 1.48593842069
6 0.763694789892 0.892194185169
7001 1.39953332079 1.74681032405
7005 0.502130269956 0.502130269956
7006 2.11994203241 2.54170147346
5229 1.68265117519 2.08400331081
5228 3.60971644014 3.92921706133
5223 2.84731387896 3.33801958049
5224 1.0494640653 1.0494640653
743 4.32273423281 4.32273423281
744 0.987281548601 0.987281548601
745 1.2001663473 1.5978130569
746 3.26275494986 3.26275494986
747 5.30896905748 5.30896905748
748 11.0513906682 11.0513906682
3062 1.84637360884 1.84637360884
7177 0.583254596028 0.774192574937
7176 4.53337001951 6.17931387089
6895 1.55561991183 2.38580062466
3065 5.30588103807 5.30588103807
3064 2.22679962762 3.00226953818
2947 4.55469359665 4.55469359665
3069 1.69212273939 1.69212273939
3068 0.996141444767 1.18716233482
7178 3.16876227197 3.39969279433
2941 3.46501686713 3.57190273576
1051 2.60176738435 2.76055917665
1053 3.39178414515 3.78001406579
1056 1.77434762285 2.15510783317
1057 3.4976447268 3.4976447268
1693 3.19860997847 3.19860997847
2919 0.977180845976 1.07743544004
1699 5.24252217459 5.24252217459
4311 1.69624753465 1.69624753465
618 3.40184920792 3.40184920792
4315 5.61879479155 5.73509047865
4317 2.18574068066 2.18574068066
1797 1.02625744754 1.20888596302
611 2.23975429187 2.97504321746
617 3.26445658967 4.10916051396
7574 0.144811075842 0.144893457802
3118 1.43224107789 1.43224107789
3116 2.9199293848 3.08836010862
3115 1.73432580401 1.81243231728
3110 1.8869506258 2.26453815105
7579 0.878091302473 0.878091302473
1470 2.87397855937 3.14344651683
1474 4.51421182678 4.55211455524
1475 7.99527169479 7.99527169479
7041 2.99200364264 2.99200364264
6143 0.510292612418 0.510292612418
1479 6.58888417102 6.63887383168
5464 1.10395317018 1.10395317018
1301 0.665191894416 0.665191894416
7129 2.21454251187 2.39936154542
1308 2.55950583559 3.5857149403
6410 1.74605309723 1.8120113925
5740 5.76849148405 5.76849148405
4229 1.00360128192 1.00360128192
3597 0.961179324741 0.961179324741
496 0.117708229434 0.117708229434
4227 5.97213579009 6.25600826136
490 4.83084529794 4.83115753353
4221 1.39409136071 1.63984300173
493 3.17950165648 3.43553807502
24 5.41516378085 5.50138764896
25 1.46805740238 1.55238136212
5584 1.4449926199 2.215785003
22 3.1902725179 3.45026561848
23 3.41191540501 3.41191540501
7595 1.0184475962 1.26478828235
6470 2.50125275233 3.47333506259
6476 7.29601084025 7.29601084025
7591 0.735554371365 0.88854410729
5589 2.75613319471 2.75613319471
3938 7.32640303076 7.32640303076
3936 2.77875780753 2.80937054474
5265 1.72535806045 1.72535806045
6718 1.3539763706 1.3539763706
6716 4.42861332186 5.09296936325
6717 2.2241669407 2.2241669407
6710 1.87440515473 1.87440515473
4138 3.7307028777 3.7307028777
4130 2.82536547691 2.85234146234
7474 1.3760159556 1.71332754489
5692 2.06397787176 2.701030782
3840 1.30393732547 1.88866519822
3843 6.0110603204 6.09091734311
5691 3.37550862282 3.37550862282
5694 0.466845575608 0.466845575608
3849 1.55574536751 2.15743961055
1872 1.84477703963 1.84477703963
4046 1.7748470115 1.82507249477
4047 5.68536394908 6.25737997628
4048 7.06396730231 7.64616621268
5968 0.0620433699085 0.0620433699085
5969 1.31871083217 1.52400513407
5963 2.07485364783 2.07485364783
5964 1.47589727186 1.48075512773
2289 0.452249465208 0.452249465208
3667 1.21348299513 1.21348299513
3661 2.97729015763 3.99291119917
2280 2.69677702913 2.69677702913
2282 3.46168732683 3.46168732683
5433 5.48863654669 5.53697926187
2287 3.37766434399 4.69201606862
4543 6.58458305283 6.64537005039
4546 0.945764310959 0.945764310959
2579 0.0808981717507 0.0808981717507
2572 2.90058401626 3.18527980824
2570 2.53174204418 2.53174204418
4534 1.14999073843 1.55936642006
2378 4.72179574691 4.72179574691
4827 2.91266348063 3.3719315501
2376 0.862732220646 1.04142107193
2370 1.89711478128 1.89711478128
2373 0.0313043793854 0.0313043793854
3592 1.27657696593 1.27893678481
2596 0.900831438992 0.900831438992
2590 1.23414210379 1.23414210379
3595 1.53529468234 2.37504367034
3594 1.99611656106 2.19055715782
5036 3.81903883237 3.8597057094
6280 2.49704620719 2.66680833236
5030 0.498607457479 0.498607457479
4531 2.55817087305 3.14871566358
4434 0.139596766684 0.139596766684
4437 1.75993168098 1.80617213727
1084 4.33850877562 4.33855995062
4431 2.32583637906 2.32583637906
4430 0.735741150255 0.735741150255
4433 1.55606532895 1.55614119977
6283 1.73142655494 1.79808233742
4438 8.42884665475 8.42884665475
1878 0.607790776688 0.607790776688
6595 2.71398046306 3.83463959427
970 1.44316037974 1.44316037974
5581 2.95699313027 2.95699313027
6287 1.57785978643 1.57815339732
4949 3.00777160562 3.08977829732
4948 1.619087188 1.619087188
6282 2.2409396727 2.93995572866
978 0.985200040508 1.07278390879
6043 2.30627068427 2.61540785743
6040 7.54019974731 7.55346119322
181 4.8322740373 4.8322740373
186 1.40700925217 2.18682403104
6044 0.271379231991 0.271379231991
6045 3.2722985994 3.82763760103
2112 1.65287779704 1.65287779704
189 1.76936843084 2.14891542544
2114 2.88259434356 3.14861533733
2115 0.955393275555 1.05962276497
2117 1.6168857381 1.61688609109
2627 3.51927118398 4.11602931903
2624 4.14290011213 4.14290011213
5837 6.24602024067 6.27578591588
7351 3.41837192299 5.4085079112
1918 1.81496300826 1.81496300826
7355 1.6974965019 1.6974965019
4924 2.61070024141 2.61070024141
7357 3.71105840314 3.71105840314
7356 4.19948887879 5.59886471107
3287 4.90196201389 5.76048047284
3286 2.68282517025 2.68282517025
3284 1.95019515637 2.08293829605
188 2.79684422935 2.79684422935
869 2.27978323527 2.53442481975
860 5.46890564266 7.33690149204
3440 3.27731282453 3.86996474497
3443 2.12452101621 2.12452101621
2027 2.69947265451 2.69947265451
2750 3.91996710728 3.91996710728
2023 2.32170964779 3.09395527468
2758 2.80996471118 2.9584455941
881 0.693242707453 0.693324230116
886 0.361583547038 0.362278078379
888 1.55519062005 1.64432268026
5217 2.18347454866 2.51428700176
5214 3.59101446175 3.59101446175
5210 1.7981499525 2.02204457038
5211 3.69459895132 3.72302158827
5218 2.52497979019 2.52505233351
5219 7.49580342392 7.49580342392
7504 5.004654401 5.00540057561
5414 1.51517948268 1.98017615549
777 0.855010794109 1.17571019383
770 3.07437390076 3.30386475228
772 0.888426790859 0.888426790859
7503 1.00290464368 1.00290464368
779 4.50103871216 5.94103233973
7638 0.0483727026153 0.0483727026153
4675 3.44542046081 4.02801991122
76 1.39224408131 1.87819186004
2978 0.47277423366 0.47277423366
72 0.64303280912 0.64303280912
3058 6.07412756267 6.31254307945
2972 3.77117592464 3.77117592464
2973 4.64489864846 4.64489864846
3054 1.76801375979 1.76801375979
3052 1.15417034989 1.47808590101
2977 1.64528168379 2.08733602446
3050 9.06488389175 9.06488389175
2975 3.53119731604 3.53119731604
1042 1.5534982157 1.97479747697
1041 2.11644325875 2.3415929241
1040 0.779805085044 0.779805085044
1046 4.9997162884 6.33697892804
1049 2.49793205829 2.49793205829
1683 3.13849940048 3.1496296904
1685 4.61428842345 5.37153234078
1684 2.52749907248 2.82256146952
1687 2.65909721154 3.31210987608
4802 1.61333948212 1.68083523674
7354 2.96571941409 2.96571941409
4301 1.61104809627 1.69341156758
1268 1.8354788578 1.8354788578
1263 1.99560267422 2.19703953885
1261 2.56792463131 2.56792463131
4308 4.35147146427 4.35147146427
1267 1.33308360636 1.51161898024
1266 3.72766855725 4.52337414901
1264 3.72492950032 3.72498565366
7359 5.36093675002 5.36093675002
3021 1.06642098915 1.32898968219
5103 2.50666262052 2.54617577399
3128 0.902469502522 1.21583018143
3129 0.722382300145 0.855358828058
7619 0.921754076338 0.921754076338
3122 3.53118097365 3.53118097365
3121 0.991982451668 0.991982451668
3127 2.17425270879 2.17425270879
1914 2.54433687711 2.54433687711
1465 2.00981850655 2.17228844291
6065 3.47888667453 3.8166595043
1461 2.65649348047 2.65649348047
1313 1.99879158498 2.17728953054
1312 1.38796367671 1.69616810927
1310 5.96430078565 5.96430078565
1319 3.54421612483 3.54421612483
6914 3.76406662402 3.76406662402
6915 0.659336634019 0.659336634019
6444 2.03567367415 2.64250301426
5750 0.13429557976 0.13429557976
5757 1.58491986198 1.58491986198
6440 3.17944105967 3.6021600349
5754 0.441540629803 0.441540629803
4236 3.81162835582 3.81162835582
6919 4.23140773508 5.45990623211
6124 4.65496871582 4.65496871582
312 1.61302702976 1.61302702976
311 0.751874934909 0.751874934909
316 1.55741953086 1.75852830307
315 3.26166240137 3.26166240137
314 1.99035351781 1.99035351781
6701 1.00345522469 1.00345522469
6703 3.56170976543 3.56797525198
6702 0.926122301518 0.926122301518
6705 5.42306168465 5.42306168465
6704 3.99228272804 3.99228272804
6707 0.500468828417 0.670945623788
7435 2.42237564902 2.42237564902
7436 3.65365231162 4.35126361357
7437 3.13998393133 3.86251154111
7431 2.52665692496 3.39927842258
5685 0.812567664206 0.812567664206
5687 1.43640899042 1.74610458185
5681 1.68756806527 1.76182129517
5683 0.56299540605 0.583414599944
1330 1.77041050338 2.34954858573
6674 1.10768120333 1.10768120333
4704 1.85537145049 1.85537145049
6671 1.33108598743 1.33108598743
4054 2.51347922598 3.1584178212
4053 1.78421156954 1.78421156954
4052 3.54075817045 3.54075817045
4050 2.03372010804 2.27782967837
6218 0.823340046734 0.823340046734
5976 6.01788997455 6.09212872024
5974 0.986018207608 0.999507022964
2299 3.37501303451 3.94689411729
3613 3.6263209478 3.6263209478
3614 4.15992544231 5.20258643821
3615 0.304235306282 0.304235306282
3616 0.145947164086 0.145947164086
2292 3.48590451523 3.49000749925
6939 4.24531870551 4.27755765068
2561 2.11198227101 2.62994024
2562 3.15403087289 3.96941461763
2566 4.67120023057 4.67120023057
2368 2.492784701 2.73212598109
2367 6.00947761393 6.43943500179
2366 0.415882769999 0.415882769999
2364 1.36587670451 1.42016498878
2587 4.04929324039 4.05265061534
2586 2.94541279171 4.39915553837
2585 3.6502419063 4.57988987268
2584 2.03117576633 2.46617884596
7294 2.86989211908 2.87516421131
7295 1.15360359201 1.15360359201
2580 4.35038305571 4.35038305571
5021 6.3354288272 6.35153290637
5024 2.49714048407 2.54616660713
5026 2.27555943118 2.47637022603
4441 2.48046226508 2.48142615575
4442 0.973230561703 0.973583590538
4443 3.24398691756 3.24398691756
4444 0.857079089041 1.00600550035
4445 8.57122392758 8.57122392758
1867 2.00675528577 2.02551424394
1866 0.443356904047 0.443356904047
4448 2.86695605278 2.86695605278
3721 3.44933844409 3.44933844409
3722 0.461214194634 0.461214194634
961 2.43663539082 2.87538420916
6299 2.19353169936 2.6994134814
963 0.459626518509 0.518281611356
6297 2.8689091534 2.99914061182
6293 1.46204666675 1.46204666675
4688 3.48162075592 3.96203328574
6290 2.02707366954 2.03309312963
2108 2.82021540605 3.55577979041
6059 1.84849992456 1.84849992456
2103 1.44702341549 1.91668199564
2102 1.15026830654 1.2363110514
2100 5.42191993331 6.38304577539
5575 1.78776163223 1.78776163223
2105 1.49810490988 1.49810490988
5117 0.607724747328 0.607724747328
5113 2.76127194563 4.00085056896
2634 4.3354099291 4.72752977669
2636 1.53902722758 1.53955146481
2631 2.85433840507 2.85433840507
2630 2.94929282044 2.94929282044
5571 3.00126334747 3.00126334747
5292 0.518465215654 0.669710803808
3438 0.907298979858 0.907298979858
3439 0.137321928252 0.137321928252
878 2.09116950841 2.09118980982
879 3.38873796255 3.38873796255
3431 6.34570968103 6.4434886044
872 0.747196200807 0.747196200807
873 0.375320168454 0.375320168454
4592 1.4366906142 2.03002783146
4593 2.37983640119 2.68193626445
2743 0.420688286343 0.420688286343
2033 1.22501628912 1.59717540196
2032 7.64072742176 7.64072742176
4595 1.20047056846 1.58269033067
9 2.27101427693 3.12101476748
4840 0.221804172524 0.221804172524
3097 3.21412490058 3.21412490058
890 0.0162139672447 0.0162139672447
5200 4.19471731435 4.19471731435
5203 3.82900404475 3.82900404475
5202 0.507267283404 0.516279330844
5204 1.19288996487 1.23698905036
7320 4.04994520554 4.8805613635
3545 1.31321709875 1.59557378157
3547 5.60184756553 5.60184756553
3543 1.57126253846 1.57126253846
7323 0.815214750296 0.815214750296
2965 0.193283065331 0.193332465193
2964 1.45683658857 1.8854376633
2966 0.615788683775 0.615788683775
2961 1.48553299619 1.96419438963
762 2.25419365466 2.25419365466
1781 4.20047507831 4.20047507831
767 1.99856041505 2.05376401224
1786 2.86746428194 2.86746428194
7113 3.59823419735 3.59835841655
7112 2.33183071695 2.33183071695
6878 1.85051566824 1.92634569955
7119 2.40997106471 2.80984211434
7118 1.39876920094 1.39876920094
3045 1.02803853934 1.14787827971
6872 5.35031140997 5.53802592372
3046 4.33451218911 4.33451218911
1079 4.04025086695 4.3355434707
1077 2.01344504176 2.01604789526
1074 2.04416157175 2.04416157175
1072 2.94496837067 2.94496837067
1073 1.40901995459 1.42035293579
1070 1.98309014629 2.31808309638
5372 4.97761455774 6.5716681672
7290 5.50847640128 6.65610493634
1678 2.72296199145 3.11330290052
1674 1.08936338847 1.64476652968
678 2.33404455425 2.33404455425
676 1.62917046898 2.19235903689
4333 1.80614161645 1.80614161645
4330 0.199674177591 0.199674177591
3131 4.8524228643 4.8524228643
3130 0.825676616334 0.825676616334
3139 3.18496195163 3.21403123772
3138 0.723511204956 0.723511204956
7608 1.93833240317 2.79250819474
7607 3.95481600725 3.98650533807
7604 4.13951977014 4.13951977014
7600 2.61737329778 2.70088604821
6018 2.56406957319 2.56406957319
1412 4.5519915637 4.5519915637
1413 6.08361968781 6.77961523748
1416 0.534642458831 0.534642458831
1327 2.82327862975 2.82327862975
1325 2.12783752857 2.35286183927
1328 3.02049274569 3.02049274569
6450 1.542049586 2.05806453035
6455 3.4640560182 3.49403020352
6454 3.61808412712 4.36137221407
5768 4.49447178752 5.12963191855
6456 1.28343896587 1.71252607856
6458 4.72624847808 4.99168990161
4645 0.44370613201 0.551198768202
5762 0.163701148442 0.163701148442
4207 1.88800177145 1.94238987461
4636 4.25778790015 4.25780150301
5565 1.20892730997 1.44125392673
5562 0.973756106931 1.22053279497
1256 0.213737829644 0.213746322103
1526 3.85928457648 3.85928457648
1520 1.65363453642 1.65369601304
308 1.96192332752 2.46987862296
3953 1.95127071143 2.42135676773
303 1.57450000624 1.79678414999
3957 3.18154554441 3.18154554441
307 4.66074851745 5.43230980977
4113 4.00593336558 4.54644495145
7420 3.97535321063 5.48651919116
3340 4.18073405083 6.6776508314
5159 1.60135342943 1.60135342943
2475 2.47877103172 2.83840328749
6601 1.15713609661 1.15713609661
6602 2.17899689002 2.17899689002
6439 3.02700375049 3.06964586726
6606 1.25131570571 1.25131570571
7109 1.05220910086 1.08140159234
6608 1.27745635297 1.277456696
5946 0.0871433149503 0.0871433149503
5945 0.629310295847 0.755766488866
4064 3.83907346062 4.39621604402
5941 0.983591367199 1.31194344719
2976 2.29366755243 2.57189442435
4068 4.77416312291 4.77416312291
4069 7.73432435654 7.73432435654
5948 3.32899334382 3.41102430558
5949 1.84129709317 1.84130864628
5785 0.869576924603 0.995413086342
5786 1.85625583719 2.24560086713
5782 4.89191783101 4.89191783101
5019 5.00040359498 5.00040359498
3051 2.80092251499 4.29141240746
3601 2.91687323658 2.91687323658
3600 1.36423229493 1.36423229493
3607 4.46348543002 4.50111684768
3604 3.26686252164 3.26686252164
3608 1.53139269686 1.53160885432
5361 1.09273219276 1.09273219276
4894 3.72782545859 4.86215483383
5367 1.78324458419 1.85503130256
6115 3.56624183275 3.59637475274
6117 1.28779481788 1.28779481788
6112 4.39555607195 5.60780308511
2358 1.71257252902 2.08383771479
2353 2.39829082701 2.39829082701
5368 1.48012332667 1.7275250972
2355 3.17009900967 3.48935187652
4450 5.37520043257 5.37520043257
4456 2.54325972 3.08439221145
4455 8.11690613099 8.11690613099
4454 1.52120312597 1.52120312597
3736 2.8130895585 4.90437958872
4459 1.68342645283 1.68342645283
3733 5.44880034697 6.11495913564
476 1.06936037919 1.53718444044
3730 3.56544571853 3.87433973236
4922 4.0597784398 4.0597784398
4920 1.94350423376 2.38779682807
4695 3.25390141768 3.57988209067
4697 8.96251635869 8.96251635869
2131 2.95931287239 2.9662630559
950 2.26905731534 2.65162995532
4929 4.44368349484 5.00349728443
954 0.00616192982632 0.00616192982632
6022 1.53171381188 1.53171381188
6026 1.40101584596 1.68841319997
2649 2.47664463378 2.47664463378
5167 1.61241822879 1.98305433324
2640 1.7641740695 1.7641740695
2645 2.4546527124 2.59675265867
2647 10.7475106615 10.7475157117
3429 2.2952126276 2.74177588653
3423 1.40928374258 1.65611601347
3422 1.80943760417 1.80943760417
3421 1.22351974303 1.26012046249
3427 2.6006484445 2.6006484445
3426 2.37712735094 2.62360954502
3424 1.76733099629 1.76733099629
1850 0.134269042354 0.134269042354
2000 3.66633849433 3.69777872627
6337 1.56983352092 1.6004962717
2007 1.09048151483 1.18790904831
4859 6.00831511935 6.00831511935
2005 1.63359611689 1.95672155061
2008 0.787028474955 0.787028474955
4415 2.06484254954 2.5138053008
4583 5.12416877393 5.29401703609
4582 1.97270570965 2.18562557593
1269 3.21554133081 3.25865190217
3554 0.493160219257 0.500353260259
3550 3.81399327602 3.81399327602
6966 2.17858902185 2.17858902185
3558 2.61055049462 3.3001374992
6061 1.96818428468 2.33462323393
2911 0.85911265816 1.14691508756
1799 1.2460263163 1.2460263163
2913 1.30923769369 1.65314680959
1793 1.99236758262 2.15422043043
1792 2.42451475322 3.07276964107
715 0.718831522858 0.718831522858
714 3.23890213838 3.39373548086
713 1.23823083326 1.23823083326
712 3.85633032372 3.85633032372
4966 1.02959155788 1.32904924168
7127 3.01056617773 3.37249096697
6840 0.871019200638 0.871019200638
7125 1.98086540687 2.04823524731
7123 1.15389807347 1.15389807347
6844 1.88272382626 1.94560444814
7121 1.21930345033 1.51601306147
1069 1.05764889289 1.33771383476
1068 8.99192871933 8.99192871933
4964 2.10036565218 3.03233417393
1061 6.57585162733 6.57585162733
5301 2.16643638157 2.16643638157
1668 0.358236621232 0.358236621232
1665 3.53048499745 3.53048499745
4960 1.70996176625 1.70996176625
1662 2.64037767651 3.63352266294
591 2.35298085044 2.39679093921
590 2.29481159528 2.75289733249
592 9.16368007531 9.16368007531
594 2.49701110207 2.91697511371
6596 0.0591125984787 0.0591125984787
599 4.99342232203 4.99342381566
4323 3.60308232512 3.90739436303
4325 1.50805999389 1.50805999389
1088 7.71376482953 8.25278720211
3140 3.44984746683 3.44984746683
2821 0.708882690499 0.863123272347
3386 1.53731856172 1.53731856172
3384 1.28326987852 1.28326987852
3385 4.70169049142 5.32717541487
5412 3.09031132509 3.09031132509
3381 0.610171062504 0.610171062504
7632 1.84402186278 1.98570070979
3389 4.20354876214 5.68466451355
1408 2.56480708632 2.56516179902
1406 0.206878671773 0.206878671773
5792 0.538476720284 0.657363659269
1339 4.5341741661 4.5341741661
4210 0.844639367137 0.953184092238
4212 1.54235021676 1.86889059528
1337 2.992307395 2.992307395
5790 7.22877675751 7.22877675751
4219 4.50373512269 6.24850798661
446 3.98295176004 5.6656735444
445 0.525896352488 0.536444323714
691 2.54950706475 3.24183062118
5772 3.40466206288 4.24637499972
7515 0.433683950887 0.433683950887
5578 1.35722464791 1.65328126372
32 0.768082773897 0.768082773897
31 2.18992876534 2.18992876534
5573 5.41021742708 5.54379260161
35 3.39403617404 4.19656449199
3092 2.30032404338 3.40213245948
3093 3.62680901166 3.62680901166
643 6.83212472668 6.83212472668
1244 1.46260312696 1.46260312696
1531 6.0065626956 6.44452365666
1530 1.65127007047 1.9434263085
649 3.19244334912 3.23877213093
3098 0.72559285443 0.72559285443
3099 3.39069020475 3.40720175471
1539 3.49821560951 3.53395592175
338 0.772929189663 0.772929189663
335 2.77118689912 2.83112113582
334 2.95268235236 3.62873206307
337 0.00398110976934 0.00398110976934
331 2.51766738676 2.96323727512
333 1.63800205483 1.63800205483
7611 2.09781517772 2.12518433901
5124 4.57645543839 4.57645543839
4105 0.570575472812 0.570575472812
4106 1.58107930818 2.00970162148
7412 2.10199445484 2.10199445484
7413 4.07918052156 4.07918052156
7410 0.597524672773 0.597524672773
7411 4.49631358804 4.55838315951
7414 1.83787388161 1.83787472111
3897 1.13400282325 1.13425712838
3895 1.76479414473 2.08012844819
7379 5.57302214218 5.57302214218
6611 1.06959598926 1.06959598926
6615 0.8629164463 1.04191808604
6614 3.16391327089 3.16391327089
6619 2.91325619955 2.91325619955
4078 4.13400002747 4.13400002747
5957 1.47338588577 1.70022902568
5956 4.79733121655 5.90123354019
4075 5.40401294721 5.54112146058
4070 2.87731706186 3.81842365119
4073 1.10654286465 1.10654286465
5797 2.76063110015 2.76063110015
3967 4.50160344203 4.9636593153
3965 2.47161566617 2.47161566617
3962 1.49644054263 1.49644054263
3963 2.38556059496 2.38556059496
3961 0.812334384947 1.04450211472
7278 3.82096883545 3.91080615161
5799 2.81414123395 3.38202190595
3636 2.51748052423 2.91727753213
3637 9.47457463975 9.47457463975
3632 0.896544963265 1.14138625075
3630 1.02779923431 1.02779923431
4611 3.0741759539 3.07417611395
3468 1.44230445821 1.67549135254
4613 1.32870828671 1.40347340032
2345 1.83330730684 1.83330730684
2346 0.260938990331 0.488359171362
2342 5.97367886643 5.97367886643
6107 4.56368459673 5.04092679844
6103 1.18586697108 1.18586697108
6102 0.764095255103 0.764095255103
4616 6.18528774016 6.18533732421
3709 1.77793724658 2.4792066389
1888 1.74257070171 1.79003936216
3700 1.43915870047 1.43915870047
4465 3.2729317848 3.2729317848
4462 0.630924951685 0.630924951685
1880 4.35540471472 4.38089679297
2127 5.58595736318 5.67007668703
2129 4.33264933371 4.79542632532
4665 5.99775926143 6.65765310982
4660 2.79527352272 3.70085711184
943 1.97733665515 2.38281126812
4910 4.12041873082 6.58552901702
4663 1.66040031433 1.66040031433
6038 2.03766023982 2.03766023982
6035 2.99737765592 2.99737765592
2653 1.64342889543 1.64342889543
2651 1.87686143427 1.87686143427
6441 0.102714632035 0.102714632035
2654 2.49084452863 2.63522252836
3414 0.59537405214 0.59537405214
7389 6.19295597564 6.50249527073
3412 5.32050210303 6.24248119007
136 2.08810769049 2.09676135187
3410 0.99777775836 1.02261785827
134 0.359854933444 0.479332944873
7382 3.91358427787 5.31820663244
7387 1.74616071167 2.07355607402
3418 0.0882147873006 0.0882147873006
7385 6.70419800765 8.29925529361
6326 0.572205922172 0.572205922172
6325 1.41827705865 1.53074340051
2018 0.00198830376342 0.00198830376342
6321 1.0912284395 1.0912284395
4863 3.05573242285 3.30850828319
2017 7.54210457049 7.54210457049
4861 3.77086140375 3.95948794234
2011 3.72030205805 5.22347027171
6839 2.27559826228 2.9856017026
6329 4.6713687853 4.6713687853
6328 0.759480864508 1.08419509369
7443 1.87717574511 1.87717574511
7444 1.93690353762 2.25761537285
7254 1.45936355693 1.45936355693
7255 4.2249379334 4.2249379334
7251 0.343648733828 0.56960073817
3565 2.18244377632 2.18244377632
3569 0.375647261519 0.375647261519
4485 0.646548277837 0.646548277837
6564 3.98622062314 4.08771695808
2903 2.08265799573 2.14060865909
2902 1.27511959091 1.27511959091
708 0.489790160119 0.489790160119
2906 1.00660729623 1.00660729623
6853 5.46537283556 5.46537283556
704 3.86142396068 3.86142396068
705 3.77899601815 4.42651720138
706 2.46151492924 2.46151492924
701 2.37341158237 2.37341158237
6560 1.34321808413 1.83808176353
7139 1.36081863785 1.36081863785
7138 1.14895305313 1.14895305313
89 8.49853985094 8.49853985094
83 5.70359696201 6.04644463786
81 1.25312799518 1.7112289239
7135 2.13998272179 2.69412974001
7134 2.27123548445 2.99888640502
7137 1.83472218564 1.83472218564
85 1.60969438271 1.96542114312
5311 1.83284958939 2.61663505578
5310 2.26731913308 2.26731913308
1658 1.83525185461 2.09279493132
1652 0.0502686936161 0.0502686936161
1653 0.975149532381 1.22630220791
1651 1.84876458148 2.43722203076
6583 0.996541856124 1.10101595057
1631 0.757432439412 0.98030662852
588 0.48259852986 0.48259852986
3151 4.07913819715 4.07913819715
3150 1.64775179872 2.00100943306
7621 2.05497196249 2.0549845251
3154 1.93896333424 1.93896333424
7629 5.48313114293 5.86173074433
1437 0.308180745451 0.308322909748
1434 2.7105619636 4.00192641766
3392 6.64992063676 6.64992063676
3395 2.27361871123 3.03307684054
1636 1.54702692129 1.54702692129
1430 2.15066348086 2.15066348086
3399 0.474590284119 0.474590284119
3398 5.02277562799 5.02277562799
1438 3.19970782979 3.70124802245
4260 3.17462793945 3.56460087751
5233 1.00232532032 1.00649436893
4265 1.22266257753 1.22266257753
4268 4.54434809241 4.54434809241
452 2.36744222208 2.42383220442
1345 1.48552055725 1.57251750881
456 1.22076853829 1.22076853829
1347 4.42578851079 4.42578851079
6921 1.47600309328 1.62491757191
5546 3.35563490277 3.35563490277
5545 0.992063249225 1.04519997819
652 4.22447574035 4.22447574035
650 1.28613995206 1.28664962043
1508 0.0874804035842 0.0874804035842
4461 1.57285664629 1.84352242951
3081 1.26917411596 1.26917411596
659 3.0740295249 3.42303483286
5890 0.125434193855 0.125434193855
5891 0.552017077604 0.552017077604
5892 4.11673737477 4.11673737477
5896 1.80032805761 2.0279573687
5897 2.70273579973 4.22618918405
5898 2.46379923463 4.07469323314
5899 3.34619343369 3.34619343369
948 0.18129799063 0.18129799063
3882 4.17096852802 5.25584756795
3889 2.4927651331 2.86192637337
4916 4.62098297329 4.62098297329
7404 0.0547203335192 0.0547294684465
7407 1.4838109868 1.57230857574
4911 2.74893184055 2.74893184055
4008 5.24341308076 5.24341308076
4004 1.22073280771 1.45381921733
3970 3.25437075081 3.25437075081
3973 1.67452151054 1.70175257831
326 2.1493534545 2.1493534545
3974 4.3253747478 4.3253747478
324 1.28304355986 1.28304355986
328 1.17766646321 1.17767424215
3621 3.98688705481 3.98688705481
3070 2.0887017522 3.52125021125
2332 0.613521574621 0.798456353336
6136 2.66617842287 2.66617842287
6883 1.95297034417 2.63016372915
3713 1.93448081586 1.93448081586
3719 2.09210244259 3.7218046861
4479 1.39301609509 1.39301609509
4470 3.05897545369 3.09957154122
4475 2.61465046281 2.79936009141
4474 0.300767985288 0.300780889824
5763 1.40043965767 1.40043965767
6007 1.4661401972 1.55749058442
6004 4.61717075228 5.26133076791
6000 7.4899623398 7.4899623398
2489 2.7572518769 2.7572518769
2950 4.42241325662 4.42241325662
2484 1.61685910032 1.95681006418
4673 5.50013543342 5.50013543342
4670 2.11035657649 2.11035657649
3252 0.9406879499 0.97476846674
2245 1.38327565322 1.61069735357
2246 1.02984081075 1.02990423223
2247 0.909360411677 0.909360411677
2240 2.39216103712 3.39945369876
5179 5.34520951485 5.34520951485
2242 1.98084768395 2.75277005514
7394 0.00182871688813 0.00182871688813
2466 1.98366637389 2.04714190461
996 3.79756136495 3.79756136495
7391 2.587472359 2.587472359
993 6.74401846118 6.74401846118
992 2.52444046924 2.76838039971
5144 1.56930163974 1.56930163974
2469 3.1767456243 3.85112964669
7535 3.21559735975 3.21559735975
122 2.64569802213 3.18212860086
124 0.697993859499 0.697993859499
3404 1.713202152 1.713202152
126 2.45291043334 2.49682171061
3409 6.3306897361 7.00418230411
3408 4.69719073669 4.69719073669
4875 0.362320997551 0.362320997551
4871 6.73861588317 6.81063025193
7438 5.21821850862 5.21821850862
4878 2.44851521897 2.44851521897
2069 3.58361546747 3.94060751357
7533 1.73827748953 1.73827748953
5424 1.55182873173 1.5520147104
2062 1.30425022315 1.38957641146
6319 4.49793075439 4.49793075439
3413 1.37423030715 1.37436378291
5423 1.16775579558 1.4315923337
7247 0.141332296114 0.141332296114
5099 1.44799768584 1.7983092219
3578 1.56877215979 1.6826272284
3571 1.58992446273 1.66823669703
3573 1.78847322566 1.78847322566
5097 0.00202036831927 0.00202036831927
2665 3.969657179 3.969657179
4492 0.349971807325 0.349971807325
4490 4.39603535153 4.39603535153
2669 1.57541715042 1.84624676219
6823 2.51372635931 3.19457189615
6824 1.34848489447 1.34848489447
2938 2.73355318317 2.73355318317
6829 2.01522768246 2.04160822715
2935 1.99813842917 2.16396100676
5326 0.65811740927 0.65811740927
5327 0.00729464228662 0.00729464228662
5325 5.99454681601 6.049747542
5322 2.31578813226 2.31578813226
5320 1.19653420163 1.19653420163
5321 1.16809463447 1.26929092654
5328 1.25778479911 1.25778479911
1643 1.29707934063 1.29707934063
579 2.59043232624 3.02804318338
573 2.07470878903 2.45056445553
571 4.88904926922 4.88904926922
577 2.104383862 2.104383862
576 5.25212098757 5.25212098757
575 1.9161734604 1.98638736103
3169 2.85445930447 3.55348900236
2803 1.61656126204 1.8742630146
2800 1.91092036569 2.11872181225
3165 1.40156601243 1.90638583457
2806 4.89645075565 5.49473292218
2805 4.13482607225 4.134916198
1421 0.498992720506 0.498992720506
1420 0.997698097769 0.997720915798
7094 2.03003644295 2.69579527161
1422 2.71996517102 2.71996517102
3368 2.41494526428 3.13636230669
1424 3.48168531406 4.12479636176
1426 5.26002348846 5.26058051048
3366 3.69469554994 3.72913324167
2404 4.18474836541 4.18488307992
7098 6.59126995735 6.59126995735
7099 2.07759001796 2.14106825006
732 3.20003778644 3.20003778644
735 3.0038265178 3.00382740022
736 7.07320182155 7.07320182155
4272 3.18490796166 3.18490796166
4271 2.10343911827 3.07031592728
1358 0.418206158727 0.418206158727
4274 1.85931581094 2.59783406172
461 2.31052154284 2.31052327496
5555 1.86379480925 1.86379480925
5554 1.41214718078 1.79069915252
6488 3.27779506086 3.3154845093
5551 0.208574888851 0.208574888851
5550 1.53241023488 1.53241023488
7384 0.593497699791 0.810354757574
6955 1.83779850296 2.07669121536
6484 2.55816087262 3.05791464839
6285 3.72244131297 4.22094176326
6948 3.7905239002 3.7905239002
1518 1.17803935162 1.41525814983
1510 4.16740963215 4.16740963215
1513 1.69584308688 1.82489126761
1512 3.65708755982 4.23519107834
5885 2.04717648999 2.04717648999
5889 2.09493134299 2.09493134299
6559 3.99820664679 3.99820664679
7478 2.69356284884 2.69356284884
3186 1.86250253411 2.167042689
3187 3.29640065846 4.79143974393
3182 1.8279904442 1.8279904442
3188 3.75504884726 3.75504884726
6863 2.6677411007 3.17394967489
1896 1.37382182581 1.66457803844
6631 2.76852765847 3.19309788637
4018 3.0686581687 3.0686581687
6281 4.71946568538 5.13892897417
357 0.57917960371 0.57917960371
351 2.48777770315 2.4893543753
350 5.62023567024 5.62023567024
3985 2.47413385603 2.52807412645
3983 2.47573030734 2.47573030734
4855 1.17660701648 1.44365339128
6126 6.85613196081 6.85613196081
6120 3.70304391243 4.52733761516
4706 2.09131970152 2.09131970152
4705 1.27446351278 1.27446351278
2320 2.59966327565 4.01459973134
4703 1.26958188923 1.26958197914
2329 3.17869067438 3.17869067438
4709 2.0983045091 2.47972338407
288 6.76032810292 6.84975215601
3619 0.564990708596 0.564990708596
5 0.127288326499 0.127288326499
284 2.86974111287 2.86974111287
3760 5.99827914958 6.49698639272
3765 0.910402356986 0.910402356986
262 0.344607274126 0.344607274126
260 5.18243288647 5.18243288647
267 1.99590179775 1.99590179775
2499 1.85740487938 2.10913700536
2498 2.11973902953 2.24588244497
6013 0.422918722731 0.422918722731
1296 1.56824445946 1.56824445946
7253 2.84202215009 2.84202215009
2495 0.599203491839 0.599203491839
2494 2.92367740262 3.26332121175
4644 4.7886023414 4.7886023414
2496 1.99901218102 2.76341356779
2259 2.65695759645 2.78896011029
2254 2.31882436056 2.86157348115
5060 6.45063629731 6.45063629731
2250 2.39135270455 3.00665764113
2477 1.47504090889 1.56594524398
988 3.98390573623 4.31538941359
5151 1.44326548925 1.83997775996
5150 2.46666305558 2.91156211669
986 1.60771511214 1.91421611983
5154 5.51635794683 5.51635794683
5157 1.50649657578 1.68347663384
2478 2.29047430552 2.52392050332
115 10.0258075093 10.0258075093
7313 3.48376207155 3.48376207155
119 4.35157971949 4.35157971949
2785 1.66318582802 1.66318582802
4801 1.07992485077 1.07992485077
2787 3.66636947347 3.66636947347
4803 0.549918685557 0.549918685557
4805 0.730366602525 0.730940706704
4806 1.8913980676 1.89506773025
4807 2.31658272432 2.69672000707
2788 0.952473243339 0.952944568106
2071 1.19326211209 1.19460292933
6306 4.19243750979 4.19243750979
6301 1.70838604149 1.70838604149
6303 3.50406717603 3.64888466362
2074 1.81929373659 1.81929373659
7272 9.02673065407 9.02673065407
7273 5.33573695663 5.33573695663
7275 3.41370670127 3.41370670127
3502 3.262665649 3.28430940209
7279 5.2850919174 5.2850919174
5086 1.48941467609 1.78924576536
5085 2.78470530983 2.78470530983
5084 1.06833693362 1.06833693362
2672 1.91827198476 2.03677092491
2676 1.18549680127 1.29447999361
2679 0.660886823397 0.736208468508
6833 5.50570840704 5.50571978935
2928 2.37268502283 2.78298792584
6830 2.35455457492 2.64117384131
6854 3.0450078798 3.35407594581
2923 2.45531219263 2.45531219263
6838 5.32540195477 5.68227072285
2925 0.0481991341441 0.0481991341441
2926 3.68565706538 3.68565706538
5331 5.68271628793 5.68271628793
5330 5.24186295748 5.24186295748
5335 0.457646694356 0.457646694356
5336 1.84523077821 1.84523077821
2907 2.13939868007 2.13939868007
3215 1.79838350217 1.94762524521
1984 0.481737861183 0.607193996753
1985 0.0374045356539 0.0374045356539
1982 1.5535334205 1.5535334205
3212 1.46906832697 1.65520209049
1638 0.534039556194 0.534039556194
5371 4.62970525652 4.93766200262
3218 6.18009801172 6.18009801172
3219 2.04077373554 2.63157876512
1989 2.51080554632 2.61021017163
569 1.34209890509 1.68609813179
560 2.93926020622 2.93926020622
564 4.47300824724 4.83942265497
566 1.73562392698 1.98849704302
6543 8.88395949617 8.88395949617
3173 0.468108799207 0.468108799207
7081 0.722895718172 0.72368467489
7030 2.1536549097 3.01852749673
7084 7.74931432111 7.74931432111
3376 1.34121133832 1.34121133832
3374 4.54542572231 4.54542572231
5421 0.972262646073 1.56538624295
3372 4.99943764603 6.41595676663
1180 6.05989692906 6.05989692906
1181 3.89140582552 3.89179684414
725 2.51104661042 3.21465822033
723 11.2918267767 11.2918277788
1746 3.24567873657 3.24567873657
1740 0.77157205938 0.77157205938
1742 8.82862847311 8.82862847311
5499 0.168046145667 0.168046145667
1165 1.24401433182 2.68941574205
1166 1.44733120093 1.44733120093
7587 4.51503794977 4.94862397579
7291 5.55403792412 5.55403792412
4247 1.72656987606 1.98919524129
4245 2.42472286772 2.42472286772
1168 1.63584597114 1.63584597114
1169 2.14918383587 2.14918383587
4240 1.62941109719 1.98586639125
5521 1.81660313192 2.04266665951
5523 3.76435292856 3.97257326831
5526 2.07158446894 2.07158446894
7130 2.13763809605 2.49982285584
6941 4.55558184469 4.55558184469
6940 1.37014932875 1.37018824834
7132 1.50912122993 1.50912122993
47 6.85840535476 6.85840535476
7297 1.30302123739 1.30302123739
41 5.21577059966 5.21577059966
1569 2.50375786967 2.7531382299
1365 2.29582264224 3.4272327219
5492 4.42084676409 4.69974786216
1292 1.72193976786 2.07869230396
1561 8.99708922975 8.99708922975
1563 2.58425475608 2.58425475608
1564 3.40275629956 3.40275629956
1565 0.166750397399 0.166750397399
1295 2.90510787313 2.90510787313
1712 1.79397907337 2.33933323938
475 0.0875683210447 0.0875683210447
5250 0.9916204748 1.07295133554
1789 1.60854058935 1.85020194594
4399 4.21891886423 4.46635259809
7460 3.37763868001 3.41542444152
5638 3.23693595935 3.23693595935
6541 2.68515587047 2.68515587047
6540 3.34957176216 3.34957176216
4391 2.28991898941 2.28991898941
4392 3.50735798647 3.81717061256
4395 1.68897254035 2.14230108195
6549 1.36228336202 2.04836418438
5633 11.3236180304 11.3236180304
473 1.58100485195 1.7771934107
3195 0.618173873954 0.618173873954
1862 0.327507584588 0.327507584588
3193 3.52405176241 4.28766569969
7465 2.28281806918 2.50842146126
3190 2.00503988135 2.35099017886
3728 5.80436285201 6.17570611843
3198 2.19389423473 2.24368790144
7466 1.85322701848 1.98222655325
1368 0.811463866945 0.811463866945
3729 1.09428466933 1.09428466933
2.36184857677 3.1185004415