4447 5.16853221193 5.38480737314
4023 1.49003126343 1.63439842236
5988 0.76364276143 0.76364276143
346 1.59529804752 1.74250373771
347 6.0454103159 6.0454103159
7513 1.13438912501 1.43589198107
7512 3.00641159978 3.00641159978
342 3.14481512506 3.39102767224
343 2.36137753628 2.45382618633
3996 1.72325575391 1.72325575391
3995 0.824982752639 1.1096604796
3994 1.36351778887 1.45103289096
348 0.880341414201 1.11719468602
7518 3.31921203873 4.13382992598
6150 1.27093152322 1.54183330734
6154 0.484643062013 0.58615259046
6159 0.582503212773 0.582503212773
6796 2.10182764047 2.9323077866
6797 8.37100882851 8.37100882851
4730 1.28227125804 1.28227125804
4736 1.88082868518 1.88082868518
2319 0.983163429197 0.986020305931
2313 6.01131191644 6.01190804953
2310 2.35639436695 2.35639436695
2311 2.62701264568 2.62701264568
5851 0.633640179526 0.806123405034
299 1.25019663337 1.48943581564
7627 2.47054340352 2.47054340352
291 3.45657223409 3.45657223409
4656 3.47727373812 4.2273696362
274 5.85996994218 5.85996994218
276 2.85072863823 3.74718535899
278 7.47381690397 7.47381690397
4836 1.00563346016 1.12024418176
6584 8.49415862345 8.49415862345
2262 1.19115868291 1.27054527618
6190 4.51899289542 4.51899289542
2266 5.08911830487 5.08911830487
2443 1.72546630453 1.72546630453
6055 0.238395765492 0.238395765492
108 1.58830456884 1.58830456884
109 0.154019012217 0.154019012217
107 4.03197793247 4.03197793247
4813 1.76740540278 1.76750826034
2047 9.72643585901 9.72643585901
2045 0.996283884921 1.04129764384
4817 2.9896940546 2.9896940546
4816 1.94085399121 1.94085399121
2040 2.37972650215 3.07455994972
4819 1.56859620874 1.7969917064
4818 9.99096304946 9.99096304946
1297 1.67314266211 1.91061123314
6378 4.36448686342 4.84522308451
6379 1.48672611335 1.79368889534
6053 0.65709329085 0.65709329085
5828 1.21873046025 1.21873046025
6372 0.910917736957 0.910917736957
6375 1.68235360595 1.68236050382
6377 1.82480233877 2.12395272732
2838 3.81821684904 3.99954080471
5363 3.79841884273 4.34600460442
3519 0.148037634617 0.148325215638
3510 1.42466568107 1.73244657412
3517 1.52138208033 2.19756444135
3516 1.78276518912 2.40578561298
7263 1.15002590308 1.15002590308
3514 5.99566127316 6.1181496375
6201 3.01491716149 3.01498710403
6202 1.51960102071 2.2222792593
2685 1.50744908154 1.67378762856
2687 5.19703337102 5.63308217305
2681 0.843334905992 0.977826744439
2683 1.02869843959 1.26250804482
5406 0.966509864344 0.966509864344
5119 0.234936458773 0.236274969176
6802 2.17982723111 2.17982723111
6800 0.775424767769 1.053715173
5293 8.27465467797 8.27465467797
5404 1.00385341313 1.23301136499
91 8.14334525583 8.14334525583
93 0.429990985828 0.429990985828
95 2.11365508439 2.11365508439
97 2.07791743783 2.07791743783
5402 7.07302868859 7.2277755112
5182 4.27089551668 4.27089551668
1622 1.30596576245 1.60039861678
1992 1.57470076436 1.57470076436
1627 1.79081569135 1.86512414748
3993 2.22598941044 3.10401590753
1629 3.05203303225 3.05203303225
1628 3.15311866191 3.44241312631
3209 0.479913280991 0.479913280991
2860 0.186040694004 0.186040694004
2861 5.17046962696 5.38109063006
2863 6.71443595823 7.35298344029
2867 1.26287470125 1.63367576963
555 1.74247458973 2.01860204399
554 3.17354248587 3.17354248587
551 0.551970570543 0.551970570543
550 1.14595115733 1.51706886087
553 0.26286795105 0.26286795105
552 2.9409184195 3.12793661306
7142 2.27753360099 2.76808891613
1199 6.13848744807 6.18706412111
5459 0.981423100038 0.981423100038
7079 2.38682687103 2.38682903707
7074 0.642958960262 0.642958960262
5451 2.50469285348 2.50469285348
1193 2.77522706761 2.77613012913
3341 3.65589673927 4.1935127546
5454 3.0649138364 3.72044610588
3347 2.12560595854 2.20760198813
1197 4.61554836095 4.61554836095
3345 5.12047130689 5.15009312283
1754 4.04274113284 4.59651658798
1752 0.384000228232 0.384000228232
6976 3.16575860929 3.16575860929
6975 0.775597623992 0.921248524489
6971 2.19696352098 2.39324808934
4253 2.53463258079 3.3665358879
4252 2.07672379874 2.27398146188
5531 0.451226442685 0.451226442685
5538 0.0872528696307 0.0872528696307
1285 1.34179090745 1.6731930539
1284 3.21719782056 3.3703212147
1287 4.58331377666 4.7852386893
1280 4.57289410698 4.57289410698
1283 9.52378087586 9.52378087586
1289 1.00819239062 1.01011406718
7188 5.10344932012 5.48915759909
1579 3.27752040602 3.70275494656
689 3.41085693406 3.99759864332
684 2.14705173548 3.57393547829
687 2.25411298588 2.45795787465
7183 1.08484107111 1.08484107111
681 2.1182618491 2.1182618491
683 2.31774146021 3.40481813649
7187 0.167395283756 0.167395283756
458 2.53988177496 2.53988177496
6006 1.99418707955 2.38826378681
1222 8.63556088055 8.63556088055
4388 1.95450129076 3.05700442899
6576 1.64995800881 1.64995800881
625 2.47199222305 2.6089837297
6574 1.49651402189 1.80645255428
5627 0.950093779568 0.950093779568
4382 2.28851605409 2.89730850572
7459 0.67173045847 0.830803148227
1371 2.24733245247 2.24733245247
406 0.86765305221 0.867654067081
405 1.65136062834 2.20855220765
1374 1.5888643521 1.79919311797
3834 2.9810804074 2.9810804074
628 8.34212452906 8.34212452906
3831 0.513834264011 0.674637511911
3832 3.3788995278 4.51082751714
3838 3.73073780938 3.73075581642
6794 7.63204853864 7.63204853864
4844 1.08993207291 1.08993207291
5990 1.95165380107 1.95165380107
5992 6.466016915 6.50147853085
379 5.04955885472 5.04955885472
7527 2.72669989345 2.72669989345
7525 3.00528212754 3.22249854445
370 4.81532661524 5.47937469393
373 0.492727589774 0.49273282513
2038 3.16898230794 3.16898230794
374 5.54035264327 5.54035264327
376 3.55830363356 3.55830363356
6530 0.657197016236 0.803424810271
393 1.74360458272 1.74360458272
391 1.13470104836 1.65074496189
394 1.27129736474 1.27129736474
6148 2.47631183963 3.187199248
2309 5.51745907128 5.51745907128
6780 3.86946482962 4.61149998077
6782 1.21640399799 1.21640399799
4728 1.34559151783 1.34559151783
6787 1.73747099347 1.73747099347
2301 3.94357416682 3.94357416682
4724 3.36952799405 3.36952799405
4727 0.828926249218 0.828926249218
2307 6.44921927496 6.44921927496
5846 0.694863937132 0.838099774618
6538 3.30891156061 3.90498875515
5849 3.08624502476 3.60359182536
3748 2.5568047928 2.56014053277
3203 1.50419852016 1.88674897728
3745 1.15862810166 1.15862810166
3743 0.262576170594 0.263903383355
247 0.751302737316 0.751302737316
4623 2.33707558298 2.53408933153
4624 3.17906657209 3.33198708731
243 1.16274943279 1.16274943279
4629 2.45446255294 4.02115720838
2272 1.0786988244 1.08006492579
2278 2.74733274351 3.20697005479
2459 0.501821628656 0.501821628656
2454 1.28817470538 1.28817470538
2451 3.23694890557 3.23694890557
2450 2.46881073701 2.79453981158
172 0.118208526276 0.120469563966
171 2.22383088153 2.69170292123
2050 2.71340873711 2.75747368754
4538 0.729741805833 0.846536445082
4828 0.937301041491 1.16153104107
2059 3.96616291983 3.99344872018
2058 0.104920319475 0.106706104079
3692 1.55779984893 1.55779984893
3693 1.43218351717 1.43218351717
4530 2.70619460585 2.70619460585
3695 2.16308877993 2.16308877993
3696 2.13980272252 2.13980272252
4821 1.248172545 1.48611131764
6369 2.33213695117 2.3711410878
4983 2.50664547354 3.34478264964
7337 3.00007970131 3.00007970131
1504 3.11639402005 3.11639402005
3522 3.47727766348 4.88576664666
3523 2.20106125014 2.69740282793
7043 1.16600209197 1.48366701653
7218 3.14415590009 3.14415590009
7215 1.33157167207 1.41440835446
1601 4.93198639742 4.93198639742
6215 0.679176667733 0.680766683246
6386 3.43635672644 3.49202869963
2699 1.13739303029 1.13739303029
4651 0.492915986864 0.566375928244
2693 1.3073547785 1.38395229869
2690 0.381800502425 0.508011696298
6819 2.09443203989 2.09443203989
1605 0.123531091364 0.125108217665
6814 0.25416922421 0.25416922421
6817 5.87974048391 5.87974048391
6816 1.2630104169 1.2630104169
7326 3.08938394188 3.6843556202
3231 2.17356128743 2.50791378056
3236 4.06971656098 4.06971656098
1969 7.33391784296 7.33391784296
3235 3.99892574439 4.16886838948
1965 3.91851964817 4.29175978126
1966 1.02973949127 1.64735047405
3239 2.62112547229 2.62112547229
5191 5.31258969214 5.48336504702
1962 1.39354662583 1.42542709199
2877 4.59359127916 4.59359127916
3355 1.52609725778 1.52609725778
3351 2.08376209412 2.32778660133
3353 0.00139809161883 0.00139809161883
3352 1.12623409971 1.21113766571
7063 0.553877372257 0.581024425786
5446 1.81607270925 2.26726225786
7060 2.2970828676 2.51040722864
1764 9.08405532438 9.08405532438
1788 0.483482232142 0.483482232142
1145 1.55251874996 1.73281716226
6968 1.40941327081 1.41370534096
1148 6.13653058328 6.20441236772
5509 0.222929433462 0.222929433462
5506 1.51740963532 1.51752756669
5507 2.42579047662 3.04468386031
5500 0.588916087657 0.588916087657
692 1.74666481111 1.74666481111
1547 2.00710463818 2.13676973884
1544 2.84934736533 2.96683626077
1545 2.02979726483 2.44084810086
1548 5.1991147934 5.1991147934
7199 2.08750163356 2.08750163356
546 3.12360522774 3.12360522774
544 1.29180667726 1.53494578868
545 1.15302575689 1.26290108584
549 2.20819003092 2.52813318496
7194 5.10069794718 5.10069794718
6886 1.65205417204 1.65205417204
7564 1.47869743391 1.59975648588
764 3.12833702195 4.35257874623
6406 2.43385351863 3.25269874756
5618 2.15403395721 2.15403395721
7442 1.94536171963 2.52102659167
6568 3.30816320376 3.30816320376
5477 2.00516563045 2.08754921476
5612 0.0427765231058 0.0427765231058
5613 0.867244807315 0.867244807315
6405 5.65968604842 5.65968604842
5617 7.39769722744 7.39769722744
6562 1.47527785199 1.70134622542
7398 2.74602550702 2.74602550702
5475 1.88669687346 1.88669687346
410 1.8279234388 2.32552046885
1389 2.28846177852 3.05269359759
412 0.655185881065 0.655185881065
1384 3.13064426992 3.88714886222
1387 3.28125760104 3.97645913445
419 0.92020868041 1.07057776177
5003 2.43177990511 2.72589248135
3823 6.77602926331 6.77602926331
3821 3.09763097937 3.09763097937
7114 2.91714291341 2.91714291341
3828 4.17908416838 4.17908416838
5000 0.869774359299 0.869774359299
7482 4.15816810392 4.15816810392
4282 1.98942221669 2.25286014099
4280 0.718568768127 0.871023926619
4286 2.25490935004 2.25490935004
7538 3.49845684839 3.49845684839
369 1.28445380228 1.67689557411
366 1.71393510241 1.71393510241
7534 1.62863580913 1.62863580913
364 0.0527591840913 0.0527591840913
365 2.37469545814 2.90639649671
362 1.06503068617 1.06503130636
5009 4.00216607405 4.58861397134
360 1.21695104842 1.21695104842
7532 0.643206045065 0.643206045065
380 1.48080480692 1.72229600013
381 1.7193316649 1.80024101137
383 1.80348598903 2.30283932226
384 2.61499141276 3.68356047652
6178 1.3605942258 1.3605942258
389 0.583591096634 0.583627505494
5271 0.316937686459 0.316937686459
6778 3.02699710497 3.89055095922
6779 0.655163297208 0.657519654256
1369 2.63793206436 2.96391209428
6774 3.0731305346 3.1081808032
6775 0.612754842506 0.730622288453
6770 7.45806303381 7.45806303381
6772 0.838666272548 0.838666272548
4757 1.49445629312 1.49445629312
5870 1.64110957 1.64118171393
5876 4.42807964728 4.68593964571
5374 0.75501074246 0.75501074246
5879 0.324351159613 0.324351159613
3758 1.50688255247 1.67662083431
3750 1.4029746781 1.4029746781
3753 0.176141735426 0.176141735426
3755 3.48861101562 4.02581660504
2192 1.48796621985 2.10846326514
259 6.16453901282 6.16453901282
4637 4.39633477486 4.39633477486
2195 1.90677335384 2.49190991146
2196 0.0384180052125 0.0384180052125
2197 1.76079038943 1.93676565757
4638 2.09445987713 2.46391087228
256 1.90213980087 1.90218357032
2200 7.22220752472 7.22220752472
2201 0.730565728855 0.730565728855
2202 0.923120291171 1.00654157947
2204 1.52852204071 1.79105159183
2205 2.80179403846 2.80179403846
2209 2.38459835568 2.91983626805
6689 5.92521439788 5.92521439788
6680 5.01589805679 5.01589805679
2428 3.9851194253 4.01348709052
4812 1.05769624712 1.05789685615
2422 1.68537157185 2.20326640585
2426 3.33786081162 3.33786081162
4810 2.15162605915 2.15162605915
169 2.86010915643 2.86010915643
164 2.08683932055 2.14363788776
160 1.80935069611 1.80935069611
161 2.46337771466 2.98795319295
162 3.1405395484 3.1405395484
3689 0.000852084477502 0.000852084477502
3683 0.884894086365 0.884894086365
4526 2.26725623095 2.26725623095
4525 5.98937352597 6.24434870984
4524 1.22189598185 1.38039118288
4523 2.37840088336 2.78645271151
3685 2.99520400408 3.0653436449
3684 5.1234455199 5.1234455199
6194 5.34663934547 6.02666906571
6981 1.73631640549 1.73631640549
2518 1.52286011533 1.52286011533
1842 2.26942009032 2.26942009032
2514 2.24483076132 2.24483076132
2516 3.45904991745 4.17843564991
6198 5.47841998797 5.49805303579
908 3.8501381269 3.8501381269
6740 2.27146699869 2.282756484
2730 0.0764579218689 0.0764579218689
2733 3.19616011393 3.19616011393
4426 1.05832804167 1.1584665628
5294 2.07786222296 2.40029495442
5295 2.05679263072 2.97206645263
2738 2.76064540672 2.86711995892
2739 1.17268116986 1.46738976055
5291 2.99330722598 3.68967299281
1817 0.272180198631 0.272180198631
1811 1.80162227457 1.80162227457
7203 1.41712050032 1.5090625591
6227 4.12010426179 4.12010426179
6228 3.19338062108 3.19338062108
671 0.226810260105 0.226810260105
6993 0.947901459717 0.947932065107
1609 1.23845047663 1.61025237549
7336 2.01287626415 2.01287626415
7335 2.61496826065 2.61496826065
7334 4.62179886226 4.91599598264
3225 1.95118242682 2.689497136
3224 3.49799876588 3.49810623928
3227 3.52128063477 3.52128063477
1602 1.83477014569 2.32780870625
1973 3.85741672551 3.85741672551
1972 1.31145607736 1.31145607736
7339 2.99104116976 3.31564003358
809 2.09834366591 2.42634060162
801 2.96753765303 3.30137438581
807 1.77421097359 2.07771354725
806 2.52850448241 2.90346936173
2849 6.45917874212 6.45917874212
2846 2.5905402566 2.5905402566
2843 1.06595103129 1.06595103129
3321 1.37306480091 1.5764235051
3323 1.96324006212 1.96324006212
3328 2.26602227274 2.26602227274
5478 0.576005538878 0.806079476401
5479 2.00813955225 2.00813955225
5274 0.0865185202895 0.0865185202895
7058 1.09716628118 1.09716628118
1776 0.990920518712 1.34662370832
1770 2.99773013529 2.99783122045
5272 3.39551724238 3.64011313534
323 5.09432198564 5.53858655212
7052 3.27955771057 5.28109254686
1778 0.591396470565 0.591396470565
7055 0.815824642363 0.815824642363
1154 3.86126797606 4.12938036922
1152 0.481433290056 0.481433290056
5519 1.85808731926 1.85808731926
5518 1.61227395368 1.6863506926
5513 2.71407119181 2.71407119181
5512 1.40451323593 1.75958102903
5515 1.42148859656 1.75253510319
5517 1.96127598927 2.12463652761
1551 9.20833513194 9.20833513194
2999 3.99308118156 3.99308118156
59 1.31987921619 1.31991289128
58 5.53703436825 5.62440999531
55 0.994337968247 1.01469218783
2991 1.31798074202 1.31798074202
57 2.17580174729 2.17580174729
2993 3.46442920292 3.46442920292
52 0.981265933041 0.981265933041
535 1.30554168286 1.38849463534
532 1.59084879592 1.61135664357
531 3.06773222735 3.67649206738
7342 6.4992351461 6.96463276167
538 0.704929569525 0.834579986678
5600 0.217633196734 0.217633196734
5609 4.43230571508 4.43230571508
5608 2.73612197328 3.3062394945
5134 1.17137460372 1.26125294452
1902 1.612054553 1.83480771005
6517 2.76241342206 2.76241472761
428 1.16026898665 1.16026898665
421 4.07665074662 4.07665074662
420 2.98954099735 3.30812317272
3293 0.145754919554 0.145754919554
1393 2.53174895752 2.53174895752
1391 0.790794231742 1.19228564586
3810 1.82166027337 1.89202781578
3816 1.6867156074 1.6867156074
3814 0.51487649788 0.51487649788
3457 4.5041124051 4.5041124051
6420 0.434138410118 0.434138410118
4298 6.11872850243 6.11872850243
4294 2.0237777337 2.0237777337
4297 1.67924323945 1.67924323945
853 6.61793040568 6.66131650186
6428 1.18925912128 1.18925912128
6429 2.78634946669 2.78634946669
6412 0.212198968531 0.212198968531
7543 0.732154370178 0.732154370178
7547 5.27028946125 5.41347854607
6168 1.98693136644 2.1255710305
6160 3.84082004394 3.84082004394
6162 0.0636969517409 0.0636969517409
4749 1.52896747713 1.55562898464
4748 3.50281861966 3.99579877425
6767 2.30270420078 2.30270420078
6766 2.50170711686 2.84059733693
4740 3.81648512017 3.93471668125
4747 1.79821974139 1.79821974139
4744 1.00350961517 1.27708434714
5868 1.6995940809 1.6995940809
5865 2.61519092148 2.73508099203
4715 2.63280260543 2.63280260543
2183 2.48375094988 2.93929374985
7059 0.258888508559 0.258888508559
2181 0.62385918267 0.62385918267
2186 0.857052683794 0.857052683794
4606 5.22454290357 5.80683507012
2189 1.99897128544 1.99897128544
224 3.9973733015 4.00563836054
223 5.93039093427 5.93039093427
222 1.96375769211 2.49546196816
221 0.778899113938 0.778899113938
2212 1.80053446887 1.8747564939
2211 0.851784543749 1.13233608516
2210 1.45875704356 1.6109603265
2217 3.14709809367 3.14709809367
2216 2.25455080546 3.8693079527
2214 5.24241791833 5.24241791833
6699 0.724578951091 0.724578951091
7293 1.01722139333 1.10840043763
6697 1.113933033 1.30860628207
6696 1.12471620224 1.24101384843
6694 0.92024586236 0.92024586236
151 0.805135363197 0.805135363197
155 1.46280924173 1.46280924173
156 3.32223526957 5.01504081087
2433 0.947451801844 0.947451801844
2431 3.10680847519 3.2499687582
2430 2.20163393506 2.20163393506
2437 4.3002435142 4.38855171035
2434 2.01566243815 2.20238449897
6340 3.46910513853 3.46910513853
6343 1.95790814089 2.30481112507
6344 4.34008812698 4.34018740909
6346 1.2445754475 1.2445754475
6349 0.91981216288 0.919874337612
4510 1.54911074543 2.15197157049
6809 2.29763730834 2.29763730834
4514 1.00411994226 1.14021611006
4515 3.53278572047 3.53278572047
6186 1.78140790956 1.78140790956
6183 1.4642151601 1.62557614916
6182 2.58886924971 2.58886924971
2508 3.82833879006 3.94068721047
2507 2.14247927373 2.90893016925
2506 2.82476323406 2.87049534699
2505 3.33326592925 3.37935706817
2503 1.27155788581 1.27155788581
5289 2.25179236413 2.25179236413
5288 1.67714124104 1.67714124104
2721 1.85950424567 2.41283021879
5280 2.51757097887 2.86449518553
5282 1.24356344764 1.24356344764
5287 3.08855863954 3.08855863954
7234 0.510317167066 0.596106713357
7235 6.39958896656 6.39958896656
7233 1.1390969477 1.1390969477
5047 4.20626297492 4.20626297492
5046 2.97737786671 2.97737786671
5045 9.53113244303 9.53113244303
1807 2.3521971533 2.38728618121
3783 1.56539169837 1.56539169837
1804 2.49540939224 3.46748077822
1802 2.0202677425 2.43599306539
3789 1.99926072363 1.99926072363
1809 5.55362449091 6.08699699388
1808 0.930981231494 0.930981231494
4994 2.07698151054 2.07698151054
6239 1.0201355312 1.0201355312
4993 2.21075758337 2.55538068244
4991 3.27311419405 3.27311419405
6234 2.42329975899 2.42329975899
6237 0.18326421683 0.18330191541
4999 0.0740304960638 0.0740304960638
1948 0.614613562378 0.614613562378
7301 2.3818640624 2.3818640624
7307 6.51664006644 6.51664006644
7304 4.56711066415 4.89446993811
7305 0.035086623962 0.035086623962
1943 1.01465836388 1.01465836388
1940 1.84532654428 1.84822035479
1941 1.52616632433 1.8179447624
1946 1.01243978096 1.11499918284
810 2.198315734 2.81749962897
1252 3.31851081518 3.31851081518
812 0.999811439338 0.999811439338
814 0.899526509224 0.899526509224
817 3.61784665328 4.18878274173
2859 0.746173257369 0.746173257369
5183 1.54892559108 2.23962043751
2850 3.31249395033 3.83125794763
2852 1.99941164104 2.28117121664
2855 1.42318072661 1.42318072661
2857 6.39123892423 6.43386460911
2856 2.43975695131 2.43975695131
7045 6.38266196209 6.38266196209
1491 2.87250097646 2.87276735762
5463 2.9589869283 2.9589869283
5462 2.51720595605 2.62414176702
1494 2.73643403591 2.73643403591
3336 2.31559488204 2.98200013299
1496 2.25213332869 2.31303761148
7042 3.30767905981 3.30767905981
1499 4.89627087639 4.91072705878
1702 0.746643252876 0.746643252876
7328 2.93852377858 3.68832282499
1705 1.3931227803 1.3931227803
427 1.8448826752 1.84488415177
4574 4.84134357003 4.84134357003
1129 2.49441586139 2.53055111237
1123 0.72931195018 0.72931195018
6983 4.03966784639 4.25754949591
6982 1.23277805058 1.23277805058
1126 0.15475968158 0.15475968158
6980 2.98772900637 3.07879985415
2982 2.61396050682 2.61396050682
2981 2.16715906614 2.96707783427
2987 0.21981585005 0.21981585005
3022 4.20409384634 4.20409384634
2985 1.91253852733 1.91253852733
524 1.47651693435 1.47651693435
520 1.78892056215 1.84484614218
521 5.49848480255 5.49848480255
523 2.51013231266 2.7997274756
1012 0.792459555167 0.792459555167
1013 0.502524092687 0.502524092687
1234 2.07631172172 2.55920962317
1235 5.86440147409 5.87904951812
1237 0.904583323525 0.904583323525
1230 8.76177484132 8.76177484132
1231 0.265844777869 0.265844777869
304 2.30504355636 2.63149344512
4195 0.0949952373747 0.11029472815
4192 0.990839863049 1.10270360537
1239 1.77525906949 2.02459928706
5674 2.01101053354 2.6074061022
4355 5.25729884965 5.25729884965
4357 0.37536852358 0.37536852358
4353 2.98905573646 2.98905573646
6507 0.862767222524 0.862767222524
4900 0.257516155024 0.257516155024
437 3.96374342674 3.96374342674
435 0.185802881863 0.185802881863
433 1.8971604015 2.1497006958
431 4.78093676571 5.19284726386
7158 1.13652728045 1.13652728045
3808 6.38149085605 6.38149085605
3802 1.17702668949 1.25680137067
6437 0.517814986249 0.517814986249
6435 1.65771839639 1.65771839639
6432 3.68166114928 3.68166114928
6431 10.4587175243 10.4587612337
5707 1.24240509044 1.61548156982
5700 2.6196035959 3.03880261743
5702 8.09228113474 8.09228113474
6438 0.82328498236 1.0078982514
2868 3.70560793384 4.41622857079
2869 3.5316299474 3.5316299474
7553 1.08033150174 1.43043515048
7551 2.26089845277 2.26089845277
7550 1.63975059951 1.63975059951
7557 1.92341688895 1.92341688895
7578 0.49698485457 0.501772657681
4774 3.18232639348 3.37051801344
4770 6.30222712544 6.30222712544
4778 3.06057628356 3.06057628356
6421 0.1105654132 0.11056708154
4175 0.332213501305 0.334076983218
4172 2.1535847575 2.21665159026
6752 0.148750222066 0.148750222066
6756 2.71834784389 3.77571382427
4179 3.09017224929 4.95969657133
6755 3.49554792344 3.49554792344
7171 5.06177460132 5.47115046725
5815 1.61058886148 1.61058886148
5816 1.67910192137 1.82811473328
4296 1.90914750294 2.38680948126
7173 4.39896824078 4.59274553888
5064 0.660197439967 0.660197439967
4619 0.616861476125 0.859766415957
234 3.36914483236 3.91631138723
4610 0.376388276737 0.376388276737
236 3.11749811758 3.11749811758
4615 1.13309587035 1.13309587035
231 3.36091542242 3.36091542242
4617 1.90639016656 1.90639016656
233 4.83005725529 4.83005725529
7392 3.14923802593 3.14923802593
2223 0.378092038306 0.378092038306
5924 3.0537077221 3.0537077221
5925 1.51608695132 1.96152867911
4881 0.398499315514 0.398499315514
146 0.593940512463 0.593940512463
5356 0.130248167894 0.130248167894
5143 0.226060448225 0.226060448225
4501 1.24289974185 1.24290704102
4503 1.01005791226 1.01005791226
4502 0.489259167484 0.489259167484
4508 2.1830618552 2.1830618552
2089 1.36473740791 1.36473740791
2080 2.47609958599 2.61269432908
3403 2.5868347083 2.5868347083
2538 2.71330449056 2.84913716301
2539 0.238942043708 0.239064440276
2530 2.1487757028 2.49487724578
2537 0.553412859474 0.553456710018
2713 0.972861907342 1.39469952958
5453 9.30459914267 9.30459914267
2716 2.6720511386 3.29726836207
2714 2.12182476016 2.20574365849
2715 4.00287984261 5.99783934215
5078 1.59197303935 1.97921507893
7222 1.41184366501 1.55848926534
5456 2.18396488921 2.25184512501
7227 1.98340738285 1.98340738285
7226 2.62371256066 3.38654727995
5072 1.59733137469 1.59733137469
5457 1.57324051837 1.57324051837
5076 0.343984497738 0.343984497738
5077 1.92928892263 2.09819702142
1832 3.29297519355 3.33201932134
1833 1.05363712113 1.05375708085
1830 2.96809228041 3.00529979924
1831 3.09128059458 4.13975914116
1836 0.129521656772 0.129521656772
1837 3.51227194374 3.82130895096
1838 1.2365092905 1.2365092905
1839 1.2077726539 1.43983296716
2155 1.63872645242 1.84253202066
2156 2.84466893409 2.84466893409
2157 2.91189036249 2.91189036249
2402 7.9359954807 7.9359954807
2151 1.89282624574 2.0792655238
6240 0.866985346026 1.03757613239
4988 2.1415817009 2.14269348631
7446 0.356263327958 0.356263327958
2158 5.4917996898 5.6687575125
936 0.0391190691585 0.0391190691585
6246 0.875491848845 0.875491848845
2409 1.15783335604 1.61881556518
5381 4.6680703623 4.6680703623
5382 1.2296034679 1.5780514996
5383 2.47808696086 2.47808696086
5386 4.05788967701 4.05788967701
5387 0.0616415294169 0.0648310604073
5388 0.396108397994 0.396108397994
1691 4.52231885811 5.32545596813
1955 0.86169438884 0.861694394858
1957 1.9560544006 2.20563713863
1956 5.29620642975 5.29620642975
1959 3.1636747575 3.5895074453
3243 6.15204325127 6.15326139461
3242 5.51993903512 7.2650991231
3247 0.885144018488 0.886765883333
7310 1.65652228521 1.94595481165
3245 0.814933991531 1.08110064413
3244 3.90277488309 4.01259670221
826 0.498394804715 0.498394804715
821 1.51224123859 1.66076367708
820 0.978801639236 1.03499652547
1483 0.720760570918 0.720760570918
1482 1.49386577174 2.1083347313
1480 1.44458246273 1.538356286
1487 1.8248345881 1.91266719305
1486 2.29698533046 2.29698533046
1485 2.02734929369 2.21303204435
7037 1.55905710772 1.55905710772
5496 1.75448152511 2.03592241615
3300 0.850958424193 1.27033764931
5493 2.00111039341 2.35608245889
796 1.23135109431 1.23135109431
795 1.57040275231 1.57040275231
5251 2.92028652788 3.58060222093
5256 1.0021018007 1.23692689735
5257 1.80763390142 1.80763390142
5254 3.7330340054 4.68306565487
1719 0.574145558742 0.574145558742
1718 1.39490442369 1.88950072779
613 0.374731321841 0.374731321841
2414 1.9934278587 1.9934278587
1139 1.80395201118 1.80395201118
1273 5.95337609461 6.11435797681
1995 1.00992911249 1.38221309826
1275 0.116653829586 0.116653829586
5940 1.83234841626 1.83234841626
3011 1.80835344599 2.11118953889
3016 3.04842440504 3.04842440504
7141 2.91506738004 2.91506738004
3014 1.31936534282 1.31936534282
7143 0.690329173206 0.690329173206
926 3.14353286725 3.14353286725
1007 0.501415829895 0.566381639874
1005 2.32873810639 2.61208593777
512 6.81794710802 6.81794710802
515 1.1123327487 1.27250367724
517 1.97777415889 2.61100176014
516 0.314336246566 0.314359578908
1226 1.49541876685 1.51557867741
621 0.638974693836 0.638974693836
1223 0.62948311182 0.62948311182
626 5.24439145487 5.47280383869
1221 3.15121280862 3.15121280862
4182 0.0403157274968 0.0403157274968
4184 2.83252521798 2.83252521798
4186 1.60571767518 1.60571767518
5662 1.64403197668 1.97517460932
6533 1.34731932399 1.75332596409
4349 1.02559076604 1.04681780303
7562 5.41097044937 6.22234375538
5669 0.506914213741 0.553651221492
4341 0.995680439742 1.19608731036
2883 5.61169963282 5.61172825444
7498 1.41391584195 1.4855519518
2887 2.99636857654 2.99636857654
2884 0.711645265294 0.711645265294
7493 3.15875735249 3.79109909258
7490 4.86808992439 4.86808992439
7491 2.50530328242 2.55008769678
7497 2.37560921031 2.37560921031
7494 2.02836982282 2.09269151127
3878 4.45003917322 5.6102985551
3879 2.04532685507 2.07408420829
3874 2.19451725799 2.24155119885
3876 6.42143269549 6.42143269549
6403 1.52143634959 1.52143634959
6400 3.4010680815 4.05770724392
15 1.84342732723 2.19319628961
14 2.29427471757 2.29427471757
6404 3.29687886881 3.29688936979
1921 2.45125073392 3.24490617647
19 2.36009069078 2.36054821857
7568 1.59135796934 1.8170829794
7561 0.148187756802 0.148703608312
7374 1.76636696926 1.76636696926
3907 0.468913486235 0.468913486235
3902 4.43439299779 4.43439299779
4761 3.04528774525 3.37983677123
4760 1.66871943566 1.93185191668
4763 0.231319588783 0.231319588783
4764 5.46060108398 5.46060108398
6748 1.92261456784 2.81196555199
4167 7.00717653887 7.00717653887
4162 1.39072051814 1.47712689406
4161 1.49513939549 1.89076357834
205 2.51706845909 2.73615819659
204 2.3196752926 2.75649115374
209 3.8202983702 3.8202983702
830 3.00348594746 3.00348594746
7181 0.340170646361 0.340475919419
2233 5.00633041476 5.00633041476
2232 1.19093395352 1.19093395352
5937 8.43850151474 8.43902945604
5936 0.728263363035 0.841518240802
5934 4.64134024685 4.97261170023
5933 3.67841683178 4.22722597463
5932 1.49986756943 2.05650318344
5931 1.86341702903 2.19217003749
5938 3.57492653558 3.57492653558
7140 1.7458655571 1.7458655571
3499 1.25192127179 1.45849859705
3495 2.27697722276 2.27697722276
3491 0.500576916457 0.500576916457
4570 2.47791484226 3.10989457618
4572 5.82343361049 6.01897316315
2096 2.86246301098 3.3963491411
2091 2.53482355213 2.58676768799
5096 7.91967641958 7.91967641958
4576 0.982232827283 0.982232827283
2092 2.19995530871 2.53755630443
3657 4.76354632297 6.17616595293
4604 4.76085111874 4.76085111874
2525 0.587923828006 0.587923828006
2524 0.671120681262 0.671120681262
2527 9.00092969323 9.00105446597
4602 2.95540705189 3.56756083217
6902 3.70388457892 5.08975382338
5065 0.852847374392 0.955178723281
4889 2.57445306256 2.57445306256
5067 1.43081627028 1.67280347151
5066 0.928648333077 1.06159652471
5061 0.180542003236 0.180542003236
2708 1.13163196916 1.13163196916
7262 1.81067773068 2.20141929154
5062 0.616774457446 0.616774457446
2704 1.28131476253 1.28135200216
5069 3.45323706867 3.79770352292
4885 0.626062616424 0.626062616424
2702 0.830757181029 0.830757181029
4193 1.72440169262 1.93415490045
1828 0.756464930132 0.756464930132
1825 1.4481453009 1.4481453009
7453 2.23182031275 2.91148160275
928 1.57285649093 1.6317022586
2146 3.64942927603 3.76862006909
7072 3.17335399266 3.17335399266
2142 2.30378847463 2.53873913235
2140 1.14131257047 1.14131257047
921 1.527946113 1.527946113
4498 1.39537820297 1.47643344484
924 1.95233168054 2.07913183144
4971 0.0614624497851 0.0614624497851
2149 3.26588569051 3.26588569051
5745 1.07894709644 1.08672660234
5392 0.00621493578534 0.00621493578534
5395 3.85594339967 3.85594339967
3276 1.02725874876 1.02725874876
3277 1.30695265731 1.30695265731
1924 0.688291672881 0.688368492649
1926 0.619785170172 0.619785170172
5749 1.50225538533 1.50251059594
3278 1.52638797594 1.66427372937
7369 1.52366942434 1.52366942434
3476 0.810799065408 0.810799065408
831 3.41647130293 3.41647130293
837 1.08447611845 1.08447611845
7361 2.46336885958 2.51840342061
3478 1.58106449451 1.7885286406
5586 3.47601755039 3.47601755039
3332 0.166486640871 0.166486640871
3318 0.0835558648012 0.0835558648012
6571 6.09843081028 6.19002612575
5488 0.899207356437 1.09263104292
5484 2.15381603205 2.64235474726
5483 0.998692371652 0.998692371652
5482 1.90729443355 2.23622319501
5481 1.83368229959 2.10631070374
5480 5.18127881624 5.18127881624
785 0.672298288794 0.672298288794
786 2.92540258312 2.92540258312
7450 2.42504214461 2.42504214461
1728 3.2676669645 3.2676669645
783 0.474407362083 0.474407362083
6591 3.49253027277 3.49253027277
1727 1.56365126031 1.56365126031
5246 1.57374678846 1.65242649153
1722 1.74843279898 2.63841099477
789 5.41038070114 5.41038070114
1720 4.31529801834 4.31529801834
5242 2.00129547407 2.00129547407
7594 1.19403912341 1.19403912341
61 3.49717052079 3.5816962666
3006 1.4804941879 1.4804941879
3000 2.12203169116 2.45146067896
66 1.87752534793 1.87752534793
68 1.92034723317 2.14030662636
69 1.18683814224 1.98046345931
3008 1.04021740224 1.04021740224
7159 1.09077780311 1.41524887862
1370 4.97874986091 4.97874986091
7153 0.794014835494 0.794014835494
7152 2.17115312242 2.17115312242
1584 0.48547714863 0.48547714863
1585 1.03124957866 1.31823479051
6826 0.988223792116 1.08372276409
509 3.81905568635 4.08567460877
1032 1.63140988369 1.63140988369
505 1.3526324287 1.3526324287
502 4.11676177444 4.4333587286
1037 1.89334179882 1.89334179882
1212 0.76008106884 0.76008106884
1210 2.98283310726 3.00625073883
633 2.05008103145 2.05008103145
1216 1.52684427473 1.74675130428
635 1.96375782734 1.96375782734
638 3.66938724314 3.66938724314
1218 1.12396700462 1.12396700462
1219 2.14766142672 2.87156088356
6521 2.04115070506 2.4067598605
7484 2.47031161902 2.88204636293
7487 3.82353591858 3.82353591858
4379 2.55936505224 2.55936505224
7483 1.19300332623 1.1930271026
5659 2.05283937308 2.83602721433
5655 1.06920000578 1.0692285631
5652 0.874397618114 0.874397618114
4377 5.41708232642 5.41710426429
2899 3.48605666323 5.27581578447
2895 0.566293744411 0.763797819716
2891 9.15965630997 9.15965630997
2890 3.48402738322 3.79200882837
1106 1.71901292677 2.28120010278
1455 4.73754878864 5.30413745706
1102 3.49953068112 4.9479339324
1103 1.37196147035 1.37196147035
1453 0.686569377828 0.776659035357
1458 2.03116566617 2.64404919158
1899 2.76304153496 4.07219973616
4082 1.39751354651 2.25406961333
3868 1.6837130366 2.00093421711
4088 3.57539526485 3.57539526485
5241 1.49482091362 1.49482091362
3738 1.30859544095 1.40169205897
3866 0.0886985553676 0.0886985553676
3864 10.9344570031 10.9344570031
7073 8.45743486705 8.45743486705
3735 3.92269409569 3.92269409569
5729 2.70098588028 4.07276629055
6419 0.993782089975 1.27797555659
6418 0.715933290235 0.805279733544
6415 1.94416591635 2.3818287034
5723 2.2848868345 2.2848868345
5720 2.19001916051 2.40789543209
5721 2.78935026965 3.25554453002
6411 4.47279656371 5.30216361702
5727 6.63051350112 6.63051350112
5724 1.72247976568 2.10847263712
5725 0.347191632939 0.347191632939
3913 1.50292408461 3.60077872179
3912 1.69180515099 1.76008924252
3918 1.68870222852 1.99445830642
6732 2.49184230199 2.49184230199
6734 0.65685286555 0.65685286555
6736 2.65917797187 3.70149416172
6737 2.61468670727 3.4553142427
6738 3.5298116161 3.5298116161
4796 1.65965133621 1.65965133621
4790 1.6624109179 1.80671946385
5836 3.08153302147 3.08153302147
4153 1.88470436536 1.88470436536
5834 3.68358496592 3.68358496592
5835 2.55885962902 2.61054494413
4154 1.29569355083 1.29569355083
5831 0.0261079135962 0.0411044792659
4159 4.50322870926 6.21771057277
4698 4.25495215794 6.35377993871
219 2.75517679599 2.87144893816
7464 0.551099200173 0.551099200173
6087 2.49645002441 2.49645002441
6084 3.16493820489 3.16493820489
6083 2.71850739988 2.71850739988
6644 1.12343848692 1.31309436863
6640 3.44938871083 3.67697921004
6642 1.75387115996 1.75387115996
5902 2.70728632858 2.70728632858
5904 1.28517696816 1.28517696816
5909 2.79495000402 2.79495000402
6497 0.23073265153 0.230736081531
3488 4.41991153609 5.11138888843
3481 5.59273273709 5.80931615355
3480 7.5833970434 7.5833970434
3482 3.4110477044 3.4110477044
3487 4.86606066875 5.25439325028
3486 4.38068398049 4.38068398049
4566 2.50668703752 2.50668703752
4565 1.05392801309 1.16468259416
4569 2.09357007045 2.14951448868
7080 2.82359844631 3.38452897343
2551 2.51763435999 3.85626330135
2552 7.57412343346 7.57412343346
2554 1.50498306758 1.77465775562
2555 1.50137071669 1.50137071669
6396 1.06292187738 1.06292187738
6397 5.47023494541 5.47023494541
2397 9.99086468404 9.99086468404
2394 1.17570606739 1.61196445653
63 2.37248101242 2.37248101242
5013 2.38800216558 2.38800216558
5014 4.92270557329 4.92270557329
2771 1.88589138385 2.79634015799
2772 1.56166106013 2.00078374345
4897 1.50018849976 1.58005334954
2775 1.74255696081 1.79452010119
2777 1.50275820829 1.55670531363
1859 0.499247281333 0.667903561795
6260 4.79526551422 4.79526551422
4418 1.99723384584 2.8663547834
4417 5.00425950175 5.00425950175
4416 4.59337208598 4.59337208598
1852 4.42284724878 4.42284724878
1853 0.742589457785 0.83875263041
1855 0.465505074374 0.465505074374
6269 3.33938457846 4.03953984875
5168 1.3989423837 1.3989423837
2171 0.75044796436 0.75044796436
2176 3.03374265046 3.03374265046
918 0.673456844639 0.673456844639
6063 0.466960236632 0.604292541192
4967 2.48646761973 4.23371707361
914 5.64232591444 5.64232591444
917 2.28634312162 2.28634312162
2179 1.2374286229 1.2374286229
912 1.47531137532 1.7396784878
2603 1.55749066469 1.55749066469
2609 2.61701776523 2.61701776523
1930 7.07629784895 7.07629784895
1937 5.61075386525 5.61075386525
3269 1.49780286773 1.5222551985
1939 3.18995439353 3.18995439353
5127 2.05959858662 2.20223811964
5121 2.02465540474 2.63919767475
845 1.97468363134 1.97476451031
3464 1.46167887669 1.46167887669
3463 2.3982428348 2.39826840449
842 1.80473415375 2.0626771705
7091 3.2148197068 3.2148197068
7375 0.568022625431 0.568022625431
848 1.85361110313 2.19478579448
7012 1.02585796422 1.21016117664
7013 3.93136715595 3.9314444143
7011 1.02636442321 1.02636442321
1731 0.309773835635 0.309773835635
1732 1.94406457394 2.45287328693
5234 2.35021589607 2.35021589607
1806 5.41084068871 5.53518483194
758 2.95994978061 3.31504489754
7088 1.05620027099 1.05620027099
1595 0.726469446964 0.726469446964
6887 0.726362302235 0.726931592895
1597 5.0015624038 5.25250723121
3074 1.87986146523 2.53324595589
3075 2.14992968884 2.26223963656
1592 1.2153834645 1.3279166028
3078 0.287329883558 0.287329883558
3079 2.56389062327 3.40632464633
1599 3.94011251119 4.18098886761
1598 3.25722301661 3.25722301661
6889 2.00937514479 2.09360162428
5344 1.66667063581 1.73460505416
5345 0.365662965349 0.365662965349
7168 2.01100651352 3.1477646008
1021 2.55678186796 2.55678186796
1023 4.53006138453 4.53006138453
7163 0.997629703504 0.997661526576
7166 1.68982454707 1.8472734168
7164 1.58032555806 1.58032555806
7165 5.55506885871 5.55506885871
604 3.14874514322 3.14874514322
4367 2.42212190252 2.70952625399
4361 4.18906398363 4.18906398363
4363 6.95847264047 7.73645784019
4362 2.65448923457 2.65448923457
1203 3.93589463519 3.93589463519
5649 2.92885002948 3.59514798467
1211 2.09397782457 2.09397782457
5641 2.02810634408 2.02810634408
6041 1.1704239849 1.37303200957
5642 1.82543872335 2.1745447858
5646 0.414573401815 0.414573401815
6335 0.748204013713 0.748204013713
3105 2.93405288538 2.93405288538
3107 5.22210767692 5.22211493724
3102 1.25019814568 2.01262880061
3103 0.14899618215 0.14899618215
1112 2.58854905421 2.58854905421
1443 5.9799542835 7.46985986173
1114 6.23039999929 6.23039999929
1116 2.31708923137 2.31708923137
4093 6.88630902989 7.29605944136
4091 4.84167677456 5.61786447756
6332 9.16347199645 9.16347199645
5737 1.81182762532 1.84022743507
5736 0.751159811358 0.751159811358
489 2.56649009176 2.61717886469
488 2.1567936142 2.1567936142
487 0.465631363198 0.465631363198
485 1.95750844094 2.76439037944
4587 2.70911728279 2.70911728279
480 4.84336260884 4.84336260884
7585 2.88595390438 2.88595390438
6463 1.06652763211 1.19948935658
7580 4.93144124669 6.06628924131
4725 2.88292478664 2.88292478664
4851 1.38643932768 1.43849905718
5300 3.98537645159 5.27795624314
3926 1.0959094812 1.0959094812
3927 2.07656265628 2.67673026714
3924 2.26719072475 2.26719072475
6526 0.275136484243 0.275136484243
6722 1.00326536017 1.00326536017
4782 0.291306338098 0.291306338098
4781 2.84315097598 4.83790704917
4149 5.99116495563 5.99116495563
5827 1.18673446242 1.55210030576
5826 2.50072648778 2.91723770346
4144 2.30175718861 2.30175718861
4141 4.91899339976 5.52334232096
4143 1.21846706334 1.21846706334
3857 4.25543750136 5.32934892704
3855 1.34948541308 1.34948541308
3852 1.33076836995 1.33108693636
3859 4.03041508104 4.03041508104
6099 1.42650838607 1.7434063451
6098 0.248406735318 0.248406735318
6091 3.79428954393 3.91383013227
6094 1.3641941332 1.3641941332
6917 5.23408297902 5.38502437827
6657 6.83649664176 6.83649664176
6655 2.01877722925 2.03959126172
6048 1.43114444113 1.43114444113
6651 2.05811192362 2.0593506607
5915 1.86716269926 2.18442975445
5911 5.03165962116 5.67550025004
4820 2.46101657009 2.75194728752
199 0.886705138008 0.886705138008
195 2.59791849766 2.59791849766
196 5.87592440405 5.88103490406
190 0.912791440485 0.912791440485
6384 3.29063137364 4.30010066005
6387 2.41097534976 2.71378346104
3679 5.98207105562 6.24150041495
4558 1.59056437033 2.277281907
3676 1.98550027994 2.614365962
4553 2.50177197296 2.78182071971
4550 4.14498303855 4.42880938977
2541 1.0689741809 1.16965856641
2546 1.18739697588 1.18739697588
2380 1.72605728752 1.72605728752
2383 2.54568803499 2.54568803499
2386 1.32538753328 1.70200477911
3580 0.593971861891 0.721307341632
3583 3.81343703592 5.18283715468
3585 2.90860514066 2.90860514066
3587 3.60097823304 3.73781513046
2761 2.23538215695 2.6205546741
2767 1.73098096616 1.73098096616
2765 2.06195312803 3.0633051102
2764 2.08754545566 2.24989947311
6913 3.31432879853 3.31432879853
902 1.245952982 1.245952982
1849 1.80588448589 2.86511617705
6277 0.485224546317 0.496445781169
6276 5.99846818958 7.84793122293
1843 3.53143047008 3.53143047008
4423 1.95532091131 3.07412597948
4420 0.943348912977 1.05571555668
1847 3.79904829241 3.79904829241
6077 2.03745024478 2.79870970148
2168 1.08070547073 1.08070547073
6071 1.6681204844 2.25535781778
6070 6.10644173328 6.10644173328
4951 9.03988172844 9.03988172844
4956 1.29330377801 1.5943346975
2160 1.37791838512 1.37791838512
7309 0.160516402198 0.160516402198
2613 2.60674410282 2.60674454559
7095 0.45866710967 0.45866710967
2618 0.495046644971 0.496633228424
7347 3.10181462865 3.10181462865
7345 6.99916269075 6.99916269075
3298 0.520839545979 0.608719831818
5138 1.49700359516 1.49700359516
3294 0.0837038485192 0.0839957727111
1907 4.8447565208 5.85723943983
3296 4.31284962218 4.56637885262
3297 4.68929754108 4.76680177421
3290 0.383103845832 0.541464346293
5132 1.60133472118 2.56447632701
5131 6.01008811184 6.01008811184
1901 2.13232257133 2.58151647138
3452 1.64215655818 2.36148328942
3450 2.20912356745 2.47470859427
3456 2.66859152585 2.66859152585
851 2.0593658972 2.93742955025
3455 1.02778924235 1.02778924235
3863 1.48730506186 1.48730506186
6 0.741651646389 0.842155285151
7001 1.40665331433 1.74608443124
7005 0.497869319276 0.497869319276
7006 2.1234742784 2.53750676521
5229 1.66838978258 2.07340593859
5228 3.61105590242 3.93128087679
5223 2.85001963378 3.34081339909
5224 1.05477657417 1.05477657417
743 4.34172983744 4.34172983744
744 0.984716280148 0.984716280148
745 1.20557440429 1.54776875724
746 3.26586560537 3.26586560537
747 5.32270987088 5.32270987088
748 11.0390489844 11.0390489844
3062 1.87330378266 1.87330378266
7177 0.583307959427 0.773091201721
7176 4.53207910481 6.17610582627
6895 1.55429791077 2.38430388093
3065 5.32008666292 5.32008666292
3064 2.22236707454 2.99877898901
2947 4.55423504616 4.55423504616
3069 1.69030866064 1.69030866064
3068 0.996512375986 1.18758485085
7178 3.15981893878 3.39234051804
2941 3.46268214461 3.57536929084
1051 2.57376795465 2.73283747494
1053 3.38628296625 3.74503350569
1056 1.76019971533 2.15758726185
1057 3.51238498248 3.51238498248
1693 3.11128692118 3.11128692118
2919 0.999059384359 1.08803402675
1699 5.24561913475 5.24561913475
4311 1.69444865584 1.69444865584
618 3.43546250864 3.43546250864
4315 5.66634353297 5.79309316151
4317 2.22031636176 2.22031636176
1797 1.04896554655 1.22664857839
611 2.25652691151 3.00505768221
617 3.26813484258 4.11119625016
7574 0.145328503774 0.14532874801
3118 1.43031151295 1.43031151295
3116 2.92030384755 3.08970464148
3115 1.71541844632 1.80421799699
3110 1.87698021872 2.25312006874
7579 0.876407422462 0.876407422462
1470 2.89301930508 3.15904627744
1474 4.54766793304 4.58978386366
1475 8.05039498275 8.05039498275
7041 3.04813086639 3.04813086639
6143 0.511399020255 0.511399020255
1479 6.56563543467 6.61472799527
5464 1.1049908443 1.1049908443
1301 0.664177046955 0.664177046955
7129 2.21696970423 2.40116619552
1308 2.54603514485 3.58345069826
6410 1.73279072614 1.80480784435
5740 5.76695305602 5.76695305602
4229 1.00398840324 1.00398840324
3597 0.96723854752 0.96723854752
496 0.122654357498 0.122654357498
4227 5.96341710309 6.25031993037
490 4.81310860592 4.81349823896
4221 1.40477978979 1.63976404738
493 3.18157168295 3.44779017433
24 5.43766990995 5.5251116338
25 1.46942978102 1.54844678687
5584 1.51115882796 2.24608715403
22 3.19002809566 3.44909942159
23 3.41484772996 3.41484772996
7595 1.01012608817 1.25646082744
6470 2.5080185274 3.47732470754
6476 7.11473476653 7.11473476653
7591 0.741585376707 0.887083100706
5589 2.76001830826 2.76001830826
3938 7.31705810302 7.31705810302
3936 2.78188563856 2.81309689018
5265 1.72552664736 1.72552664736
6718 1.35577790569 1.35577790569
6716 4.42122531056 5.07156984437
6717 2.2345435246 2.2345435246
6710 1.86864739379 1.86864739379
4138 3.73979101391 3.73979101391
4130 2.82107169306 2.84945951039
7474 1.42670630548 1.73409053598
5692 2.03217732807 2.67384049882
3840 1.30438537379 1.88900944029
3843 6.01008642127 6.08946585929
5691 3.3771010135 3.3771010135
5694 0.438496780195 0.438496780195
3849 1.55620752961 2.15916570906
1872 1.82960888839 1.82960888839
4046 1.89008851438 1.92776670246
4047 5.69164188095 6.27499006944
4048 7.01733042414 7.59215080485
5968 0.0653766009798 0.0653766009798
5969 1.30266431115 1.51769669818
5963 2.07082174021 2.07082174021
5964 1.46447232779 1.46840678968
2289 0.43368609748 0.43368609748
3667 1.19501329152 1.19501329152
3661 2.98619176806 3.99898136159
2280 2.68247393282 2.68247393282
2282 3.45822748408 3.45822748408
5433 5.45678790874 5.50956621132
2287 3.38049651329 4.69581961451
4543 6.52380917934 6.58123094096
4546 0.931395317931 0.931395317931
2579 0.0726820680215 0.0726820680215
2572 2.9088743296 3.19612092353
2570 2.53609420396 2.53609420396
4534 1.22806307284 1.53654222621
2378 4.70655961677 4.70655961677
4827 2.9708431724 3.37708416157
2376 0.855210066736 1.04013086811
2370 1.90105434736 1.90105434736
2373 0.0311906832908 0.0311906832908
3592 1.32115726047 1.3275903998
2596 0.976437191101 0.976437191101
2590 1.22866348114 1.22866348114
3595 1.53777221326 2.38205563499
3594 1.98161182603 2.22529523559
5036 3.98627284672 4.00948733774
6280 2.49968488843 2.66899417625
5030 0.499292941628 0.499292941628
4531 2.5885157879 3.15080946618
4434 0.154462394938 0.154462394938
4437 1.7230191172 1.7654724693
1084 4.28204953241 4.2826101719
4431 2.32299330532 2.32299330532
4430 0.737078724084 0.737078724084
4433 1.5351724613 1.53517483145
6283 1.73903467138 1.80799270481
4438 8.42295072086 8.42295072086
1878 0.590970948082 0.590970948082
6595 2.74661502768 3.84081173923
970 1.44513144854 1.44513144854
5581 2.9963159165 2.9963159165
6287 1.58136825739 1.58198522048
4949 3.00289182346 3.08506417546
4948 1.62182654866 1.62182654866
6282 2.21070732772 2.93998204819
978 0.992450456439 1.07634630904
6043 2.26137177614 2.59497276739
6040 7.52199232893 7.53475997609
181 4.83973142832 4.83973142832
186 1.40484123999 2.1868494883
6044 0.271172718555 0.271172718555
6045 3.28246842715 3.83206875918
2112 1.64768979957 1.64768979957
189 1.73487291487 2.11648783655
2114 2.87630812305 3.14246234879
2115 0.95588069526 1.05858056028
2117 1.61665955843 1.61665956053
2627 3.53607254277 4.13259625093
2624 4.13926103695 4.13926103695
5837 6.38907775593 6.41373729879
7351 3.42276889201 5.41982556541
1918 1.81502127987 1.81502127987
7355 1.71969824981 1.71969824981
4924 2.6123796237 2.6123796237
7357 3.73723190943 3.73723190943
7356 4.17690300315 5.56915728568
3287 4.94352814332 5.80957907325
3286 2.51673381801 2.51673381801
3284 1.91134884038 2.03611519825
188 2.90095737899 2.90095737899
869 2.24932067696 2.47953279619
860 5.4795675188 7.34805024747
3440 3.27435157283 3.87039805591
3443 2.12689894751 2.12689894751
2027 2.69977835637 2.69977835637
2750 3.92669859717 3.92669859717
2023 2.37459713661 3.15524899216
2758 2.83279048376 2.98204729934
881 0.694168372894 0.694208068543
886 0.35450013861 0.355206485753
888 1.59848035301 1.67255106043
5217 2.18391784195 2.51332418371
5214 3.64339303654 3.64339303654
5210 1.79705638686 2.02153148243
5211 3.70235075349 3.73186238867
5218 2.62104546883 2.62304433102
5219 7.5009016418 7.5009016418
7504 4.99760032719 4.99823971092
5414 1.50848141655 1.97930103211
777 0.859141098486 1.20143784583
770 3.08557113351 3.310949065
772 0.888998974162 0.888998974162
7503 1.00162585585 1.00162585585
779 4.4930582626 5.94187314066
7638 0.0496266169469 0.0496266169469
4675 3.45032476785 4.03473532394
76 1.42870092395 1.8943159588
2978 0.470801615914 0.470801615914
72 0.64552907973 0.64552907973
3058 6.07041165524 6.31024347593
2972 3.78076250912 3.78076250912
2973 4.62620192353 4.62620192353
3054 1.76383999714 1.76383999714
3052 1.14937349505 1.4713038056
2977 1.63981754874 2.07995744524
3050 9.3223188627 9.3223188627
2975 3.52401574938 3.52401574938
1042 1.56547465221 1.97565140112
1041 2.11434586436 2.34002003463
1040 0.713903033155 0.713903033155
1046 5.14701482192 6.55816688419
1049 2.51728157428 2.51728157428
1683 3.08160443846 3.08489095518
1685 4.60720895854 5.36649779559
1684 2.73061917844 2.97056019458
1687 2.63739208353 3.30634861399
4802 1.62690962275 1.69567908517
7354 2.9796702084 2.9796702084
4301 1.62129605919 1.69725722742
1268 1.8349390831 1.8349390831
1263 1.9993843898 2.20187804607
1261 2.54147320851 2.54147320851
4308 4.3815955665 4.3815955665
1267 1.28321223753 1.4011622722
1266 3.72554018168 4.51989703789
1264 3.72391783414 3.72401700242
7359 5.54616314 5.54616314
3021 1.02277978028 1.32090058529
5103 2.483106749 2.51833704708
3128 0.910561374741 1.21933769371
3129 0.721228437863 0.85669089731
7619 0.922376966959 0.922376966959
3122 3.65296084108 3.65296084108
3121 0.991928823082 0.991928823082
3127 2.17224173698 2.17224173698
1914 2.55020012524 2.55020012524
1465 2.01367880984 2.17660763535
6065 3.48511791102 3.81903897531
1461 2.65821929983 2.65821929983
1313 1.98308341139 2.16000353552
1312 1.39850710521 1.70700426462
1310 5.95143944945 5.95143944945
1319 3.54363687584 3.54363687584
6914 3.76351310402 3.76351310402
6915 0.652957336526 0.652957336526
6444 2.03937031635 2.64395138654
5750 0.144914779271 0.144914779271
5757 1.58484448159 1.58484448159
6440 3.17519542932 3.60231934935
5754 0.442545167319 0.442545167319
4236 3.80915306673 3.80915306673
6919 4.22179929179 5.45263469248
6124 4.65516772389 4.65516772389
312 1.61525703494 1.61525703494
311 0.752713567176 0.752713567176
316 1.56675069936 1.76243338845
315 3.26411707557 3.26411707557
314 1.98726958022 1.98726958022
6701 1.00258176187 1.00258176187
6703 3.54262844794 3.55085373937
6702 0.924862424794 0.924862424794
6705 5.42475310159 5.42475310159
6704 4.02740221342 4.02740221342
6707 0.498892944687 0.67049329786
7435 2.4193029366 2.4193029366
7436 3.6500674879 4.35003233276
7437 3.19259122822 3.89295587803
7431 2.53813258109 3.43991722986
5685 0.798351817107 0.798351817107
5687 1.53451440364 1.79116095935
5681 1.69299419539 1.76845418465
5683 0.559796008786 0.581216140432
1330 1.77211581422 2.35212284765
6674 1.10559929666 1.10559929666
4704 1.85131002543 1.85131002543
6671 1.30808868583 1.30808868583
4054 2.52230284237 3.1667839855
4053 1.78352909388 1.78352909388
4052 3.53137452573 3.53137452573
4050 2.03018122444 2.27156678592
6218 0.826057674301 0.826057674301
5976 6.20642294083 6.2447580458
5974 0.98907410168 1.00517425845
2299 3.36961050611 3.93658151958
3613 3.61805773031 3.61805773031
3614 4.17067638392 5.21768080909
3615 0.293927576816 0.293927576816
3616 0.145185039933 0.145185039933
2292 3.29888489103 3.30058266016
6939 4.24208099641 4.27365684575
2561 2.11268787361 2.63124098817
2562 3.13903650928 3.96227009004
2566 4.66962076757 4.66962076757
2368 2.50370617313 2.73449442008
2367 5.99805359747 6.43300550604
2366 0.424663601753 0.424663601753
2364 1.37065022648 1.42428340101
2587 4.05738428126 4.06090610034
2586 2.94488598175 4.40106458334
2585 3.68543137836 4.56791136573
2584 2.06451436191 2.50734850446
7294 2.54529823393 2.59537638155
7295 1.15340726003 1.15340726003
2580 4.36546953303 4.36546953303
5021 6.23265713392 6.26354199276
5024 2.49377407969 2.54274682814
5026 2.27532984911 2.47722279018
4441 2.46004356151 2.46085656866
4442 0.974428470894 0.975005111475
4443 3.24297948738 3.24297948738
4444 0.858677830475 1.01431921615
4445 8.59126854017 8.59126854017
1867 2.00439144311 2.02338347919
1866 0.443630020405 0.443630020405
4448 2.87153178154 2.87153178154
3721 3.45550091205 3.45550091205
3722 0.288968932184 0.288968932184
961 2.43164951002 2.87333110674
6299 2.19031892289 2.6949815315
963 0.392749448105 0.501071069569
6297 2.87481859271 3.00544416937
6293 1.46156112289 1.46156112289
4688 3.52754072221 3.99028855359
6290 1.90443172184 1.90564318158
2108 2.90951483213 3.61909170042
6059 1.84610070417 1.84610070417
2103 1.46901785567 1.92354570102
2102 1.12556213389 1.22501730739
2100 5.47037473329 6.42826373001
5575 1.73398260178 1.73398260178
2105 1.50158703687 1.50158703687
5117 0.60891879825 0.60891879825
5113 2.76125880739 4.00024409634
2634 4.33105653832 4.72547332087
2636 1.53475317226 1.5351452431
2631 2.85367532665 2.85367532665
2630 2.94793083033 2.94793083033
5571 3.0003056688 3.0003056688
5292 0.506013276972 0.662345887882
3438 0.909927547825 0.909927547825
3439 0.133280695977 0.133280695977
878 2.08742003416 2.08746694486
879 3.38727418493 3.38727418493
3431 6.39023241423 6.49129015412
872 0.746757288946 0.746757288946
873 0.376491490716 0.376491490716
4592 1.46780944425 2.07198070387
4593 2.36596200459 2.66703854628
2743 0.409529755919 0.409529755919
2033 1.22252174789 1.59259616698
2032 7.63984620544 7.63984620544
4595 1.21640595733 1.59227270692
9 2.26993548773 3.11500126964
4840 0.221320102645 0.221320102645
3097 3.21388873825 3.21388873825
890 0.04188469017 0.04188469017
5200 4.19654412463 4.19654412463
5203 3.81422971088 3.81422971088
5202 0.509885779575 0.51925759843
5204 1.20701629299 1.25847425879
7320 4.0640651755 4.89452401527
3545 1.32010922009 1.61976419638
3547 5.60702045209 5.60702045209
3543 1.57090522715 1.57090522715
7323 0.819495989728 0.819495989728
2965 0.189590654657 0.189704340072
2964 1.29034157431 1.78724605931
2966 0.623099171757 0.623099171757
2961 1.50545235505 1.96802854013
762 2.2509814934 2.2509814934
1781 4.19400270583 4.19400270583
767 1.99743905239 2.05286089703
1786 2.86837775394 2.86837775394
7113 3.57906407163 3.57910392483
7112 2.34226363209 2.34226363209
6878 1.80700635242 1.874691535
7119 2.4132521078 2.81092352093
7118 1.39977269501 1.39977269501
3045 1.03127437634 1.15003718759
6872 5.36393028679 5.5395386922
3046 4.24902712952 4.24902712952
1079 4.0421382862 4.33924840318
1077 2.01232851675 2.01507838461
1074 2.16728366327 2.16728366327
1072 2.94399379068 2.94399379068
1073 1.40582329226 1.41526148409
1070 1.99119286409 2.34368559547
5372 4.97954998307 6.57326442861
7290 5.48986628465 6.64329484821
1678 2.72316149877 3.11274148799
1674 1.09474155615 1.65455805122
678 2.33002962269 2.33002962269
676 1.62680963693 2.19039993003
4333 1.80587439774 1.80587439774
4330 0.194615006578 0.194615006578
3131 4.85075428778 4.85075428778
3130 0.824522117952 0.824522117952
3139 3.18162693979 3.21076543623
3138 0.749890078747 0.749890078747
7608 1.93898014798 2.79341848076
7607 3.93658421523 3.96667362162
7604 4.13700704404 4.13700704404
7600 2.56582651827 2.66118293658
6018 2.5431111252 2.5431111252
1412 4.54939855178 4.54939855178
1413 6.04264436271 6.70715333673
1416 0.53373105437 0.53373105437
1327 2.82272075158 2.82272075158
1325 2.1319043531 2.35514674696
1328 3.02150360629 3.02150360629
6450 1.52828157055 2.04011389062
6455 3.43098464389 3.46162636946
6454 3.60346398115 4.3709609014
5768 4.50137920593 5.14556114184
6456 1.25597478025 1.70170180423
6458 4.70063159691 4.97470739548
4645 0.557974685908 0.593925869521
5762 0.203734699823 0.203734699823
4207 1.87670316412 1.93377902311
4636 4.366360053 4.3676862731
5565 1.20378550256 1.43436974201
5562 0.973844077774 1.21782237078
1256 0.204037218156 0.204184321731
1526 3.85591798848 3.85591798848
1520 1.65324480635 1.65332342066
308 1.95978239269 2.46782808511
3953 1.97185524413 2.4420537776
303 1.54914172973 1.77392233223
3957 3.14940067334 3.14940067334
307 4.64159196476 5.42687077468
4113 4.01195034791 4.551272798
7420 3.95894651535 5.47129220038
3340 4.17816194616 6.67696544892
5159 1.61154240928 1.61154240928
2475 2.58763565058 2.91379127434
6601 1.15687632294 1.15687632294
6602 2.17553420312 2.17553420312
6439 3.10509206207 3.15721143119
6606 1.25079314112 1.25079314112
7109 1.09087444156 1.11596118646
6608 1.26956514788 1.26958392599
5946 0.086889878591 0.086889878591
5945 0.630305691427 0.755425526195
4064 3.8671655771 4.42508377289
5941 0.999468840849 1.32088231422
2976 2.29729372592 2.59377749088
4068 4.7738481061 4.7738481061
4069 7.63900487932 7.63900487932
5948 3.34062014709 3.42132619908
5949 1.83520620349 1.83520854453
5785 0.861031801938 0.9884077077
5786 1.85800707304 2.24611837657
5782 4.87322850969 4.87322850969
5019 5.00060600573 5.00060600573
3051 2.78201917602 4.29350890884
3601 2.91210379306 2.91210379306
3600 1.38336328837 1.38336328837
3607 4.44131130737 4.47991307861
3604 3.26978366693 3.26978366693
3608 1.51108581858 1.51110071234
5361 1.09352210816 1.09352210816
4894 3.72816185893 4.86262773757
5367 1.7818811739 1.85299409311
6115 3.60340356254 3.63307828299
6117 1.27380719043 1.27380719043
6112 4.40345767857 5.61742037599
2358 1.72454672391 2.0995162944
2353 2.39986970304 2.39986970304
5368 1.49248785665 1.73017276618
2355 3.14582810812 3.47622430699
4450 5.36789482893 5.36789482893
4456 2.55102212396 3.09132877871
4455 8.11595622744 8.11595622744
4454 1.52176421541 1.52176421541
3736 2.81778439872 4.90498758235
4459 1.6576837924 1.6576837924
3733 5.46548417856 6.12465129163
476 1.07665414558 1.54486982825
3730 3.56370599657 3.87223404047
4922 4.06125981941 4.06125981941
4920 1.93510780596 2.41205298648
4695 3.24640503383 3.57680093139
4697 8.95980960881 8.95980960881
2131 2.96976627224 2.97609335544
950 2.18842310729 2.54134062008
4929 4.4212337118 4.98248784075
954 0.00706692378648 0.00706692378648
6022 1.54435303387 1.54435303387
6026 1.38333368776 1.68208155388
2649 2.47545415601 2.47545415601
5167 1.59379361865 1.97144156287
2640 1.763201938 1.763201938
2645 2.46772104982 2.61131967009
2647 10.7472934478 10.7473001224
3429 2.31603725797 2.7420307423
3423 1.40527050503 1.65363994473
3422 1.80809209815 1.80809209815
3421 1.20624572779 1.24389280971
3427 2.59945487152 2.59945487152
3426 2.37584304489 2.62371134997
3424 1.76780391423 1.76780391423
1850 0.13727352335 0.13727352335
2000 3.67161210328 3.70342458925
6337 1.57470277038 1.60038964088
2007 1.08518040733 1.17525144864
4859 6.01054255142 6.01054255142
2005 1.6530745447 2.00515060985
2008 0.788202207243 0.788202207243
4415 2.04217203673 2.52691413566
4583 5.19389057673 5.37747645522
4582 1.98309240959 2.16570377623
1269 3.22488088784 3.26666651553
3554 0.49467756628 0.502101847178
3550 3.8225583145 3.8225583145
6966 2.17868510209 2.17868510209
3558 2.5855999403 3.26643540599
6061 1.96318614227 2.32448755642
2911 0.858352672987 1.1428779851
1799 1.23427704114 1.23427704114
2913 1.36259695397 1.6897390309
1793 1.99772206618 2.1589110752
1792 2.46545457573 3.10691249542
715 0.721382044387 0.721382044387
714 3.23596834836 3.38775952038
713 1.26083122115 1.26083122115
712 3.8793122209 3.8793122209
4966 1.01168480123 1.32347559238
7127 3.00457446539 3.37458535405
6840 0.867310870105 0.867310870105
7125 1.97952728513 2.0464279942
7123 1.09603642706 1.09603642706
6844 1.95876044333 2.04013283707
7121 1.21537073797 1.51531723312
1069 1.05777501973 1.3379885719
1068 8.99108506029 8.99108506029
4964 2.10309458917 3.03428710937
1061 6.57720978809 6.57720978809
5301 2.16765827489 2.16765827489
1668 0.375730692106 0.375730692106
1665 3.53127574532 3.53127574532
4960 1.7107361852 1.7107361852
1662 2.64249488938 3.63529477134
591 2.41831368626 2.46072500459
590 2.2964828427 2.75622545065
592 9.16725998152 9.16725998152
594 2.49659501777 2.91685866839
6596 0.0608176647635 0.0608176647635
599 4.9937089892 4.99371129948
4323 3.57170987588 3.86607346518
4325 1.51393039575 1.51393039575
1088 7.69491251997 8.2315502218
3140 3.44792145728 3.44792145728
2821 0.685050277146 0.858024343291
3386 1.5396360098 1.5396360098
3384 1.27997037487 1.27997037487
3385 4.75945453066 5.42526449664
5412 3.10660389214 3.10660389214
3381 0.615512985849 0.615512985849
7632 1.84163020083 1.98343554712
3389 4.21985670249 5.7158037409
1408 2.5593600955 2.55962515676
1406 0.238411724143 0.238411724143
5792 0.526508654426 0.65592288483
1339 4.53441624267 4.53441624267
4210 0.845612614495 0.95330036315
4212 1.53044201944 1.86214901876
1337 2.99963405333 2.99963405333
5790 7.1868257728 7.1868257728
4219 4.49873091771 6.24141119791
446 3.98323062344 5.66727160401
445 0.519605314888 0.529252304268
691 2.54829780808 3.24068140541
5772 3.40808826596 4.24597448508
7515 0.0592565494927 0.0592565494927
5578 1.35434240674 1.65206992693
32 0.770092980536 0.770092980536
31 2.03720022194 2.03720022194
5573 5.3973688658 5.53457654721
35 3.40277716072 4.2117790873
3092 2.29920592291 3.39982970673
3093 3.6281976488 3.6281976488
643 6.8288297726 6.8288297726
1244 1.45944828806 1.45944828806
1531 5.99053030126 6.43076571725
1530 1.65204716085 1.94276781347
649 3.30286689148 3.34079077659
3098 0.72158913439 0.72158913439
3099 3.37963862613 3.39591904357
1539 3.50165726238 3.53669870361
338 0.771166220774 0.771166220774
335 2.77168481808 2.83042329427
334 2.94879531279 3.62596450727
337 0.00375340868501 0.00375340868501
331 2.5093353221 2.95289349155
333 1.63971793222 1.63971793222
7611 2.09137084295 2.11617553036
5124 4.69294399696 4.69294399696
4105 0.5604573455 0.5604573455
4106 1.66419048759 2.03428606304
7412 2.100915376 2.100915376
7413 4.07478053458 4.07478053458
7410 0.595868359757 0.595868359757
7411 4.49777552081 4.55992678307
7414 1.83568570473 1.83568628915
3897 1.14491793424 1.1450756309
3895 1.78533679843 2.09656287307
7379 5.54949404466 5.54949404466
6611 1.07015910688 1.07015910688
6615 0.827994578494 1.00002453652
6614 3.1767403885 3.1767403885
6619 2.96205170875 2.96205170875
4078 4.13259761423 4.13259761423
5957 1.48170631625 1.70941141007
5956 4.79616182926 5.8992209364
4075 5.40455101549 5.53483133739
4070 2.83963149658 3.77965530376
4073 1.10885459324 1.10885459324
5797 2.76924686847 2.76924686847
3967 4.50069069195 4.96160103323
3965 2.41090219394 2.41090219394
3962 1.4983744876 1.4983744876
3963 2.39510326819 2.39510326819
3961 0.813914921862 1.04587380934
7278 3.7946869039 3.84601859558
5799 2.8163725202 3.38761404753
3636 2.53570311453 2.93056510964
3637 9.44598243523 9.44598243523
3632 0.881518996926 1.16325814637
3630 1.02593898797 1.02593898797
4611 3.08119305851 3.08119409384
3468 1.48762050255 1.74862809729
4613 1.33501657056 1.39913430658
2345 1.83686050066 1.83686050066
2346 0.260993351727 0.488275905175
2342 5.97724488898 5.97724488898
6107 4.5564582306 5.04750377691
6103 1.12673325921 1.12673325921
6102 0.762580908 0.762580908
4616 6.208179427 6.20823112461
3709 1.77737524412 2.47857021839
1888 1.75643138487 1.79868742336
3700 1.43903302057 1.43903302057
4465 3.27115911764 3.27115911764
4462 0.633023704357 0.633023704357
1880 4.39011792044 4.41596192657
2127 5.69043392815 5.75814389138
2129 4.33643760949 4.79348464451
4665 5.99395195637 6.65626848737
4660 2.79282512831 3.71032019917
943 2.03104298697 2.4580048019
4910 4.12937950414 6.59764143905
4663 1.6610166381 1.6610166381
6038 2.06848423145 2.06848423145
6035 2.98627039199 2.98627039199
2653 1.64222347133 1.64222347133
2651 1.87748152065 1.87748152065
6441 0.102207625249 0.102207625249
2654 2.49968754024 2.64433370292
3414 0.596328000061 0.596328000061
7389 6.24819543951 6.57061875661
3412 5.32092419748 6.24383664456
136 2.09445859659 2.10332155039
3410 1.02004082269 1.04757204261
134 0.37288681025 0.48841251586
7382 3.93562102502 5.32375034615
7387 1.74231495992 2.06188482349
3418 0.0906039088258 0.0906039088258
7385 6.70754885095 8.30057436005
6326 0.574335947973 0.574335947973
6325 1.41567662957 1.52694492458
2018 0.000564035929719 0.000564035929719
6321 1.09161430487 1.09161430487
4863 3.04526066676 3.28987913916
2017 7.54243417898 7.54243417898
4861 3.77249973707 3.96220755416
2011 3.72160126773 5.23519664808
6839 2.27988236505 2.98126267949
6329 4.6825821768 4.6825821768
6328 0.768593172509 1.09285741199
7443 1.87753724355 1.87753724355
7444 1.94573532939 2.27019950337
7254 1.45938168718 1.45938168718
7255 4.24081199193 4.24081199193
7251 0.336207565295 0.559081647553
3565 1.98236983609 1.98236983609
3569 0.371522221651 0.371522221651
4485 0.645151932057 0.645151932057
6564 3.99101070606 4.09288661491
2903 2.08720354136 2.1460722474
2902 1.27869107429 1.27869107429
708 0.492222379635 0.492222379635
2906 1.00292448112 1.00292448112
6853 5.47026231582 5.47026231582
704 3.86332572994 3.86332572994
705 3.68210019451 4.2392683882
706 2.46166800856 2.46166800856
701 2.37855511402 2.37855511402
6560 1.34313316132 1.83338628802
7139 1.39385798103 1.39385798103
7138 1.14633095611 1.14633095611
89 8.54212485213 8.54212485213
83 5.70423457838 6.04567707164
81 1.25316424317 1.70668964305
7135 2.13414093767 2.69374786643
7134 2.28369040071 3.02495576854
7137 1.7977137854 1.7977137854
85 1.60937698414 1.96265386536
5311 1.84575781878 2.62869192092
5310 2.26958501934 2.26958501934
1658 1.83476231146 2.092077336
1652 0.0436628745523 0.0436628745523
1653 0.989590427845 1.27568552064
1651 1.83845881571 2.43516337384
6583 0.996727449175 1.10097899784
1631 0.743349688945 0.963190580181
588 0.477415270446 0.477415270446
3151 4.08610953926 4.08610953926
3150 1.66224053495 2.01396679309
7621 2.05257589597 2.05257788588
3154 1.93904803063 1.93904803063
7629 5.47126428134 5.85171777608
1437 0.313313647146 0.313394801395
1434 2.71271250844 4.00738496122
3392 6.64423896778 6.64423896778
3395 2.28723450204 3.05587079609
1636 1.54670695721 1.54670695721
1430 2.15257320343 2.15257320343
3399 0.475554306648 0.475554306648
3398 5.00756292117 5.00756292117
1438 3.21923931283 3.72528988903
4260 3.14969780905 3.551083711
5233 1.00315620642 1.00746221874
4265 1.21159975525 1.21159975525
4268 4.54251839186 4.54251839186
452 2.36556153323 2.4216353933
1345 1.4820149149 1.56677855409
456 1.21668790875 1.21668790875
1347 4.39402347317 4.39402347317
6921 1.46887417682 1.61682117158
5546 3.36033122781 3.36033122781
5545 0.990571256356 1.04439297218
652 4.23068103159 4.23068103159
650 1.27827847062 1.27829902092
1508 0.0880017588868 0.0880017588868
4461 1.56856559507 1.85264576803
3081 1.26448680672 1.26448680672
659 3.08050822363 3.42905495558
5890 0.133501597957 0.133501597957
5891 0.505136350709 0.505136350709
5892 4.13165532371 4.13165532371
5896 1.79245685988 2.0650816675
5897 2.70086411029 4.23248614153
5898 2.4611872548 4.07377923254
5899 3.34789523091 3.34789523091
948 0.181159186265 0.181159186265
3882 4.17693364626 5.26754933422
3889 2.49563208588 2.86450972039
4916 4.60908015309 4.60908015309
7404 0.0543819047757 0.0544062649533
7407 1.5020378772 1.58352044073
4911 2.74958166215 2.74958166215
4008 5.24441356151 5.24441356151
4004 1.21873096063 1.46898859928
3970 3.25182086221 3.25182086221
3973 1.67041476595 1.69847967076
326 2.15437490775 2.15437490775
3974 4.32792963782 4.32792963782
324 1.28804923589 1.28804923589
328 1.17899272445 1.17900230385
3621 3.98794201026 3.98794201026
3070 2.06451807735 3.5149715721
2332 0.512597765661 0.720301301754
6136 2.65635006192 2.65635006192
6883 1.95617190289 2.6287020748
3713 1.94575134772 1.94575134772
3719 2.09771850888 3.72476189608
4479 1.62118052448 1.62118052448
4470 3.04642929764 3.08899073304
4475 2.61487042471 2.79922264992
4474 0.299481825659 0.299488325113
5763 1.39720668025 1.39720668025
6007 1.4709262773 1.563873702
6004 4.6173546534 5.26107458956
6000 7.48657190884 7.48657190884
2489 2.76708955897 2.76708955897
2950 4.41413341457 4.41413341457
2484 1.61981793603 1.96365597746
4673 5.52846146384 5.52846146384
4670 2.12525006323 2.12525006323
3252 0.947347132277 0.981038281349
2245 1.37376445339 1.6002848837
2246 1.02810075693 1.02814715327
2247 0.907572553135 0.907572553135
2240 2.39197408434 3.39984894357
5179 5.35742685105 5.35742685105
2242 1.98758585764 2.7566685934
7394 0.00332045043763 0.00332045043763
2466 2.04117349346 2.11440693853
996 3.80841312183 3.80841312183
7391 2.58487709248 2.58487709248
993 6.74319986525 6.74319986525
992 2.52358791949 2.76707967014
5144 1.54590128233 1.54590128233
2469 3.16323474234 3.84490678602
7535 3.20983650374 3.20983650374
122 2.63293921842 3.17742490962
124 0.751215362616 0.751215362616
3404 1.71361038032 1.71361038032
126 2.44782369842 2.49184775944
3409 6.32848211674 7.00338618098
3408 4.6640595836 4.6640595836
4875 0.361264118692 0.361264118692
4871 6.79362080309 6.86896871312
7438 5.22047720633 5.22047720633
4878 2.45018375091 2.45018375091
2069 3.68584282168 3.99088212224
7533 1.73934016964 1.73934016964
5424 1.5254192879 1.52541948393
2062 1.31060867737 1.38282651396
6319 4.49535039614 4.49535039614
3413 1.38385252165 1.38795238642
5423 1.179137068 1.43189440188
7247 0.140133926091 0.140133926091
5099 1.42411276559 1.75841688978
3578 1.54227916104 1.66615673859
3571 1.59162628585 1.66947464213
3573 1.78329607648 1.78329607648
5097 0.00101743530962 0.00101743530962
2665 3.90806135348 3.90806135348
4492 0.288339333644 0.288339333644
4490 4.39360597254 4.39360597254
2669 1.59085096569 1.849600633
6823 2.50326005347 3.19299782704
6824 1.34742453594 1.34742453594
2938 2.73020340104 2.73020340104
6829 1.81611913676 1.83734734966
2935 1.99673294559 2.1622195896
5326 0.655339448888 0.655339448888
5327 0.00947584282236 0.00947584282236
5325 5.9920280462 6.04484781747
5322 2.32527656548 2.32527656548
5320 1.19390558571 1.19390558571
5321 1.16537212125 1.26622399667
5328 1.25992765652 1.25992765652
1643 1.29993642109 1.29993642109
579 2.58204336357 3.01839401933
573 2.05619565112 2.42678999543
571 4.88722934999 4.88722934999
577 2.10493060864 2.10493060864
576 5.25325230338 5.25325230338
575 1.88174470407 1.95999498814
3169 2.83570826373 3.53251184373
2803 1.62378567549 1.88252303006
2800 1.91786347158 2.13345348171
3165 1.40812433546 1.91283580599
2806 4.8925209857 5.49239962264
2805 4.14408825227 4.14413723758
1421 0.498927916889 0.498927916889
1420 0.996791948568 0.996835629419
7094 2.03439936427 2.7219309266
1422 2.79940291221 2.79940291221
3368 2.43255779456 3.15516489969
1424 3.4923720964 4.14209538038
1426 5.24956127569 5.25004310963
3366 3.70101374074 3.73507319241
2404 4.17862389067 4.17880615664
7098 6.59201476301 6.59201476301
7099 2.12876406825 2.17857008851
732 3.15919324007 3.15919324007
735 3.0017303369 3.00173337601
736 7.06669944329 7.06669944329
4272 3.18180072229 3.18180072229
4271 2.10647547095 3.07425064682
1358 0.417756226575 0.417756226575
4274 1.87278942276 2.58757516824
461 2.30898561765 2.3089859801
5555 1.86062698665 1.86062698665
5554 1.38687206774 1.77828639613
6488 3.25643860128 3.29094547118
5551 0.215389879189 0.215389879189
5550 1.52796492439 1.52796492439
7384 0.584026179076 0.786797769735
6955 1.84068376781 2.08015640108
6484 2.60040666641 3.07438552991
6285 3.74144625246 4.23361784743
6948 3.7913774809 3.7913774809
1518 1.16850032408 1.41165889936
1510 4.14906468654 4.14906468654
1513 1.69465004142 1.82705706822
1512 3.59239071082 4.2134079758
5885 2.04950627995 2.04950627995
5889 2.09275611049 2.09275611049
6559 3.99730468914 3.99730468914
7478 2.55449175506 2.55449175506
3186 1.75482704045 1.96885187038
3187 3.28475903248 4.7543803665
3182 1.83400829876 1.83400829876
3188 3.75154497231 3.75154497231
6863 2.686003607 3.18891142257
1896 1.37538936443 1.67141556938
6631 2.74740849904 3.17351444972
4018 3.08148876112 3.08148876112
6281 4.74152994154 5.15257461176
357 0.572461375365 0.572461375365
351 2.43112625307 2.43333177734
350 5.62110820596 5.62110820596
3985 2.45599027213 2.50679425081
3983 2.48165393478 2.48165393478
4855 1.17284335554 1.43806287421
6126 6.85951186392 6.85951186392
6120 3.69693796183 4.52292366032
4706 2.09533366689 2.09533366689
4705 1.27650554505 1.27650554505
2320 2.64489713155 4.10516912649
4703 1.27015510585 1.27015512906
2329 3.18083875839 3.18083875839
4709 2.10171997745 2.48261284223
288 6.70845175283 6.77913843015
3619 0.561031218622 0.561031218622
5 0.102670026123 0.102670026123
284 2.86854548232 2.86854548232
3760 6.00951255418 6.50199752681
3765 0.92211808206 0.92211808206
262 0.344764663747 0.344764663747
260 5.17816320139 5.17816320139
267 1.99581100023 1.99581100023
2499 1.84782411486 2.09846534685
2498 2.12277619723 2.24706779
6013 0.428686687632 0.428686687632
1296 1.58048253595 1.58048253595
7253 2.84428144023 2.84428144023
2495 0.599482831592 0.599482831592
2494 2.92317276116 3.25648657938
4644 4.80093018764 4.80093018764
2496 1.99891775434 2.76420969329
2259 2.62046225518 2.74856674325
2254 2.32633412913 2.8694660727
5060 6.44587744352 6.44587744352
2250 2.3812864185 2.99536939598
2477 1.45367310284 1.54493218037
988 3.9846006081 4.31689695034
5151 1.4473207008 1.84482845873
5150 2.46511024663 2.90873670718
986 1.59794984645 1.90836563964
5154 5.50600901341 5.50600901341
5157 1.54349552416 1.7368878756
2478 2.34447053716 2.54381168848
115 10.0528136772 10.0528136772
7313 3.48340914133 3.48340914133
119 4.25745857273 4.25745857273
2785 1.66357617642 1.66357617642
4801 1.06790042204 1.06790042204
2787 3.66177671009 3.66177671009
4803 0.5488158494 0.5488158494
4805 0.727953854444 0.728580396461
4806 1.99676789602 1.99963757076
4807 2.31385553366 2.69387750953
2788 0.963380553098 0.963673704766
2071 1.18597364535 1.18665814938
6306 4.18488996278 4.18488996278
6301 1.70627133311 1.70627133311
6303 3.49779692723 3.64117286188
2074 1.82659211182 1.82659211182
7272 9.03331987905 9.03331987905
7273 5.33761974892 5.33761974892
7275 3.48500600757 3.48500600757
3502 3.25934414497 3.28136437773
7279 5.28631285323 5.28631285323
5086 1.48235954046 1.77953052037
5085 2.78261674541 2.78261674541
5084 1.06228975002 1.06228975002
2672 1.92089550906 2.05403675182
2676 1.17603141349 1.28190197991
2679 0.830430747268 0.844940288103
6833 5.50276613632 5.50276711817
2928 2.35297562556 2.76755603286
6830 2.34771740541 2.63150847951
6854 3.04922345937 3.35390194351
2923 2.42562225988 2.42562225988
6838 5.33202025026 5.68732137795
2925 0.0403893701697 0.0403893701697
2926 3.69298032267 3.69298032267
5331 5.67616867794 5.67616867794
5330 5.24758488456 5.24758488456
5335 0.464813277216 0.464813277216
5336 1.84615653731 1.84615653731
2907 2.11599682822 2.11599682822
3215 1.8674404803 2.01209664987
1984 0.434331093683 0.582039133577
1985 0.0359283662682 0.0359283662682
1982 1.54670060665 1.54670060665
3212 1.54794929432 1.68281322173
1638 0.546249889325 0.546249889325
5371 4.65285321545 4.97933965707
3218 6.18597434587 6.18597434587
3219 2.0362414101 2.62490455522
1989 2.510237963 2.60937735911
569 1.34633029953 1.69417416587
560 3.41260177604 3.41260177604
564 4.39232575034 4.7830200503
566 1.73793620701 1.98556358782
6543 8.88229078542 8.88229078542
3173 0.473254462873 0.473254462873
7081 0.721733954779 0.722560027799
7030 2.30016529653 3.05931496354
7084 7.7690725952 7.7690725952
3376 1.33675749854 1.33675749854
3374 4.4266705808 4.4266705808
5421 1.00412160939 1.64139916743
3372 4.99868807321 6.41501978658
1180 6.06044908918 6.06044908918
1181 3.89048272506 3.89062000232
725 2.5215168364 3.22106483105
723 11.2908985718 11.2908987974
1746 3.24961223271 3.24961223271
1740 0.763673253585 0.763673253585
1742 8.82813976003 8.82813976003
5499 0.169867026888 0.169867026888
1165 1.24477915571 2.69173888214
1166 1.44285853807 1.44285853807
7587 4.56724878299 4.97873661135
7291 5.55463208876 5.55463208876
4247 1.72803326179 1.98901095087
4245 2.42887305821 2.42887305821
1168 1.63676484252 1.63676484252
1169 2.14621779911 2.14621779911
4240 1.62689581682 1.99258954044
5521 1.74228527617 1.94177262934
5523 3.75123372368 3.95806590209
5526 2.10857266275 2.10857266275
7130 2.14118649508 2.50135360023
6941 4.55506759876 4.55506759876
6940 1.37078328547 1.37082499728
7132 1.49830645745 1.49830645745
47 6.85929003886 6.85929003886
7297 1.31341895897 1.31341895897
41 5.22272682793 5.22272682793
1569 2.50282742251 2.75226381617
1365 2.29669678871 3.42578762441
5492 4.41896432279 4.69746516642
1292 1.75854745822 2.10348748363
1561 9.00330943449 9.00330943449
1563 2.58788204551 2.58788204551
1564 3.40496184316 3.40496184316
1565 0.168269942954 0.168269942954
1295 2.90042521914 2.90042521914
1712 1.82073412588 2.33584534767
475 0.0902764930321 0.0902764930321
5250 0.992143958564 1.07437504327
1789 1.61717413651 1.85056780863
4399 4.22632796298 4.4743647477
7460 3.37284874267 3.41027681439
5638 3.24072716619 3.24072716619
6541 2.71916962153 2.71916962153
6540 3.32091051842 3.32091051842
4391 2.28828278152 2.28828278152
4392 3.49614559142 3.81140112187
4395 1.68267892596 2.13711688284
6549 1.33508999181 2.05028669298
5633 11.3238245586 11.3238245586
473 1.60533147729 1.81551451744
3195 0.617905787337 0.617905787337
1862 0.277637793913 0.277637793913
3193 3.52523750586 4.2866521786
7465 2.28219249926 2.5067349877
3190 1.99531886948 2.33759683133
3728 5.75163185005 6.14040328921
3198 2.17113767505 2.21725332441
7466 1.85470009954 1.98602890131
1368 0.813799531751 0.813799531751
3729 1.09768645515 1.09768645515
2.36377711912 3.12019462754