4447 5.06314633915 5.3146566076
4023 1.52934614702 1.65717643006
5988 0.80094556418 0.80094556418
346 1.59399797056 1.7489990489
347 6.03067797424 6.03067797424
7513 1.09540568574 1.35569467776
7512 3.01129629864 3.01129629864
342 3.18421008672 3.43667832655
343 2.33458950109 2.43186530355
3996 1.71532180356 1.71532180356
3995 0.777189367739 1.01029650978
3994 1.37461348272 1.46265782393
348 0.886965560311 1.16402842694
7518 3.31261476032 4.12652731243
6150 1.22967484831 1.52600581978
6154 0.501630360149 0.613854075592
6159 0.591044917327 0.591044917327
6796 2.11527941864 2.91386336686
6797 8.37409277451 8.37409277451
4730 0.935193965523 0.935193965523
4736 1.86972225735 1.86972225735
2319 0.977036292313 0.980012662406
2313 6.01146462976 6.01192270852
2310 2.35695819127 2.35695819127
2311 2.63340628721 2.63340628721
5851 0.616679853017 0.800522526771
299 1.24999054068 1.48970056367
7627 2.51649697403 2.51649697403
291 3.45466845145 3.45466845145
4656 3.50002275115 4.25923523516
274 6.04786037441 6.04786037441
276 2.88908597334 3.78762572757
278 7.43269287319 7.43269287319
4836 0.977202782408 1.0881812901
6584 8.50145242155 8.50145242155
2262 1.20672261082 1.2878291694
6190 4.58458539854 4.58458539854
2266 5.0928992782 5.0928992782
2443 1.7292286221 1.7292286221
6055 0.238137548115 0.238137548115
108 1.59749060924 1.59749060924
109 0.154135419142 0.154135419142
107 4.0119749658 4.0119749658
4813 1.79230064483 1.79230296785
2047 9.66885173192 9.66885173192
2045 1.00916703159 1.05967728117
4817 2.99850996958 2.99850996958
4816 1.94798179071 1.94798179071
2040 2.41253165666 3.06514115202
4819 1.55055737325 1.77446820884
4818 10.000569749 10.000569749
1297 1.8353858037 1.96512276488
6378 4.34703091841 4.82681127172
6379 1.49925599173 1.80211583216
6053 0.680413337726 0.680413337726
5828 1.24966466267 1.24966466267
6372 0.909369558675 0.909369558675
6375 1.68693089907 1.68693096532
6377 1.82480697599 2.12545175146
2838 3.83047218024 4.01276960344
5363 3.76177535672 4.32731071503
3519 0.127045788854 0.129597323006
3510 1.40744920066 1.72302798082
3517 1.5205630194 2.20762754661
3516 1.77727304283 2.40448767847
7263 1.14345905605 1.14345905605
3514 6.01122014454 6.13922276893
6201 3.00988987101 3.00990399847
6202 1.49849327974 2.20227144905
2685 1.49500126494 1.67325640117
2687 5.24382319833 5.65762720501
2681 0.854887417772 0.987145331155
2683 1.05318030052 1.30024988694
5406 0.950643177196 0.950643177196
5119 0.245037151411 0.245252517871
6802 2.21543667951 2.21543667951
6800 0.77713335358 1.05362585298
5293 8.27275526982 8.27275526982
5404 0.972848622865 1.23207233296
91 8.12241485332 8.12241485332
93 0.430708093771 0.430708093771
95 2.00160060824 2.00160060824
97 2.05247865795 2.05247865795
5402 7.06938626982 7.20948212553
5182 4.27086892261 4.27086892261
1622 1.33203630167 1.61403267006
1992 1.57232970672 1.57232970672
1627 1.80069352033 1.86833725262
3993 2.27207805838 3.1186205977
1629 3.0836991917 3.0836991917
1628 3.27204169019 3.56084045698
3209 0.446726692707 0.446726692707
2860 0.202292943566 0.202292943566
2861 5.16259217674 5.37805357608
2863 6.71360431057 7.35326532519
2867 1.26604125632 1.61397323596
555 1.7236380379 2.00824793355
554 3.17017776397 3.17017776397
551 0.569077922537 0.569077922537
550 1.03628536704 1.28590168834
553 0.266606943423 0.266606943423
552 3.00773190487 3.17232653863
7142 2.26430462636 2.7575457648
1199 5.98845546602 6.06183370475
5459 0.989238540499 0.989238540499
7079 2.39640766101 2.39654224145
7074 0.717874534613 0.717874534613
5451 2.48505463354 2.48505463354
1193 2.81502005529 2.81502638165
3341 3.65847094429 4.19507781569
5454 2.99149838283 3.70358344529
3347 2.12499511204 2.20790217876
1197 4.64228732001 4.64228732001
3345 5.23669096584 5.2987074885
1754 3.99985239036 4.59190415984
1752 0.398165484997 0.398165484997
6976 3.15164525015 3.15164525015
6975 0.768835277383 0.910309009793
6971 2.20151150673 2.39882427951
4253 2.52943836589 3.34822509647
4252 2.1206756436 2.31852235147
5531 0.459748498895 0.459748498895
5538 0.0136915547838 0.0136915547838
1285 1.33404744284 1.66699447041
1284 3.21426645936 3.36640670944
1287 4.53612727722 4.76296971075
1280 4.57143680732 4.57143680732
1283 9.60045233006 9.60045233006
1289 1.0382027942 1.03823918274
7188 5.08081500709 5.46152190484
1579 3.19473815726 3.57663576935
689 3.42091466174 4.00079672922
684 2.14692349358 3.571908162
687 2.28307994769 2.49155145111
7183 0.952207268754 0.952207268754
681 2.11572023332 2.11572023332
683 2.31820922448 3.4043110109
7187 0.194954252818 0.194954252818
458 2.53243903945 2.53243903945
6006 2.0021467046 2.38968766366
1222 8.63674605209 8.63674605209
4388 1.92568968958 3.05625868697
6576 1.6471222106 1.6471222106
625 2.49067341813 2.62978404378
6574 1.50065507611 1.80341666696
5627 0.927740352926 0.927740352926
4382 2.29780163656 2.90574312481
7459 0.805101896707 0.949160896946
1371 2.257551559 2.257551559
406 0.874801492932 0.874938405322
405 1.69884297442 2.25836062162
1374 1.57365913965 1.79016805027
3834 2.98274332518 2.98274332518
628 8.35452536671 8.35452536671
3831 0.512236742384 0.677442169148
3832 3.36859705829 4.51300039419
3838 3.7458375162 3.74584856042
6794 7.6159170978 7.6159170978
4844 1.08748023453 1.08748023453
5990 1.95607980534 1.95607980534
5992 6.49442935658 6.52905078435
379 5.05878392324 5.05878392324
7527 2.74407611771 2.74407611771
7525 2.99710572087 3.21506498059
370 4.80530468767 5.48101356605
373 0.490684382443 0.490803386439
2038 3.1729180363 3.1729180363
374 5.56578105113 5.56578105113
376 3.57204768092 3.57204768092
6530 0.669664054217 0.815804975095
393 1.68633436939 1.68633436939
391 1.09160315624 1.60497255237
394 1.29186216219 1.29186216219
6148 2.65883010681 3.2857470482
2309 5.53554666839 5.53554666839
6780 3.86374329046 4.60215634019
6782 1.22300353321 1.22300353321
4728 1.35394180425 1.35394180425
6787 1.64847588307 1.64847588307
2301 3.99666329005 3.99666329005
4724 3.38816738968 3.38816738968
4727 0.833740076564 0.833740076564
2307 6.44365393552 6.44365393552
5846 0.708460099916 0.821131709128
6538 3.29911403413 3.88940201202
5849 3.14020490876 3.63006707652
3748 2.60640558578 2.60643473503
3203 1.49771917703 1.88120942639
3745 1.1707892119 1.1707892119
3743 0.309448703155 0.310244351373
247 0.738710855405 0.738710855405
4623 2.3529321353 2.55436408847
4624 3.18319140075 3.33604717344
243 1.16665649823 1.16665649823
4629 2.48222162975 4.02605210938
2272 1.12774737446 1.12779115369
2278 2.78236631914 3.24910440388
2459 0.464031189538 0.464031189538
2454 1.26423888865 1.26423888865
2451 3.3825580864 3.3825580864
2450 2.46175314721 2.78681708202
172 0.133835328497 0.134305109635
171 2.22556613333 2.68471178406
2050 2.71968822078 2.76447640532
4538 0.742974194449 0.858784598353
4828 0.934729550097 1.15268817546
2059 4.02050532716 4.05046562527
2058 0.0939122662334 0.0939391535633
3692 1.63722296944 1.63722296944
3693 1.45264826557 1.45264826557
4530 2.70490144458 2.70490144458
3695 2.17723797133 2.17723797133
3696 2.13742041921 2.13742041921
4821 1.24888759196 1.49118513403
6369 2.32777092617 2.36830374437
4983 2.52871941947 3.36090618962
7337 3.00353213588 3.00353213588
1504 2.99824590045 2.99824590045
3522 3.50052333106 4.90741480278
3523 2.29935600912 2.73721743925
7043 1.18622374153 1.5004764457
7218 3.12596533266 3.12596533266
7215 1.32784790416 1.4152196024
1601 4.92535379783 4.92535379783
6215 0.746324819002 0.746328777045
6386 3.45638324926 3.52228218397
2699 1.09882342264 1.09882342264
4651 0.492006812265 0.568188408368
2693 1.32936542443 1.40841732731
2690 0.425120995284 0.58960981159
6819 2.07482648878 2.07482648878
1605 0.127461825808 0.127599728087
6814 0.115755295179 0.115755295179
6817 5.88770549158 5.88770549158
6816 1.265597749 1.265597749
7326 3.08405376948 3.67224370208
3231 2.17216210789 2.50791829876
3236 4.06970180983 4.06970180983
1969 7.32033463697 7.32033463697
3235 3.99357020963 4.1606966187
1965 3.91101196178 4.2907594133
1966 1.05035427513 1.65182087694
3239 2.61537332828 2.61537332828
5191 5.23889243799 5.4330324826
1962 1.38906587639 1.42339385066
2877 4.63092099135 4.63092099135
3355 1.52951524315 1.52951524315
3351 2.09954587448 2.33429213611
3353 0.000277865520285 0.000277865520285
3352 1.14700592133 1.23636679327
7063 0.594117533202 0.629522870208
5446 1.82883875209 2.27351886676
7060 2.37223980139 2.55671980529
1764 9.08320842957 9.08320842957
1788 0.481753059412 0.481753059412
1145 1.52716377007 1.72785093253
6968 1.46722679104 1.46722873076
1148 6.00248047218 6.07501767196
5509 0.18097456213 0.18097456213
5506 1.51484798749 1.51488415077
5507 2.38011107914 3.03906582488
5500 0.582932427974 0.582932427974
692 1.76884101453 1.76884101453
1547 2.23733885758 2.29293889081
1544 2.96866129947 3.07773272804
1545 2.03537386502 2.44711547537
1548 5.12538251886 5.12538251886
7199 2.23778270368 2.23778270368
546 3.13121448927 3.13121448927
544 1.28948683565 1.52892578723
545 1.13397424946 1.23827393832
549 2.19372899776 2.55525065268
7194 5.15364089723 5.15364089723
6886 1.63488469679 1.63488469679
7564 1.49987304043 1.62808208223
764 3.12722274928 4.35100630699
6406 2.53801432103 3.37006146313
5618 2.13892996205 2.13892996205
7442 1.94159387776 2.51625637983
6568 3.26807815914 3.26807815914
5477 2.00038605528 2.08655663654
5612 0.038637863242 0.038637863242
5613 0.874754255256 0.874754255256
6405 5.64281684561 5.64281684561
5617 7.39998194426 7.39998194426
6562 1.52183238305 1.74945325593
7398 2.67159574858 2.67159574858
5475 1.90883957543 1.90883957543
410 1.81669907942 2.35305425467
1389 2.25871381801 3.02682755963
412 0.64347351408 0.64347351408
1384 3.15837265286 3.90935449226
1387 3.25234610796 3.93033019423
419 0.930472112953 1.07535630225
5003 2.52513119443 2.80712075032
3823 6.77757119226 6.77757119226
3821 3.0630238902 3.0630238902
7114 2.93761953511 2.93761953511
3828 4.23794423685 4.23794423685
5000 0.876876433156 0.876876433156
7482 4.23282522537 4.23282522537
4282 1.98454728692 2.25584888846
4280 0.722806664177 0.876275402193
4286 2.21980454302 2.21980454302
7538 3.43405500931 3.43405500931
369 1.31912266498 1.74543996312
366 1.71386850869 1.71386850869
7534 1.62579024185 1.62579024185
364 0.0572583169579 0.0572583169579
365 2.36941016459 2.89384883151
362 1.06804898495 1.06804899294
5009 4.01319472123 4.59600651283
360 1.21477293343 1.21477293343
7532 0.639081498583 0.639081498583
380 1.46609155362 1.71851825325
381 1.69603049842 1.7821661879
383 1.83624343323 2.36782637515
384 2.60221798062 3.67276279776
6178 1.36386270573 1.36386270573
389 0.551508804159 0.552523896012
5271 0.314843918126 0.314843918126
6778 2.97006556003 3.83912207572
6779 0.690264262976 0.690309915653
1369 2.63737435828 2.96498545329
6774 3.08572524651 3.12082855069
6775 0.492045988066 0.575051701912
6770 7.44995106484 7.44995106484
6772 0.836713447079 0.836713447079
4757 1.54229063743 1.54229063743
5870 1.6508912873 1.65089292964
5876 4.4479427265 4.69579036593
5374 0.762880345832 0.762880345832
5879 0.340130687764 0.340130687764
3758 1.48568197068 1.63655409522
3750 1.427703897 1.427703897
3753 0.186608646278 0.186608646278
3755 3.49886952022 4.04496054125
2192 1.5114669581 2.14054503244
259 6.18049060056 6.18049060056
4637 4.40056465497 4.40056465497
2195 1.91212522742 2.4971693359
2196 0.0192018203349 0.0192018203349
2197 1.76689783201 1.9388626395
4638 2.09674430222 2.46834505547
256 1.89556910943 1.89557804239
2200 7.22702268093 7.22702268093
2201 0.749431383548 0.749431383548
2202 0.924391160186 1.00757874233
2204 1.50123630647 1.76250971766
2205 2.79724683038 2.79724683038
2209 2.38388635184 2.92851432898
6689 5.92863016594 5.92863016594
6680 5.03208784446 5.03208784446
2428 3.95325045583 3.98903557244
4812 1.04273429463 1.04273457441
2422 1.67663317609 2.15929101093
2426 3.36325082724 3.36325082724
4810 1.8720700766 1.8720700766
169 2.84501013819 2.84501013819
164 2.10051670432 2.15906521921
160 1.80893794736 1.80893794736
161 2.37232181963 2.90240259728
162 3.12895220546 3.12895220546
3689 0.00542994082745 0.00542994082745
3683 0.899245162969 0.899245162969
4526 1.8300291243 1.8300291243
4525 5.99262415661 6.23625613004
4524 1.2165520966 1.38137633035
4523 2.39562873766 2.77107708224
3685 2.99280180441 3.06248855064
3684 5.14544122182 5.14544122182
6194 5.33264394263 6.00456468198
6981 1.75022673373 1.75022673373
2518 1.61637459774 1.61637459774
1842 2.2824527986 2.2824527986
2514 2.24639706251 2.24639706251
2516 3.48555581954 4.2174917241
6198 5.48470004398 5.50419003199
908 3.69103838301 3.69103838301
6740 2.24828833262 2.24828873427
2730 0.0674241116745 0.0674241116745
2733 3.15667345896 3.15667345896
4426 1.06000407266 1.16022405228
5294 2.07832561151 2.39708345884
5295 2.00211356797 2.97481320437
2738 2.6634295594 2.79168460376
2739 1.24429074027 1.56810969155
5291 2.97213501886 3.67906157814
1817 0.272960702588 0.272960702588
1811 1.80304883439 1.80304883439
7203 1.42811637745 1.52187217777
6227 4.12607685642 4.12607685642
6228 3.24789883525 3.24789883525
671 0.236175609 0.236175609
6993 0.956249172428 0.956263877542
1609 1.30232802656 1.64237412996
7336 1.99920382231 1.99920382231
7335 2.49998532969 2.49998532969
7334 4.6193151475 4.91636569519
3225 1.95735564391 2.70112454234
3224 3.51667537166 3.51668341898
3227 3.50702969597 3.50702969597
1602 1.91652949169 2.39823830608
1973 3.83130562769 3.83130562769
1972 1.33279573963 1.33279573963
7339 2.96914706729 3.29927118564
809 2.00021982544 2.27288720682
801 3.00505073752 3.33182661501
807 1.76306561779 2.05950664871
806 2.49896860324 2.87154395411
2849 6.43974435225 6.43974435225
2846 2.74760194209 2.74760194209
2843 1.10468627791 1.10468627791
3321 1.38193081366 1.55098755389
3323 1.88511402775 1.88511402775
3328 2.33654256742 2.33654256742
5478 0.566774026248 0.76007419757
5479 2.08391268933 2.08391268933
5274 0.0870733868859 0.0870733868859
7058 1.09497707764 1.09497707764
1776 1.00709303706 1.34396874552
1770 3.00352335263 3.00355174605
5272 3.39682686287 3.64310229396
323 5.20082440392 5.65755996179
7052 3.25581794438 5.28072652252
1778 0.537208196301 0.537208196301
7055 0.809227725786 0.809227725786
1154 3.86685438503 4.14571374975
1152 0.524117638496 0.524117638496
5519 2.00518944449 2.00518944449
5518 1.59685490082 1.67360497498
5513 2.71453963707 2.71453963707
5512 1.51211917509 1.82856781237
5515 1.42316359461 1.76072662416
5517 1.98291181621 2.14175638215
1551 9.24474874807 9.24474874807
2999 3.99389914466 3.99389914466
59 1.31128644842 1.31129886222
58 5.66196947775 5.71548133715
55 0.999409959413 1.01947013188
2991 1.33390907485 1.33390907485
57 2.18797414488 2.18797414488
2993 3.45039682295 3.45039682295
52 0.990110738065 0.990110738065
535 1.30632001787 1.38786036751
532 1.59055313139 1.61077819107
531 3.02383682018 3.64516820077
7342 6.50074266955 6.96467050189
538 0.69781119519 0.830886983461
5600 0.493989302458 0.493989302458
5609 4.42197384155 4.42197384155
5608 2.7463372908 3.32491458904
5134 1.15047833488 1.28751241838
1902 1.43983185831 1.69253125888
6517 2.76485389784 2.76485390424
428 1.17461134389 1.17461134389
421 4.10423185803 4.10423185803
420 2.98599974103 3.3003040476
3293 0.158427939414 0.158427939414
1393 2.55969463222 2.55969463222
1391 0.812432086633 1.26595792744
3810 1.81450341468 1.88313724337
3816 1.70520085548 1.70520085548
3814 0.527409274209 0.527409274209
3457 4.5012146787 4.5012146787
6420 0.428605551878 0.428605551878
4298 6.04900788031 6.04900788031
4294 2.05020244873 2.05020244873
4297 1.6975900168 1.6975900168
853 6.53813331401 6.57617074539
6428 1.19468223471 1.19468223471
6429 2.78195323656 2.78195323656
6412 0.209319970855 0.209319970855
7543 0.727426616449 0.727426616449
7547 5.36320354383 5.50492357157
6168 2.05134847943 2.19399044819
6160 3.80982237942 3.80982237942
6162 0.07644855201 0.07644855201
4749 1.55107117817 1.5759175439
4748 3.49983457686 3.98953684486
6767 2.31303750856 2.31303750856
6766 2.51507281971 2.85735279277
4740 3.84163755905 3.96385229704
4747 1.8717534011 1.8717534011
4744 1.00008463799 1.28395699929
5868 1.71605142319 1.71605142319
5865 2.48870833191 2.61823265322
4715 2.61656102569 2.61656102569
2183 2.4811239268 2.94324613456
7059 0.253928243967 0.253928243967
2181 0.653824300653 0.653824300653
2186 0.862893982425 0.862893982425
4606 5.40488124925 6.08332896733
2189 1.99597552691 1.99597552691
224 3.92796758575 3.93071097613
223 5.90915743052 5.90915743052
222 2.01025003959 2.50563706201
221 0.818603058996 0.818603058996
2212 1.77775975456 1.84703269885
2211 0.855054794139 1.13440682122
2210 1.45340784967 1.61231741294
2217 3.21521227579 3.21521227579
2216 2.26684214978 3.91584882879
2214 5.23818978671 5.23818978671
6699 0.719025757556 0.719025757556
7293 1.0264440797 1.12138799466
6697 1.11845282282 1.31377092679
6696 1.10985544623 1.21846981239
6694 0.923214761844 0.923214761844
151 0.818380087827 0.818380087827
155 1.5023746138 1.5023746138
156 3.33612345173 5.01967712981
2433 0.939606632971 0.939606632971
2431 3.12799852948 3.26708452211
2430 2.20837293741 2.20837293741
2437 4.32032153219 4.41000387163
2434 2.01817475864 2.20225766468
6340 3.46711395211 3.46711395211
6343 1.96162016669 2.30810768427
6344 4.43219047507 4.43219600244
6346 1.24979538594 1.24979538594
6349 0.911989258275 0.911989380724
4510 1.5472975166 2.15224292019
6809 2.32606565262 2.32606565262
4514 1.00113624914 1.14810648334
4515 3.54028500441 3.54028500441
6186 1.77682319417 1.77682319417
6183 1.48687150402 1.63599817886
6182 2.5847533447 2.5847533447
2508 3.83428689713 3.94696938411
2507 2.14406545872 2.9315223531
2506 2.81704680974 2.86103712703
2505 3.31549501859 3.35679426951
2503 1.27661698038 1.27661698038
5289 2.25004119735 2.25004119735
5288 1.64693222154 1.64693222154
2721 1.84886859004 2.40779217296
5280 2.51560179827 2.86486446999
5282 1.24450731706 1.24450731706
5287 3.02653479716 3.02653479716
7234 0.497752519562 0.590078746173
7235 6.42734621998 6.42734621998
7233 1.14586745435 1.14586745435
5047 4.13822092056 4.13822092056
5046 2.95258230648 2.95258230648
5045 9.54531023301 9.54531023301
1807 2.36870210733 2.40134036439
3783 1.67406125805 1.67406125805
1804 2.49375287638 3.46372496164
1802 2.02931642862 2.44225038495
3789 2.01800896958 2.01800896958
1809 5.52320879497 6.07510760876
1808 0.933111943028 0.933111943028
4994 2.08223949393 2.08223949393
6239 1.00724359858 1.00724359858
4993 2.20708465274 2.55385072524
4991 3.27670450374 3.27670450374
6234 2.46455106266 2.46455106266
6237 0.197779362309 0.198516887259
4999 0.0657901639263 0.0657901639263
1948 0.598779326586 0.598779326586
7301 2.39913035046 2.39913035046
7307 6.53591083699 6.53591083699
7304 4.54036918574 4.83982761771
7305 0.0402904217119 0.0402904217119
1943 1.0205144767 1.0205144767
1940 1.90486907116 1.904873849
1941 1.5164976791 1.80011092376
1946 1.01643883929 1.12067020909
810 2.19439448237 2.80389929834
1252 3.27089788893 3.27089788893
812 0.987850850492 0.987850850492
814 0.647428659245 0.647428659245
817 3.60254879643 4.18189639141
2859 0.748941752988 0.748941752988
5183 1.55567862388 2.24229756598
2850 3.26875039401 3.81913387205
2852 1.99878169466 2.27764549251
2855 1.41651416883 1.41651416883
2857 6.55583871008 6.59966895479
2856 2.44086548911 2.44086548911
7045 6.38363409927 6.38363409927
1491 2.89281725561 2.89283491406
5463 2.94482775827 2.94482775827
5462 2.50956729308 2.61393299236
1494 2.71544261273 2.71544261273
3336 2.29505644584 2.96683574626
1496 2.25355398837 2.31526513741
7042 3.32233445198 3.32233445198
1499 4.84236920555 4.86756471124
1702 0.731872458188 0.731872458188
7328 2.88491498791 3.66163922165
1705 1.4057151512 1.4057151512
427 1.85548896517 1.85548930344
4574 4.8319910742 4.8319910742
1129 2.50015634863 2.53582947049
1123 0.728200781773 0.728200781773
6983 3.98499920256 4.20071667433
6982 1.23173621754 1.23173621754
1126 0.184960639727 0.184960639727
6980 2.94694772907 3.02553536475
2982 2.65907898545 2.65907898545
2981 2.18582915881 2.96879356008
2987 0.138924178403 0.138924178403
3022 4.16026766358 4.16026766358
2985 1.91847420054 1.91847420054
524 1.5000686154 1.5000686154
520 1.73715902003 1.80076126519
521 5.45956123719 5.45956123719
523 2.60885460478 2.88349249285
1012 0.789683270324 0.789683270324
1013 0.499789410817 0.499789410817
1234 2.09188767487 2.57233108063
1235 5.86126155403 5.87466177127
1237 0.909395195573 0.909395195573
1230 8.9512166196 8.9512166196
1231 0.250177844005 0.250177844005
304 2.34130587168 2.65146550414
4195 0.172050392419 0.172169566057
4192 0.9807336324 1.09723287148
1239 1.76893136227 2.03452649658
5674 2.04193811303 2.64343493285
4355 5.246462996 5.246462996
4357 0.376808853497 0.376808853497
4353 2.97898137522 2.97898137522
6507 0.83904191982 0.83904191982
4900 0.266061142018 0.266061142018
437 4.0001566661 4.0001566661
435 0.181644738648 0.181644738648
433 1.90370581362 2.14243337167
431 4.71683207373 5.14792477061
7158 1.18238675937 1.18238675937
3808 6.21144918967 6.21144918967
3802 1.24944809562 1.34576471029
6437 0.515595523788 0.515595523788
6435 1.6663696024 1.6663696024
6432 3.68134494101 3.68134494101
6431 10.3804278889 10.3804291468
5707 1.24067705081 1.61298662685
5700 2.59496821829 3.02953678831
5702 8.09266217656 8.09266217656
6438 0.790457503292 0.94019842815
2868 3.70370379619 4.39348322014
2869 3.50304023489 3.50304023489
7553 1.07886290347 1.42450811502
7551 2.24818745022 2.24818745022
7550 1.63464748175 1.63464748175
7557 1.91616709225 1.91616709225
7578 0.499956999485 0.506990907662
4774 3.15575403307 3.33918418068
4770 6.37296278172 6.37296278172
4778 3.05709421663 3.05709421663
6421 0.111245490744 0.111245678633
4175 0.367809158675 0.367809447467
4172 2.14729004977 2.20383435371
6752 0.155422328169 0.155422328169
6756 2.75881467654 3.8184191951
4179 3.13957667095 4.97298009684
6755 3.55462378285 3.55462378285
7171 5.09502614752 5.50070973493
5815 1.58060992259 1.58060992259
5816 1.68177009599 1.82480775897
4296 1.94938076233 2.43365749671
7173 4.41791489883 4.60998585351
5064 0.666595973102 0.666595973102
4619 0.590533378186 0.887165530875
234 3.39477089085 3.94269985585
4610 0.367945165623 0.367945165623
236 3.131072113 3.131072113
4615 1.13198169234 1.13198169234
231 3.36512620145 3.36512620145
4617 1.90764663012 1.90764663012
233 4.81999929164 4.81999929164
7392 3.16386243983 3.16386243983
2223 0.38578466543 0.38578466543
5924 3.05721837446 3.05721837446
5925 1.4945461342 1.96226226061
4881 0.357690168565 0.357690168565
146 0.595119718416 0.595119718416
5356 0.146991647876 0.146991647876
5143 0.219442867441 0.219442867441
4501 1.24614644149 1.24615302812
4503 0.999484822813 0.999484822813
4502 0.497758244357 0.497758244357
4508 2.35057087298 2.35057087298
2089 1.46246776897 1.46246776897
2080 2.50750634489 2.63933863597
3403 2.58581077783 2.58581077783
2538 2.84869979467 3.0055262116
2539 0.228561508657 0.228612239403
2530 2.1854295475 2.54511339636
2537 0.548886912017 0.548888996845
2713 0.934758395447 1.36730441591
5453 9.3014179622 9.3014179622
2716 2.68195330653 3.31541256078
2714 2.24124126187 2.34205030712
2715 3.99572677342 5.992247722
5078 1.58770226114 1.97582211024
7222 1.5038957545 1.63010965765
5456 2.35164179168 2.40576180669
7227 2.00003487667 2.00003487667
7226 2.51102377228 3.2576333536
5072 1.60975334392 1.60975334392
5457 1.55666295378 1.55666295378
5076 0.364684974854 0.364684974854
5077 1.95121088333 2.11507971091
1832 3.29811259731 3.33611659822
1833 1.04688063249 1.04688086594
1830 2.97001399409 3.00723829265
1831 3.06175167103 4.10964017135
1836 0.0913586563142 0.0913586563142
1837 3.51087452597 3.82356364067
1838 1.1858257988 1.1858257988
1839 1.2115464678 1.45971660425
2155 1.63247933869 1.82528607578
2156 2.89625554298 2.89625554298
2157 2.90854951889 2.90854951889
2402 7.94214223349 7.94214223349
2151 1.88789897121 2.07120960017
6240 0.854232915738 1.03373166672
4988 2.21370770716 2.21372864084
7446 0.244408569963 0.244408569963
2158 5.50047713741 5.67858262019
936 0.0399550114754 0.0399550114754
6246 0.879781857424 0.879781857424
2409 1.13984213651 1.62832230176
5381 4.94050659546 4.94050659546
5382 1.21986867772 1.58523441182
5383 2.47498414651 2.47498414651
5386 4.08521371425 4.08521371425
5387 0.0462331037356 0.0462998809913
5388 0.38653212197 0.38653212197
1691 4.4038288811 5.20739996824
1955 0.86061662809 0.860625760606
1957 1.98233683178 2.32731044958
1956 5.27875137703 5.27875137703
1959 3.10263642485 3.52286221433
3243 6.26407055809 6.26414127139
3242 5.49977419892 7.23975871205
3247 0.933641377347 0.933688518806
7310 1.70145924041 1.95032380198
3245 0.818656447056 1.0877012634
3244 3.77205790577 3.86007166329
826 0.504239004984 0.504239004984
821 1.51844325514 1.66598023001
820 0.994210698401 1.05592294911
1483 0.714638777796 0.714638777796
1482 1.50400768626 2.12133461348
1480 1.49882142154 1.543064798
1487 1.98180130053 2.04378889743
1486 2.24781400289 2.24781400289
1485 2.00995626214 2.20630419459
7037 1.55760731498 1.55760731498
5496 1.76366562959 2.04263746127
3300 0.848028477039 1.26843744082
5493 1.99958143867 2.35687681525
796 1.24171150569 1.24171150569
795 1.53458364282 1.53458364282
5251 2.90177837052 3.56062256354
5256 0.999572761227 1.23580607493
5257 1.83078104459 1.83078104459
5254 3.75688755882 4.68901228681
1719 0.611832413926 0.611832413926
1718 1.38839388166 1.88595700776
613 0.365472744883 0.365472744883
2414 1.99902522637 1.99902522637
1139 1.8003113726 1.8003113726
1273 5.98606306887 6.13927793283
1995 0.995741482063 1.36855133627
1275 0.0653574145128 0.0653574145128
5940 1.79177876464 1.79177876464
3011 1.82902702981 2.11127408144
3016 3.09487733314 3.09487733314
7141 2.91042724384 2.91042724384
3014 1.4319622528 1.4319622528
7143 0.683050866068 0.683050866068
926 3.14487276686 3.14487276686
1007 0.502400732763 0.555010114857
1005 2.22790681606 2.56000516442
512 6.81813052182 6.81813052182
515 1.11438352595 1.26130030225
517 1.98998594979 2.62205522155
516 0.307849136408 0.307852451888
1226 1.50048479168 1.52132960031
621 0.63714453608 0.63714453608
1223 0.604475904056 0.604475904056
626 5.24483545941 5.47760088636
1221 3.15493233555 3.15493233555
4182 0.107978367131 0.107978367131
4184 2.86902105907 2.86902105907
4186 1.58816327241 1.58816327241
5662 1.68892590634 1.98645598445
6533 1.34853571702 1.75568843688
4349 0.99928502074 1.022388639
7562 5.41451694768 6.22857410627
5669 0.500128249398 0.549195535063
4341 0.996817610534 1.18811914884
2883 5.64736986674 5.6473817391
7498 1.31498437931 1.41302842975
2887 3.01056001836 3.01056001836
2884 0.729534671314 0.729534671314
7493 3.19514460192 3.84390071257
7490 4.87406195618 4.87406195618
7491 2.49983289129 2.54937794891
7497 2.52730031203 2.52730031203
7494 1.96404904993 2.02762870237
3878 4.46900052036 5.6730614501
3879 2.01609686721 2.04826907883
3874 2.42202833092 2.47127799426
3876 6.3931265834 6.3931265834
6403 1.49924519076 1.49924519076
6400 3.3430084794 3.82533582036
15 1.84926485777 2.18483405616
14 2.23021765781 2.23021765781
6404 3.30477699409 3.30479520727
1921 2.4510509886 3.22886925405
19 2.49753518399 2.49877987128
7568 1.60088651307 1.82614340669
7561 0.154090819684 0.15409140765
7374 1.79297584744 1.79297584744
3907 0.477873216515 0.477873216515
3902 4.43794845849 4.43794845849
4761 3.11397393789 3.46791660842
4760 1.62595266172 1.87876279077
4763 0.245033932328 0.245033932328
4764 5.45211946196 5.45211946196
6748 2.02951650531 2.8666153787
4167 6.99307058744 6.99307058744
4162 1.38559000796 1.47085679559
4161 1.47470854648 1.87159574782
205 2.59426692261 2.78028108414
204 2.31790574526 2.76101335252
209 3.81776922659 3.81776922659
830 3.00321415704 3.00321415704
7181 0.326103907633 0.326201474612
2233 5.15025008519 5.15025008519
2232 1.21389405636 1.21389405636
5937 8.33387620641 8.33387665954
5936 0.727380499778 0.840722980598
5934 4.69516807848 4.99185110487
5933 3.68104564254 4.22719807248
5932 1.51313768732 2.06183116318
5931 1.86993405218 2.19787214009
5938 3.60747944002 3.60747944002
7140 1.79307893609 1.79307893609
3499 1.25700384933 1.44788854182
3495 2.25951995517 2.25951995517
3491 0.505154369424 0.505154369424
4570 2.51307894617 3.11800377858
4572 5.80860228703 6.0011491575
2096 2.87809261786 3.40983784423
2091 2.49121325147 2.53808107535
5096 7.9326332203 7.9326332203
4576 0.999135315216 0.999135315216
2092 2.17765824868 2.51042154116
3657 4.74763121144 6.15765824219
4604 4.76808385802 4.76808385802
2525 0.602486849917 0.602486849917
2524 0.66502085295 0.66502085295
2527 9.03271260346 9.03271478411
4602 3.02886279181 3.61689045009
6902 3.73404891571 5.09938453971
5065 0.792406801778 0.902799888543
4889 2.59408428755 2.59408428755
5067 1.4504793475 1.62845025587
5066 1.00192449693 1.09228943834
5061 0.180749487479 0.180749487479
2708 1.12949139854 1.12949139854
7262 1.80976565292 2.19606153216
5062 0.590026950713 0.590026950713
2704 1.29599743691 1.29599743767
5069 3.56386084426 3.85992554459
4885 0.634698281878 0.634698281878
2702 0.816211507726 0.816211507726
4193 1.81185264624 2.03450196376
1828 0.818368978265 0.818368978265
1825 1.6559353332 1.6559353332
7453 2.23009974915 2.90598647504
928 1.57512232573 1.634802759
2146 3.66000557778 3.77857334501
7072 3.15137554962 3.15137554962
2142 2.26922437339 2.48511996596
2140 1.1678048563 1.1678048563
921 1.50751224698 1.50751224698
4498 1.37701521901 1.45523107032
924 2.06543514208 2.18428126778
4971 0.0811028247456 0.0811028247456
2149 3.26453847953 3.26453847953
5745 1.07696478345 1.08468791362
5392 0.000705531357236 0.000705531357236
5395 3.8531059828 3.8531059828
3276 1.06340307962 1.06340307962
3277 1.23484741519 1.23484741519
1924 0.694708534454 0.694708536252
1926 0.610372539112 0.610372539112
5749 1.54107640556 1.5410775503
3278 1.57194994019 1.7038749815
7369 1.50649527431 1.50649527431
3476 0.814576151565 0.814576151565
831 3.50043542897 3.50043542897
837 1.08271815406 1.08271815406
7361 2.5025165541 2.55429644786
3478 1.56466182749 1.76641113368
5586 3.48208624596 3.48208624596
3332 0.167544509213 0.167544509213
3318 0.0819783815788 0.0819783815788
6571 6.01091962649 6.09625727633
5488 0.915321499513 1.10683354693
5484 2.12873913609 2.60411996844
5483 0.99902663658 0.99902663658
5482 1.87082524418 2.21450130328
5481 1.81717138806 2.07598571769
5480 5.18313967441 5.18313967441
785 0.667675423753 0.667675423753
786 2.9536517471 2.9536517471
7450 2.4813403475 2.4813403475
1728 3.2752001295 3.2752001295
783 0.506624159945 0.506624159945
6591 3.50039561562 3.50039561562
1727 1.58658798616 1.58658798616
5246 1.57196257612 1.64996518783
1722 1.71408023777 2.59002518786
789 5.38658101747 5.38658101747
1720 4.31732306998 4.31732306998
5242 1.99799686851 1.99799686851
7594 1.20027031402 1.20027031402
61 3.49887151499 3.5830979636
3006 1.45421097555 1.45421097555
3000 2.10690561437 2.4357292368
66 1.89481684621 1.89481684621
68 1.92684056192 2.13811343742
69 1.21742351898 1.96730975721
3008 1.00001833693 1.00001833693
7159 1.11128054807 1.46401014503
1370 4.96018640088 4.96018640088
7153 0.789665375982 0.789665375982
7152 2.21058999548 2.21058999548
1584 0.415132636881 0.415132636881
1585 1.0233140209 1.31169608339
6826 0.997206561349 1.09533997329
509 3.82537665464 4.02347666431
1032 1.62278169 1.62278169
505 1.34787490321 1.34787490321
502 4.1405497723 4.46033779585
1037 1.9148750845 1.9148750845
1212 0.767606025914 0.767606025914
1210 3.00264368234 3.02973837444
633 2.04573196337 2.04573196337
1216 1.51260947779 1.7172598432
635 2.00492429813 2.00492429813
638 3.64845054997 3.64845054997
1218 1.17528552698 1.17528552698
1219 2.09225950439 2.79993117501
6521 2.09772592936 2.49343994431
7484 2.46913714999 2.89215517743
7487 3.83932922834 3.83932922834
4379 2.54146673471 2.54146673471
7483 1.20165663383 1.20176901474
5659 2.05054744333 2.82455660792
5655 1.07614983084 1.07614984995
5652 0.87514150123 0.87514150123
4377 5.41442121995 5.414422125
2899 3.48383477656 5.32530370894
2895 0.578433211566 0.769034480895
2891 9.19001883073 9.19001883073
2890 3.49681315546 3.80117813919
1106 1.70582968947 2.26752266039
1455 4.77276021007 5.34182616912
1102 3.50143830036 4.95025501581
1103 1.36166597694 1.36166597694
1453 0.676900890407 0.803312849143
1458 2.03044803096 2.63929687436
1899 2.75028644965 4.06993844082
4082 1.41407783106 2.25172012706
3868 1.65473744057 1.93055249077
4088 3.6483420805 3.6483420805
5241 1.49676812878 1.49676812878
3738 1.28039999433 1.37296207863
3866 0.0789100757138 0.0789100757138
3864 10.9284937106 10.9284937106
7073 8.43047122211 8.43047122211
3735 3.91110151344 3.91110151344
5729 2.71580807466 4.07894157867
6419 1.04816080529 1.5975137611
6418 0.802535897655 0.932049087532
6415 1.957292518 2.38292872203
5723 2.29615312564 2.29615312564
5720 2.16927057166 2.38736063102
5721 2.82071269371 3.28350450757
6411 4.43622757573 5.30219415913
5727 6.63515978826 6.63515978826
5724 1.74206058111 2.13385438818
5725 0.334116384906 0.334116384906
3913 1.49097685999 3.60979438329
3912 1.68877087946 1.74359133648
3918 1.69275977404 1.99735829336
6732 2.49850504729 2.49850504729
6734 0.574187452465 0.574187452465
6736 2.65723551537 3.70173508185
6737 2.61535450955 3.45540383961
6738 3.52246208358 3.52246208358
4796 1.66257145059 1.66257145059
4790 1.66429235859 1.80994214033
5836 3.08351117796 3.08351117796
4153 1.88155927104 1.88155927104
5834 3.66853528952 3.66853528952
5835 2.48853524946 2.55606964912
4154 1.32387034047 1.32387034047
5831 0.00145344208358 0.00178023998744
4159 4.49730217209 6.21988428984
4698 4.30496811297 6.35870941612
219 2.72378235086 2.8444391795
7464 0.59891433853 0.59891433853
6087 2.52920912073 2.52920912073
6084 3.1559545884 3.1559545884
6083 2.71398689133 2.71398689133
6644 1.16750594571 1.35616386274
6640 3.44986678461 3.68310074605
6642 1.74983159789 1.74983159789
5902 2.73224067579 2.73224067579
5904 1.29273565445 1.29273565445
5909 2.78931994888 2.78931994888
6497 0.233532171044 0.233547253424
3488 4.43704958981 5.13852559957
3481 5.64725285163 5.88277744584
3480 7.58609964449 7.58609964449
3482 3.38204225463 3.38204225463
3487 4.98374938457 5.42006769596
3486 4.39871262498 4.39871262498
4566 2.48676596646 2.48676596646
4565 1.05074378227 1.16139211709
4569 2.15314311343 2.19733585328
7080 2.82318990689 3.38961303965
2551 2.51928722067 3.81838582003
2552 7.58756242151 7.58756242151
2554 1.50395962926 1.7791521772
2555 1.49885001472 1.49885001472
6396 1.06118139046 1.06118139046
6397 5.45478644781 5.45478644781
2397 10.0012113654 10.0012113654
2394 1.12282188128 1.52580828791
63 2.37187346714 2.37187346714
5013 2.38315264689 2.38315264689
5014 4.91599408266 4.91599408266
2771 1.86717288084 2.79085420529
2772 1.7469060735 2.30871241835
4897 1.50272808672 1.5832857083
2775 1.75213649927 1.80489179985
2777 1.49997572774 1.55483890968
1859 0.499539491349 0.668895995156
6260 4.7919422106 4.7919422106
4418 2.01566777247 2.86966112849
4417 5.00006706215 5.00006706215
4416 4.46474213045 4.46474213045
1852 4.42714120569 4.42714120569
1853 0.740406327121 0.852236747473
1855 0.447364942286 0.447364942286
6269 3.33421509991 4.03271206506
5168 1.43992825768 1.43992825768
2171 0.75654105717 0.75654105717
2176 3.06029000345 3.06029000345
918 0.672607886701 0.672607886701
6063 0.508818674514 0.637526828828
4967 2.52285221549 4.24192249998
914 5.64540249165 5.64540249165
917 2.27836683207 2.27836683207
2179 1.23582827846 1.23582827846
912 1.50938038946 1.74624387093
2603 1.55785884126 1.55785884126
2609 2.62928556694 2.62928556694
1930 7.09310517983 7.09310517983
1937 5.62044074134 5.62044074134
3269 1.5123482389 1.54072373696
1939 3.29376800076 3.29376800076
5127 2.05677892316 2.19765272104
5121 2.02165322643 2.6383266662
845 1.97205534525 1.97205649528
3464 1.59540947295 1.59540947295
3463 2.41894289014 2.41894330432
842 1.81407358143 2.07118404579
7091 3.21209089174 3.21209089174
7375 0.574008572765 0.574008572765
848 1.862282491 2.20267358391
7012 1.02419030501 1.20871324655
7013 3.89618052896 3.89618173062
7011 0.880646166703 0.880646166703
1731 0.304273679695 0.304273679695
1732 1.98067004333 2.49534910563
5234 2.35050734198 2.35050734198
1806 5.37576336757 5.48559787109
758 2.95667996757 3.31285270743
7088 1.06176745069 1.06176745069
1595 0.724777511086 0.724777511086
6887 0.705867822082 0.706007116214
1597 4.97921076722 5.2172694124
3074 1.94016632438 2.57762628788
3075 2.16768080987 2.28822016826
1592 1.17172103561 1.27048344074
3078 0.295560762668 0.295560762668
3079 2.53486216223 3.37602705541
1599 3.93796791379 4.17740529527
1598 3.27624521671 3.27624521671
6889 2.01630782482 2.1047638159
5344 1.66938922734 1.74312129965
5345 0.341363953966 0.341363953966
7168 2.07724423236 3.14850459459
1021 2.54673173607 2.54673173607
1023 4.5462021074 4.5462021074
7163 0.999877306951 0.999877461164
7166 1.70375310138 1.85041693576
7164 1.58456989351 1.58456989351
7165 5.54959397481 5.54959397481
604 3.1407774188 3.1407774188
4367 2.42042597103 2.70602519667
4361 4.18296972039 4.18296972039
4363 6.9445626289 7.73298083954
4362 2.64247316565 2.64247316565
1203 3.92333412241 3.92333412241
5649 3.0068965758 3.61071941092
1211 2.0783676296 2.0783676296
5641 2.05283311141 2.05283311141
6041 1.2318255699 1.40850711004
5642 1.82896176768 2.1788925977
5646 0.416182862823 0.416182862823
6335 0.737452640595 0.737452640595
3105 2.92778851609 2.92778851609
3107 5.22807526648 5.22807666429
3102 1.25017692461 2.012246395
3103 0.145736812457 0.145736812457
1112 2.59669195843 2.59669195843
1443 5.97769572212 7.4770709795
1114 6.25125248546 6.25125248546
1116 2.26668407557 2.26668407557
4093 6.84393532489 7.24795563351
4091 4.82932339446 5.61141060438
6332 9.17413514187 9.17413514187
5737 1.80881569265 1.8392761372
5736 0.749688840673 0.749688840673
489 2.57658238547 2.62447311644
488 2.15823806113 2.15823806113
487 0.46415791601 0.46415791601
485 2.00178688335 2.80358608411
4587 2.70799770506 2.70799770506
480 4.84751732009 4.84751732009
7585 2.82160540964 2.82160540964
6463 1.09483479829 1.20077530204
7580 4.93018304344 6.07672627131
4725 2.8670608167 2.8670608167
4851 1.49768285119 1.57815305654
5300 3.99829887816 5.29130729337
3926 1.08058876052 1.08058876052
3927 2.09042181836 2.67939656445
3924 2.24587160295 2.24587160295
6526 0.229603067987 0.229603067987
6722 1.00267797087 1.00267797087
4782 0.232842967182 0.232842967182
4781 2.86032033258 4.845333856
4149 6.0247832963 6.0247832963
5827 1.18289338961 1.54961791885
5826 2.49403365073 2.91034963033
4144 2.3238086353 2.3238086353
4141 4.89983321586 5.50113769222
4143 1.20586792613 1.20586792613
3857 4.31315062731 5.38291647378
3855 1.37094951104 1.37094951104
3852 1.30356762938 1.30357098321
3859 4.02791224496 4.02791224496
6099 1.45816509551 1.74570633149
6098 0.249380818643 0.249380818643
6091 3.78038494276 3.89589302028
6094 1.38232086747 1.38232086747
6917 5.20521011672 5.35163206749
6657 6.83418410014 6.83418410014
6655 1.99322233347 2.01005683873
6048 1.4286630882 1.4286630882
6651 2.12211617975 2.12245264839
5915 1.87917024854 2.19502009023
5911 5.09536076811 5.72015050331
4820 2.47148344785 2.7610294325
199 0.895074749666 0.895074749666
195 2.5873490733 2.5873490733
196 5.98352986492 5.98360116628
190 0.912608843376 0.912608843376
6384 3.25873603078 4.22558140752
6387 2.41890113721 2.72042572459
3679 5.996422885 6.25599845761
4558 1.59313939661 2.28728106279
3676 1.99540065084 2.61928168814
4553 2.50082140187 2.78464534032
4550 4.14170107224 4.428539457
2541 1.07405048747 1.16910800234
2546 1.17793833514 1.17793833514
2380 1.68342279433 1.68342279433
2383 2.57570014994 2.57570014994
2386 1.30423552576 1.65999055202
3580 0.606441070996 0.738336192071
3583 3.82668087816 5.18959525404
3585 2.91364585434 2.91364585434
3587 3.61986229021 3.75319493362
2761 2.24658782795 2.62911158444
2767 1.73075392417 1.73075392417
2765 2.06597993577 3.06694882967
2764 2.16402099929 2.31209214958
6913 3.28784547252 3.28784547252
902 1.25060260521 1.25060260521
1849 1.66869085985 2.85859007009
6277 0.50296790003 0.513166126148
6276 6.00048539814 7.84644190481
1843 3.56979328379 3.56979328379
4423 1.95180715234 3.09525603419
4420 0.951626425198 1.06076067531
1847 3.8000625404 3.8000625404
6077 2.00183289674 2.80302769315
2168 1.07779666886 1.07779666886
6071 1.66332245017 2.24379200826
6070 6.09902770112 6.09902770112
4951 9.0797245099 9.0797245099
4956 1.35131355669 1.62643353553
2160 1.37403070899 1.37403070899
7309 0.136564245621 0.136564245621
2613 2.61896160064 2.61896632606
7095 0.351120462977 0.351120462977
2618 0.499131187882 0.499834138424
7347 3.10173402984 3.10173402984
7345 6.99731818162 6.99731818162
3298 0.513398090326 0.624177205497
5138 1.48786107735 1.48786107735
3294 0.0867940547468 0.0867987390718
1907 4.83943120874 5.83799972863
3296 4.32663793074 4.5842188652
3297 4.64750124583 4.72722760825
3290 0.374415244621 0.539303925261
5132 1.56648516713 2.56775174538
5131 5.81512022116 5.81512022116
1901 2.1506799658 2.64273587074
3452 1.85583466886 2.55329010228
3450 2.33819257586 2.54637940108
3456 2.66944853471 2.66944853471
851 2.04173381604 2.92481035884
3455 1.00764475822 1.00764475822
3863 1.47730921591 1.47730921591
6 0.903510826229 1.00192869989
7001 1.36938221106 1.73630485695
7005 0.517328863985 0.517328863985
7006 2.14810629043 2.55583389733
5229 1.69587326938 2.09682050487
5228 3.60801263163 3.9293339295
5223 2.85388920255 3.3446559907
5224 1.06992928129 1.06992928129
743 4.31600186302 4.31600186302
744 0.955019923182 0.955019923182
745 1.25243430953 1.552254177
746 3.28848958799 3.28848958799
747 5.30809555381 5.30809555381
748 11.0374910449 11.0374910449
3062 1.89507596301 1.89507596301
7177 0.578544857875 0.766821684842
7176 4.54932988134 6.21145827734
6895 1.55514186758 2.38397529
3065 5.28027541701 5.28027541701
3064 2.22135794395 2.99861002122
2947 4.53974009755 4.53974009755
3069 1.68868927682 1.68868927682
3068 1.01717764219 1.22494223794
7178 3.14923274537 3.38767334382
2941 3.50337290034 3.61506777403
1051 2.71374581284 2.85216502809
1053 3.5128747602 3.83954119167
1056 1.77064404662 2.1557313139
1057 3.52688015105 3.52688015105
1693 3.26664139408 3.26664139408
2919 1.03858809663 1.10924135125
1699 5.22585309681 5.22585309681
4311 1.69677269721 1.69677269721
618 3.36467019377 3.36467019377
4315 5.76512440167 5.89889351657
4317 2.15977514239 2.15977514239
1797 0.929948819457 1.13615970217
611 2.2623134993 3.00912020407
617 3.29397604423 4.13790201451
7574 0.15117199341 0.151349548894
3118 1.42175857719 1.42175857719
3116 2.92598399493 3.0940211104
3115 1.81000822407 1.90140543131
3110 1.92840841237 2.30187867068
7579 0.884244297625 0.884244297625
1470 2.93427065934 3.20503494612
1474 4.49925769129 4.53713451746
1475 7.8337365669 7.8337365669
7041 3.16599452828 3.16599452828
6143 0.520642379537 0.520642379537
1479 6.58666779593 6.63279979434
5464 1.11747282689 1.11747282689
1301 0.662649043421 0.662649043421
7129 2.21812867379 2.38406646506
1308 2.57270045913 3.58861791115
6410 1.7049831346 1.77682087845
5740 5.76893076969 5.76893076969
4229 1.00193255337 1.00193255337
3597 1.00273526823 1.00273526823
496 0.123840735352 0.123840735352
4227 5.98744077965 6.29333176951
490 4.86230025663 4.86230665483
4221 1.42699890976 1.64308539182
493 3.21940815599 3.46877000401
24 5.48803163435 5.58756418758
25 1.46268106284 1.53683355533
5584 1.51555619429 2.2485270044
22 3.20953582445 3.4817310966
23 3.42288132099 3.42288132099
7595 0.998511168779 1.24880884939
6470 2.55096346391 3.49468000172
6476 7.29987110459 7.29987110459
7591 0.701092332406 0.840568986301
5589 2.80048909557 2.80048909557
3938 7.37506546564 7.37506546564
3936 2.77786672082 2.80871305765
5265 1.72929674518 1.72929674518
6718 1.35516968067 1.35516968067
6716 4.37437787962 5.04610098705
6717 2.25950167736 2.25950167736
6710 1.88896265332 1.88896265332
4138 3.75206410555 3.75206410555
4130 2.79435670771 2.82536034695
7474 1.4104953547 1.77559000767
5692 2.05411840011 2.64671973448
3840 1.30021759725 1.88926425555
3843 6.00640947051 6.08803590437
5691 3.36841216452 3.36841216452
5694 0.501017857376 0.501017857376
3849 1.55432487482 2.15657917422
1872 1.83019969435 1.83019969435
4046 1.90759530326 1.9708997948
4047 5.73916007158 6.30121734108
4048 7.02162535154 7.59758033125
5968 0.043116992944 0.043116992944
5969 1.28407306635 1.49877300335
5963 2.07609940526 2.07609940526
5964 1.47910877114 1.48456389462
2289 0.496811800713 0.496811800713
3667 1.20476731523 1.20476731523
3661 3.00896554327 4.00806466829
2280 2.73677657431 2.73677657431
2282 3.45106619244 3.45106619244
5433 5.51079923744 5.55599890017
2287 3.38774411729 4.69892227678
4543 6.51423422298 6.59259932903
4546 0.930469802331 0.930469802331
2579 0.0256098325586 0.0256098325586
2572 2.91854944372 3.20816561409
2570 2.55029544055 2.55029544055
4534 1.31783371517 1.6605671425
2378 4.69376938992 4.69376938992
4827 3.04342860362 3.40437852562
2376 0.907730902599 1.05898330611
2370 1.89619538213 1.89619538213
2373 0.030336661905 0.030336661905
3592 1.19957203137 1.20001152134
2596 0.921106136419 0.921106136419
2590 1.24946859831 1.24946859831
3595 1.53143596015 2.39234319906
3594 2.03480546721 2.21425150517
5036 3.96465366542 3.99598762986
6280 2.49912447552 2.67019199429
5030 0.499525828714 0.499525828714
4531 2.62036153387 3.18862858002
4434 0.253446318789 0.253446318789
4437 1.73232251424 1.76836784723
1084 4.36776421161 4.36777520075
4431 2.36197456163 2.36197456163
4430 0.733437537366 0.733437537366
4433 1.54909963443 1.54911392295
6283 1.75056310861 1.82453034903
4438 8.44107461533 8.44107461533
1878 0.613797585687 0.613797585687
6595 2.84364298 3.82847057593
970 1.45695420886 1.45695420886
5581 2.92224520482 2.92224520482
6287 1.49313679858 1.49343346568
4949 2.99130313476 3.0752577677
4948 1.63800968121 1.63800968121
6282 2.2609577687 2.95062584004
978 0.999480630677 1.08414823027
6043 2.28151350403 2.60013117443
6040 7.48952265555 7.50555469921
181 4.83146775134 4.83146775134
186 1.40949218525 2.18326394188
6044 0.279407487638 0.279407487638
6045 3.25635034581 3.79908751353
2112 1.6358953289 1.6358953289
189 1.7564912852 2.1215527291
2114 2.86210823503 3.12869009572
2115 0.965024220033 1.05993092299
2117 1.61508641464 1.61508646208
2627 3.51609843509 4.12293052341
2624 4.16978955432 4.16978955432
5837 6.19871822333 6.2233021583
7351 3.44159556083 5.44627209897
1918 1.81043508666 1.81043508666
7355 1.46414391927 1.46414391927
4924 2.61242821094 2.61242821094
7357 3.7793039845 3.7793039845
7356 4.1999200667 5.59526337753
3287 4.99246685658 5.85861525848
3286 2.63167221736 2.63167221736
3284 1.93193823084 2.06224299142
188 2.82886467421 2.82886467421
869 2.2497863041 2.43746381324
860 5.50089251931 7.35361694148
3440 3.25177837908 3.85618745926
3443 2.16795908448 2.16795908448
2027 2.67651060099 2.67651060099
2750 3.85964668973 3.85964668973
2023 2.38698020412 3.14592279824
2758 2.83186898242 2.98584302244
881 0.671684725227 0.672202968369
886 0.352260954558 0.353348471801
888 1.56663875589 1.64566842227
5217 2.18917013834 2.5219914918
5214 3.70952675444 3.70952675444
5210 1.79433427521 1.99627019762
5211 3.69011914628 3.71990929067
5218 2.4964222489 2.49642480326
5219 7.50022863066 7.50022863066
7504 4.88056301469 4.88488970997
5414 1.49965017866 1.97600073942
777 0.870581739456 1.17100746358
770 3.0872933372 3.31720449007
772 0.917646451323 0.917646451323
7503 1.00354540013 1.00354540013
779 4.49469487975 5.94889102696
7638 0.0512253389545 0.0512253389545
4675 3.4597270051 4.04279410007
76 1.49573416619 1.9725595728
2978 0.459427041256 0.459427041256
72 0.647156900193 0.647156900193
3058 6.00213273183 6.26268050844
2972 3.803253165 3.803253165
2973 4.63572673432 4.63572673432
3054 1.75055174019 1.75055174019
3052 1.13715347844 1.46463359987
2977 1.66076726748 2.09978426248
3050 9.11702482396 9.11702482396
2975 3.53711899546 3.53711899546
1042 1.50229364294 1.92185235828
1041 2.11005702465 2.33504193267
1040 0.71881481602 0.71881481602
1046 5.10179417616 6.46938496921
1049 2.54280202532 2.54280202532
1683 3.23883006952 3.23883122436
1685 4.59152876665 5.35850146774
1684 2.76508797115 3.03788515079
1687 2.62515736291 3.29832130675
4802 1.7180904548 1.79542598923
7354 2.97854934735 2.97854934735
4301 1.66280639709 1.7297207888
1268 1.84086185986 1.84086185986
1263 1.99923879802 2.20185193958
1261 3.12994544713 3.12994544713
4308 4.3456382599 4.3456382599
1267 1.48730721406 1.61864688434
1266 3.72767133105 4.52121556716
1264 3.75571769035 3.75571792123
7359 5.46233338826 5.46233338826
3021 1.00384789208 1.31185770042
5103 2.50036101447 2.53610139548
3128 0.906523958622 1.22587193922
3129 0.708989077518 0.853386989181
7619 0.919238071829 0.919238071829
3122 3.58175367457 3.58175367457
3121 0.999532991014 0.999532991014
3127 2.16694701265 2.16694701265
1914 2.53171949714 2.53171949714
1465 2.02821937395 2.18673125536
6065 3.49218812914 3.82481177459
1461 2.66750293712 2.66750293712
1313 2.04615249093 2.23844811899
1312 1.40167578363 1.71440677983
1310 5.91605452911 5.91605452911
1319 3.54386169985 3.54386169985
6914 3.74799759422 3.74799759422
6915 0.635052463949 0.635052463949
6444 2.05198534029 2.65135260802
5750 0.155139135878 0.155139135878
5757 1.5801778728 1.5801778728
6440 3.1888848382 3.62500979061
5754 0.421574467257 0.421574467257
4236 3.80966851222 3.80966851222
6919 4.26865188341 5.486590879
6124 4.66986244879 4.66986244879
312 1.6166021521 1.6166021521
311 0.763473274838 0.763473274838
316 1.56252949438 1.76970367514
315 3.27068794333 3.27068794333
314 1.96352913515 1.96352913515
6701 1.00150561688 1.00150561688
6703 3.44409898152 3.44419372213
6702 0.901898549709 0.901898549709
6705 5.42364414768 5.42364414768
6704 3.96743784537 3.96743784537
6707 0.501609324763 0.669207251923
7435 2.41304242547 2.41304242547
7436 3.66697139935 4.36154736591
7437 3.13728013078 3.84025273722
7431 2.59073694399 3.49760754232
5685 0.795691710444 0.795691710444
5687 1.47686988809 1.76896892677
5681 1.67726217828 1.75179258128
5683 0.556066584527 0.5777419794
1330 1.76712270244 2.35045532824
6674 1.11594972029 1.11594972029
4704 1.85095447485 1.85095447485
6671 1.32921711396 1.32921711396
4054 2.49761691386 3.13750601228
4053 1.76888484658 1.76888484658
4052 3.56726294177 3.56726294177
4050 2.00441122979 2.23673779895
6218 0.81610210298 0.81610210298
5976 6.01182118305 6.06223113298
5974 0.85548429397 0.870066782581
2299 3.3708941024 3.95835983633
3613 3.62305841323 3.62305841323
3614 4.15698667614 5.20841011193
3615 0.322869221802 0.322869221802
3616 0.177389922284 0.177389922284
2292 3.22435284231 3.22435769332
6939 4.20881205878 4.2360325366
2561 2.10602137479 2.62584851644
2562 3.13806368803 3.96155463503
2566 4.66650473842 4.66650473842
2368 2.4908397825 2.73256754259
2367 6.0014592499 6.43249913544
2366 0.428172216815 0.428172216815
2364 1.37262171135 1.42666132836
2587 4.05935939954 4.0630506637
2586 2.94533368663 4.39995759724
2585 3.68631672111 4.55991056005
2584 2.01528638271 2.45343825915
7294 2.4807442033 2.53788931628
7295 1.1509178512 1.1509178512
2580 4.3633063986 4.3633063986
5021 6.22737416371 6.2599557006
5024 2.49842233594 2.55332459267
5026 2.28379897708 2.48503665335
4441 2.39711129149 2.39711776016
4442 0.907358252385 0.909934103413
4443 3.22203123721 3.22203123721
4444 0.866218721516 1.02803742057
4445 8.5649489924 8.5649489924
1867 1.99953013918 2.01809930256
1866 0.420265069156 0.420265069156
4448 2.83310524016 2.83310524016
3721 3.46372073067 3.46372073067
3722 0.791136230767 0.791136230767
961 2.42681263766 2.86776581467
6299 2.2119412664 2.71357536533
963 0.507337233016 0.545989254271
6297 2.88054741715 3.01051173453
6293 1.45690481678 1.45690481678
4688 3.48294816115 3.97647415048
6290 2.05380055106 2.05897718182
2108 2.83293458213 3.54311856364
6059 1.84676086753 1.84676086753
2103 1.50189584995 1.94214379165
2102 1.16159308496 1.25269232596
2100 5.4435807608 6.3933602284
5575 2.28469416119 2.28469416119
2105 1.44280777051 1.44280777051
5117 0.61683859234 0.61683859234
5113 2.76093259308 4.00133738604
2634 4.33351638439 4.72601059231
2636 1.58626583726 1.5862758344
2631 2.82210949152 2.82210949152
2630 2.94516449847 2.94516449847
5571 2.9971752486 2.9971752486
5292 0.57868203586 0.691911037714
3438 0.912178596299 0.912178596299
3439 0.150250522972 0.150250522972
878 2.08689611281 2.08692645053
879 3.38620414667 3.38620414667
3431 6.37004708029 6.45456024244
872 0.741935481342 0.741935481342
873 0.374323402014 0.374323402014
4592 1.51139444097 2.13736162406
4593 2.36326751612 2.65935579196
2743 0.417097820196 0.417097820196
2033 1.2378952987 1.59557419736
2032 7.6340462361 7.6340462361
4595 1.22122646584 1.59962740227
9 2.2777413029 3.12737350238
4840 0.221892614518 0.221892614518
3097 3.22805988372 3.22805988372
890 0.0259387690122 0.0259387690122
5200 4.21425304179 4.21425304179
5203 3.76856245769 3.76856245769
5202 0.500037944199 0.506926929169
5204 1.25553865947 1.30856660026
7320 4.03745117803 4.88449356316
3545 1.33326424866 1.62533837378
3547 5.62300746614 5.62300746614
3543 1.46332589512 1.46332589512
7323 0.838149192504 0.838149192504
2965 0.18251019606 0.182516514034
2964 1.46124640218 1.7649819597
2966 0.634835088644 0.634835088644
2961 1.55543065555 2.00397463435
762 2.2376538022 2.2376538022
1781 4.18910862329 4.18910862329
767 1.99950829295 2.05425237726
1786 2.87393672137 2.87393672137
7113 3.62575247185 3.62575304591
7112 2.34954103227 2.34954103227
6878 1.92425300902 2.03078929889
7119 2.41528259977 2.82664177915
7118 1.40114281213 1.40114281213
3045 1.02087652513 1.14605167617
6872 5.47063683566 5.62672503842
3046 4.6900173521 4.6900173521
1079 4.04224372679 4.33919520555
1077 2.01451474653 2.01960511755
1074 2.29031402349 2.29031402349
1072 2.94136120974 2.94136120974
1073 1.42610166447 1.43218842369
1070 1.94824207292 2.29347520531
5372 4.98886575141 6.57808688213
7290 5.48973083913 6.65558026604
1678 2.74692684824 3.14367306293
1674 1.09148902125 1.65479879637
678 2.30961751464 2.30961751464
676 1.62947074906 2.19872240761
4333 1.81874766029 1.81874766029
4330 0.18711061928 0.18711061928
3131 4.89631643122 4.89631643122
3130 0.83104914195 0.83104914195
3139 3.17660505297 3.2078307939
3138 0.694679854489 0.694679854489
7608 1.92260400954 2.79120072483
7607 3.9831992394 4.02275515719
7604 4.13192969585 4.13192969585
7600 2.50049740814 2.61697850914
6018 2.54554696054 2.54554696054
1412 4.57179990765 4.57179990765
1413 5.9935948505 6.63544749917
1416 0.535507356679 0.535507356679
1327 2.82213052303 2.82213052303
1325 2.13583474116 2.36127665328
1328 3.04391050853 3.04391050853
6450 1.55565985917 2.06178269822
6455 3.46680239562 3.49867562096
6454 3.49816713981 4.31104778281
5768 4.49923679995 5.14813256954
6456 1.2739813788 1.72865905357
6458 4.69643585111 4.96926965666
4645 0.501314319193 0.570857121357
5762 0.154565305442 0.154565305442
4207 1.86679331008 1.92533669378
4636 4.50193715541 4.50558845769
5565 1.24127381776 1.48641255274
5562 0.974393980568 1.21682649751
1256 0.212044999748 0.212119572827
1526 3.85506085929 3.85506085929
1520 1.67327195615 1.67327639786
308 1.96164616617 2.46956434236
3953 2.00809379792 2.45283559715
303 1.55570413158 1.78571315599
3957 3.21036134448 3.21036134448
307 4.6701937468 5.44039221463
4113 3.96121622825 4.51170132231
7420 4.00731485803 5.5025872459
3340 4.18058293324 6.67948384991
5159 1.6143948673 1.6143948673
2475 2.65007850816 3.02349955505
6601 1.16633395114 1.16633395114
6602 2.17454743239 2.17454743239
6439 2.97552974688 3.01495195901
6606 1.24739952378 1.24739952378
7109 1.09109758714 1.12319274941
6608 1.28071978201 1.28071979658
5946 0.0783629211152 0.0783629211152
5945 0.624888561329 0.750091793444
4064 3.87506080904 4.44539058287
5941 0.99985668613 1.32277632548
2976 2.31596201246 2.58528181596
4068 4.77550966453 4.77550966453
4069 7.91105951908 7.91105951908
5948 3.45650392968 3.52588402861
5949 1.82148848795 1.82148850737
5785 0.862638120558 0.98981828776
5786 1.85860614829 2.24619306835
5782 4.84366952952 4.84366952952
5019 5.0087378449 5.0087378449
3051 2.7878139986 4.29830206582
3601 2.90495732579 2.90495732579
3600 1.3040086894 1.3040086894
3607 4.40686988314 4.44518622254
3604 3.18867266974 3.18867266974
3608 1.49842342694 1.49842348083
5361 1.09132549024 1.09132549024
4894 3.73583537342 4.86956919165
5367 1.77013074773 1.8386467178
6115 3.62627037818 3.65831520168
6117 1.22663339718 1.22663339718
6112 4.41404411398 5.6299515139
2358 1.752855258 2.13449364113
2353 2.42161474662 2.42161474662
5368 1.49941906421 1.73031975908
2355 3.13753623592 3.47683206833
4450 5.32991822998 5.32991822998
4456 2.53846032766 3.0822627609
4455 8.12662984904 8.12662984904
4454 1.51883762574 1.51883762574
3736 2.83511540458 4.91072048948
4459 1.58532202583 1.58532202583
3733 5.48494453174 6.15142128764
476 1.08643937971 1.53536825877
3730 3.57030003473 3.87520497113
4922 4.07322880184 4.07322880184
4920 1.9183349868 2.39819661765
4695 3.25179914724 3.58101795626
4697 8.93729491636 8.93729491636
2131 2.99006227762 2.99663298859
950 2.23844696639 2.58922112451
4929 4.41632701384 4.97205711967
954 0.00107564598527 0.00107564598527
6022 1.55955577756 1.55955577756
6026 1.34323021324 1.67928635633
2649 2.51830574906 2.51830574906
5167 1.60060339347 1.9900523906
2640 1.76135438404 1.76135438404
2645 2.50327702427 2.63339839818
2647 10.7890135797 10.7890203475
3429 2.32439543389 2.77312582778
3423 1.40192344475 1.64554517883
3422 1.81272359888 1.81272359888
3421 1.18989700352 1.22526682885
3427 2.61978735197 2.61978735197
3426 2.37088011894 2.62203399035
3424 1.76826593798 1.76826593798
1850 0.159949010467 0.159949010467
2000 3.67952550755 3.71324310005
6337 1.57588488807 1.59079017732
2007 1.0992232963 1.1988410702
4859 6.01453646273 6.01453646273
2005 1.64917326117 2.04714453458
2008 0.782220076145 0.782220076145
4415 1.97935190634 2.49430889576
4583 5.22302759461 5.44867643415
4582 1.98456713494 2.17169558001
1269 3.24971895444 3.28786705845
3554 0.495995971525 0.503652117153
3550 3.79703659583 3.79703659583
6966 2.19964472125 2.19964472125
3558 2.60084173182 3.28210150289
6061 1.99788982615 2.33678068789
2911 0.868778141753 1.17671548209
1799 1.24024541484 1.24024541484
2913 1.29690525374 1.66000877903
1793 2.00314123219 2.16574481745
1792 2.47911015941 3.10709211507
715 0.72096347749 0.72096347749
714 3.22301032683 3.38282142361
713 1.23740790103 1.23740790103
712 3.91742046476 3.91742046476
4966 1.0797642467 1.36327648007
7127 3.02625054331 3.40092504776
6840 0.863618825742 0.863618825742
7125 1.97949739343 2.04704113242
7123 1.04224086579 1.04224086579
6844 1.88273877069 1.95035620169
7121 1.22482835632 1.52410936951
1069 1.05648766564 1.33594470583
1068 9.00257534143 9.00257534143
4964 2.10142414413 3.03326179725
1061 6.58051183914 6.58051183914
5301 2.17448847806 2.17448847806
1668 0.366773096426 0.366773096426
1665 3.53339292197 3.53339292197
4960 1.70017118334 1.70017118334
1662 2.64274503699 3.63785919302
591 2.38497000175 2.42764200564
590 2.30216255001 2.75345882023
592 9.21716602991 9.21716602991
594 2.48726203067 2.91169156493
6596 0.0501018447513 0.0501018447513
599 5.00430185497 5.00430401702
4323 3.58514411649 3.88704763491
4325 1.45809857532 1.45809857532
1088 7.68067375045 8.21481965509
3140 3.43342180107 3.43342180107
2821 0.721376216547 0.879651646014
3386 1.50498392137 1.50498392137
3384 1.31260736919 1.31260736919
3385 4.99745547081 5.74473001027
5412 3.11281036714 3.11281036714
3381 0.624920222916 0.624920222916
7632 1.84372329239 1.97908443003
3389 4.20092288706 5.67875763553
1408 2.52535083014 2.52539151177
1406 0.236698670037 0.236698670037
5792 0.501620786344 0.647074112992
1339 4.54381336525 4.54381336525
4210 0.842656767308 0.95331503645
4212 1.52462521805 1.85517413224
1337 3.00025296341 3.00025296341
5790 7.55828963625 7.55828963625
4219 4.50603388299 6.23457250681
446 3.98090139342 5.66578931943
445 0.502207035416 0.512260952377
691 2.54416205514 3.23730950401
5772 3.40844441799 4.24416740581
7515 0.0292984392027 0.0292984392027
5578 1.35913493855 1.65400775866
32 0.769653380295 0.769653380295
31 1.97073545359 1.97073545359
5573 5.40629586513 5.53656345799
35 3.36374074805 4.16605147417
3092 2.29530902573 3.39791739404
3093 3.62442338811 3.62442338811
643 6.83403638064 6.83403638064
1244 1.46083280396 1.46083280396
1531 6.01741287012 6.43272435096
1530 1.64964532981 1.93939061146
649 3.3344859989 3.36642823593
3098 0.683468515982 0.683468515982
3099 3.37971134967 3.39586456639
1539 3.49287784002 3.52411569611
338 0.750916347518 0.750916347518
335 2.7703260756 2.82986369379
334 2.94623798827 3.6157102405
337 0.0115232037873 0.0115232037873
331 2.54786189576 2.99027018148
333 1.63589167565 1.63589167565
7611 2.0917697 2.11212870301
5124 4.93047735516 4.93047735516
4105 0.580617183633 0.580617183633
4106 1.7689814702 2.08848914169
7412 2.09302021406 2.09302021406
7413 4.05336489215 4.05336489215
7410 0.59927981878 0.59927981878
7411 4.49960038774 4.56168296676
7414 1.83532969022 1.83533068287
3897 1.09988564417 1.09993585424
3895 1.74695106488 2.10801080161
7379 5.54926795419 5.54926795419
6611 1.0657469378 1.0657469378
6615 0.773802516936 0.911891918418
6614 3.18195012756 3.18195012756
6619 3.06250359994 3.06250359994
4078 4.13750289998 4.13750289998
5957 1.4954667903 1.71740715924
5956 4.78760938277 5.88970418517
4075 5.3899844529 5.51972558721
4070 2.82158502664 3.76867423821
4073 1.11464444231 1.11464444231
5797 2.69254049771 2.69254049771
3967 4.5001373468 4.95948671508
3965 2.449206001 2.449206001
3962 1.55744158935 1.55744158935
3963 2.40409079351 2.40409079351
3961 0.813250080908 1.04361153424
7278 3.76274605433 3.82709543414
5799 2.8203302356 3.39256986403
3636 2.54131293001 2.92715282087
3637 9.44576474542 9.44576474542
3632 0.925169623161 1.19683022314
3630 1.03412482316 1.03412482316
4611 3.02911032516 3.02911131291
3468 1.42208401961 1.64965551845
4613 1.35679563412 1.41726755034
2345 1.84159286007 1.84159286007
2346 0.262597909214 0.488033352417
2342 5.97930995907 5.97930995907
6107 4.57059795925 5.06945216865
6103 1.06097018518 1.06097018518
6102 0.761015081027 0.761015081027
4616 6.1808131321 6.18082940912
3709 1.77152631951 2.47767448434
1888 1.84216123249 1.8792691608
3700 1.44562278531 1.44562278531
4465 3.2805524888 3.2805524888
4462 0.636150404852 0.636150404852
1880 4.4437333575 4.47089081897
2127 6.79337889964 6.79340939768
2129 4.34069505157 4.78850582874
4665 6.00226836646 6.66908182046
4660 2.78705427975 3.70524917016
943 2.06091724632 2.51403482409
4910 4.12517539452 6.58047708545
4663 1.67643241879 1.67643241879
6038 2.09724871793 2.09724871793
6035 3.00384945067 3.00384945067
2653 1.63438249287 1.63438249287
2651 1.85756120958 1.85756120958
6441 0.119526941041 0.119526941041
2654 2.51496725378 2.65986110835
3414 0.595758596498 0.595758596498
7389 6.23548480811 6.58051253751
3412 5.34201107091 6.26990226603
136 2.11511322602 2.12457451697
3410 1.0024660672 1.03046262302
134 0.355396141443 0.491005560209
7382 3.93261826421 5.31387219667
7387 1.73176916815 2.05293952009
3418 0.0902116104796 0.0902116104796
7385 6.70298850543 8.28527573992
6326 0.568123443773 0.568123443773
6325 1.40690607826 1.52454755481
2018 0.0020642270007 0.0020642270007
6321 1.0797509845 1.0797509845
4863 3.10856028124 3.33625628164
2017 7.56889609703 7.56889609703
4861 3.80814747977 3.99563913367
2011 3.70882318279 5.21521972935
6839 2.34753376672 3.1070711651
6329 4.66983737759 4.66983737759
6328 0.765029882233 1.09229969485
7443 1.89024937795 1.89024937795
7444 1.99959351697 2.33383727176
7254 1.46147459672 1.46147459672
7255 4.25770715933 4.25770715933
7251 0.352093509262 0.559145262728
3565 2.24918906403 2.24918906403
3569 0.374761056091 0.374761056091
4485 0.647864292131 0.647864292131
6564 3.96934158189 4.08125830384
2903 2.08621517099 2.1443362239
2902 1.26028150356 1.26028150356
708 0.493282613253 0.493282613253
2906 1.01579662476 1.01579662476
6853 5.45965629108 5.45965629108
704 3.88589319483 3.88589319483
705 3.70175714832 4.28793549277
706 2.45511182236 2.45511182236
701 2.37104144093 2.37104144093
6560 1.33439691262 1.82662316136
7139 1.38658481135 1.38658481135
7138 1.16164684591 1.16164684591
89 8.5464478376 8.5464478376
83 5.70509843348 6.04556889063
81 1.27544469747 1.70263806672
7135 2.16075818991 2.73314744827
7134 2.34877919368 3.08350745802
7137 1.84040405389 1.84040405389
85 1.62437283662 1.97344553367
5311 1.83221322445 2.63130889828
5310 2.2725102546 2.2725102546
1658 1.83666205763 2.09254694182
1652 0.0682492721075 0.0682492721075
1653 0.933227760466 1.24808999383
1651 1.83369785446 2.43346903579
6583 0.99851255127 1.10061304905
1631 0.750621012523 0.969405539596
588 0.497495538909 0.497495538909
3151 4.05591058525 4.05591058525
3150 1.67262635433 2.03285794202
7621 2.052440509 2.05245166743
3154 1.96667086277 1.96667086277
7629 5.50096275874 5.86767398002
1437 0.319277932777 0.319335244871
1434 2.71663360246 4.00842736122
3392 6.65655234217 6.65655234217
3395 2.34122218349 3.07042472032
1636 1.54507049953 1.54507049953
1430 2.12097950334 2.12097950334
3399 0.481603873069 0.481603873069
3398 5.00072556989 5.00072556989
1438 3.21785549841 3.72015409716
4260 3.2241630132 3.62139461206
5233 1.00466176984 1.00915999709
4265 1.20174280199 1.20174280199
4268 4.54188723281 4.54188723281
452 2.36373129543 2.42014291124
1345 1.4872143978 1.56593956363
456 1.1876768156 1.1876768156
1347 4.51294055238 4.51294055238
6921 1.4538421606 1.60346550663
5546 3.34835926868 3.34835926868
5545 1.00022202675 1.05381347292
652 4.22716064565 4.22716064565
650 1.26871226715 1.26871744669
1508 0.094358688581 0.094358688581
4461 1.61386845608 1.89338200186
3081 1.27405714079 1.27405714079
659 3.09112109715 3.43630092002
5890 0.111760150177 0.111760150177
5891 0.546396737805 0.546396737805
5892 4.14253057251 4.14253057251
5896 1.75608427357 2.04542722011
5897 2.69526712259 4.26194964693
5898 2.46661148107 4.07867729834
5899 3.34382469238 3.34382469238
948 0.174699296824 0.174699296824
3882 4.16776612054 5.2475479353
3889 2.49985003288 2.86519349517
4916 4.60516860149 4.60516860149
7404 0.0567630528226 0.0569944300183
7407 1.499936549 1.58133345358
4911 2.74922412244 2.74922412244
4008 5.22810998889 5.22810998889
4004 1.22726737693 1.49773950949
3970 3.27765507981 3.27765507981
3973 1.67735173844 1.70425764954
326 2.11807915999 2.11807915999
3974 4.32641154499 4.32641154499
324 1.28466264352 1.28466264352
328 1.18139314596 1.18139319781
3621 3.99840279362 3.99840279362
3070 2.003997893 3.46686329211
2332 0.566682536868 0.737754112475
6136 2.64332469198 2.64332469198
6883 1.9486070719 2.63518190964
3713 1.93262327402 1.93262327402
3719 2.07498516653 3.72366430356
4479 1.67785844214 1.67785844214
4470 3.05650186561 3.0968678239
4475 2.61084109006 2.79593217369
4474 0.289930731181 0.289934259569
5763 1.39261599767 1.39261599767
6007 1.49845708193 1.5990004564
6004 4.62053176085 5.26005367788
6000 7.45139308526 7.45139308526
2489 2.77002956611 2.77002956611
2950 4.38697631452 4.38697631452
2484 1.60669718777 1.93982208035
4673 5.50764451868 5.50764451868
4670 2.12636432836 2.12636432836
3252 0.916491685793 0.951904800782
2245 1.37865067853 1.60734837023
2246 1.03376446257 1.03376526468
2247 0.889058128505 0.889058128505
2240 2.38906874191 3.39298303609
5179 5.35645184149 5.35645184149
2242 1.96569068441 2.74621683514
7394 0.084251429037 0.084251429037
2466 2.11932765651 2.17339743332
996 3.81667155091 3.81667155091
7391 2.58819297838 2.58819297838
993 6.73375696838 6.73375696838
992 2.50868128996 2.7553204261
5144 1.58341015056 1.58341015056
2469 3.17566391989 3.84287473799
7535 3.25205830478 3.25205830478
122 2.654192545 3.18012091386
124 0.848481997304 0.848481997304
3404 1.71305473143 1.71305473143
126 2.46104343064 2.50585607661
3409 6.33313285507 7.00755010533
3408 4.6914214023 4.6914214023
4875 0.35166861703 0.35166861703
4871 6.74712368101 6.81578197375
7438 5.16124119122 5.16124119122
4878 2.45352987879 2.45352987879
2069 3.7312147054 4.02545398985
7533 1.74412545377 1.74412545377
5424 1.49850557898 1.49890025429
2062 1.25229911514 1.3439800492
6319 4.49856660706 4.49856660706
3413 1.38539378602 1.38546932963
5423 1.17810758881 1.43316330321
7247 0.15439573741 0.15439573741
5099 1.41416413179 1.80078002378
3578 1.50426191967 1.64729432873
3571 1.59317876032 1.67047646634
3573 1.78525091356 1.78525091356
5097 0.0100434612368 0.0100434612368
2665 3.95956110261 3.95956110261
4492 0.178830978145 0.178830978145
4490 4.42633428544 4.42633428544
2669 1.50734255284 1.7926382817
6823 2.55689358289 3.2252626401
6824 1.35502881669 1.35502881669
2938 2.74210627609 2.74210627609
6829 1.67107944944 1.72638624552
2935 2.00322444786 2.17080789575
5326 0.648764972994 0.648764972994
5327 0.0114810810803 0.0114810810803
5325 6.00646296793 6.0571145561
5322 2.33148819687 2.33148819687
5320 1.19533942825 1.19533942825
5321 1.16433353172 1.26743829849
5328 1.27630387727 1.27630387727
1643 1.29816608155 1.29816608155
579 2.60563863864 3.02594780226
573 2.00790644259 2.34979775561
571 4.88899746408 4.88899746408
577 2.09723717434 2.09723717434
576 5.23954786755 5.23954786755
575 1.91445979308 1.97798725767
3169 2.83981961186 3.53631955519
2803 1.6546059865 1.92633148058
2800 1.95629712775 2.19145025893
3165 1.40518528801 1.91286181105
2806 4.88135256807 5.48350604318
2805 4.16962377317 4.16962552929
1421 0.501942014591 0.501942014591
1420 0.999740871132 0.999741438071
7094 2.00564293445 2.66337016125
1422 2.86277090842 2.86277090842
3368 2.43093342099 3.15334109352
1424 3.4974909767 4.15217351495
1426 5.12715002773 5.12719566896
3366 3.6890598076 3.72259859781
2404 4.17452045803 4.17459626199
7098 6.58722783109 6.58722783109
7099 2.08882787156 2.14781065259
732 3.08418806267 3.08418806267
735 2.99722785259 2.9972299082
736 7.06768442234 7.06768442234
4272 3.20538798861 3.20538798861
4271 2.10368062703 3.076667466
1358 0.415821525298 0.415821525298
4274 1.86087344964 2.58032650621
461 2.30903236141 2.3090327523
5555 1.8514325413 1.8514325413
5554 1.38006951535 1.77980532848
6488 3.2947100189 3.33216075302
5551 0.230170258992 0.230170258992
5550 1.52863500227 1.52863500227
7384 0.557101767031 0.730861685934
6955 1.82877923879 2.08216685554
6484 2.61048612046 3.08971335258
6285 3.74113289841 4.2419481742
6948 3.77877371986 3.77877371986
1518 1.19575965241 1.42326472002
1510 4.14464918536 4.14464918536
1513 1.79803681914 1.89581878986
1512 3.66774753548 4.2384354485
5885 2.05955964437 2.05955964437
5889 2.1217087202 2.1217087202
6559 3.99954215177 3.99954215177
7478 2.83949183444 2.83949183444
3186 1.86826798401 2.06797837537
3187 3.29377729096 4.69475484592
3182 1.84824125595 1.84824125595
3188 3.72952033314 3.72952033314
6863 2.68462380802 3.19329617663
1896 1.34916311641 1.68867775336
6631 2.75223605145 3.18534722848
4018 3.06195319138 3.06195319138
6281 4.74563683512 5.15437249136
357 0.616609321177 0.616609321177
351 2.47848052226 2.48040715694
350 5.59001028768 5.59001028768
3985 2.49046439286 2.54928313565
3983 2.47404723837 2.47404723837
4855 1.1712235786 1.44038151345
6126 6.83193025586 6.83193025586
6120 3.66201292589 4.48641128946
4706 2.07507966364 2.07507966364
4705 1.29477045519 1.29477045519
2320 2.65158137336 4.06920827589
4703 1.27250621096 1.27250621493
2329 3.16308637762 3.16308637762
4709 2.10308832045 2.48490595878
288 6.58721836524 6.66250290035
3619 0.570469879095 0.570469879095
5 0.0902144560588 0.0902144560588
284 2.89850891831 2.89850891831
3760 5.93656627897 6.43906856767
3765 0.946884883527 0.946884883527
262 0.352407237679 0.352407237679
260 5.21874685714 5.21874685714
267 1.99864184944 1.99864184944
2499 1.82378353878 2.07701487309
2498 2.12267266529 2.24786464478
6013 0.42916043559 0.42916043559
1296 1.55462351469 1.55462351469
7253 2.84486851198 2.84486851198
2495 0.596238620045 0.596238620045
2494 2.86954399035 3.19925995454
4644 4.81310383588 4.81310383588
2496 1.99992997645 2.76451338574
2259 2.60076231367 2.72058493217
2254 2.38911731252 2.92260342046
5060 6.45628541036 6.45628541036
2250 2.39358273531 3.01292981122
2477 1.43675710364 1.52509451851
988 3.9908642783 4.32142226257
5151 1.44229796783 1.84370715973
5150 2.52676466801 2.93985731337
986 1.60968021296 1.91868186987
5154 5.50247888631 5.50247888631
5157 1.54445817303 1.72549886231
2478 2.33649362961 2.52616484611
115 10.0608131589 10.0608131589
7313 3.54787469107 3.54787469107
119 4.29671698692 4.29671698692
2785 1.64508207996 1.64508207996
4801 1.00305301248 1.00305301248
2787 3.68109461823 3.68109461823
4803 0.556877398561 0.556877398561
4805 0.72385667376 0.723969492372
4806 1.99853865888 1.9985393966
4807 2.35782771826 2.72056093188
2788 0.948910476459 0.9489131358
2071 1.2351197998 1.23515667676
6306 4.17616097801 4.17616097801
6301 1.69110615537 1.69110615537
6303 3.49849650777 3.64003507076
2074 1.82275564899 1.82275564899
7272 9.00192922874 9.00192922874
7273 5.33121708008 5.33121708008
7275 3.49526846855 3.49526846855
3502 3.25606885279 3.28024809665
7279 5.28084103325 5.28084103325
5086 1.4995669844 1.78725537452
5085 2.78572025024 2.78572025024
5084 1.0779932732 1.0779932732
2672 2.04143637799 2.10132751903
2676 1.182157259 1.27850936457
2679 0.999452714479 0.99965388983
6833 5.47054471293 5.47056498072
2928 2.3835411011 2.79558389664
6830 2.30435053703 2.58277614445
6854 3.04622061212 3.34753699172
2923 2.45284250923 2.45284250923
6838 5.31008608503 5.67851575697
2925 0.0413703708601 0.0413703708601
2926 3.68222035591 3.68222035591
5331 5.64781022377 5.64781022377
5330 5.25117079899 5.25117079899
5335 0.453464989663 0.453464989663
5336 1.83421734489 1.83421734489
2907 2.06851077868 2.06851077868
3215 1.96193790836 2.08754081558
1984 0.65076113851 0.797752879669
1985 0.0380784854499 0.0380784854499
1982 1.55180609257 1.55180609257
3212 1.55653075255 1.69693831743
1638 0.525672856511 0.525672856511
5371 4.6654368844 4.99282004127
3218 6.18293904974 6.18293904974
3219 2.03798931409 2.61446471452
1989 2.50009804004 2.60444541965
569 1.37627194562 1.72678800957
560 3.43998599766 3.43998599766
564 4.2623741933 4.65824738148
566 1.80381258777 2.02417790893
6543 8.95118156558 8.95118156558
3173 0.471003634664 0.471003634664
7081 0.717533767015 0.717606116315
7030 2.35934089754 3.09137348329
7084 7.84413127206 7.84413127206
3376 1.3347170079 1.3347170079
3374 4.62433814476 4.62433814476
5421 1.07364145919 1.67330365663
3372 5.00928015129 6.42970927794
1180 6.04708883716 6.04708883716
1181 3.88104396694 3.88105928291
725 2.54349094528 3.2404927321
723 11.287611978 11.2876120886
1746 3.24608295745 3.24608295745
1740 0.764593777348 0.764593777348
1742 8.83223821544 8.83223821544
5499 0.166393109223 0.166393109223
1165 1.22729687798 2.67286596537
1166 1.42925014869 1.42925014869
7587 4.48324695711 4.94628200054
7291 5.56127627453 5.56127627453
4247 1.73797253477 1.98360912417
4245 2.43813196754 2.43813196754
1168 1.65391738928 1.65391738928
1169 2.15281378678 2.15281378678
4240 1.67340956722 2.03655406498
5521 1.88530284061 2.12745805413
5523 3.78013488062 3.98787786299
5526 2.07762177239 2.07762177239
7130 2.13040137278 2.49517802085
6941 4.55999163114 4.55999163114
6940 1.37513847785 1.37514677853
7132 1.48936103837 1.48936103837
47 6.87094155728 6.87094155728
7297 1.22223004621 1.22223004621
41 5.20225873815 5.20225873815
1569 2.51693065693 2.76937054555
1365 2.29894699068 3.43108502043
5492 4.43792959342 4.71737076561
1292 1.76528337431 2.11727044859
1561 8.98566491972 8.98566491972
1563 2.5785819973 2.5785819973
1564 3.37496460647 3.37496460647
1565 0.246226467877 0.246226467877
1295 2.92027860563 2.92027860563
1712 1.75678382969 2.31676472064
475 0.0888597844756 0.0888597844756
5250 1.00225819763 1.08567819258
1789 1.63594542726 1.86023597616
4399 4.22813748396 4.48334153653
7460 3.36448499918 3.40033028181
5638 3.22020473025 3.22020473025
6541 2.65756183232 2.65756183232
6540 3.3272673255 3.3272673255
4391 2.28500509058 2.28500509058
4392 3.49998006384 3.80947985691
4395 1.70361163922 2.15608221719
6549 1.35385089962 2.03869918221
5633 11.3325546297 11.3325546297
473 1.60507910492 1.81853831851
3195 0.619847939575 0.619847939575
1862 0.248864198488 0.248864198488
3193 3.494994308 4.24621275559
7465 2.27604766333 2.50110880048
3190 1.95926583585 2.32694638992
3728 5.99568595703 6.32147582298
3198 2.20224185299 2.25218150641
7466 1.86852316393 1.99247954763
1368 0.824832312867 0.824832312867
3729 1.10459656463 1.10459656463
2.37324090571 3.12706388247