4447 5.06402640277 5.3155394604
4023 1.53044375649 1.65770225106
5988 0.868421415015 0.868421415015
346 1.59722222241 1.75484338585
347 6.02857142855 6.02857142855
7513 1.09756097576 1.35750935448
7512 3.00000000454 3.00000000454
342 3.18279569893 3.43443620757
343 2.33333264071 2.43075787062
3996 1.71428558274 1.71428558274
3995 0.77567408445 1.01004794989
3994 1.37499999993 1.46308748877
348 0.894117663189 1.16193636742
7518 3.30769230762 4.11993517868
6150 1.23076923093 1.52113318091
6154 0.499988773296 0.608127506798
6159 0.617651039728 0.617651039728
6796 2.11764705892 2.91280433029
6797 8.36363558747 8.36363558747
4730 0.941176470603 0.941176470603
4736 1.86666666746 1.86666666746
2319 0.974358389401 0.977053656725
2313 6.01428571422 6.0146928942
2310 2.35714242965 2.35714242965
2311 2.64704694671 2.64704694671
5851 0.625000000032 0.800390529699
299 1.24999985565 1.48976093108
7627 2.5000034475 2.5000034475
291 3.45454545933 3.45454545933
4656 3.50000000001 4.26004215751
274 6.04347826088 6.04347826088
276 2.89142856356 3.78876534263
278 7.45454545455 7.45454545455
4836 1.00000000369 1.10072703424
6584 8.50000159121 8.50000159121
2262 1.20645131576 1.28798159109
6190 4.58333641424 4.58333641424
2266 5.09090945994 5.09090945994
2443 1.72727343009 1.72727343009
6055 0.238095238104 0.238095238104
108 1.60000319702 1.60000319702
109 0.153846153774 0.153846153774
107 4.00000266609 4.00000266609
4813 1.79310297618 1.79310297618
2047 9.69444444821 9.69444444821
2045 1.00000001226 1.04769092876
4817 2.9999998609 2.9999998609
4816 1.94444492564 1.94444492564
2040 2.40000000087 3.06431068932
4819 1.55555542457 1.78037988876
4818 10.0099999993 10.0099999993
1297 1.86842105274 1.98737938605
6378 4.34848487194 4.82831982095
6379 1.49999999999 1.80277563817
6053 0.687500000425 0.687500000425
5828 1.24999999999 1.24999999999
6372 0.909090907575 0.909090907575
6375 1.68749968751 1.68749968751
6377 1.82499999799 2.1256534916
2838 3.83333333337 4.01494603537
5363 3.75000086172 4.32062289566
3519 0.136363632197 0.136363632197
3510 1.41463414677 1.73239423055
3517 1.51785655127 2.20743332944
3516 1.77777750616 2.403700622
7263 1.14285713657 1.14285713657
3514 6.00000000001 6.12584292626
6201 2.99999995375 2.99999995375
6202 1.49999999711 2.2003899597
2685 1.49783522308 1.6778448218
2687 5.23999999945 5.66377965593
2681 0.854838708132 0.990327832313
2683 1.05147058824 1.29797636614
5406 0.948276634953 0.948276634953
5119 0.258619510729 0.258619510731
6802 2.22578106909 2.22578106909
6800 0.777777766707 1.05409254286
5293 8.27272727008 8.27272727008
5404 0.973684210575 1.23085523807
91 8.14285714014 8.14285714014
93 0.434783498211 0.434783498211
95 2.00000001123 2.00000001123
97 2.05454545457 2.05454545457
5402 7.06285714148 7.20362720335
5182 4.27272727273 4.27272727273
1622 1.33035713178 1.61071032214
1992 1.56522714417 1.56522714417
1627 1.76851851528 1.83784051079
3993 2.2753621574 3.11848554981
1629 3.07894736842 3.07894736842
1628 3.27134986226 3.56038358988
3209 0.449998592588 0.449998592588
2860 0.199999999988 0.199999999988
2861 5.15517357561 5.36896807261
2863 6.7142857143 7.35402152929
2867 1.26666666439 1.61382912311
555 1.72222222096 2.00693242764
554 3.15384612202 3.15384612202
551 0.562499997764 0.562499997764
550 1.0 1.27613495066
553 0.272710790085 0.272710790085
552 3.00000000282 3.16227766374
7142 2.26666666801 2.75730322868
1199 6.00000000201 6.07461032303
5459 1.00000000009 1.00000000009
7079 2.37142855888 2.37142855888
7074 0.714285714267 0.714285714267
5451 2.49999786973 2.49999786973
1193 2.81250001077 2.81250001077
3341 3.65625464339 4.19123723551
5454 2.9999999945 3.70949194922
3347 2.1249999971 2.20794021399
1197 4.63636521328 4.63636521328
3345 5.23437506591 5.2974972537
1754 4.0 4.59231779345
1752 0.400000007455 0.400000007455
6976 3.15999967861 3.15999967861
6975 0.767857149987 0.907733222016
6971 2.20098038619 2.39875737457
4253 2.53225806621 3.3490826351
4252 2.11904761904 2.31932138796
5531 0.461537419268 0.461537419268
5538 0.100000012669 0.100000012669
1285 1.33333333332 1.66666666665
1284 3.21428547089 3.36624888858
1287 4.52631578565 4.75479055375
1280 4.58333512485 4.58333512485
1283 9.59701492536 9.59701492536
1289 1.03846165421 1.03846165421
7188 5.07692300992 5.45666082997
1579 3.20175438598 3.58084959768
689 3.4242424246 4.0037860879
684 2.14999946544 3.57071266756
687 2.28571271895 2.49489193737
7183 0.869565214507 0.869565214507
681 2.11538461493 2.11538461493
683 2.31818181929 3.40433805992
7187 0.196078637557 0.196078637557
458 2.5333324446 2.5333324446
6006 2.00564970594 2.39489412196
1222 8.63636363636 8.63636363636
4388 1.92063492066 3.04756117677
6576 1.64705869849 1.64705869849
625 2.49999999898 2.63523138283
6574 1.50000000002 1.80277564933
5627 0.950002403133 0.950002403133
4382 2.29533333318 2.90394559139
7459 0.799999999995 0.943398113202
1371 2.24999999385 2.24999999385
406 0.86206896087 0.86206896087
405 1.68421052632 2.25534145906
1374 1.57142853566 1.78856909589
3834 3.00000000065 3.00000000065
628 8.35294286176 8.35294286176
3831 0.508928552764 0.671960252276
3832 3.36841954276 4.51068078334
3838 3.73333333348 3.73333333348
6794 7.63636363644 7.63636363644
4844 1.09090830448 1.09090830448
5990 1.94736823208 1.94736823208
5992 6.4972605643 6.53100154414
379 5.05882270581 5.05882270581
7527 2.73333417373 2.73333417373
7525 3.00000043384 3.21886854755
370 4.80952380951 5.47908826021
373 0.499999859268 0.499999859268
2038 3.16666666667 3.16666666667
374 5.5555555304 5.5555555304
376 3.57142860594 3.57142860594
6530 0.666666800277 0.816496583581
393 1.68548387097 1.68548387097
391 1.08749998522 1.60200069917
394 1.28070461306 1.28070461306
6148 2.63620230834 3.27680813575
2309 5.52631578923 5.52631578923
6780 3.863636565 4.60192204336
6782 1.22222267348 1.22222267348
4728 1.36363838834 1.36363838834
6787 1.7499999182 1.7499999182
2301 4.00000003463 4.00000003463
4724 3.40000393049 3.40000393049
4727 0.833330264765 0.833330264765
2307 6.4545454534 6.4545454534
5846 0.728813559315 0.837512264422
6538 3.29999982811 3.89019254386
5849 3.14025974031 3.63005957374
3748 2.60526315796 2.60526315796
3203 1.4999996969 1.88184008279
3745 1.16664718539 1.16664718539
3743 0.325581357485 0.325581357485
247 0.750019630576 0.750019630576
4623 2.35227272811 2.55295162287
4624 3.18181824165 3.3352611884
243 1.16666666667 1.16666666667
4629 2.46551766723 4.01994147685
2272 1.14285711724 1.14285711724
2278 2.78073378543 3.24634374351
2459 0.465116279116 0.465116279116
2454 1.27272727275 1.27272727275
2451 3.36363638969 3.36363638969
2450 2.461538483 2.78627239763
172 0.14285714183 0.14285714183
171 2.22727273071 2.6852828188
2050 2.72222222006 2.76775971096
4538 0.742424242581 0.857366930626
4828 0.945578230569 1.16909863329
2059 3.99999993904 4.02869701958
2058 0.11290322762 0.11290322762
3692 1.61538461539 1.61538461539
3693 1.40740740741 1.40740740741
4530 2.70270270336 2.70270270336
3695 2.17497539377 2.17497539377
3696 2.1249989424 2.1249989424
4821 1.25000069434 1.49303998691
6369 2.3269230772 2.3668694529
4983 2.53383458645 3.3641302558
7337 3.00000000094 3.00000000094
1504 3.00000000981 3.00000000981
3522 3.49999922906 4.90832918819
3523 2.30000000009 2.73861278762
7043 1.18253968565 1.50151096049
7218 3.13333185322 3.13333185322
7215 1.32727245882 1.4147975004
1601 4.92307664404 4.92307664404
6215 0.750000162087 0.750000162087
6386 3.46153846159 3.52776160007
2699 1.10000000001 1.10000000001
4651 0.499999026349 0.571979095792
2693 1.3383838385 1.41429472481
2690 0.499999999829 0.606765244997
6819 2.07692459057 2.07692459057
1605 0.125000000101 0.125000000101
6814 0.120000008179 0.120000008179
6817 5.88888888933 5.88888888933
6816 1.26666666666 1.26666666666
7326 3.09090838917 3.6815366181
3231 2.1666666144 2.49999998762
3236 4.0714198569 4.0714198569
1969 7.31999999963 7.31999999963
3235 4.0000000001 4.16666666673
1965 3.91258738937 4.28967396576
1966 1.04999999961 1.65000000046
3239 2.61538369943 2.61538369943
5191 5.23809523445 5.4323295201
1962 1.39081404359 1.42469248591
2877 4.63414629746 4.63414629746
3355 1.53846153851 1.53846153851
3351 2.10000006026 2.3345235701
3353 1.03451949229e-08 1.03451949229e-08
3352 1.15555555564 1.24801076288
7063 0.565217413961 0.594556301997
5446 1.82894737533 2.27369031065
7060 2.37179487177 2.55231263807
1764 9.0833333355 9.0833333355
1788 0.499999995647 0.499999995647
1145 1.53424657529 1.74067855844
6968 1.46153844701 1.46153844701
1148 6.00000000002 6.07215868619
5509 0.181818182249 0.181818182249
5506 1.51063829894 1.51063829894
5507 2.37433155084 3.0387227059
5500 0.583332346621 0.583332346621
692 1.76923174854 1.76923174854
1547 2.23846153847 2.29362378328
1544 2.96774193797 3.07936414498
1545 2.039375 2.44949484589
1548 5.16666666691 5.16666666691
7199 2.22222222228 2.22222222228
546 3.13333426823 3.13333426823
544 1.28820116062 1.5277048318
545 1.13636402505 1.24150024499
549 2.19444444866 2.56173770029
7194 5.14545454542 5.14545454542
6886 1.64285714121 1.64285714121
7564 1.50000000005 1.62822329914
764 3.12820593472 4.35233416722
6406 2.50000000016 3.36340601252
5618 2.14285435393 2.14285435393
7442 1.93939375844 2.5146035126
6568 3.29166666679 3.29166666679
5477 2.0000003161 2.08646066473
5612 0.051724134619 0.051724134619
5613 0.863636655977 0.863636655977
6405 5.64285713517 5.64285713517
5617 7.40000000058 7.40000000058
6562 1.5211038961 1.74859761924
7398 2.6666666744 2.6666666744
5475 1.90909090909 1.90909090909
410 1.81343283583 2.35341000467
1389 2.25549450556 3.02672828452
412 0.628571429022 0.628571429022
1384 3.15789469241 3.90946715093
1387 3.24999999816 3.92399533723
419 0.933335973151 1.07703690755
5003 2.51315790278 2.79579720937
3823 6.77778063643 6.77778063643
3821 3.0714285728 3.0714285728
7114 2.9166666624 2.9166666624
3828 4.23529411191 4.23529411191
5000 0.866667088154 0.866667088154
7482 4.2307692568 4.2307692568
4282 1.98214285378 2.25311575494
4280 0.714313624678 0.871935658853
4286 2.24999999676 2.24999999676
7538 3.41176470589 3.41176470589
369 1.31797138047 1.74502765868
366 1.72221711397 1.72221711397
7534 1.6216216232 1.6216216232
364 0.0625000004317 0.0625000004317
365 2.36634460552 2.89173716091
362 1.0666666683 1.0666666683
5009 4.00000000002 4.57999250664
360 1.20000000015 1.20000000015
7532 0.642856497049 0.642856497049
380 1.46666732005 1.72046558464
381 1.69444447416 1.78146324883
383 1.84210527168 2.37557400053
384 2.60416666306 3.67334855342
6178 1.3636368826 1.3636368826
389 0.571428505837 0.571428505837
5271 0.343749999965 0.343749999965
6778 3.00000001463 3.88833045583
6779 0.687500000015 0.687500000015
1369 2.63461538363 2.96053929073
6774 3.08333333285 3.11916121166
6775 0.49999998668 0.574341073856
6770 7.45000000551 7.45000000551
6772 0.833330957842 0.833330957842
4757 1.50000000572 1.50000000572
5870 1.65 1.65
5876 4.43859649315 4.68795435059
5374 0.761904761802 0.761904761802
5879 0.333334054957 0.333334054957
3758 1.49166666667 1.64234334616
3750 1.42857142857 1.42857142857
3753 0.181818664603 0.181818664603
3755 3.49840516283 4.04467174566
2192 1.50000070615 2.12132028695
259 6.18750000892 6.18750000892
4637 4.40000001776 4.40000001776
2195 1.91208500893 2.49699681477
2196 0.0333334861523 0.0333334861523
2197 1.76666667379 1.93935843569
4638 2.09615302566 2.46604029961
256 1.88888920965 1.88888920965
2200 7.21428569719 7.21428569719
2201 0.749999986705 0.749999986705
2202 0.924999999773 1.00778221829
2204 1.49999763806 1.76082114728
2205 2.8292682927 2.8292682927
2209 2.39394154723 2.9359564031
6689 5.92857143426 5.92857143426
6680 5.03125000412 5.03125000412
2428 3.98484910347 4.01609533805
4812 1.04545454569 1.04545454569
2422 1.67251461988 2.15411164606
2426 3.3636363628 3.3636363628
4810 1.87878787879 1.87878787879
169 2.84210561863 2.84210561863
164 2.09999998835 2.15870330316
160 1.81818182091 1.81818182091
161 2.36909090906 2.90035620494
162 3.15384615386 3.15384615386
3689 3.06815265283e-06 3.06815265283e-06
3683 0.898550724647 0.898550724647
4526 1.89230769231 1.89230769231
4525 5.99999999999 6.24535382859
4524 1.22222222219 1.38607424548
4523 2.40288418238 2.78067996453
3685 3.00000325347 3.07007269171
3684 5.11111111177 5.11111111177
6194 5.33333333352 6.00578424903
6981 1.75 1.75
2518 1.61538461448 1.61538461448
1842 2.27270721141 2.27270721141
2514 2.25000149774 2.25000149774
2516 3.49999751877 4.22531524803
6198 5.5 5.51816441438
908 3.73333330703 3.73333330703
6740 2.25 2.25
2730 0.0714285721874 0.0714285721874
2733 3.15384615384 3.15384615384
4426 1.06060630897 1.16064973118
5294 2.08333309929 2.39936329807
5295 2.02380952384 2.97695228349
2738 2.6800001452 2.8016187215
2739 1.23999999991 1.5620499351
5291 2.9708737864 3.6783882486
1817 0.272727257854 0.272727257854
1811 1.8000000029 1.8000000029
7203 1.42307692305 1.51735522005
6227 4.11764706406 4.11764706406
6228 3.2499999536 3.2499999536
671 0.227269686036 0.227269686036
6993 0.961538441631 0.961538441631
1609 1.30434781904 1.64357027017
7336 1.99999898315 1.99999898315
7335 2.53846153805 2.53846153805
7334 4.61363636364 4.91350811371
3225 1.95804195815 2.69231677416
3224 3.52173952457 3.52173952457
3227 3.49999882603 3.49999882603
1602 1.91058711787 2.39121815319
1973 3.83333334703 3.83333334703
1972 1.33333333333 1.33333333333
7339 3.0 3.31662479036
809 1.99999999989 2.2703164393
801 3.00000000045 3.33307822213
807 1.76190634822 2.05535811165
806 2.50000058265 2.87349015873
2849 6.43749999956 6.43749999956
2846 2.74358974359 2.74358974359
2843 1.10526316557 1.10526316557
3321 1.38204264872 1.54879944355
3323 1.88235291447 1.88235291447
3328 2.33333333332 2.33333333332
5478 0.562500000005 0.752599661178
5479 2.07692307198 2.07692307198
5274 0.0882352941476 0.0882352941476
7058 1.09090802833 1.09090802833
1776 0.999998880163 1.34986143661
1770 2.99999999997 2.99999999997
5272 3.3967390999 3.64292088411
323 5.2 5.65685424949
7052 3.25000001255 5.27723162198
1778 0.538461538138 0.538461538138
7055 0.818182682967 0.818182682967
1154 3.86363636364 4.14459720002
1152 0.500000000016 0.500000000016
5519 2.0 2.0
5518 1.60714285715 1.68221489079
5513 2.71428571416 2.71428571416
5512 1.50181818207 1.82543643622
5515 1.42857135274 1.77336385007
5517 1.96999999999 2.13738157566
1551 9.2368421052 9.2368421052
2999 4.00000099381 4.00000099381
59 1.31111110862 1.31111110862
58 5.49999709814 5.58049620694
55 1.0 1.01980390272
2991 1.33333264677 1.33333264677
57 2.18750000568 2.18750000568
2993 3.46153808676 3.46153808676
52 1.0 1.0
535 1.30303248924 1.38568298502
532 1.5897432579 1.60988036886
531 3.02522935779 3.64506527454
7342 6.49999929669 6.9641937333
538 0.701754385807 0.830697585983
5600 0.492063455106 0.492063455106
5609 4.43478230004 4.43478230004
5608 2.74999964278 3.32603332444
5134 1.07894736839 1.18917089761
1902 1.43902439024 1.6901576721
6517 2.7647061346 2.7647061346
428 1.14285685548 1.14285685548
421 4.11764724423 4.11764724423
420 2.9888888894 3.30403793415
3293 0.15384615306 0.15384615306
1393 2.54545778932 2.54545778932
1391 0.814814814883 1.26686158345
3810 1.81818101569 1.88567840036
3816 1.69696993837 1.69696993837
3814 0.526315789495 0.526315789495
3457 4.49999999388 4.49999999388
6420 0.437497158968 0.437497158968
4298 6.04347826084 6.04347826084
4294 2.05555555818 2.05555555818
4297 1.7 1.7
853 6.5351355983 6.57397120623
6428 1.18181709656 1.18181709656
6429 2.78571428569 2.78571428569
6412 0.210526315828 0.210526315828
7543 0.727272713649 0.727272713649
7547 5.35897435898 5.502196083
6168 2.03124999992 2.17009444389
6160 3.81249999988 3.81249999988
6162 0.0666651232193 0.0666651232193
4749 1.56257175709 1.58878530291
4748 3.5 3.98946410654
6767 2.30769453674 2.30769453674
6766 2.51428571211 2.85657136593
4740 3.84615384616 3.96881333524
4747 1.88571428549 1.88571428549
4744 1.00000100634 1.28062624883
5868 1.72727403958 1.72727403958
5865 2.48967551798 2.62030601546
4715 2.61539810928 2.61539810928
2183 2.48621554517 2.94983317098
7059 0.249999961786 0.249999961786
2181 0.636363640841 0.636363640841
2186 0.863636363639 0.863636363639
4606 5.42499999999 6.1127428377
2189 1.99999930287 1.99999930287
224 3.94594595892 3.94890671377
223 5.90909259157 5.90909259157
222 1.99999999997 2.49999999996
221 0.818181847028 0.818181847028
2212 1.77777721639 1.84675184771
2211 0.854166632216 1.13364728501
2210 1.44444435602 1.5986104712
2217 3.22222222621 3.22222222621
2216 2.2750000015 3.92308870671
2214 5.26666666651 5.26666666651
6699 0.727278452385 0.727278452385
7293 1.03030303394 1.12698874895
6697 1.11688311688 1.31290929413
6696 1.11111103342 1.21842841649
6694 0.923076923074 0.923076923074
151 0.81818181818 0.81818181818
155 1.47916666669 1.47916666669
156 3.33334195938 5.01940878332
2433 0.949997878492 0.949997878492
2431 3.1199999997 3.26190128575
2430 2.21052629394 2.21052629394
2437 4.31249834721 4.40214632402
2434 1.9999999976 2.1859887253
6340 3.4705914174 3.4705914174
6343 1.96153841582 2.30801270885
6344 4.43750000001 4.43750000001
6346 1.24999999999 1.24999999999
6349 0.909090910353 0.909090910353
4510 1.54347785859 2.15228369379
6809 2.33333333331 2.33333333331
4514 1.00854702909 1.14842031222
4515 3.54545413552 3.54545413552
6186 1.78787878599 1.78787878599
6183 1.48214285741 1.64363335709
6182 2.54545453884 2.54545453884
2508 3.83098591544 3.94371227326
2507 2.14285692425 2.93118349394
2506 2.81818181816 2.86219299841
2505 3.31481480862 3.35594184339
2503 1.27272726518 1.27272726518
5289 2.25000000154 2.25000000154
5288 1.65217365332 1.65217365332
2721 1.85416666667 2.41435323897
5280 2.51515144067 2.86471837
5282 1.24000068244 1.24000068244
5287 3.0434782608 3.0434782608
7234 0.500000221257 0.592654834186
7235 6.41666817781 6.41666817781
7233 1.14285724383 1.14285724383
5047 4.14285713222 4.14285713222
5046 2.92307692208 2.92307692208
5045 9.54545454546 9.54545454546
1807 2.35999999459 2.39165214317
3783 1.64999999999 1.64999999999
1804 2.50000000009 3.47324873724
1802 2.02777777772 2.44333939643
3789 2.00000128452 2.00000128452
1809 5.53333052323 6.08495014033
1808 0.933333333487 0.933333333487
4994 2.07692307648 2.07692307648
6239 1.00000186739 1.00000186739
4993 2.20740738529 2.55410584795
4991 3.27777625188 3.27777625188
6234 2.46341463414 2.46341463414
6237 0.1818181819 0.1818181819
4999 0.0666666847446 0.0666666847446
1948 0.615384698549 0.615384698549
7301 2.39999768592 2.39999768592
7307 6.54545690667 6.54545690667
7304 4.54166666667 4.84178698774
7305 0.0333333537797 0.0333333537797
1943 0.999999156002 0.999999156002
1940 1.88461538462 1.88461538462
1941 1.49999999999 1.77891262178
1946 1.01666666662 1.12063969823
810 2.18999999871 2.7982137157
1252 3.28205128597 3.28205128597
812 1.0000000003 1.0000000003
814 0.64285714058 0.64285714058
817 3.60317460096 4.18153808366
2859 0.749999999997 0.749999999997
5183 1.55555555439 2.24227067503
2850 3.28124997546 3.82068791505
2852 2.00000048466 2.27817548047
2855 1.41666666667 1.41666666667
2857 6.559731219 6.6020490282
2856 2.4375 2.4375
7045 6.3846153846 6.3846153846
1491 2.89655172356 2.89655172356
5463 2.94444439961 2.94444439961
5462 2.49999999816 2.59679398405
1494 2.71428571429 2.71428571429
3336 2.30622009579 2.97254363468
1496 2.24999934465 2.31056929258
7042 3.31250000388 3.31250000388
1499 4.84615078347 4.87091479217
1702 0.736841360209 0.736841360209
7328 2.88461538461 3.66487974472
1705 1.39999971276 1.39999971276
427 1.85714285893 1.85714285893
4574 4.83333333332 4.83333333332
1129 2.49999965126 2.53554570982
1123 0.733334702341 0.733334702341
6983 4.0 4.21637021356
6982 1.23076945783 1.23076945783
1126 0.192308358489 0.192308358489
6980 2.94444839168 3.02306234107
2982 2.63889019046 2.63889019046
2981 2.18518518514 2.96615568739
2987 0.142857142855 0.142857142855
3022 4.12149533031 4.12149533031
2985 1.91666618381 1.91666618381
524 1.50000000501 1.50000000501
520 1.74358974281 1.80619141106
521 5.46666586877 5.46666586877
523 2.58653845701 2.86744891932
1012 0.78571429308 0.78571429308
1013 0.500000000337 0.500000000337
1234 2.09259259194 2.57300803904
1235 5.85964788367 5.87307916448
1237 0.909090909029 0.909090909029
1230 8.94827586207 8.94827586207
1231 0.230771985515 0.230771985515
304 2.3333334086 2.64575136331
4195 0.166666666667 0.166666666667
4192 0.985507254141 1.09244989129
1239 1.76470588232 2.02834584108
5674 2.03571221832 2.63517218523
4355 5.2400000153 5.2400000153
4357 0.375000000009 0.375000000009
4353 3.00000181129 3.00000181129
6507 0.859999985381 0.859999985381
4900 0.266666666467 0.266666666467
437 3.99999999966 3.99999999966
435 0.18182033938 0.18182033938
433 1.90461048408 2.14410183106
431 4.71651090339 5.14761513671
7158 1.18333333333 1.18333333333
3808 6.22222222222 6.22222222222
3802 1.24999994849 1.34629115653
6437 0.523814291527 0.523814291527
6435 1.66666664013 1.66666664013
6432 3.68749931051 3.68749931051
6431 10.3846153847 10.3846153847
5707 1.24000007179 1.61245158608
5700 2.59523816921 3.03129942755
5702 8.09090909091 8.09090909091
6438 0.85999999996 0.994786409196
2868 3.72413793102 4.40861765532
2869 3.48717948676 3.48717948676
7553 1.07966666666 1.42373628176
7551 2.24999821521 2.24999821521
7550 1.62499910155 1.62499910155
7557 1.9166666872 1.9166666872
7578 0.500000005721 0.506896882229
4774 3.16000232159 3.34449094126
4770 6.37499999987 6.37499999987
4778 3.08695641358 3.08695641358
6421 0.1111111102 0.1111111102
4175 0.368421038347 0.368421038347
4172 2.15000001628 2.20737402132
6752 0.153846281719 0.153846281719
6756 2.74999988576 3.79778041385
4179 3.13725788001 4.96981016527
6755 3.55405405408 3.55405405408
7171 5.09420289855 5.50007170147
5815 1.57999998171 1.57999998171
5816 1.68181818748 1.82442111805
4296 1.95238095274 2.43558278313
7173 4.41724134984 4.6075339995
5064 0.666666578725 0.666666578725
4619 0.581311769885 0.884795722925
234 3.38709677504 3.93350029451
4610 0.363636370928 0.363636370928
236 3.13043587971 3.13043587971
4615 1.13333396457 1.13333396457
231 3.36363693564 3.36363693564
4617 1.88886918851 1.88886918851
233 4.81818197996 4.81818197996
7392 3.16666695935 3.16666695935
2223 0.366667685041 0.366667685041
5924 3.06382978903 3.06382978903
5925 1.5000000015 1.96200942137
4881 0.357142848616 0.357142848616
146 0.600000000102 0.600000000102
5356 0.148148151683 0.148148151683
5143 0.217391304421 0.217391304421
4501 1.24999999996 1.24999999996
4503 0.999999983292 0.999999983292
4502 0.499999999731 0.499999999731
4508 2.30434782613 2.30434782613
2089 1.43478260864 1.43478260864
2080 2.49999889356 2.63047792995
3403 2.58333360276 2.58333360276
2538 2.85964722685 3.01105897121
2539 0.236842594194 0.236842594195
2530 2.18749799779 2.54618758759
2537 0.55172413718 0.55172413718
2713 0.94788593901 1.36894134288
5453 9.29166599643 9.29166599643
2716 2.6846153844 3.31500384504
2714 2.24074074074 2.34191543426
2715 3.8625001206 5.98555552978
5078 1.58928569016 1.9720624886
7222 1.50000000001 1.62872240924
5456 2.34751774153 2.39438129399
7227 1.99999999725 1.99999999725
7226 2.51442307641 3.25825362915
5072 1.59999999664 1.59999999664
5457 1.55556548245 1.55556548245
5076 0.368420449696 0.368420449696
5077 1.95238095194 2.11690635458
1832 3.30000002168 3.33766387141
1833 1.04545485958 1.04545485958
1830 2.96969696606 3.00687916162
1831 3.07692307768 4.11712160856
1836 0.0909090941174 0.0909090941174
1837 3.49999408916 3.80787879207
1838 1.18749999995 1.18749999995
1839 1.21428572097 1.46326910692
2155 1.62963090403 1.82273518374
2156 2.8695655533 2.8695655533
2157 2.90909091703 2.90909091703
2402 7.94117647056 7.94117647056
2151 1.88815789473 2.07135522433
6240 0.851612812484 1.02963360722
4988 2.19999838071 2.19999838071
7446 0.249999999986 0.249999999986
2158 5.50001356947 5.67764456816
936 0.0399999996811 0.0399999996811
6246 0.874999994256 0.874999994256
2409 1.14108761329 1.62755023879
5381 4.9375 4.9375
5382 1.21818181818 1.57606057693
5383 2.47618878521 2.47618878521
5386 4.05262349752 4.05262349752
5387 0.0454557405746 0.0454557405906
5388 0.384615074757 0.384615074757
1691 4.39873417721 5.20009798633
1955 0.857142632708 0.857142632708
1957 2.0 2.33118510913
1956 5.29411766276 5.29411766276
1959 3.11764705647 3.53920210626
3243 6.27272727273 6.27272727273
3242 5.5 7.24005544025
3247 0.93333328003 0.93333328003
7310 1.7060063034 1.95595435211
3245 0.819711496479 1.08913063465
3244 3.76851840416 3.85865666752
826 0.49999981536 0.49999981536
821 1.51960796127 1.66776205065
820 1.00000000637 1.06406363205
1483 0.714285717891 0.714285717891
1482 1.50000047082 2.12132034595
1480 1.5 1.54360948239
1487 2.00000001989 2.06155283212
1486 2.22500543968 2.22500543968
1485 2.03030302975 2.21751107516
7037 1.57143448782 1.57143448782
5496 1.76470588245 2.0435474355
3300 0.848484610691 1.26839084653
5493 2.00000016629 2.35702272145
796 1.23529411507 1.23529411507
795 1.53333332726 1.53333332726
5251 2.90234374998 3.56359632253
5256 0.999999999105 1.23649731783
5257 1.82758620685 1.82758620685
5254 3.75000000001 4.68671289687
1719 0.59459299252 0.59459299252
1718 1.38947311886 1.8847684055
613 0.363637007011 0.363637007011
2414 2.0 2.0
1139 1.78571445101 1.78571445101
1273 5.97701149425 6.12739635796
1995 0.999990432138 1.37073160494
1275 0.066666666475 0.066666666475
5940 1.83333215731 1.83333215731
3011 1.80555555058 2.10891698839
3016 3.13043478098 3.13043478098
7141 2.90909280439 2.90909280439
3014 1.44787644787 1.44787644787
7143 0.692307691051 0.692307691051
926 3.14285711023 3.14285711023
1007 0.500000405475 0.551765378214
1005 2.24999999689 2.57316752611
512 6.81818181926 6.81818181926
515 1.1111122486 1.25830679421
517 1.99021834059 2.62165426213
516 0.30769039642 0.307690396426
1226 1.49999999994 1.52069063224
621 0.63636363745 0.63636363745
1223 0.636363635542 0.636363635542
626 5.25000000099 5.48292805102
1221 3.15384615218 3.15384615218
4182 0.0937500000627 0.0937500000627
4184 2.90839694656 2.90839694656
4186 1.58823529408 1.58823529408
5662 1.68792995734 1.98531934586
6533 1.35333333356 1.75910330697
4349 0.999999999783 1.02270151473
7562 5.39583333246 6.21856678847
5669 0.499999999949 0.549229351855
4341 1.0000028788 1.1905295625
2883 5.63636363634 5.63636363634
7498 1.31884057484 1.41488174052
2887 3.00000277913 3.00000277913
2884 0.705877412838 0.705877412838
7493 3.20000001268 3.8446295699
7490 4.86664337903 4.86664337903
7491 2.50000071961 2.54951060309
7497 2.52380952387 2.52380952387
7494 1.96153846149 2.02426113332
3878 4.46153846164 5.67056658938
3879 2.01794871795 2.05207356524
3874 2.44166651846 2.48675642515
3876 6.39130434787 6.39130434787
6403 1.49999997245 1.49999997245
6400 3.34108527055 3.82572865535
15 1.84799984781 2.18394137477
14 2.22727272717 2.22727272717
6404 3.30769230764 3.30769230764
1921 2.44316730524 3.22606501577
19 2.50000074652 2.50124694918
7568 1.60869549089 1.83005083457
7561 0.153846120997 0.153846120997
7374 1.75999994665 1.75999994665
3907 0.466670471033 0.466670471033
3902 4.43749999664 4.43749999664
4761 3.10869565216 3.45166462128
4760 1.62745098681 1.88082046026
4763 0.235294029156 0.235294029156
4764 5.42857086133 5.42857086133
6748 2.02892655369 2.86699868248
4167 6.99999889834 6.99999889834
4162 1.38888888492 1.47614780245
4161 1.49999998604 1.88184009245
205 2.58974358975 2.77610732153
204 2.3181818218 2.76115319368
209 3.81818214551 3.81818214551
830 2.99997704944 2.99997704944
7181 0.333333648932 0.333333648932
2233 5.13793103455 5.13793103455
2232 1.20588180288 1.20588180288
5937 8.33333349502 8.33333349502
5936 0.72727267995 0.8406018843
5934 4.69999999999 4.99610959758
5933 3.68181792312 4.22805439889
5932 1.50000000164 2.05508054088
5931 1.87074830376 2.19822645606
5938 3.62499999999 3.62499999999
7140 1.81818182295 1.81818182295
3499 1.25833336078 1.45509167465
3495 2.2631578948 2.2631578948
3491 0.500000099765 0.500000099765
4570 2.515082575 3.11899409934
4572 5.81578947299 6.00611415077
2096 2.87272727272 3.41151429017
2091 2.49999999946 2.54587668021
5096 7.93333333333 7.93333333333
4576 0.999999997548 0.999999997548
2092 2.18749996389 2.5132461468
3657 4.74999999948 6.15934252154
4604 4.7692330686 4.7692330686
2525 0.621621574584 0.621621574584
2524 0.666675385664 0.666675385664
2527 9.03703703703 9.03703703703
4602 3.02824857507 3.63236854976
6902 3.75 5.10480015873
5065 0.793478260869 0.903940125491
4889 2.60000001392 2.60000001392
5067 1.45333333339 1.63331972781
5066 1.00000000001 1.09042924065
5061 0.18181518184 0.18181518184
2708 1.1333441834 1.1333441834
7262 1.82407407369 2.20706637269
5062 0.588235291376 0.588235291376
2704 1.29999969681 1.29999969681
5069 3.56060606066 3.85864204837
4885 0.634146341463 0.634146341463
2702 0.828571443934 0.828571443934
4193 1.81249999999 2.0348525745
1828 0.821428571428 0.821428571428
1825 1.64705882352 1.64705882352
7453 2.23015855328 2.90681035891
928 1.58333333409 1.64147630103
2146 3.66666685281 3.78593911079
7072 3.17393161358 3.17393161358
2142 2.25925920081 2.47067845294
2140 1.16666666624 1.16666666624
921 1.49999999906 1.49999999906
4498 1.3768115942 1.45527742652
924 2.07291666668 2.19384001874
4971 0.0833333333369 0.0833333333369
2149 3.26666667084 3.26666667084
5745 1.07142874689 1.07854791792
5392 1.13973674942e-07 1.13973674942e-07
5395 3.86206593509 3.86206593509
3276 1.0833333334 1.0833333334
3277 1.23076923379 1.23076923379
1924 0.694444444446 0.694444444446
1926 0.611111111111 0.611111111111
5749 1.54545455072 1.54545455072
3278 1.56927297621 1.7036142394
7369 1.49999990817 1.49999990817
3476 0.818182183821 0.818182183821
831 3.5 3.5
837 1.08333327445 1.08333327445
7361 2.50000338939 2.54951372429
3478 1.56367924345 1.76877358161
5586 3.47826025214 3.47826025214
3332 0.166666667168 0.166666667168
3318 0.0833336640934 0.0833336640934
6571 6.0 6.08539218
5488 0.916666493363 1.10867761749
5484 2.12500002261 2.60108152432
5483 0.999999654096 0.999999654096
5482 1.87719298245 2.21900653226
5481 1.81818200366 2.07503865349
5480 5.20000000003 5.20000000003
785 0.666666666672 0.666666666672
786 2.96153344963 2.96153344963
7450 2.48101265818 2.48101265818
1728 3.27272726769 3.27272726769
783 0.50000000005 0.50000000005
6591 3.49999999792 3.49999999792
1727 1.5833227124 1.5833227124
5246 1.57142796368 1.64905586231
1722 1.71200000001 2.5882392178
789 5.39130434876 5.39130434876
1720 4.31818242309 4.31818242309
5242 1.99999861396 1.99999861396
7594 1.20000000656 1.20000000656
61 3.50000024874 3.584286479
3006 1.46666666667 1.46666666667
3000 2.11578947544 2.44044862292
66 1.89189189287 1.89189189287
68 1.91666666688 2.13600093638
69 1.21904761909 1.96721426719
3008 1.00000000057 1.00000000057
7159 1.10728737694 1.45995225058
1370 4.96667156572 4.96667156572
7153 0.789472528826 0.789472528826
7152 2.20833347949 2.20833347949
1584 0.424242424213 0.424242424213
1585 1.023809522 1.31125426623
6826 0.999999987303 1.09845870773
509 3.82600732598 4.02416297059
1032 1.63636360519 1.63636360519
505 1.35294063702 1.35294063702
502 4.14583333493 4.46558017196
1037 1.91666664189 1.91666664189
1212 0.7692307692 0.7692307692
1210 3.00000000057 3.02738155267
633 2.05882574254 2.05882574254
1216 1.49999999996 1.69870566499
635 1.96103896176 1.96103896176
638 3.64705882537 3.64705882537
1218 1.1666666751 1.1666666751
1219 2.08856951872 2.79836628551
6521 2.09523893437 2.49160856605
7484 2.46226216893 2.88318035857
7487 3.84615244814 3.84615244814
4379 2.49999999786 2.49999999786
7483 1.1851852182 1.1851852182
5659 2.0625004981 2.82801318028
5655 1.07692307692 1.07692307692
5652 0.875000004389 0.875000004389
4377 5.41666690201 5.41666690201
2899 3.48408710219 5.3255126662
2895 0.571427693998 0.759294890572
2891 9.18181824641 9.18181824641
2890 3.50000038733 3.80423756093
1106 1.69999864676 2.26715668724
1455 4.77076411957 5.34246334083
1102 3.50000038673 4.94974747031
1103 1.36000000558 1.36000000558
1453 0.711111111117 0.827311576406
1458 2.03157892998 2.64030131613
1899 2.75 4.06970514902
4082 1.42222214394 2.26077650156
3868 1.66666666681 1.94365063174
4088 3.61110062658 3.61110062658
5241 1.49999979681 1.49999979681
3738 1.2777777788 1.37212100486
3866 0.0833216866235 0.0833216866235
3864 10.9285714284 10.9285714284
7073 8.41666666631 8.41666666631
3735 3.90909090497 3.90909090497
5729 2.71746031743 4.07992708121
6419 1.06666761115 1.6248077904
6418 0.799263351754 0.927924634697
6415 1.95652173406 2.38100548221
5723 2.28000000045 2.28000000045
5720 2.16666666555 2.38630350969
5721 2.81333338776 3.2788887176
6411 4.43333333307 5.29999999981
5727 6.63636695404 6.63636695404
5724 1.73684252906 2.12556069647
5725 0.333333333345 0.333333333345
3913 1.48805970199 3.60033599051
3912 1.68749998718 1.7421699707
3918 1.69090906058 1.99462090985
6732 2.50000000688 2.50000000688
6734 0.666666591755 0.666666591755
6736 2.65785235976 3.70191511778
6737 2.61607156804 3.45628003795
6738 3.51999999999 3.51999999999
4796 1.66666718424 1.66666718424
4790 1.66666666911 1.81046341622
5836 3.08333289952 3.08333289952
4153 1.91666775674 1.91666775674
5834 3.69565216203 3.69565216203
5835 2.49998707743 2.56887013937
4154 1.38028129106 1.38028129106
5831 1.34856556796e-06 2.29341875112e-06
4159 4.50000010603 6.22414667661
4698 4.30769239574 6.35938792278
219 2.7272727268 2.84687252841
7464 0.583333354718 0.583333354718
6087 2.54000000001 2.54000000001
6084 3.15384614325 3.15384614325
6083 2.71428571433 2.71428571433
6644 1.16666666665 1.35400640074
6640 3.4545457367 3.68602465612
6642 1.74999999725 1.74999999725
5902 2.74107523479 2.74107523479
5904 1.26829194677 1.26829194677
5909 2.72222217576 2.72222217576
6497 0.230768919452 0.230768919453
3488 4.44287949907 5.14302695565
3481 5.64285792299 5.88018171213
3480 7.58333273363 7.58333273363
3482 3.36362866961 3.36362866961
3487 4.99999999712 5.43983793125
3486 4.40000002307 4.40000002307
4566 2.49999922438 2.49999922438
4565 1.05555460421 1.16798739291
4569 2.15555554314 2.19999998079
7080 2.82222222319 3.38887067465
2551 2.52380952382 3.81933261026
2552 7.58333556568 7.58333556568
2554 1.51666666671 1.78613487114
2555 1.49999798147 1.49999798147
6396 1.06249104386 1.06249104386
6397 5.45454545633 5.45454545633
2397 10.0000000081 10.0000000081
2394 1.11538461538 1.52397021201
63 2.36363636143 2.36363636143
5013 2.38460501615 2.38460501615
5014 4.91666535589 4.91666535589
2771 1.87053632655 2.79206365421
2772 1.74074074074 2.29786386161
4897 1.49999881825 1.58113789774
2775 1.75000004006 1.80277568021
2777 1.50000000001 1.55478467122
1859 0.500000081314 0.668977486139
6260 4.80000145179 4.80000145179
4418 2.01315789457 2.86552243683
4417 5.00000000295 5.00000000295
4416 4.46405228758 4.46405228758
1852 4.42855013039 4.42855013039
1853 0.752873420946 0.856476067344
1855 0.461538461517 0.461538461517
6269 3.33333300208 4.03112834028
5168 1.4166678361 1.4166678361
2171 0.750000002855 0.750000002855
2176 3.07594936702 3.07594936702
918 0.685189936195 0.685189936195
6063 0.500000448998 0.625774670218
4967 2.51785714297 4.24027248168
914 5.63636468314 5.63636468314
917 2.27272727274 2.27272727274
2179 1.23076897595 1.23076897595
912 1.49999812477 1.74359242729
2603 1.54999992288 1.54999992288
2609 2.63559322041 2.63559322041
1930 7.09523809413 7.09523809413
1937 5.61538513673 5.61538513673
3269 1.50000348544 1.52809615595
1939 3.30769230766 3.30769230766
5127 2.05769230801 2.19567891947
5121 2.02105255977 2.63788714457
845 1.97297241703 1.97297241703
3464 1.59183677076 1.59183677076
3463 2.42105292084 2.42105292084
842 1.8125 2.07006189521
7091 3.19999902949 3.19999902949
7375 0.57142916435 0.57142916435
848 1.85964874143 2.20089772531
7012 1.02352955461 1.20867683423
7013 3.89473750031 3.89473750031
7011 0.882352944785 0.882352944785
1731 0.304347827279 0.304347827279
1732 2.00000000437 2.50000000352
5234 2.34482915987 2.34482915987
1806 5.38888987711 5.50000111087
758 2.96153877563 3.31974590023
7088 1.05882353912 1.05882353912
1595 0.727272727439 0.727272727439
6887 0.693877551143 0.693877551143
1597 4.96000047937 5.19630692695
3074 1.93939394613 2.57878610173
3075 2.16428571213 2.2900071267
1592 1.16666666716 1.26929551792
3078 0.285714314019 0.285714314019
3079 2.53352769679 3.37698065349
1599 3.93837542652 4.1777921171
1598 3.27586207843 3.27586207843
6889 2.0 2.08471119369
5344 1.67032967023 1.7429970981
5345 0.368444739658 0.368444739658
7168 2.07482993196 3.14511102443
1021 2.56410255279 2.56410255279
1023 4.54545454631 4.54545454631
7163 0.999999999808 0.999999999808
7166 1.71200249894 1.86161563866
7164 1.56521739132 1.56521739132
7165 5.54545454532 5.54545454532
604 3.14285652567 3.14285652567
4367 2.42000000027 2.70644815476
4361 4.18181710041 4.18181710041
4363 6.94444444437 7.733405172
4362 2.64285714286 2.64285714286
1203 3.92857026622 3.92857026622
5649 3.00000000015 3.61090429799
1211 2.07692307653 2.07692307653
5641 2.07016480495 2.07016480495
6041 1.23055555551 1.42244193178
5642 1.82887702543 2.18003486849
5646 0.416666667472 0.416666667472
6335 0.75000376251 0.75000376251
3105 2.92857142667 2.92857142667
3107 5.23076923079 5.23076923079
3102 1.2500001917 2.01211616569
3103 0.142856115315 0.142856115315
1112 2.57142857143 2.57142857143
1443 6.00000000542 7.48004754163
1114 6.23529397481 6.23529397481
1116 2.29411764707 2.29411764707
4093 6.84343434343 7.24731988713
4091 4.82758693953 5.60816004766
6332 9.17209302218 9.17209302218
5737 1.80645202973 1.83729467117
5736 0.749999999976 0.749999999976
489 2.5769236453 2.62498305515
488 2.15789473746 2.15789473746
487 0.466666670708 0.466666670708
485 2.00183179345 2.80148581464
4587 2.71429296319 2.71429296319
480 4.84615383612 4.84615383612
7585 2.82352941176 2.82352941176
6463 1.10022438266 1.20924922697
7580 4.93939393954 6.0755119729
4725 2.88462473142 2.88462473142
4851 1.499999776 1.58113868767
5300 3.9999999998 5.29150262206
3926 1.08336906931 1.08336906931
3927 2.09510869565 2.69280316003
3924 2.25 2.25
6526 0.230769264657 0.230769264657
6722 1.00000001689 1.00000001689
4782 0.230769245496 0.230769245496
4781 2.86111111148 4.85166883378
4149 6.00000000001 6.00000000001
5827 1.18181796176 1.54812572275
5826 2.49431818145 2.91078275492
4144 2.33333333331 2.33333333331
4141 4.89999944684 5.50090877332
4143 1.23076512766 1.23076512766
3857 4.3142857573 5.38440689391
3855 1.3636339799 1.3636339799
3852 1.30357142399 1.30357142399
3859 4.0 4.0
6099 1.45588234172 1.74275562767
6098 0.250000048933 0.250000048933
6091 3.77912999648 3.89509887658
6094 1.38174274235 1.38174274235
6917 5.2000000034 5.34748123802
6657 6.83333333338 6.83333333338
6655 1.99999999996 2.0164628558
6048 1.41666790462 1.41666790462
6651 2.10714285715 2.10714285715
5915 1.88095238084 2.18957020597
5911 5.09393939391 5.71967268708
4820 2.4722222184 2.7616545857
199 0.874996049098 0.874996049098
195 2.61538174333 2.61538174333
196 5.98214285649 5.98222281332
190 0.909090909791 0.909090909791
6384 3.253703704 4.21086231772
6387 2.4166666667 2.71952814539
3679 6.0000031684 6.26009602201
4558 1.58928571428 2.2826430259
3676 2.00000116589 2.62869459497
4553 2.5 2.78388217985
4550 4.14256825078 4.42953058425
2541 1.07291666671 1.17190972168
2546 1.18181687911 1.18181687911
2380 1.70833333333 1.70833333333
2383 2.58333337929 2.58333337929
2386 1.3064516129 1.6618904856
3580 0.599999802218 0.734846864365
3583 3.82407407408 5.18667306696
3585 2.90909677416 2.90909677416
3587 3.63157898113 3.76674473481
2761 2.22222222243 2.60341655885
2767 1.73333374291 1.73333374291
2765 2.06606942899 3.06922365483
2764 2.17028985509 2.31986220703
6913 3.2777786371 3.2777786371
902 1.24998945696 1.24998945696
1849 1.6767676762 2.86936255994
6277 0.499998832337 0.509900577355
6276 6.00000000004 7.84803768482
1843 3.57142856824 3.57142856824
4423 1.96190489625 3.0970691215
4420 0.948721759046 1.05938315724
1847 3.79999999338 3.79999999338
6077 2.00000000026 2.79785226874
2168 1.07692990378 1.07692990378
6071 1.66666647033 2.24227066288
6070 6.10525997317 6.10525997317
4951 9.06557377173 9.06557377173
4956 1.35185197297 1.62867815839
2160 1.36363635959 1.36363635959
7309 0.128205128193 0.128205128193
2613 2.60869564491 2.60869564491
7095 0.362500000007 0.362500000007
2618 0.500000102699 0.500692138781
7347 3.1052631949 3.1052631949
7345 7.0000000002 7.0000000002
3298 0.500000000659 0.600925213492
5138 1.47825895736 1.47825895736
3294 0.0869565221322 0.0869565221329
1907 4.83229814037 5.82821875168
3296 4.31250000475 4.56592337761
3297 4.65999999987 4.73978902467
3290 0.370370364465 0.521157305436
5132 1.56746048827 2.56991280656
5131 5.81481481481 5.81481481481
1901 2.14821428573 2.63637235301
3452 1.85333354192 2.55478646774
3450 2.33333333329 2.53859103525
3456 2.66666653936 2.66666653936
851 2.04887218046 2.93205608898
3455 1.0000000014 1.0000000014
3863 1.47619092862 1.47619092862
6 0.905555555535 1.00375836941
7001 1.37142857094 1.74161418039
7005 0.518518518051 0.518518518051
7006 2.14114285664 2.54745811635
5229 1.69807692307 2.09712486331
5228 3.61688313156 3.93806410432
5223 2.85323373266 3.34413658433
5224 1.06250307994 1.06250307994
743 4.34482758632 4.34482758632
744 0.982456194405 0.982456194405
745 1.25000002902 1.55018105375
746 3.27272066361 3.27272066361
747 5.30769229793 5.30769229793
748 11.0454543921 11.0454543921
3062 1.89473686821 1.89473686821
7177 0.583354057823 0.768297620522
7176 4.56363636301 6.2140603033
6895 1.55434782621 2.38094032087
3065 5.27777777796 5.27777777796
3064 2.22222222223 2.99941205291
2947 4.54545494133 4.54545494133
3069 1.6923065439 1.6923065439
3068 1.00000000068 1.19478650533
7178 3.15196078507 3.39001689367
2941 3.49999971298 3.61386199464
1051 2.71874997945 2.85659870709
1053 3.50769232693 3.83458089673
1056 1.76923108771 2.15247257957
1057 3.4814814825 3.4814814825
1693 3.2444444445 3.2444444445
2919 0.999997277924 1.08796399673
1699 5.22857147112 5.22857147112
4311 1.69230742904 1.69230742904
618 3.35714285714 3.35714285714
4315 5.76422764229 5.89761611735
4317 2.15789475228 2.15789475228
1797 0.929833633508 1.13576750611
611 2.25416666671 3.00550709808
617 3.30000024748 4.14004835399
7574 0.157894736597 0.157894736597
3118 1.42105263098 1.42105263098
3116 2.92307679095 3.08939762853
3115 1.79506172864 1.88432273104
3110 1.92517006803 2.29956123194
7579 0.874998154812 0.874998154812
1470 2.93043478212 3.20449825561
1474 4.50000173378 4.53765262681
1475 7.80327873884 7.80327873884
7041 3.16129032258 3.16129032258
6143 0.523810427846 0.523810427846
1479 6.58783758214 6.63429890065
5464 1.11111030282 1.11111030282
1301 0.666669095509 0.666669095509
7129 2.2499999986 2.42693221668
1308 2.57142850604 3.58639711003
6410 1.71428571429 1.78571428572
5740 5.76923076901 5.76923076901
4229 0.999999611612 0.999999611612
3597 1.00000000344 1.00000000344
496 0.103448276961 0.103448276961
4227 6.00000013525 6.30233201711
490 4.86956521908 4.86956521908
4221 1.42647042768 1.64258833959
493 3.22010869566 3.47230404494
24 5.50000015306 5.597773738
25 1.45977011495 1.53399837376
5584 1.51156462605 2.24970367916
22 3.21604938744 3.48822239941
23 3.40000912403 3.40000912403
7595 0.999999999498 1.24999999957
6470 2.56 3.4973005463
6476 7.36448598126 7.36448598126
7591 0.702090592283 0.842270985433
5589 2.7857178787 2.7857178787
3938 7.3846153846 7.3846153846
3936 2.77777767984 2.80871650958
5265 1.73333401964 1.73333401964
6718 1.35713965025 1.35713965025
6716 4.38271604879 5.05402907268
6717 2.23809523806 2.23809523806
6710 1.8857146938 1.8857146938
4138 3.73684210525 3.73684210525
4130 2.79166572207 2.82228139385
7474 1.42628205091 1.7923287844
5692 2.02666666665 2.63143391412
3840 1.30812854461 1.89317748293
3843 5.99999899084 6.08276171118
5691 3.3636371993 3.3636371993
5694 0.471428568229 0.471428568229
3849 1.55624999993 2.15914660515
1872 1.83333333464 1.83333333464
4046 1.90740740741 1.97185268665
4047 5.7500000007 6.3095604949
4048 7.02469177947 7.59909403442
5968 0.0476190476178 0.0476190476178
5969 1.28571428571 1.50169971725
5963 2.0769230767 2.0769230767
5964 1.49999987394 1.50618547921
2289 0.500000000016 0.500000000016
3667 1.20000000252 1.20000000252
3661 2.99999960951 4.00916316487
2280 2.75000000009 2.75000000009
2282 3.45454545415 3.45454545415
5433 5.50000000032 5.54436651061
2287 3.38461505237 4.69839856294
4543 6.56862745099 6.63594420401
4546 0.923076915743 0.923076915743
2579 0.0869550158873 0.0869550158873
2572 2.91964286073 3.20913526889
2570 2.54385932442 2.54385932442
4534 1.30612244898 1.64497898215
2378 4.69230769231 4.69230769231
4827 3.0444444465 3.40522474343
2376 0.888888892726 1.05409255945
2370 1.90909090921 1.90909090921
2373 0.0303030217885 0.0303030217885
3592 1.2 1.2
2596 0.965517240616 0.965517240616
2590 1.2499999999 1.2499999999
3595 1.53400222965 2.39629559167
3594 2.02192981145 2.20146166533
5036 3.96428571428 3.99569283409
6280 2.50000133466 2.67187150454
5030 0.499999997216 0.499999997216
4531 2.62190082641 3.19421287136
4434 0.214283193553 0.214283193553
4437 1.73191488353 1.76841663313
1084 4.37499815974 4.37499815974
4431 2.36363636112 2.36363636112
4430 0.727273484225 0.727273484225
4433 1.55555555565 1.55555555565
6283 1.74999999837 1.8243149391
4438 8.43749769626 8.43749769626
1878 0.615384709058 0.615384709058
6595 2.85207100898 3.84072747751
970 1.45454540251 1.45454540251
5581 2.92187500238 2.92187500238
6287 1.48936170205 1.48936170205
4949 2.99999999987 3.08248862291
4948 1.64285714293 1.64285714293
6282 2.25396825394 2.94803614417
978 1.00000175161 1.08502872665
6043 2.27999999997 2.59999999995
6040 7.5 7.51480021173
181 4.84615245067 4.84615245067
186 1.41025641039 2.18430839278
6044 0.272727670877 0.272727670877
6045 3.25000000002 3.79564809281
2112 1.64282684619 1.64282684619
189 1.75773511066 2.12313743337
2114 2.86153846183 3.12841529409
2115 0.964284202827 1.05704460692
2117 1.61538441598 1.61538441598
2627 3.51785714282 4.12341497065
2624 4.18750245915 4.18750245915
5837 6.19814814819 6.22274055385
7351 3.44807692308 5.44755251488
1918 1.81249995431 1.81249995431
7355 1.45 1.45
4924 2.61538357957 2.61538357957
7357 3.7826086703 3.7826086703
7356 4.2045454542 5.60050912656
3287 5.0 5.86143338988
3286 2.6274509804 2.6274509804
3284 1.93719806348 2.06434000683
188 2.83333333336 2.83333333336
869 2.25641086834 2.44546103555
860 5.49999353581 7.3534813922
3440 3.24999927336 3.85614195455
3443 2.16901408451 2.16901408451
2027 2.68181746765 2.68181746765
2750 3.85714285714 3.85714285714
2023 2.3855670237 3.14547724946
2758 2.83084577106 2.984838299
881 0.687500000278 0.687500000278
886 0.375001584899 0.375001584903
888 1.56896572532 1.64670994526
5217 2.18787892985 2.52054925307
5214 3.71428571429 3.71428571429
5210 1.82777777715 2.04945792281
5211 3.68686868718 3.71369787198
5218 2.50000085121 2.50000085121
5219 7.49999999627 7.49999999627
7504 4.99999999995 5.00069439617
5414 1.49999989591 1.97609663721
777 0.869933453116 1.16986795226
770 3.07017497551 3.30211572152
772 0.88888890992 0.88888890992
7503 1.00000074294 1.00000074294
779 4.50000059887 5.95483083188
7638 0.0500000000085 0.0500000000085
4675 3.46153845033 4.04389133792
76 1.49241044317 1.97233256645
2978 0.473684498598 0.473684498598
72 0.642856596495 0.642856596495
3058 6.00000061034 6.26009464942
2972 3.77777777778 3.77777777778
2973 4.65306096403 4.65306096403
3054 1.76923076471 1.76923076471
3052 1.13666666639 1.46296882317
2977 1.66068940629 2.09977029514
3050 9.11627906977 9.11627906977
2975 3.53846154066 3.53846154066
1042 1.5 1.91111343741
1041 2.11111111137 2.3359773382
1040 0.755555555203 0.755555555203
1046 5.08045977002 6.46614811736
1049 2.57142657906 2.57142657906
1683 3.2343749996 3.2343749996
1685 4.59090909095 5.35732294076
1684 2.7703412072 3.0438118327
1687 2.62963078168 3.30378004617
4802 1.71428529497 1.79189363325
7354 3.00000000003 3.00000000003
4301 1.63636362188 1.71104818606
1268 1.83332168571 1.83332168571
1263 2.00000000001 2.20274170191
1261 3.11627906977 3.11627906977
4308 4.3448275862 4.3448275862
1267 1.48603773576 1.61647357777
1266 3.73626373626 4.5212001788
1264 3.75000000002 3.75000000002
7359 5.47826086955 5.47826086955
3021 0.999999851137 1.30734109148
5103 2.50000169388 2.53727901339
3128 0.905555556284 1.22570211694
3129 0.717948672389 0.850803025397
7619 0.923077626694 0.923077626694
3122 3.57142857143 3.57142857143
3121 1.00000433191 1.00000433191
3127 2.16666667254 2.16666667254
1914 2.53846532271 2.53846532271
1465 2.02778128879 2.18740574344
6065 3.49999999831 3.83463745708
1461 2.66666666704 2.66666666704
1313 2.04999999973 2.23830292836
1312 1.40178574205 1.71428574727
1310 5.99999897997 5.99999897997
1319 3.54545346238 3.54545346238
6914 3.7499974283 3.7499974283
6915 0.666666849887 0.666666849887
6444 2.0555555495 2.65556550571
5750 0.153846153542 0.153846153542
5757 1.58333274014 1.58333274014
6440 3.17460317289 3.60397865041
5754 0.431819433873 0.431819433873
4236 3.80768976427 3.80768976427
6919 4.23913862489 5.49730382812
6124 4.66666667289 4.66666667289
312 1.61111111139 1.61111111139
311 0.750004294877 0.750004294877
316 1.56578941874 1.77177778062
315 3.27027027027 3.27027027027
314 1.99999195917 1.99999195917
6701 1.00000005723 1.00000005723
6703 3.45454493933 3.45454493933
6702 0.923078320696 0.923078320696
6705 5.42857131593 5.42857131593
6704 3.96774193549 3.96774193549
6707 0.499998858502 0.668975868339
7435 2.42105731908 2.42105731908
7436 3.66666666686 4.35889894385
7437 3.13596004463 3.83993959901
7431 2.59047619047 3.49771548377
5685 0.800000000011 0.800000000011
5687 1.46428571526 1.75400416674
5681 1.67647207445 1.74944481119
5683 0.555556434607 0.57735128676
1330 1.76780307763 2.34652488636
6674 1.11111271954 1.11111271954
4704 1.84614590206 1.84614590206
6671 1.30555535858 1.30555535858
4054 2.5 3.15743372933
4053 1.76923077765 1.76923077765
4052 3.56249999992 3.56249999992
4050 1.99999999985 2.23606797743
6218 0.818183621079 0.818183621079
5976 6.0 6.05182697881
5974 0.865789540828 0.88408921304
2299 3.37398435685 3.95999259894
3613 3.61538221447 3.61538221447
3614 4.15277777733 5.20032717902
3615 0.318181818204 0.318181818204
3616 0.142857248363 0.142857248363
2292 3.22222222222 3.22222222222
6939 4.21428538423 4.24384279045
2561 2.10606060555 2.62615578521
2562 3.14285714286 3.96412483586
2566 4.66666643088 4.66666643088
2368 2.5000000654 2.74146404957
2367 6.000000067 6.43021441221
2366 0.428571428588 0.428571428588
2364 1.36986301372 1.42357704024
2587 4.06060586732 4.06422254072
2586 2.94047619858 4.39857996127
2585 3.68710021322 4.56345550016
2584 2.01298701213 2.44979957518
7294 2.49999999951 2.55992120973
7295 1.1538473775 1.1538473775
2580 4.36363636588 4.36363636588
5021 6.22580645161 6.25848019903
5024 2.51562701601 2.56802152505
5026 2.28333333851 2.48467525741
4441 2.39473684211 2.39473684211
4442 0.965517241412 0.965517241412
4443 3.23809469891 3.23809469891
4444 0.866666674159 1.0277627709
4445 8.56000381866 8.56000381866
1867 2.00000047153 2.01850992312
1866 0.437500009426 0.437500009426
4448 2.84209292604 2.84209292604
3721 3.44444444445 3.44444444445
3722 0.786096256693 0.786096256693
961 2.42857194093 2.86783717937
6299 2.21333333567 2.71470071835
963 0.499990613459 0.536465841582
6297 2.88095281898 3.01329278448
6293 1.47999994023 1.47999994023
4688 3.49000000004 3.98120584748
6290 2.0505050505 2.0554748948
2108 2.83333333333 3.54352414498
6059 1.84615385968 1.84615385968
2103 1.49986060784 1.94453837178
2102 1.15151515167 1.24427061641
2100 5.44444519621 6.39344235651
5575 2.27710843374 2.27710843374
2105 1.49999999955 1.49999999955
5117 0.61538381814 0.61538381814
5113 2.76086956521 4.00192927759
2634 4.33333333323 4.72581562611
2636 1.58333333482 1.58333333482
2631 2.81818181649 2.81818181649
2630 2.94444489628 2.94444489628
5571 2.99999979387 2.99999979387
5292 0.5000012653 0.658540681537
3438 0.909090986445 0.909090986445
3439 0.15624917517 0.15624917517
878 2.08695652305 2.08695652305
879 3.37931034483 3.37931034483
3431 6.36888888899 6.45378786286
872 0.750000019936 0.750000019936
873 0.375000866358 0.375000866358
4592 1.52040816405 2.13579984618
4593 2.36571428098 2.66098031917
2743 0.416666667947 0.416666667947
2033 1.23077356973 1.58581595228
2032 7.63636334201 7.63636334201
4595 1.22222205116 1.59861048809
9 2.27705630703 3.12799252393
4840 0.222222902659 0.222222902659
3097 3.23076923094 3.23076923094
890 8.22097945274e-12 8.22097945274e-12
5200 4.22222597782 4.22222597782
5203 3.80768876407 3.80768876407
5202 0.499999999995 0.506896877541
5204 1.24999999978 1.30311046883
7320 4.04 4.88671668915
3545 1.33333333426 1.62795273655
3547 5.61538461475 5.61538461475
3543 1.52380963042 1.52380963042
7323 0.833330622979 0.833330622979
2965 0.181818930304 0.181818930305
2964 1.4615384752 1.77090223219
2966 0.636363632041 0.636363632041
2961 1.55555555437 1.99999999959
762 2.25000069734 2.25000069734
1781 4.18749999825 4.18749999825
767 2.00000011456 2.05461763706
1786 2.88235294199 2.88235294199
7113 3.62499997991 3.62499997991
7112 2.34782606946 2.34782606946
6878 1.93333331924 2.04287376921
7119 2.41232876732 2.82687090252
7118 1.39999970277 1.39999970277
3045 1.02083331384 1.14640134813
6872 5.46985815603 5.62594324201
3046 4.65384615391 4.65384615391
1079 4.04225352112 4.33946839088
1077 2.00000000686 2.00415801593
1074 2.29032258064 2.29032258064
1072 2.94444692657 2.94444692657
1073 1.42241375126 1.4287475991
1070 1.9559686887 2.30021345931
5372 4.98412698581 6.5769473033
7290 5.50000000109 6.66874967593
1678 2.71739130312 3.10390326642
1674 1.08333289156 1.6414754452
678 2.31578929552 2.31578929552
676 1.6285714322 2.19368295781
4333 1.82352945601 1.82352945601
4330 0.187499996827 0.187499996827
3131 4.87499999951 4.87499999951
3130 0.833333725873 0.833333725873
3139 3.17391307195 3.20483254899
3138 0.69230769339 0.69230769339
7608 1.92307897004 2.79228646879
7607 3.99999903535 4.03839514295
7604 4.13333326385 4.13333326385
7600 2.5 2.61669781138
6018 2.54545454511 2.54545454511
1412 4.59374584874 4.59374584874
1413 6.00000000012 6.6424769477
1416 0.538461290797 0.538461290797
1327 2.82353063907 2.82353063907
1325 2.13157894281 2.3544911935
1328 3.04348178517 3.04348178517
6450 1.55458089669 2.06127285888
6455 3.46666531717 3.49856992749
6454 3.49999999999 4.31026323333
5768 4.49999998312 5.14781505576
6456 1.27500000035 1.72771525441
6458 4.69518731284 4.96758937851
4645 0.5 0.569954998582
5762 0.126865670172 0.126865670172
4207 1.86666666907 1.92527054609
4636 4.5 4.504166654
5565 1.25000000805 1.4930394069
5562 0.974074074377 1.21640027586
1256 0.210526292571 0.210526292571
1526 3.88460488087 3.88460488087
1520 1.66666666661 1.66666666661
308 1.96153845573 2.46933859835
3953 2.00000015374 2.44948986216
303 1.56000000003 1.79009621098
3957 3.20588235295 3.20588235295
307 4.6666666667 5.43241300997
4113 3.9901960782 4.53265735494
7420 4.00000000001 5.50000000001
3340 4.18181817536 6.67836438378
5159 1.61538461573 1.61538461573
2475 2.66666682234 3.04138139733
6601 1.16667209677 1.16667209677
6602 2.18181215821 2.18181215821
6439 3.0 3.03859439311
6606 1.25000028508 1.25000028508
7109 1.0937500027 1.12543394853
6608 1.28070175438 1.28070175438
5946 0.0666659912231 0.0666659912231
5945 0.625000344497 0.750000562354
4064 3.86956521742 4.43819135834
5941 1.00000000155 1.32287565671
2976 2.31182795698 2.58415979305
4068 4.77419354077 4.77419354077
4069 7.92307692308 7.92307692308
5948 3.45663265306 3.52600117672
5949 1.83333236402 1.83333236403
5785 0.861540538645 0.9880995328
5786 1.85897436769 2.24640849919
5782 4.85185185234 4.85185185234
5019 5.00001650947 5.00001650947
3051 2.7950310559 4.29923154116
3601 2.9090911337 2.9090911337
3600 1.33333333986 1.33333333986
3607 4.40789435741 4.44643358077
3604 3.17647058824 3.17647058824
3608 1.5 1.5
5361 1.09090909172 1.09090909172
4894 3.73626373697 4.8699051676
5367 1.76665423581 1.8360500117
6115 3.60000000001 3.63073301446
6117 1.23076927397 1.23076927397
6112 4.40909090893 5.62939451845
2358 1.74999986768 2.13274731242
2353 2.3939394557 2.3939394557
5368 1.5 1.73085752407
2355 3.13636363072 3.4766042087
4450 5.36363561557 5.36363561557
4456 2.54386488617 3.08288160579
4455 8.11764705728 8.11764705728
4454 1.51851985876 1.51851985876
3736 2.82352941206 4.90956273253
4459 1.57894736843 1.57894736843
3733 5.48484848444 6.15166442484
476 1.07142857156 1.53529894729
3730 3.57692351544 3.87870861733
4922 4.07692423381 4.07692423381
4920 1.92307692323 2.40192230716
4695 3.24999918413 3.57945418497
4697 8.94736842042 8.94736842042
2131 2.99999793732 3.00610312769
950 2.23500967126 2.58837381367
4929 4.41602067184 4.97222620881
954 7.45587769302e-09 7.45587769302e-09
6022 1.56000001176 1.56000001176
6026 1.34782608242 1.67828339324
2649 2.5185184913 2.5185184913
5167 1.61344521107 1.99455494553
2640 1.76470615499 1.76470615499
2645 2.49999992143 2.62995556493
2647 10.7777777779 10.7777777779
3429 2.32098765434 2.77110309186
3423 1.40476190476 1.65060285832
3422 1.81250002832 1.81250002832
3421 1.17142860956 1.20847352784
3427 2.61538464407 2.61538464407
3426 2.37142857191 2.62250853678
3424 1.76922536071 1.76922536071
1850 0.142857765962 0.142857765962
2000 3.67646757963 3.71031223499
6337 1.57777777778 1.59304041939
2007 1.07692307693 1.18733454158
4859 6.00000067411 6.00000067411
2005 1.6464285713 2.04242003305
2008 0.785713835745 0.785713835745
4415 2.0 2.5
4583 5.21951219512 5.44622003877
4582 1.98564593301 2.17243322784
1269 3.25000000141 3.28823661088
3554 0.499998287238 0.506895469495
3550 3.81818597627 3.81818597627
6966 2.21052673162 2.21052673162
3558 2.60000021111 3.28024393745
6061 1.99999999998 2.33781392773
2911 0.870369920052 1.17851117871
1799 1.25675297344 1.25675297344
2913 1.28603104219 1.652165931
1793 2.00000057302 2.16291516933
1792 2.47766990292 3.10722344496
715 0.722221054211 0.722221054211
714 3.22388059704 3.38418118818
713 1.23809203784 1.23809203784
712 3.9166666649 3.9166666649
4966 1.07070784206 1.36127753807
7127 2.99999999999 3.37638860322
6840 0.863637816912 0.863637816912
7125 1.98076934693 2.04787385397
7123 1.03846154592 1.03846154592
6844 1.86666667858 1.93247108066
7121 1.22530598016 1.52575280036
1069 1.05555528121 1.33448981693
1068 9.00000100433 9.00000100433
4964 2.10138249798 3.03338891796
1061 6.58333333325 6.58333333325
5301 2.17647014008 2.17647014008
1668 0.351219520881 0.351219520881
1665 3.53333356579 3.53333356579
4960 1.69999998628 1.69999998628
1662 2.64285709638 3.6379518757
591 2.41666666668 2.46221445046
590 2.33333333662 2.77688874885
592 9.1538457628 9.1538457628
594 2.49999943299 2.91547575329
6596 0.047615794643 0.047615794643
599 5.00000094709 5.00000094709
4323 3.59090909129 3.89160996274
4325 1.47126600285 1.47126600285
1088 7.68181819924 8.2155868886
3140 3.43749856369 3.43749856369
2821 0.73076923078 0.885451110256
3386 1.54545455004 1.54545455004
3384 1.29411323597 1.29411323597
3385 4.99999999999 5.74456264653
5412 3.11764705882 3.11764705882
3381 0.624999997661 0.624999997661
7632 1.84615384698 1.98340220368
3389 4.2037037037 5.68325458836
1408 2.53845827897 2.53845827898
1406 0.235294115244 0.235294115244
5792 0.50000036563 0.644235766348
1339 4.54545454494 4.54545454494
4210 0.842105260454 0.953198436793
4212 1.52857105976 1.86399809467
1337 3.00000000995 3.00000000995
5790 7.54545453984 7.54545453984
4219 4.49999950469 6.23439064438
446 3.98333332666 5.66629900462
445 0.500000188854 0.509902173649
691 2.54545468644 3.23718071779
5772 3.40740719981 4.24264031955
7515 0.0384615384724 0.0384615384724
5578 1.35897434795 1.65399520377
32 0.769229994288 0.769229994288
31 2.00000001849 2.00000001849
5573 5.40106951855 5.53094756216
35 3.36170212748 4.16368606456
3092 2.29696969697 3.39899515211
3093 3.625 3.625
643 6.83333333986 6.83333333986
1244 1.46153846152 1.46153846152
1531 6.00000000168 6.41859797992
1530 1.6499993405 1.93971604854
649 3.32380952356 3.35678072244
3098 0.684210535708 0.684210535708
3099 3.38461539172 3.40031325353
1539 3.49999986957 3.5355337932
338 0.737931013221 0.737931013221
335 2.77272727274 2.83219876816
334 2.94444444439 3.61879271991
337 2.09909203246e-05 2.09909203246e-05
331 2.55897435912 2.99333030259
333 1.6363636329 1.6363636329
7611 2.10714285556 2.13293835211
5124 4.91891891893 4.91891891893
4105 0.5833333322 0.5833333322
4106 1.7634408602 2.08124939127
7412 2.09091126011 2.09091126011
7413 4.05263157894 4.05263157894
7410 0.600002495229 0.600002495229
7411 4.5000001691 4.56207203641
7414 1.83333346552 1.83333346552
3897 1.11764705974 1.11764705974
3895 1.74545428663 2.10679068064
7379 5.5600000006 5.5600000006
6611 1.06666659904 1.06666659904
6615 0.763157894538 0.912365043278
6614 3.18181818068 3.18181818068
6619 3.0000000003 3.0000000003
4078 4.1363627908 4.1363627908
5957 1.48611110936 1.7123935485
5956 4.78788100841 5.88877717955
4075 5.38461538461 5.51567350999
4070 2.82653061247 3.77349642947
4073 1.11111217226 1.11111217226
5797 2.69230768919 2.69230768919
3967 4.49999953727 4.95885829046
3965 2.45454545455 2.45454545455
3962 1.58823590765 1.58823590765
3963 2.42856989237 2.42856989237
3961 0.811965812189 1.04368038985
7278 3.76086956525 3.82676624409
5799 2.82051281937 3.39276408224
3636 2.53333323814 2.92574772135
3637 9.45 9.45
3632 0.924731185002 1.197972043
3630 1.08333333412 1.08333333412
4611 3.06249999991 3.06249999991
3468 1.43029329465 1.65869268743
4613 1.35714266796 1.41781648815
2345 1.84615873325 1.84615873325
2346 0.262500725164 0.487981996813
2342 6.00000177705 6.00000177705
6107 4.57142821652 5.07092524674
6103 1.05882350668 1.05882350668
6102 0.764705760105 0.764705760105
4616 6.19354838708 6.19354838708
3709 1.77272710626 2.47841919808
1888 1.83333333332 1.87082869337
3700 1.46153753224 1.46153753224
4465 3.26666667288 3.26666667288
4462 0.636363634043 0.636363634043
1880 4.44444444397 4.47136292602
2127 6.81818182672 6.81818182672
2129 4.34782608646 4.79300582572
4665 6.0 6.66804393491
4660 2.78745644598 3.70644589068
943 2.06130268199 2.51595516397
4910 4.1250000011 6.58082758427
4663 1.66666666667 1.66666666667
6038 2.14285714273 2.14285714273
6035 2.99999999971 2.99999999971
2653 1.62857475026 1.62857475026
2651 1.88236872008 1.88236872008
6441 0.119998987231 0.119998987231
2654 2.49999999374 2.64653643545
3414 0.600001420649 0.600001420649
7389 6.24074074709 6.58304032043
3412 5.33333318565 6.2538876154
136 2.11538461473 2.12480420184
3410 1.00000000125 1.0279539602
134 0.362637405874 0.490090256613
7382 3.92307677825 5.29690442496
7387 1.7307694493 2.05328450854
3418 0.0909090903259 0.0909090903259
7385 6.70238093027 8.2826434186
6326 0.571423558428 0.571423558428
6325 1.40384615369 1.51862207857
2018 9.11242549861e-07 9.11242549861e-07
6321 1.07692247683 1.07692247683
4863 3.09090909087 3.32471337231
2017 7.57142857169 7.57142857169
4861 3.80808080807 3.99621032599
2011 3.70833336325 5.21682644399
6839 2.35294117796 3.12302230558
6329 4.68965620351 4.68965620351
6328 0.763736263574 1.09174870166
7443 1.88235133 1.88235133
7444 1.9999999832 2.33412661649
7254 1.46153713812 1.46153713812
7255 4.24997616531 4.24997616531
7251 0.344826099351 0.558149626414
3565 2.22222222223 2.22222222223
3569 0.368421053907 0.368421053907
4485 0.647059141283 0.647059141283
6564 4.000000025 4.10369076955
2903 2.08334196322 2.14249973526
2902 1.26086791386 1.26086791386
708 0.500002936199 0.500002936199
2906 1.00000000046 1.00000000046
6853 5.46666829844 5.46666829844
704 3.90000236468 3.90000236468
705 3.69565217376 4.28071391909
706 2.4615384616 2.4615384616
701 2.37500000157 2.37500000157
6560 1.33333325295 1.82574181469
7139 1.37499999786 1.37499999786
7138 1.19999372804 1.19999372804
89 8.54545454545 8.54545454545
83 5.70588235294 6.04624622601
81 1.28205096938 1.7166082206
7135 2.17368419375 2.72926580098
7134 2.33928571428 3.07770330815
7137 1.83999999999 1.83999999999
85 1.6159420285 1.96194899361
5311 1.8333333333 2.63185612593
5310 2.27272727131 2.27272727131
1658 1.84000014255 2.09418247519
1652 0.0476190476483 0.0476190476483
1653 0.922078037043 1.22015740638
1651 1.83333306068 2.43322224558
6583 1.00000020028 1.10137094887
1631 0.750000000001 0.968245836552
588 0.499999997371 0.499999997371
3151 4.090913035 4.090913035
3150 1.67222222223 2.03312840497
7621 2.0588210926 2.0588210926
3154 1.95832929469 1.95832929469
7629 5.49999999861 5.86632812579
1437 0.323529411704 0.323529411704
1434 2.71794898688 4.00935796951
3392 6.66666683158 6.66666683158
3395 2.34025257675 3.07046957705
1636 1.54545433521 1.54545433521
1430 2.13333333277 2.13333333277
3399 0.48275862068 0.48275862068
3398 5.00000004188 5.00000004188
1438 3.2173913044 3.71856465016
4260 3.22727272727 3.62426396061
5233 0.999997905311 1.00412145366
4265 1.20689016903 1.20689016903
4268 4.53846277732 4.53846277732
452 2.36363636333 2.42007217026
1345 1.49999941259 1.5811380915
456 1.19999999994 1.19999999994
1347 4.50847458016 4.50847458016
6921 1.45303030351 1.60349208572
5546 3.35000004225 3.35000004225
5545 1.0 1.0540925534
652 4.2272727448 4.2272727448
650 1.26666666667 1.26666666667
1508 0.0908764517079 0.0908764517079
4461 1.61111109489 1.89296944822
3081 1.27272767112 1.27272767112
659 3.08823706849 3.43325064336
5890 0.138898887889 0.138898887889
5891 0.550000000003 0.550000000003
5892 4.14285714148 4.14285714148
5896 1.74999999869 2.03952575395
5897 2.69819819705 4.26253004675
5898 2.4620703705 4.06969910566
5899 3.33333440183 3.33333440183
948 0.17647050386 0.17647050386
3882 4.16666666671 5.24669207958
3889 2.49999999998 2.8653200871
4916 4.60714285714 4.60714285714
7404 0.05555334683 0.0555533469516
7407 1.49999997437 1.58113880576
4911 2.75000028468 2.75000028468
4008 5.22727278953 5.22727278953
4004 1.21698113617 1.49658445992
3970 3.25000117411 3.25000117411
3973 1.67857142987 1.7068290223
326 2.11111111111 2.11111111111
3974 4.31999999998 4.31999999998
324 1.29411935312 1.29411935312
328 1.18181880773 1.18181880773
3621 4.00000029889 4.00000029889
3070 2.00000000412 3.46410161199
2332 0.566666666653 0.737111479576
6136 2.64706032367 2.64706032367
6883 1.9500000024 2.63628526659
3713 1.92857142604 1.92857142604
3719 2.08163231692 3.72525850153
4479 1.67857142631 1.67857142631
4470 3.0555554978 3.09619433346
4475 2.61111042236 2.79605061105
4474 0.294117643261 0.294117643261
5763 1.39285714287 1.39285714287
6007 1.5000002905 1.60071367837
6004 4.61111111133 5.25198375251
6000 7.44230769299 7.44230769299
2489 2.75999994652 2.75999994652
2950 4.35714285714 4.35714285714
2484 1.6065573773 1.94029857983
4673 5.51428571455 5.51428571455
4670 2.09090999889 2.09090999889
3252 0.928571428277 0.963624111343
2245 1.3714285714 1.5987878061
2246 1.0357142857 1.0357142857
2247 0.894736842227 0.894736842227
2240 2.39285726786 3.39511214941
5179 5.34782608651 5.34782608651
2242 1.96896736198 2.75067364658
7394 3.82572585167e-07 3.82572585167e-07
2466 2.10526315791 2.16382369061
996 3.81818215342 3.81818215342
7391 2.58333476848 2.58333476848
993 6.73333333298 6.73333333298
992 2.49999999811 2.74417034828
5144 1.5789555646 1.5789555646
2469 3.17312661478 3.84672690105
7535 3.2399980434 3.2399980434
122 2.6483508397 3.17681223893
124 0.826086956047 0.826086956047
3404 1.71428571424 1.71428571424
126 2.46078431367 2.50553021546
3409 6.33333334324 7.0079320275
3408 4.69230770202 4.69230770202
4875 0.352942062209 0.352942062209
4871 6.73880550807 6.8104238923
7438 5.2352922025 5.2352922025
4878 2.4545460235 2.4545460235
2069 3.72222222214 4.01309584623
7533 1.72727209673 1.72727209673
5424 1.49999945286 1.50049245447
2062 1.27999999712 1.37054733235
6319 4.50000000027 4.50000000027
3413 1.38461538451 1.38461538451
5423 1.18181821284 1.43644037635
7247 0.133331555097 0.133331555097
5099 1.41743970293 1.80458739651
3578 1.50000002595 1.64147633451
3571 1.59090919686 1.66763070822
3573 1.78571427791 1.78571427791
5097 1.63546882703e-06 1.63546882703e-06
2665 3.95555553926 3.95555553926
4492 0.181818219073 0.181818219073
4490 4.41176470588 4.41176470588
2669 1.49797982191 1.78274816667
6823 2.55681818181 3.22551168341
6824 1.36363885019 1.36363885019
2938 2.74074063882 2.74074063882
6829 1.67187499997 1.72703966819
2935 1.99999996438 2.16666662164
5326 0.64285714284 0.64285714284
5327 2.36990876701e-07 2.36990876701e-07
5325 6.00617263604 6.05660296592
5322 2.33333332992 2.33333332992
5320 1.2 1.2
5321 1.16666590574 1.26929511694
5328 1.26922339291 1.26922339291
1643 1.30001205907 1.30001205907
579 2.62499999581 3.04138126144
573 1.99999788519 2.34835890893
571 4.89473637029 4.89473637029
577 2.09090792087 2.09090792087
576 5.23529269954 5.23529269954
575 1.91176468172 1.9760678628
3169 2.839905549 3.53646259954
2803 1.6507352945 1.92066531988
2800 1.95652173919 2.19178985065
3165 1.40384651761 1.91266414535
2806 4.87999999993 5.48310131218
2805 4.1666666685 4.1666666685
1421 0.500000438885 0.500000438885
1420 0.999999880549 0.999999880549
7094 2.00000000003 2.6585021469
1422 2.86666665791 2.86666665791
3368 2.42222222189 3.14120366912
1424 3.4999996037 4.15331188375
1426 5.11538461527 5.11538461527
3366 3.69047735078 3.72419444128
2404 4.2 4.2
7098 6.58333325952 6.58333325952
7099 2.08823529414 2.14726026454
732 3.08333333082 3.08333333082
735 2.99999999999 2.99999999999
736 7.06249934019 7.06249934019
4272 3.1999999998 3.1999999998
4271 2.111111005 3.07942922053
1358 0.416675782862 0.416675782862
4274 1.85526365768 2.57478230208
461 2.30769268972 2.30769268972
5555 1.84615804127 1.84615804127
5554 1.37931034638 1.78001411606
6488 3.29487179494 3.33259360633
5551 0.210519403709 0.210519403709
5550 1.54999846449 1.54999846449
7384 0.5555552866 0.728604226691
6955 1.83333323009 2.08222028535
6484 2.61111111109 3.09020755223
6285 3.73913166889 4.2404139518
6948 3.77777777784 3.77777777784
1518 1.1889400921 1.4151592786
1510 4.16666666673 4.16666666673
1513 1.79626168225 1.89441465441
1512 3.65923282767 4.23299336313
5885 2.05555460146 2.05555460146
5889 2.09999999431 2.09999999431
6559 4.00000006437 4.00000006437
7478 2.83333333451 2.83333333451
3186 1.87356321839 2.07631198903
3187 3.29444444441 4.69421761442
3182 1.84999999663 1.84999999663
3188 3.72950819671 3.72950819671
6863 2.67479674806 3.17775956621
1896 1.33333333354 1.66666666695
6631 2.74375000064 3.18066055498
4018 3.05713766247 3.05713766247
6281 4.74999999075 5.15723834507
357 0.639999999989 0.639999999989
351 2.46428571346 2.46635523786
350 5.58333115813 5.58333115813
3985 2.50000070623 2.558008156
3983 2.47368416608 2.47368416608
4855 1.17142785452 1.44137118022
6126 6.818182397 6.818182397
6120 3.66041665832 4.48443488704
4706 2.07692307689 2.07692307689
4705 1.28570146462 1.28570146462
2320 2.65064437476 4.06803691073
4703 1.27272727353 1.27272727353
2329 3.16666666653 3.16666666653
4709 2.10416696429 2.48616000185
288 6.58333331308 6.65884956365
3619 0.571428548085 0.571428548085
5 0.0909090909088 0.0909090909088
284 2.86956051714 2.86956051714
3760 5.94339622523 6.44778711528
3765 0.923077883314 0.923077883314
262 0.357142168153 0.357142168153
260 5.16000005339 5.16000005339
267 1.99999822074 1.99999822074
2499 1.81578947366 2.07294269402
2498 2.125 2.25
6013 0.428571428109 0.428571428109
1296 1.55555554451 1.55555554451
7253 2.83333154457 2.83333154457
2495 0.600000181982 0.600000181982
2494 2.85344828321 3.1811629833
4644 4.81249994623 4.81249994623
2496 2.0 2.76489205705
2259 2.59999993568 2.72029408049
2254 2.39181286545 2.92225095272
5060 6.45454545629 6.45454545629
2250 2.38181818182 2.99834665185
2477 1.44444444824 1.52914080914
988 3.97727272783 4.30668325545
5151 1.44868420934 1.84514833178
5150 2.52941176472 2.94073526104
986 1.61229807168 1.91668062067
5154 5.50000000002 5.50000000002
5157 1.5238095238 1.70233932674
2478 2.33620689691 2.52649456643
115 10.0555555556 10.0555555556
7313 3.54545447675 3.54545447675
119 4.30769229416 4.30769229416
2785 1.66666666666 1.66666666666
4801 1.00000000056 1.00000000056
2787 3.66666464686 3.66666464686
4803 0.545449999308 0.545449999308
4805 0.722222222066 0.722222222066
4806 1.99999999833 1.99999999833
4807 2.37499999852 2.73592046116
2788 0.947368421427 0.947368421427
2071 1.23255813955 1.23255813955
6306 4.17857464173 4.17857464173
6301 1.69230862479 1.69230862479
6303 3.49999999998 3.64005494462
2074 1.83334327016 1.83334327016
7272 9.00000001472 9.00000001472
7273 5.33333333479 5.33333333479
7275 3.49999998848 3.49999998848
3502 3.25000000151 3.27304291588
7279 5.27777621827 5.27777621827
5086 1.50000000003 1.78662853178
5085 2.78571427339 2.78571427339
5084 1.07692079917 1.07692079917
2672 2.05172414094 2.11176986201
2676 1.1666665914 1.26929547795
2679 0.999999999998 1.0001947525
6833 5.5 5.5
2928 2.37499999758 2.79314337
6830 2.30000147141 2.57876024282
6854 3.04661654155 3.34839441437
2923 2.45454547318 2.45454547318
6838 5.32352941158 5.68682384108
2925 0.0399999985494 0.0399999985494
2926 3.68750062281 3.68750062281
5331 5.67532467493 5.67532467493
5330 5.24999995276 5.24999995276
5335 0.454545449653 0.454545449653
5336 1.83333335035 1.83333335035
2907 2.07407404299 2.07407404299
3215 1.95833333266 2.08541562479
1984 0.651515153289 0.804173002034
1985 0.0399999947302 0.0399999947302
1982 1.55999857369 1.55999857369
3212 1.55952233018 1.69971340522
1638 0.526315789481 0.526315789481
5371 4.66666666458 4.99382334446
3218 6.18181660227 6.18181660227
3219 2.03174565474 2.60820237938
1989 2.50000000002 2.60461583987
569 1.36078431342 1.71753513786
560 3.44444444444 3.44444444444
564 4.27058834804 4.66726815025
566 1.80769230827 2.02718214755
6543 8.88888887471 8.88888887471
3173 0.454546152953 0.454546152953
7081 0.727272725869 0.727272725869
7030 2.35593218143 3.09037480624
7084 7.84615383966 7.84615383966
3376 1.33333336437 1.33333336437
3374 4.63636364439 4.63636364439
5421 1.04347826097 1.66016374714
3372 4.99999999939 6.4147089623
1180 6.04347824347 6.04347824347
1181 3.87499777725 3.87499777725
725 2.54829939796 3.24837306191
723 11.2857142857 11.2857142857
1746 3.24999928892 3.24999928892
1740 0.764707743005 0.764707743005
1742 8.83333313006 8.83333313006
5499 0.166666666677 0.166666666677
1165 1.23380566801 2.67988385637
1166 1.42857142307 1.42857142307
7587 4.48181818189 4.94620649375
7291 5.55555555472 5.55555555472
4247 1.75000000219 1.99060292642
4245 2.46153957268 2.46153957268
1168 1.64705270271 1.64705270271
1169 2.15000171753 2.15000171753
4240 1.67151515146 2.04189553446
5521 1.88235294121 2.1314906979
5523 3.77778000738 3.98608827351
5526 1.99999832793 1.99999832793
7130 2.13461538481 2.49881628764
6941 4.54545481012 4.54545481012
6940 1.37499999999 1.37499999999
7132 1.49999996794 1.49999996794
47 6.85714285687 6.85714285687
7297 1.22580645161 1.22580645161
41 5.21052726449 5.21052726449
1569 2.50000000028 2.74884020108
1365 2.30000000152 3.43110769387
5492 4.43750000004 4.71533402847
1292 1.76551724141 2.11893675805
1561 9.00000240787 9.00000240787
1563 2.58332101983 2.58332101983
1564 3.38888888568 3.38888888568
1565 0.243243243196 0.243243243196
1295 2.92307694214 2.92307694214
1712 1.74999940086 2.3048852739
475 0.0909090955429 0.0909090955429
5250 1.00000030415 1.08502795465
1789 1.63601476709 1.85990270164
4399 4.23913043486 4.49669065469
7460 3.37499999984 3.41183601582
5638 3.2500000253 3.2500000253
6541 2.66666666833 2.66666666833
6540 3.31034481955 3.31034481955
4391 2.31250049433 2.31250049433
4392 3.50000000031 3.80788655472
4395 1.70275403609 2.1551176548
6549 1.35526315215 2.03868027949
5633 11.3333333333 11.3333333333
473 1.58333350074 1.79698833737
3195 0.615368480457 0.615368480457
1862 0.250000018578 0.250000018578
3193 3.50000000001 4.25326671875
7465 2.27450993871 2.49936569939
3190 2.00000000019 2.35849528307
3728 6.00000000004 6.32455532091
3198 2.19791666678 2.24790122033
7466 1.86507936496 1.98916819878
1368 0.821425456065 0.821425456065
3729 1.10526316245 1.10526316245
2.37344909075 3.1273228471