4447 5.10401627187 5.3428131754
4023 1.49890830602 1.6442689167
5988 0.751385937906 0.751385937906
346 1.60040492423 1.7495188024
347 6.04194495503 6.04194495503
7513 1.08360579015 1.37739186987
7512 3.00560881305 3.00560881305
342 3.13913505703 3.36872326853
343 2.35412909816 2.44916931462
3996 1.72263864025 1.72263864025
3995 0.785026113022 1.05296329036
3994 1.36814288175 1.4554988492
348 0.887262665349 1.13189878672
7518 3.33912919673 4.15164326319
6150 1.27434650132 1.54911468125
6154 0.475885628453 0.573922830466
6159 0.58417017503 0.58417017503
6796 2.17662499144 2.93757773849
6797 8.37617773116 8.37617773116
4730 0.962498835459 0.962498835459
4736 1.87717134436 1.87717134436
2319 0.981179517184 0.984229305609
2313 5.99670210892 5.99769500136
2310 2.35637360409 2.35637360409
2311 2.62718054506 2.62718054506
5851 0.629674567799 0.808097985456
299 1.25041534653 1.48967803257
7627 2.4786085707 2.4786085707
291 3.45639056412 3.45639056412
4656 3.48691559121 4.24211830958
274 6.01975544754 6.01975544754
276 2.85837663296 3.77110120539
278 7.47226815736 7.47226815736
4836 0.998797711627 1.11256102187
6584 8.49181633828 8.49181633828
2262 1.19859772758 1.27916011614
6190 4.52748705245 4.52748705245
2266 5.08782510687 5.08782510687
2443 1.72635019473 1.72635019473
6055 0.237899097411 0.237899097411
108 1.5867312739 1.5867312739
109 0.153893295914 0.153893295914
107 4.03297060822 4.03297060822
4813 1.78579197183 1.78673160559
2047 9.69715511251 9.69715511251
2045 0.990445405244 1.03653855407
4817 2.99195823512 2.99195823512
4816 1.94035424241 1.94035424241
2040 2.37255021612 3.05436809955
4819 1.5761678483 1.8052464535
4818 10.0266022406 10.0266022406
1297 1.63762993569 1.9119065576
6378 4.35039557523 4.82770429809
6379 1.49349754386 1.79796398219
6053 0.651311396274 0.651311396274
5828 1.23556603048 1.23556603048
6372 0.910865948571 0.910865948571
6375 1.66810528714 1.66814772703
6377 1.83329864922 2.13353733036
2838 3.81135032943 3.991827467
5363 3.77451002129 4.33395670174
3519 0.143226809525 0.144211616326
3510 1.40997344447 1.71966493523
3517 1.52822380305 2.18896811573
3516 1.78179976634 2.4042967515
7263 1.14516243255 1.14516243255
3514 6.02595576754 6.1562797076
6201 3.01241088913 3.01244207508
6202 1.49297497056 2.21278549567
2685 1.52955041731 1.70584774164
2687 5.21699889091 5.64043072112
2681 0.838439443832 0.971403585404
2683 1.00654356262 1.25345908125
5406 0.959332348433 0.959332348433
5119 0.203305352487 0.205303377667
6802 2.17643139676 2.17643139676
6800 0.773280545522 1.05259281637
5293 8.26800951598 8.26800951598
5404 0.95064800643 1.22981615391
91 8.15126703658 8.15126703658
93 0.430980322604 0.430980322604
95 2.04776266199 2.04776266199
97 2.06915449485 2.06915449485
5402 7.06985946749 7.2139996533
5182 4.32383821408 4.32383821408
1622 1.28987878292 1.58682467294
1992 1.57633130309 1.57633130309
1627 1.7796514035 1.84536279186
3993 2.23363357358 3.11885183953
1629 3.05572812885 3.05572812885
1628 3.25031291286 3.55278352249
3209 0.480811175893 0.480811175893
2860 0.201963398691 0.201963398691
2861 5.18124735559 5.39536981074
2863 6.709479351 7.34822164076
2867 1.26629457068 1.62584461203
555 1.71810041466 2.01184779124
554 3.16663382285 3.16663382285
551 0.561195989636 0.561195989636
550 0.973890905795 1.28534729771
553 0.26843710013 0.26843710013
552 2.98017690981 3.15281352627
7142 2.27183314805 2.76773238183
1199 5.89179954525 5.97330886871
5459 1.00589696903 1.00589696903
7079 2.38210157054 2.38210157494
7074 0.657426228821 0.657426228821
5451 2.49977860655 2.49977860655
1193 2.7858701861 2.78608258492
3341 3.6629489719 4.20094161647
5454 3.08137858782 3.73991233351
3347 2.12531408534 2.20804470898
1197 4.60774678072 4.60774678072
3345 5.23392556179 5.29039062968
1754 3.99913259602 4.57740228645
1752 0.378547297252 0.378547297252
6976 3.15961405685 3.15961405685
6975 0.774625099159 0.915661086633
6971 2.20110296848 2.39816074769
4253 2.52149675079 3.33934571471
4252 2.11718376826 2.32037606899
5531 0.45416792527 0.45416792527
5538 0.0841035918014 0.0841035918014
1285 1.33990073385 1.67289762391
1284 3.22027080188 3.37362728339
1287 4.58281927933 4.79318509643
1280 4.57080190223 4.57080190223
1283 9.58078708084 9.58078708084
1289 0.998413894725 1.00115845615
7188 5.08996917021 5.47525339976
1579 3.21357338379 3.61084856015
689 3.41400018212 3.99892070021
684 2.15096175005 3.57323128778
687 2.24929988444 2.45605221068
7183 1.12012903892 1.12012903892
681 2.11653683928 2.11653683928
683 2.31843823696 3.40490758805
7187 0.161542689349 0.161542689349
458 2.53885296363 2.53885296363
6006 1.99316849237 2.38880452541
1222 8.63531869024 8.63531869024
4388 1.97594086946 3.05093114069
6576 1.65000678238 1.65000678238
625 2.48063573071 2.61996710786
6574 1.50305255341 1.81346863159
5627 0.953153549081 0.953153549081
4382 2.25113265959 2.86111810875
7459 0.737536636836 0.885989035791
1371 2.24343517974 2.24343517974
406 0.863621856625 0.86364754089
405 1.55893218513 2.04678636653
1374 1.56821799878 1.788137921
3834 2.9893370766 2.9893370766
628 8.34684561968 8.34684561968
3831 0.519745286339 0.673850053126
3832 3.36475083017 4.51073668079
3838 3.78566323125 3.78624846085
6794 7.61179536329 7.61179536329
4844 1.08703908169 1.08703908169
5990 1.95449907701 1.95449907701
5992 6.53079833117 6.56477641763
379 5.04917112307 5.04917112307
7527 2.72980673906 2.72980673906
7525 3.00249862777 3.21957416036
370 4.8135882754 5.4833797598
373 0.489186127537 0.489204110333
2038 3.17528194605 3.17528194605
374 5.54099753605 5.54099753605
376 3.5561417171 3.5561417171
6530 0.668815432342 0.816893335074
393 1.71108584025 1.71108584025
391 1.10491232178 1.60505716496
394 1.28564619208 1.28564619208
6148 2.4861536833 3.19685128043
2309 5.52021124317 5.52021124317
6780 3.86492565307 4.60487049918
6782 1.21637573155 1.21637573155
4728 1.34553906218 1.34553906218
6787 1.73349740064 1.73349740064
2301 3.94008728628 3.94008728628
4724 3.37393651272 3.37393651272
4727 0.830408750755 0.830408750755
2307 6.45118441877 6.45118441877
5846 0.693201213605 0.809689928936
6538 3.30365145121 3.89152620976
5849 3.1663358724 3.68368779876
3748 2.53695112438 2.53830874331
3203 1.50351853705 1.88521633928
3745 1.15783269666 1.15783269666
3743 0.252342434744 0.25562580923
247 0.751039094245 0.751039094245
4623 2.35577762583 2.55477129449
4624 3.18137652413 3.33454785862
243 1.17219141216 1.17219141216
4629 2.46122618357 4.02965868714
2272 1.09535161435 1.09593507776
2278 2.76272558361 3.22045211087
2459 0.507592621292 0.507592621292
2454 1.27523276254 1.27523276254
2451 3.23421559054 3.23421559054
2450 2.46425316194 2.78869079987
172 0.130719516111 0.131324037557
171 2.22326514848 2.68915529035
2050 2.70859240612 2.75136247455
4538 0.735223308153 0.857118202473
4828 0.915155132616 1.12117181868
2059 3.96033419044 3.98810246738
2058 0.198751971385 0.222494302022
3692 1.55436460262 1.55436460262
3693 1.3962930429 1.3962930429
4530 2.70744413624 2.70744413624
3695 2.17365109921 2.17365109921
3696 2.13230650163 2.13230650163
4821 1.24569676854 1.49021506029
6369 2.33434383437 2.37476231595
4983 2.49473557492 3.33683008306
7337 3.00120265812 3.00120265812
1504 3.03700265615 3.03700265615
3522 3.4841591856 4.89234696304
3523 2.26532077591 2.72791664139
7043 1.14737005234 1.47788635055
7218 3.14238248063 3.14238248063
7215 1.33168514449 1.41878964768
1601 4.9298010932 4.9298010932
6215 0.715078666429 0.715168989806
6386 3.422807243 3.48123053277
2699 1.10200822994 1.10200822994
4651 0.493286708608 0.566572665328
2693 1.30436195427 1.38587323928
2690 0.414455376165 0.4932565807
6819 2.09273994698 2.09273994698
1605 0.129024850399 0.130427482058
6814 0.0812408982222 0.0812408982222
6817 5.88724140761 5.88724140761
6816 1.26136505168 1.26136505168
7326 3.09364089107 3.6850660512
3231 2.17261550031 2.50883406254
3236 4.06604064074 4.06604064074
1969 7.30218560216 7.30218560216
3235 4.00298824467 4.17513117779
1965 3.93226140579 4.30279877499
1966 1.11832974772 1.66435002722
3239 2.61832396688 2.61832396688
5191 5.28234014122 5.46328822267
1962 1.3917829224 1.42556534324
2877 4.62933946706 4.62933946706
3355 1.55272679188 1.55272679188
3351 2.09301261978 2.33227645579
3353 0.00126027021805 0.00126027021805
3352 1.09216721404 1.17669821911
7063 0.568261946928 0.596436384693
5446 1.80783468328 2.26167697295
7060 2.29213112801 2.53297271855
1764 9.08250589864 9.08250589864
1788 0.480187780805 0.480187780805
1145 1.49924830729 1.69421275827
6968 1.44779501272 1.44802942923
1148 6.14513267799 6.22428906995
5509 0.189974395008 0.189974395008
5506 1.50663567127 1.50673914399
5507 2.41546852217 3.06515080208
5500 0.587755360053 0.587755360053
692 1.74782584564 1.74782584564
1547 2.03393147224 2.14914425711
1544 2.95129674243 3.07485792519
1545 2.0663842561 2.46700076647
1548 5.19453050778 5.19453050778
7199 2.21864744465 2.21864744465
546 3.12382008453 3.12382008453
544 1.28471516282 1.52609933707
545 1.15242440269 1.2624039764
549 2.23653509568 2.54399381142
7194 5.1225141852 5.1225141852
6886 1.64928998334 1.64928998334
7564 1.47945672444 1.60185934161
764 3.12863227686 4.35292854147
6406 2.40774668963 3.22584189068
5618 2.1555590346 2.1555590346
7442 1.94400323571 2.52047984314
6568 3.21429343801 3.21429343801
5477 2.00559668458 2.09121757492
5612 0.0352727461294 0.0352727461294
5613 0.871926339206 0.871926339206
6405 5.5650056348 5.5650056348
5617 7.39866255063 7.39866255063
6562 1.46354616601 1.69550821171
7398 2.79422546083 2.79422546083
5475 1.88368972376 1.88368972376
410 1.75683724983 2.35799794962
1389 2.29050462859 3.07142376981
412 0.668778515452 0.668778515452
1384 3.1391862784 3.89493188888
1387 3.27334994059 3.94465833382
419 0.9368707132 1.08673464059
5003 2.44351376347 2.71861995749
3823 6.77243773189 6.77243773189
3821 3.10642533114 3.10642533114
7114 2.91533555751 2.91533555751
3828 4.13918785918 4.13918785918
5000 0.871341778085 0.871341778085
7482 4.17072595435 4.17072595435
4282 2.01687245319 2.2872338134
4280 0.720864838218 0.872948230093
4286 2.2909608558 2.2909608558
7538 3.49024719365 3.49024719365
369 1.2175011834 1.62409222291
366 1.71871800437 1.71871800437
7534 1.60758114576 1.60758114576
364 0.0673981908834 0.0673981908834
365 2.36798541683 2.89481891415
362 1.07404118927 1.07404866473
5009 3.98795504751 4.54500130093
360 1.21296201758 1.21296201758
7532 0.643234520036 0.643234520036
380 1.48031506926 1.73374755674
381 1.70540105495 1.79010550696
383 1.71607768028 2.19786104742
384 2.6124549643 3.68935567089
6178 1.36068541327 1.36068541327
389 0.584160090023 0.584180046081
5271 0.304384222344 0.304384222344
6778 3.02921419665 3.89433328268
6779 0.655227369993 0.65668408317
1369 2.62677121778 2.95422256324
6774 3.08726407402 3.12531353396
6775 0.568566569796 0.673766527105
6770 7.45416011604 7.45416011604
6772 0.830232395505 0.830232395505
4757 1.49741207521 1.49741207521
5870 1.63992504851 1.64001552006
5876 4.43590504252 4.69672841405
5374 0.756815584837 0.756815584837
5879 0.326685549796 0.326685549796
3758 1.55130043916 1.65837890985
3750 1.42587819511 1.42587819511
3753 0.177917665217 0.177917665217
3755 3.50435762374 4.0463828145
2192 1.50087972647 2.12713570496
259 6.16216482238 6.16216482238
4637 4.40140953534 4.40140953534
2195 1.90741922395 2.49441221271
2196 0.0320086654162 0.0320086654162
2197 1.76325845806 1.93902462127
4638 2.09537924939 2.46688532169
256 1.90423991876 1.90428641551
2200 7.22646234167 7.22646234167
2201 0.733635919316 0.733635919316
2202 0.917563446205 1.00027268236
2204 1.57726013099 1.86254662603
2205 2.92811715991 2.92811715991
2209 2.39017411346 2.93252279976
6689 5.92833180312 5.92833180312
6680 5.01861781111 5.01861781111
2428 3.9708831677 4.00090354336
4812 1.03031809179 1.03033154124
2422 1.73621488537 2.21798701248
2426 3.33937247044 3.33937247044
4810 1.713685449 1.713685449
169 2.85968477891 2.85968477891
164 2.0889517064 2.14521036903
160 1.81494711761 1.81494711761
161 2.39118789742 2.92565530415
162 3.12968714584 3.12968714584
3689 0.000138598648638 0.000138598648638
3683 0.916149931212 0.916149931212
4526 2.23769753765 2.23769753765
4525 6.00610249658 6.25819227529
4524 1.22299000642 1.37909194594
4523 2.45542892212 2.81329478173
3685 2.99537892884 3.06554601668
3684 5.11500990729 5.11500990729
6194 5.32175684533 5.98937608036
6981 1.68545115188 1.68545115188
2518 1.64204376283 1.64204376283
1842 2.27312530404 2.27312530404
2514 2.24641878832 2.24641878832
2516 3.48662809882 4.20035478373
6198 5.55153738341 5.57119040028
908 3.77336209076 3.77336209076
6740 2.14754268883 2.15384111736
2730 0.0749825162211 0.0749825162211
2733 3.17755001225 3.17755001225
4426 1.05852035963 1.15878103942
5294 2.06855073215 2.39730776867
5295 2.04804703478 2.9686901261
2738 2.75252503136 2.86530850673
2739 1.20391189635 1.50081503737
5291 2.98966282863 3.69896553518
1817 0.272731533673 0.272731533673
1811 1.80375653005 1.80375653005
7203 1.4150742648 1.51185756805
6227 4.10000016191 4.10000016191
6228 3.14098127485 3.14098127485
671 0.226638379103 0.226638379103
6993 0.94786363083 0.947911231742
1609 1.27788431659 1.6301946486
7336 2.01132182611 2.01132182611
7335 2.41222818748 2.41222818748
7334 4.68820331002 4.99647485651
3225 1.92215100099 2.66917429896
3224 3.50491076356 3.50502147947
3227 3.51704297036 3.51704297036
1602 1.84958330243 2.33665974253
1973 3.85049478599 3.85049478599
1972 1.32144773665 1.32144773665
7339 2.97622193466 3.30229577298
809 1.98307859582 2.24114984783
801 2.96283094033 3.31123445271
807 1.75561653951 2.06476404858
806 2.48881714744 2.85178025195
2849 6.46191975924 6.46191975924
2846 2.76851611968 2.76851611968
2843 1.09037695931 1.09037695931
3321 1.43905778778 1.60449469551
3323 1.93164013172 1.93164013172
3328 2.30758401295 2.30758401295
5478 0.588819228931 0.818899037402
5479 1.94591713684 1.94591713684
5274 0.0867933960821 0.0867933960821
7058 1.09087782314 1.09087782314
1776 0.984658893294 1.33712586009
1770 2.98127956687 2.98142690563
5272 3.39606690407 3.64197210395
323 5.146872879 5.63069323829
7052 3.28290976115 5.29492661642
1778 0.563893013214 0.563893013214
7055 0.81562544763 0.81562544763
1154 3.84427620057 4.1171039557
1152 0.467143432791 0.467143432791
5519 2.03513578527 2.03513578527
5518 1.59758053815 1.65544622157
5513 2.71503715399 2.71503715399
5512 1.45227463946 1.7968652302
5515 1.42009783063 1.75868896691
5517 1.99655796005 2.15870502178
1551 9.18348283898 9.18348283898
2999 3.99340225905 3.99340225905
59 1.31922980464 1.3192815884
58 5.56233930324 5.64567827092
55 0.989759804822 1.00954662483
2991 1.31942017273 1.31942017273
57 2.17995814917 2.17995814917
2993 3.46004512476 3.46004512476
52 0.966107185039 0.966107185039
535 1.3019230818 1.38498386271
532 1.59124973763 1.61166853121
531 3.05706533223 3.66879691826
7342 6.4991603756 6.96347631164
538 0.703179791437 0.832486090669
5600 0.543147336492 0.543147336492
5609 4.4273002644 4.4273002644
5608 2.74252618957 3.31551041103
5134 1.16056770926 1.25335004233
1902 1.50102975027 1.85877144496
6517 2.76421106287 2.76421108179
428 1.17108968978 1.17108968978
421 4.08063972603 4.08063972603
420 2.98827562286 3.30237197382
3293 0.151776904998 0.151776904998
1393 2.53385908221 2.53385908221
1391 0.808773066656 1.23030674819
3810 1.81886814735 1.8885658526
3816 1.68137331966 1.68137331966
3814 0.497565999927 0.497565999927
3457 4.50200641114 4.50200641114
6420 0.438858840652 0.438858840652
4298 6.11255119139 6.11255119139
4294 2.0453715457 2.0453715457
4297 1.70173250519 1.70173250519
853 6.51030348901 6.5480407409
6428 1.18836834035 1.18836834035
6429 2.78323533969 2.78323533969
6412 0.212686529076 0.212686529076
7543 0.731502790151 0.731502790151
7547 5.31353826284 5.45535248605
6168 1.99994289051 2.140765133
6160 3.88242383959 3.88242383959
6162 0.0637294277162 0.0637294277162
4749 1.58198356093 1.60821638419
4748 3.50377495261 3.99530878546
6767 2.30041212681 2.30041212681
6766 2.50139889908 2.84267779611
4740 3.77385861933 3.88040742988
4747 1.84210101617 1.84210101617
4744 0.990188244361 1.27663502309
5868 1.69531892341 1.69531892341
5865 2.49874078302 2.64968207275
4715 2.63105573151 2.63105573151
2183 2.4688395619 2.92635101375
7059 0.25951786486 0.25951786486
2181 0.631979399791 0.631979399791
2186 0.868297207555 0.868297207555
4606 5.15584703784 5.70743905659
2189 2.00084658301 2.00084658301
224 4.01836117582 4.02474682088
223 5.92528603167 5.92528603167
222 1.83217751746 2.41915603051
221 0.808022919471 0.808022919471
2212 1.78420921805 1.85428443499
2211 0.854859145591 1.133628655
2210 1.4490437344 1.59980484926
2217 3.17638415942 3.17638415942
2216 2.2383240369 3.8423635037
2214 5.25200340913 5.25200340913
6699 0.721316656651 0.721316656651
7293 1.00771460261 1.09842381299
6697 1.11268964873 1.30678226359
6696 1.12051333392 1.23600951811
6694 0.91993961588 0.91993961588
151 0.807954119229 0.807954119229
155 1.5022805974 1.5022805974
156 3.32399398325 5.01776190965
2433 0.943640249503 0.943640249503
2431 3.09900742262 3.23977433534
2430 2.19681276566 2.19681276566
2437 4.32570788905 4.41530713529
2434 2.04543055881 2.24238608608
6340 3.46561150282 3.46561150282
6343 1.95893825497 2.30696057051
6344 4.56210544055 4.5623063755
6346 1.24238361875 1.24238361875
6349 0.902345967832 0.902495485927
4510 1.5509248833 2.15140790925
6809 2.18956040867 2.18956040867
4514 1.00589051534 1.14334358091
4515 3.53746978702 3.53746978702
6186 1.77960587018 1.77960587018
6183 1.44528518322 1.60808847033
6182 2.58877715582 2.58877715582
2508 3.83256612619 3.93879998372
2507 2.15607747448 2.93080129638
2506 2.84851527422 2.88597070186
2505 3.32266810942 3.36610339667
2503 1.27132658055 1.27132658055
5289 2.25019886937 2.25019886937
5288 1.67051693502 1.67051693502
2721 1.83522876925 2.38920633913
5280 2.51512298419 2.86350953448
5282 1.24357319516 1.24357319516
5287 3.06726346476 3.06726346476
7234 0.543718231868 0.642857271616
7235 6.39468723803 6.39468723803
7233 1.13583838142 1.13583838142
5047 4.15487196677 4.15487196677
5046 2.96269408498 2.96269408498
5045 9.53624318004 9.53624318004
1807 2.34787459973 2.38222431126
3783 1.57578116677 1.57578116677
1804 2.54167882648 3.46353736683
1802 2.02373631106 2.44234494194
3789 2.00526012487 2.00526012487
1809 5.54540612533 6.08745263719
1808 0.927373915709 0.927373915709
4994 2.07625968291 2.07625968291
6239 1.02118518274 1.02118518274
4993 2.20798390175 2.55530520081
4991 3.27297700259 3.27297700259
6234 2.47618048046 2.47618048046
6237 0.1867074418 0.18703476282
4999 0.085033907544 0.085033907544
1948 0.614314193383 0.614314193383
7301 2.37501314767 2.37501314767
7307 6.52756038419 6.52756038419
7304 4.4994093562 4.80575644954
7305 0.0278413585871 0.0278413585871
1943 1.01086719203 1.01086719203
1940 1.72477566936 1.72478331681
1941 1.42190684499 1.67072533099
1946 0.998695604372 1.0973686312
810 2.19809999569 2.80799623831
1252 3.32897344752 3.32897344752
812 0.993460403944 0.993460403944
814 0.754588907971 0.754588907971
817 3.62291317136 4.20287017119
2859 0.752233033294 0.752233033294
5183 1.55405080361 2.24134575028
2850 3.33817098085 3.85439896655
2852 1.99925111713 2.28110502415
2855 1.41722289652 1.41722289652
2857 6.54765163371 6.59100487929
2856 2.44196468785 2.44196468785
7045 6.37556781935 6.37556781935
1491 2.88421050751 2.88434906815
5463 2.95740784464 2.95740784464
5462 2.48135189003 2.58152615066
1494 2.71396620042 2.71396620042
3336 2.31234984861 2.98045388602
1496 2.25273572916 2.31331438067
7042 3.29757105187 3.29757105187
1499 4.85574703024 4.87540684308
1702 0.745656504119 0.745656504119
7328 2.90809165713 3.66886265675
1705 1.39652465633 1.39652465633
427 1.85599342912 1.85599357471
4574 4.85312690133 4.85312690133
1129 2.49511472429 2.53130675808
1123 0.726028192446 0.726028192446
6983 3.99515762351 4.22484661646
6982 1.23302713074 1.23302713074
1126 0.161567290924 0.161567290924
6980 2.96355342512 3.048138925
2982 2.62473939511 2.62473939511
2981 2.1681298418 2.96479828969
2987 0.278949688175 0.278949688175
3022 4.2315415692 4.2315415692
2985 1.91238273668 1.91238273668
524 1.49663264345 1.49663264345
520 1.78848342373 1.84545363996
521 5.49798753434 5.49798753434
523 2.48194236177 2.79232864148
1012 0.785537125745 0.785537125745
1013 0.509956238086 0.509956238086
1234 2.07235091168 2.55553945513
1235 5.8578016914 5.87201436351
1237 0.897856971695 0.897856971695
1230 8.83088769383 8.83088769383
1231 0.265736505874 0.265736505874
304 2.34567912914 2.65779452904
4195 0.162999486802 0.163022831707
4192 0.999260547905 1.10937320652
1239 1.77999923577 2.05270084891
5674 2.03122255331 2.63548391023
4355 5.23800528613 5.23800528613
4357 0.380228332156 0.380228332156
4353 2.98454579959 2.98454579959
6507 0.855143226122 0.855143226122
4900 0.26033903291 0.26033903291
437 4.00207670908 4.00207670908
435 0.185971059298 0.185971059298
433 1.90546340458 2.14020664409
431 4.74097458267 5.1658250004
7158 1.23640419142 1.23640419142
3808 6.10508910487 6.10508910487
3802 1.18746838047 1.26910343139
6437 0.515514207221 0.515514207221
6435 1.66508866172 1.66508866172
6432 3.68099952441 3.68099952441
6431 10.3878935841 10.387917739
5707 1.24196955738 1.61275376797
5700 2.60320287279 3.03137013701
5702 8.08729961304 8.08729961304
6438 0.832441184087 0.997518917275
2868 3.69329359043 4.39272470838
2869 3.48173979771 3.48173979771
7553 1.11842279007 1.45198688191
7551 2.24555282596 2.24555282596
7550 1.64160624486 1.64160624486
7557 1.91953863021 1.91953863021
7578 0.497752966009 0.501853957335
4774 3.16733846177 3.35047567479
4770 6.34297216568 6.34297216568
4778 3.06064832904 3.06064832904
6421 0.110186182911 0.110186266656
4175 0.359399811498 0.359487280962
4172 2.14700953105 2.20275275104
6752 0.152366425345 0.152366425345
6756 2.72000176084 3.77568347662
4179 3.12369295247 4.9604835125
6755 3.68852885665 3.68852885665
7171 5.10173317897 5.47939732342
5815 1.61792961749 1.61792961749
5816 1.67936174092 1.82861165907
4296 1.93388510625 2.40756186173
7173 4.40398126425 4.59666555219
5064 0.66184496642 0.66184496642
4619 0.639142322594 0.889859275819
234 3.38801754339 3.92522734799
4610 0.354418758932 0.354418758932
236 3.11826030116 3.11826030116
4615 1.13271964714 1.13271964714
231 3.36224865752 3.36224865752
4617 1.90503309377 1.90503309377
233 4.8196889923 4.8196889923
7392 3.15153271054 3.15153271054
2223 0.37551380293 0.37551380293
5924 3.0408565427 3.0408565427
5925 1.51358531858 1.97408980994
4881 0.374738280727 0.374738280727
146 0.594971827301 0.594971827301
5356 0.132021644342 0.132021644342
5143 0.233965908118 0.233965908118
4501 1.24986259157 1.24986999815
4503 0.986552861574 0.986552861574
4502 0.484767735062 0.484767735062
4508 2.22698948445 2.22698948445
2089 1.37503582477 1.37503582477
2080 2.48733843364 2.62203690837
3403 2.58566510113 2.58566510113
2538 2.80166696192 2.94776563777
2539 0.240525698735 0.240906920354
2530 2.16288290404 2.52634519576
2537 0.547481269714 0.547552741152
2713 0.972141305317 1.38289376673
5453 9.30295595089 9.30295595089
2716 2.67175371804 3.30065092446
2714 2.1388792057 2.23103612145
2715 4.00258819542 5.99749722077
5078 1.59322634782 1.97965879162
7222 1.39435514761 1.5508587197
5456 2.34771495256 2.43086333711
7227 2.01463371476 2.01463371476
7226 2.55057273603 3.2829164937
5072 1.59756873722 1.59756873722
5457 1.57376601041 1.57376601041
5076 0.335845810392 0.335845810392
5077 1.91833128138 2.09009891963
1832 3.29387692486 3.33303912124
1833 1.05024871452 1.05036418186
1830 2.96878309581 3.00668584122
1831 3.08606360696 4.13845258065
1836 0.117260214032 0.117260214032
1837 3.50037336991 3.81557451361
1838 1.25961677266 1.25961677266
1839 1.21291648417 1.45464881891
2155 1.63498013732 1.84033190793
2156 2.8177883609 2.8177883609
2157 2.90661572657 2.90661572657
2402 7.93751491165 7.93751491165
2151 1.88981143451 2.07601519397
6240 0.853396728001 1.02737362099
4988 2.15062145937 2.15168719901
7446 0.284938649061 0.284938649061
2158 5.49197728766 5.66833213959
936 0.0394433405875 0.0394433405875
6246 0.86483812247 0.86483812247
2409 1.13461232349 1.61398887701
5381 4.73268365349 4.73268365349
5382 1.29343386924 1.63097830547
5383 2.48413819964 2.48413819964
5386 4.08008040917 4.08008040917
5387 0.0386633276717 0.0386788479177
5388 0.395596536622 0.395596536622
1691 4.35906520487 5.18711211895
1955 0.862260205308 0.862260215943
1957 1.97301638679 2.24979230542
1956 5.30009467286 5.30009467286
1959 3.14041076323 3.56234489249
3243 6.18921676978 6.18936494422
3242 5.51277615226 7.24942189114
3247 0.87955530045 0.881582226288
7310 1.69428578806 1.98180074664
3245 0.816226628837 1.08617175274
3244 3.84107128603 3.93763526492
826 0.499084087919 0.499084087919
821 1.52537700437 1.67259131875
820 0.981434521588 1.03775947961
1483 0.715060243172 0.715060243172
1482 1.50178754641 2.12331952587
1480 1.45567906393 1.45856557873
1487 1.81355444183 1.90006089758
1486 2.26874880342 2.26874880342
1485 2.03093497846 2.2176131829
7037 1.5472720298 1.5472720298
5496 1.75878886395 2.03572189179
3300 0.851181544693 1.26807291842
5493 1.99962892186 2.35542810349
796 1.2300097449 1.2300097449
795 1.53812852458 1.53812852458
5251 2.90247734953 3.57419050389
5256 1.00212343976 1.23658807785
5257 1.78495849858 1.78495849858
5254 3.66422448197 4.66215597906
1719 0.574169686687 0.574169686687
1718 1.39795035493 1.8870536674
613 0.374202702183 0.374202702183
2414 1.99262695536 1.99262695536
1139 1.8022732261 1.8022732261
1273 6.03133888188 6.16890552977
1995 1.00840198548 1.38059160748
1275 0.0748569770525 0.0748569770525
5940 1.85090897215 1.85090897215
3011 1.80598602393 2.10969319345
3016 2.96676461789 2.96676461789
7141 2.9125568838 2.9125568838
3014 1.29731022618 1.29731022618
7143 0.684259346737 0.684259346737
926 3.13638811969 3.13638811969
1007 0.51645941622 0.570780848037
1005 2.26449137259 2.57407334137
512 6.81685735089 6.81685735089
515 1.10881971485 1.26268943572
517 1.97064879997 2.59973413344
516 0.320019203517 0.320133182461
1226 1.49509157748 1.51581980512
621 0.634377301374 0.634377301374
1223 0.618479376782 0.618479376782
626 5.24609634194 5.47495834888
1221 3.1505184068 3.1505184068
4182 0.106157816508 0.106157816508
4184 2.89190355606 2.89190355606
4186 1.55574116005 1.55574116005
5662 1.68091905464 1.97953052587
6533 1.34172448722 1.73901374608
4349 1.0042169303 1.02365681504
7562 5.41914141248 6.22503987322
5669 0.502062634075 0.551097364649
4341 0.995537993055 1.19044845409
2883 5.62472991292 5.6247307504
7498 1.41607067726 1.48768354777
2887 2.99613277515 2.99613277515
2884 0.716764699232 0.716764699232
7493 3.17729869834 3.82875839679
7490 4.86631745077 4.86631745077
7491 2.51261409362 2.55601878171
7497 2.69206387027 2.69206387027
7494 2.00106060615 2.07844260099
3878 4.4299306113 5.6057511277
3879 2.03811991096 2.07383471874
3874 2.29956892573 2.35276245977
3876 6.41939347882 6.41939347882
6403 1.51778162711 1.51778162711
6400 3.31032311328 3.85507066697
15 1.83209816216 2.19275754821
14 2.30002358781 2.30002358781
6404 3.32202257516 3.3222450926
1921 2.45251812873 3.24386253643
19 2.4531208229 2.45360810592
7568 1.59559115847 1.82044468297
7561 0.146509510445 0.14695080617
7374 1.7706926077 1.7706926077
3907 0.468938989353 0.468938989353
3902 4.43647751817 4.43647751817
4761 3.05778989286 3.39375183178
4760 1.6415846295 1.90154019652
4763 0.232144802091 0.232144802091
4764 5.46057871464 5.46057871464
6748 2.0213328382 2.87501797055
4167 7.00769484334 7.00769484334
4162 1.42307283016 1.50081634935
4161 1.48017252833 1.88218710491
205 2.59593157096 2.77712445677
204 2.31623161613 2.75560310169
209 3.81963639695 3.81963639695
830 3.00425010364 3.00425010364
7181 0.316581541211 0.31805181034
2233 4.96369155306 4.96369155306
2232 1.18991694212 1.18991694212
5937 8.37796613999 8.37803685121
5936 0.727235482634 0.840531439531
5934 4.69136032853 4.98632858771
5933 3.68044549403 4.22680474307
5932 1.49709529682 2.0454618691
5931 1.86725176308 2.19510614599
5938 3.58556413658 3.58556413658
7140 1.75226327319 1.75226327319
3499 1.26376037521 1.4796939583
3495 2.28588346943 2.28588346943
3491 0.50766794549 0.50766794549
4570 2.50536391058 3.12822758164
4572 5.87762737996 6.06161332218
2096 2.86012871918 3.38137434285
2091 2.53904891492 2.5894037536
5096 7.92143259614 7.92143259614
4576 0.968847993497 0.968847993497
2092 2.18607870215 2.51761415624
3657 4.75612499218 6.16875733506
4604 4.75774613164 4.75774613164
2525 0.587959818433 0.587959818433
2524 0.670524960775 0.670524960775
2527 9.02106529679 9.02145521872
4602 2.96144266749 3.56954618906
6902 3.72574535053 5.100606408
5065 0.780868819599 0.871505064829
4889 2.65359492644 2.65359492644
5067 1.39482800022 1.61779476408
5066 0.861744888874 1.03752763648
5061 0.1810548392 0.1810548392
2708 1.13152788576 1.13152788576
7262 1.81674816524 2.20911386247
5062 0.604614583719 0.604614583719
2704 1.28088341035 1.28092234452
5069 3.50983099033 3.82045340658
4885 0.632800515859 0.632800515859
2702 0.827659349803 0.827659349803
4193 1.61650655657 1.7873816989
1828 0.786889894814 0.786889894814
1825 1.5112248147 1.5112248147
7453 2.23202618132 2.91232661338
928 1.57270921547 1.63215785613
2146 3.6526479858 3.77140954524
7072 3.17697222901 3.17697222901
2142 2.29664446911 2.53301032776
2140 1.13469485161 1.13469485161
921 1.52803310252 1.52803310252
4498 1.38567090918 1.46148073636
924 1.97958362479 2.10670429912
4971 0.0836709002404 0.0836709002404
2149 3.26180776425 3.26180776425
5745 1.08079772473 1.08861860441
5392 0.00643659821198 0.00643659821198
5395 3.85707709577 3.85707709577
3276 0.99524297651 0.99524297651
3277 1.28386610698 1.28386610698
1924 0.687510535216 0.68753513631
1926 0.622957735847 0.622957735847
5749 1.53545084429 1.53589605223
3278 1.56749114391 1.70607587735
7369 1.52062493174 1.52062493174
3476 0.810715999157 0.810715999157
831 3.45884979733 3.45884979733
837 1.08351595713 1.08351595713
7361 2.47106231781 2.52469656001
3478 1.56518458266 1.77600085701
5586 3.47506107221 3.47506107221
3332 0.165491607478 0.165491607478
3318 0.0838681771557 0.0838681771557
6571 6.05016757755 6.1454790774
5488 0.907496102396 1.09889218568
5484 2.15559648638 2.64663578884
5483 0.998106256186 0.998106256186
5482 1.88246711117 2.22650063876
5481 1.80635602841 2.06015348189
5480 5.21853433769 5.21853433769
785 0.66974448597 0.66974448597
786 2.93137678283 2.93137678283
7450 2.51096734709 2.51096734709
1728 3.25859415338 3.25859415338
783 0.496556749997 0.496556749997
6591 3.49179534325 3.49179534325
1727 1.57463339827 1.57463339827
5246 1.57583463097 1.65464410249
1722 1.75338673069 2.64954282007
789 5.39327470212 5.39327470212
1720 4.31418448314 4.31418448314
5242 2.00152313935 2.00152313935
7594 1.20221887391 1.20221887391
61 3.49641579689 3.58089842291
3006 1.50522075693 1.50522075693
3000 2.11977851436 2.45310947886
66 1.87865271747 1.87865271747
68 1.91989767057 2.13942922965
69 1.20007883865 1.97611613712
3008 1.02456748542 1.02456748542
7159 1.10083455977 1.43162730071
1370 4.98218770588 4.98218770588
7153 0.791322158591 0.791322158591
7152 2.17717485432 2.17717485432
1584 0.518522259401 0.518522259401
1585 1.0202770681 1.31275486401
6826 0.985894298507 1.07762366915
509 3.99485868989 4.18218366898
1032 1.6307177605 1.6307177605
505 1.35029582583 1.35029582583
502 4.15264385883 4.48137333032
1037 1.898238374 1.898238374
1212 0.763953748533 0.763953748533
1210 3.05651682173 3.10262616725
633 2.06438287062 2.06438287062
1216 1.45179045711 1.61437636069
635 1.96936815797 1.96936815797
638 3.6599784207 3.6599784207
1218 1.24783067545 1.24783067545
1219 2.30330557167 2.97875931728
6521 2.05527190356 2.43423741657
7484 2.45921129382 2.87878005002
7487 3.82458263822 3.82458263822
4379 2.56197311121 2.56197311121
7483 1.18494521996 1.18494963817
5659 2.01987704977 2.82237670642
5655 1.07156324255 1.07157570566
5652 0.876440405859 0.876440405859
4377 5.41566498997 5.4156750761
2899 3.45640944402 5.26404157343
2895 0.566860113842 0.763419911237
2891 9.15314736009 9.15314736009
2890 3.48417753097 3.79162775262
1106 1.75818076415 2.3338091618
1455 4.61508758737 5.24058259936
1102 3.50020131519 4.94816154604
1103 1.36081848398 1.36081848398
1453 0.710520431854 0.792881821792
1458 2.03535208869 2.64538474054
1899 2.76161519129 4.07087996357
4082 1.41263601643 2.23663216441
3868 1.71383616036 2.0106131187
4088 3.61889013047 3.61889013047
5241 1.49541987502 1.49541987502
3738 1.3061728997 1.39308391583
3866 0.0777240205299 0.0777240205299
3864 10.9374632005 10.9374632005
7073 8.47287146724 8.47287146724
3735 3.94119082259 3.94119082259
5729 2.706205913 4.07549160625
6419 0.955889294283 1.23220849761
6418 0.74046795355 0.854639849763
6415 1.94295977129 2.37899940543
5723 2.27345391248 2.27345391248
5720 2.20772876437 2.42375619529
5721 2.78951557626 3.25873003203
6411 4.42432817939 5.30717971198
5727 6.63347715109 6.63347715109
5724 1.7387230929 2.13531148657
5725 0.341229376039 0.341229376039
3913 1.51264146504 3.60390056488
3912 1.68867843535 1.74698468006
3918 1.69032052168 1.98978176784
6732 2.49840821465 2.49840821465
6734 0.659718546835 0.659718546835
6736 2.65700238525 3.70720779704
6737 2.61503534258 3.45514332717
6738 3.44322361451 3.44322361451
4796 1.66795818339 1.66795818339
4790 1.66156460924 1.80617917765
5836 3.08285732506 3.08285732506
4153 1.88594174695 1.88594174695
5834 3.67585597546 3.67585597546
5835 2.53133578185 2.59003612439
4154 1.25497872993 1.25497872993
5831 0.00716506351533 0.00957813234832
4159 4.4987937505 6.21781272047
4698 4.27435798171 6.34173352449
219 2.75288454784 2.86929105609
7464 0.520533314654 0.520533314654
6087 2.4961128408 2.4961128408
6084 3.16273008274 3.16273008274
6083 2.73080167814 2.73080167814
6644 1.148040704 1.34653906771
6640 3.46802109532 3.69870056294
6642 1.75185553725 1.75185553725
5902 2.67752713366 2.67752713366
5904 1.28316422778 1.28316422778
5909 2.81314654953 2.81314654953
6497 0.230508250755 0.230509789982
3488 4.55284736992 5.2784132717
3481 5.64913345807 5.88560527825
3480 7.58098951273 7.58098951273
3482 3.41305531732 3.41305531732
3487 4.72886168898 5.08352051722
3486 4.37799479112 4.37799479112
4566 2.50515340034 2.50515340034
4565 1.05738115102 1.16630798412
4569 2.13115534588 2.17790805423
7080 2.82116766151 3.38935721351
2551 2.515649451 3.84051827926
2552 7.57510192112 7.57510192112
2554 1.51348082535 1.78298892547
2555 1.50078981172 1.50078981172
6396 1.06472628731 1.06472628731
6397 5.46569741368 5.46569741368
2397 9.98748233621 9.98748233621
2394 1.12180955731 1.57617613503
63 2.38481185185 2.38481185185
5013 2.3841531695 2.3841531695
5014 4.92007515683 4.92007515683
2771 1.87199538419 2.79046560033
2772 1.76461030167 2.32278172955
4897 1.51000957391 1.5894702337
2775 1.74424883546 1.79891593282
2777 1.49797404251 1.55302701967
1859 0.49900024564 0.667835496218
6260 4.7991874263 4.7991874263
4418 1.99221878825 2.84761873872
4417 5.00225939171 5.00225939171
4416 4.55789727303 4.55789727303
1852 4.42715548242 4.42715548242
1853 0.731696176366 0.829604479393
1855 0.467199146167 0.467199146167
6269 3.33768264887 4.03689263326
5168 1.41113002696 1.41113002696
2171 0.748098682375 0.748098682375
2176 3.0634306938 3.0634306938
918 0.682002588517 0.682002588517
6063 0.475253544285 0.602357376402
4967 2.49413205932 4.23858623026
914 5.63894863487 5.63894863487
917 2.27941069018 2.27941069018
2179 1.23814808494 1.23814808494
912 1.47857307898 1.73732173848
2603 1.55980821208 1.55980821208
2609 2.60011433052 2.60011433052
1930 7.10585283136 7.10585283136
1937 5.60867083947 5.60867083947
3269 1.4942546452 1.51895866953
1939 3.21552161761 3.21552161761
5127 2.04693239458 2.1925512184
5121 2.02348414694 2.63995605304
845 1.9684237566 1.9684290836
3464 1.48023410217 1.48023410217
3463 2.40330420431 2.40332820205
842 1.85910771673 2.10083793254
7091 3.2176649047 3.2176649047
7375 0.570888525821 0.570888525821
848 1.8525802718 2.19577126692
7012 1.02548364042 1.20960256699
7013 3.91184764938 3.91185547715
7011 0.937771732066 0.937771732066
1731 0.306362197628 0.306362197628
1732 1.95636078303 2.46891187205
5234 2.3578252956 2.3578252956
1806 5.44749486148 5.56041823529
758 2.95768875829 3.31222218918
7088 1.07075381161 1.07075381161
1595 0.725460484431 0.725460484431
6887 0.704631667205 0.704637056859
1597 4.97263173103 5.21973135442
3074 1.90946514819 2.54083470426
3075 2.02828569627 2.28598051886
1592 1.23002180181 1.35049388431
3078 0.281825412873 0.281825412873
3079 2.53365124824 3.37855372776
1599 3.93830564691 4.17822533325
1598 3.26627088781 3.26627088781
6889 2.02679188753 2.11677897645
5344 1.67154206728 1.74133345438
5345 0.363352871288 0.363352871288
7168 2.08031476848 3.08642741095
1021 2.55189160987 2.55189160987
1023 4.52563036253 4.52563036253
7163 0.997759983932 0.997787462697
7166 1.71027810126 1.85622228048
7164 1.51191005313 1.51191005313
7165 5.55523200329 5.55523200329
604 3.1499675421 3.1499675421
4367 2.4189427323 2.70752517347
4361 4.18939341505 4.18939341505
4363 6.94803223312 7.73034925704
4362 2.62013830217 2.62013830217
1203 3.93144747814 3.93144747814
5649 2.88855340632 3.58303891509
1211 2.08981653959 2.08981653959
5641 2.01877235948 2.01877235948
6041 1.14308227836 1.36441415769
5642 1.82954449668 2.17915331137
5646 0.41272104485 0.41272104485
6335 0.741836330467 0.741836330467
3105 2.92795496223 2.92795496223
3107 5.20724435999 5.20724552187
3102 1.25010200509 2.01267255474
3103 0.150622313266 0.150622313266
1112 2.55593489749 2.55593489749
1443 5.98155394619 7.47407204586
1114 6.23055824174 6.23055824174
1116 2.36035011761 2.36035011761
4093 6.83098919424 7.24959237531
4091 4.84217986176 5.61575930493
6332 9.17977714096 9.17977714096
5737 1.80680248467 1.83798538231
5736 0.751129929525 0.751129929525
489 2.5792303877 2.62719831926
488 2.15694379703 2.15694379703
487 0.464503129211 0.464503129211
485 1.97886507345 2.78718755449
4587 2.7109951781 2.7109951781
480 4.83170645883 4.83170645883
7585 2.89492296894 2.89492296894
6463 1.0257691338 1.16639414818
7580 4.91225839885 6.06111727844
4725 2.87975450088 2.87975450088
4851 1.44422646062 1.51084668021
5300 3.99886493447 5.28750800842
3926 1.09338932722 1.09338932722
3927 2.08428389853 2.68491428853
3924 2.25536882415 2.25536882415
6526 0.264166597315 0.264166597315
6722 0.994243415736 0.994243415736
4782 0.268785014124 0.268785014124
4781 2.84312761866 4.82891503135
4149 5.98073999715 5.98073999715
5827 1.18581630795 1.55202893667
5826 2.49979390709 2.91449334794
4144 2.340389783 2.340389783
4141 4.91395769834 5.51750957604
4143 1.22018703192 1.22018703192
3857 4.29381923432 5.36557305727
3855 1.35509892022 1.35509892022
3852 1.28407963652 1.28422257518
3859 3.96100693555 3.96100693555
6099 1.42977603799 1.72901204253
6098 0.248380950698 0.248380950698
6091 3.77483671335 3.90078234189
6094 1.36980345927 1.36980345927
6917 5.18773872736 5.344603616
6657 6.83548032302 6.83548032302
6655 2.03820560705 2.06639713121
6048 1.42483621835 1.42483621835
6651 2.09853932049 2.09866932804
5915 1.87534319971 2.18359501225
5911 5.05857380748 5.67980275949
4820 2.46580916934 2.75352674358
199 0.890663541969 0.890663541969
195 2.59753490986 2.59753490986
196 6.04235472308 6.04309537565
190 0.918703292093 0.918703292093
6384 3.21961018906 4.20272299615
6387 2.4115675887 2.71387612871
3679 5.93531001856 6.18265668673
4558 1.54854762028 2.22794394134
3676 1.98126295296 2.61005779693
4553 2.49751623082 2.78036974542
4550 4.14741683905 4.42425288905
2541 1.06355401954 1.16878272301
2546 1.15698571501 1.15698571501
2380 1.84432609041 1.84432609041
2383 2.54416170455 2.54416170455
2386 1.35192528493 1.69809814269
3580 0.598855301783 0.7304897683
3583 3.82217399489 5.18504290465
3585 2.91099420815 2.91099420815
3587 3.59229846203 3.72304575126
2761 2.26149847174 2.6372015839
2767 1.73184719062 1.73184719062
2765 2.04296144845 3.05767252016
2764 2.11603474181 2.28448618845
6913 3.31026826039 3.31026826039
902 1.23216300071 1.23216300071
1849 1.71009889949 2.87194224588
6277 0.468129718694 0.483995404017
6276 6.00262281929 7.84873000445
1843 3.54969444189 3.54969444189
4423 1.94232974395 3.0623647898
4420 0.946706702663 1.05916559303
1847 3.80348371274 3.80348371274
6077 2.00867623988 2.79826578027
2168 1.08005281772 1.08005281772
6071 1.66596155926 2.25232824823
6070 6.10149427072 6.10149427072
4951 9.05390234736 9.05390234736
4956 1.30308546633 1.60758423454
2160 1.37660056554 1.37660056554
7309 0.16432657486 0.16432657486
2613 2.60867974609 2.60867976914
7095 0.362849625722 0.362849625722
2618 0.501933453013 0.503248242358
7347 3.11026846642 3.11026846642
7345 7.00332994967 7.00332994967
3298 0.511999630889 0.608923967141
5138 1.49697707108 1.49697707108
3294 0.0849743708455 0.085051332129
1907 4.84551415858 5.8461049065
3296 4.30940379997 4.56150788863
3297 4.61476329976 4.69935726323
3290 0.373985336885 0.526863440556
5132 1.57447524444 2.56563990264
5131 5.67909528625 5.67909528625
1901 2.03845275589 2.52554295469
3452 1.68017049988 2.38773609003
3450 2.19963576844 2.45339068289
3456 2.66982200609 2.66982200609
851 2.05221844256 2.93469673504
3455 1.03960833869 1.03960833869
3863 1.4870171043 1.4870171043
6 0.818671419934 0.92595131047
7001 1.43281099464 1.75599741263
7005 0.499018861228 0.499018861228
7006 2.12344726743 2.52334793733
5229 1.66574831353 2.07674017789
5228 3.60300092 3.92573208043
5223 2.85196737547 3.3432132362
5224 1.05321228683 1.05321228683
743 4.33172380835 4.33172380835
744 0.975413687007 0.975413687007
745 1.2255780688 1.53851566269
746 3.26852914298 3.26852914298
747 5.29963053478 5.29963053478
748 11.0510147174 11.0510147174
3062 1.87179932614 1.87179932614
7177 0.580234514795 0.769758561964
7176 4.47559546192 6.1383261443
6895 1.54868371874 2.38471882808
3065 5.36296063489 5.36296063489
3064 2.22119012719 2.99813303386
2947 4.54522436109 4.54522436109
3069 1.69080313953 1.69080313953
3068 0.998339607278 1.1891881325
7178 3.16603914418 3.40053960891
2941 3.46917310082 3.58626028055
1051 2.6403401826 2.78604768832
1053 3.42478135602 3.75467866442
1056 1.76112569907 2.16025822029
1057 3.47525068804 3.47525068804
1693 3.10039928042 3.10039928042
2919 0.996503280626 1.08933993144
1699 5.22184258041 5.22184258041
4311 1.69711372177 1.69711372177
618 3.43606508491 3.43606508491
4315 5.76287635985 5.89955939243
4317 2.20989440409 2.20989440409
1797 0.967136811984 1.15992544866
611 2.24987273527 3.00715893009
617 3.26940774738 4.113484776
7574 0.120190613315 0.126629124743
3118 1.42646098425 1.42646098425
3116 2.9304147471 3.0927301472
3115 1.72519112153 1.82381648385
3110 1.88786959921 2.27256981214
7579 0.874456460114 0.874456460114
1470 2.88248896537 3.13537287605
1474 4.5180739654 4.55729241938
1475 8.34914151413 8.34914151413
7041 3.47840407569 3.47840407569
6143 0.511669363465 0.511669363465
1479 6.57800041156 6.628475758
5464 1.11071879254 1.11071879254
1301 0.665727068188 0.665727068188
7129 2.23832994075 2.42718350003
1308 2.53509951963 3.58436566853
6410 1.77088852849 1.84328824229
5740 5.76862239206 5.76862239206
4229 1.00489811137 1.00489811137
3597 0.98298541529 0.98298541529
496 0.0717000457314 0.0717000457314
4227 5.9759120456 6.2805199848
490 4.77810668544 4.77921155973
4221 1.41849550315 1.64197510359
493 3.19883320667 3.452733014
24 5.47479185278 5.57144957065
25 1.46086347131 1.53881231615
5584 1.50591331144 2.22804270296
22 3.18529086961 3.44723355244
23 3.4124229654 3.4124229654
7595 1.00317558955 1.2492748176
6470 2.50384228905 3.47589981371
6476 7.47372206012 7.47372206012
7591 0.713500497376 0.843832826759
5589 2.77398049427 2.77398049427
3938 7.34671359474 7.34671359474
3936 2.77576937181 2.80739467941
5265 1.72498879398 1.72498879398
6718 1.35547143124 1.35547143124
6716 4.38581264854 5.06229663851
6717 2.22905107015 2.22905107015
6710 1.87252351384 1.87252351384
4138 3.74524603906 3.74524603906
4130 2.80375471247 2.83399312179
7474 1.4170121928 1.72512545433
5692 2.00426481715 2.58164921673
3840 1.30502368826 1.89160798218
3843 6.01308131044 6.09309402018
5691 3.37668904032 3.37668904032
5694 0.424663767638 0.424663767638
3849 1.54582243425 2.14709701373
1872 1.82340686788 1.82340686788
4046 1.83042349771 1.88958474596
4047 5.73847532195 6.32337421537
4048 7.01863375132 7.59371085341
5968 0.0661345727034 0.0661345727034
5969 1.29319813189 1.51059978631
5963 2.0750532426 2.0750532426
5964 1.46522820162 1.47004248155
2289 0.448497368661 0.448497368661
3667 1.20481440528 1.20481440528
3661 3.00511119744 4.01118910171
2280 2.68183002328 2.68183002328
2282 3.46774814705 3.46774814705
5433 5.47600657641 5.52639364547
2287 3.38330143284 4.69749530848
4543 6.61772005284 6.67635385897
4546 0.909648621447 0.909648621447
2579 0.0850798969078 0.0850798969078
2572 2.90369968925 3.19008266027
2570 2.55109957793 2.55109957793
4534 1.24949283522 1.56507802823
2378 4.68847953981 4.68847953981
4827 3.02846131492 3.39890138835
2376 0.878900091731 1.04970856913
2370 1.86237845104 1.86237845104
2373 0.031044903429 0.031044903429
3592 1.27363362979 1.27467824591
2596 0.918937247843 0.918937247843
2590 1.23733793764 1.23733793764
3595 1.59197480145 2.41571709358
3594 2.03165385145 2.21638138461
5036 3.78761084819 3.8440119126
6280 2.49804617917 2.66838273511
5030 0.498622808605 0.498622808605
4531 2.59877229573 3.14703795802
4434 0.161757612847 0.161757612847
4437 1.6905191913 1.74209558507
1084 4.39037903776 4.3905470287
4431 2.33097179912 2.33097179912
4430 0.742817045451 0.742817045451
4433 1.53759763395 1.53763848971
6283 1.75926833738 1.83517929405
4438 8.40664611005 8.40664611005
1878 0.558694361164 0.558694361164
6595 2.79724094896 3.83514293823
970 1.44778517062 1.44778517062
5581 2.94046220827 2.94046220827
6287 1.53751511408 1.54210718271
4949 3.00480285377 3.08740668176
4948 1.62853432158 1.62853432158
6282 2.24168053142 2.93805265097
978 1.00016039101 1.08273547719
6043 2.25089520156 2.58014332603
6040 7.52624937614 7.54146146774
181 4.84555208768 4.84555208768
186 1.40939757215 2.18611480163
6044 0.2724833305 0.2724833305
6045 3.24861270199 3.78040428214
2112 1.64740496499 1.64740496499
189 1.74453923452 2.1109876267
2114 2.87535315291 3.1399137416
2115 0.952882275083 1.0585103573
2117 1.61628630453 1.61628631596
2627 3.55392219414 4.14971718565
2624 4.15017103339 4.15017103339
5837 6.38428439686 6.40257460132
7351 3.3991459811 5.42249563913
1918 1.81334379354 1.81334379354
7355 1.62251007826 1.62251007826
4924 2.61433976566 2.61433976566
7357 3.78981552087 3.78981552087
7356 4.18694245683 5.57244134196
3287 4.97608936827 5.84369371542
3286 2.71613082986 2.71613082986
3284 1.95261512394 2.08099360194
188 2.95208179907 2.95208179907
869 2.26661226647 2.45596498659
860 5.48455959234 7.34865934487
3440 3.3719557143 3.93483472658
3443 2.22756509151 2.22756509151
2027 2.70006645067 2.70006645067
2750 3.89551995294 3.89551995294
2023 2.35960818533 3.18403269835
2758 2.75479871342 2.92663633347
881 0.691607420313 0.691615873261
886 0.349507136237 0.350950166441
888 1.56374732097 1.64770100846
5217 2.18055917034 2.51044464196
5214 3.93770478444 3.93770478444
5210 1.80302650621 2.02133372225
5211 3.68512499961 3.71462686979
5218 2.62422845122 2.62647097173
5219 7.49777159892 7.49777159892
7504 4.96959341343 4.96987502506
5414 1.5045251775 1.97849091754
777 0.828637994121 1.14741008088
770 3.08612662174 3.31771669399
772 0.889030539232 0.889030539232
7503 1.00206176674 1.00206176674
779 4.50089833505 5.93746610779
7638 0.0489568334089 0.0489568334089
4675 3.45323228421 4.03691904637
76 1.48106042917 1.95585780617
2978 0.477870039163 0.477870039163
72 0.647276126269 0.647276126269
3058 6.0600590344 6.30117611335
2972 3.72703409354 3.72703409354
2973 4.64013961937 4.64013961937
3054 1.7633591043 1.7633591043
3052 1.15477472316 1.46747108696
2977 1.63281162074 2.07357960852
3050 9.25366399463 9.25366399463
2975 3.53326323533 3.53326323533
1042 1.53296248305 1.93579788144
1041 2.11660263163 2.34355881858
1040 0.756972037983 0.756972037983
1046 4.96962095436 6.29655042831
1049 2.53193096191 2.53193096191
1683 3.14289173189 3.14379931731
1685 4.59056221715 5.35743634004
1684 2.79290460226 3.07106160602
1687 2.63473169547 3.30670233973
4802 1.64183226748 1.70940740933
7354 2.93797378695 2.93797378695
4301 1.61655089376 1.70026701021
1268 1.83070432985 1.83070432985
1263 1.99705798486 2.19979064641
1261 3.4722549487 3.4722549487
4308 4.35287965791 4.35287965791
1267 1.33920041891 1.47870618946
1266 3.7093319477 4.5083531548
1264 3.74473057694 3.74473126589
7359 5.50094033532 5.50094033532
3021 1.01297535953 1.31973736253
5103 2.47905987009 2.51389066483
3128 0.908180825571 1.22431949881
3129 0.710929782329 0.854459352478
7619 0.924581834854 0.924581834854
3122 3.50104057954 3.50104057954
3121 0.995663523367 0.995663523367
3127 2.17125290236 2.17125290236
1914 2.56286553822 2.56286553822
1465 2.01768147674 2.17768236389
6065 3.49652193816 3.8288626145
1461 2.66344241467 2.66344241467
1313 2.0021358646 2.17936105128
1312 1.40523857818 1.71669837821
1310 5.98205510021 5.98205510021
1319 3.54352782819 3.54352782819
6914 3.75520115265 3.75520115265
6915 0.637608859503 0.637608859503
6444 2.0439425905 2.64301495042
5750 0.150856944319 0.150856944319
5757 1.58331614588 1.58331614588
6440 3.1807676137 3.60498568972
5754 0.426952919833 0.426952919833
4236 3.80457765542 3.80457765542
6919 4.19846716565 5.42530944839
6124 4.66573096415 4.66573096415
312 1.61038440708 1.61038440708
311 0.758737239315 0.758737239315
316 1.56583087162 1.767294231
315 3.26481264636 3.26481264636
314 1.98416423311 1.98416423311
6701 1.00311386045 1.00311386045
6703 3.51147115556 3.51525651774
6702 0.917762031327 0.917762031327
6705 5.42052602201 5.42052602201
6704 3.99013595289 3.99013595289
6707 0.503823259314 0.671095595095
7435 2.42464409382 2.42464409382
7436 3.65800643517 4.35469648976
7437 3.16590038864 3.87023502906
7431 2.54077864315 3.453556241
5685 0.78763634183 0.78763634183
5687 1.52792270582 1.80359005638
5681 1.70238355403 1.77973245706
5683 0.560826590216 0.581680592703
1330 1.76942755147 2.35057500916
6674 1.11019288912 1.11019288912
4704 1.84908697019 1.84908697019
6671 1.29556301417 1.29556301417
4054 2.45817700711 3.16143677491
4053 1.77388358763 1.77388358763
4052 3.52326492087 3.52326492087
4050 2.01492508127 2.2562310517
6218 0.822623107803 0.822623107803
5976 6.0444990288 6.09832090402
5974 0.913539000974 0.942443767498
2299 3.37977374931 3.96447747892
3613 3.62284852257 3.62284852257
3614 4.16751123121 5.21486998392
3615 0.400058597727 0.400058597727
3616 0.148316761039 0.148316761039
2292 3.19912044684 3.20006419476
6939 4.23700886238 4.26805605565
2561 2.11054320757 2.63028528573
2562 3.13488147059 3.96345192188
2566 4.66790390904 4.66790390904
2368 2.51578437983 2.74558994797
2367 6.00203019916 6.4345064133
2366 0.423520863033 0.423520863033
2364 1.38769110186 1.441290038
2587 4.06138813917 4.06494435461
2586 2.94780848513 4.401378692
2585 3.64690128969 4.5181989138
2584 2.13529496721 2.60418009003
7294 2.62668279232 2.65747703584
7295 1.15336543477 1.15336543477
2580 4.36904015978 4.36904015978
5021 6.10171582492 6.15804964853
5024 2.49619422506 2.54681859628
5026 2.2769183854 2.47859907189
4441 2.60552493956 2.61472426473
4442 0.943685804428 0.94424677519
4443 3.24199158022 3.24199158022
4444 0.85353375176 1.01279482409
4445 8.58459998742 8.58459998742
1867 2.00318271768 2.02206658113
1866 0.444559436825 0.444559436825
4448 2.87019659285 2.87019659285
3721 3.44845315833 3.44845315833
3722 0.706058499927 0.706058499927
961 2.43044793119 2.87295623638
6299 2.20038190623 2.70468902417
963 0.454500999682 0.516974315422
6297 2.83713784373 2.96121160044
6293 1.45201649669 1.45201649669
4688 3.52907670695 4.00059806904
6290 1.94580795246 1.94795411469
2108 2.84781406543 3.55031316465
6059 1.84400304827 1.84400304827
2103 1.48073087893 1.97289302669
2102 1.14642934881 1.2527587782
2100 5.4489409606 6.40080794556
5575 2.18601722524 2.18601722524
2105 1.49622875793 1.49622875793
5117 0.611829240712 0.611829240712
5113 2.7612750928 4.00115531617
2634 4.32939875447 4.72390479096
2636 1.52896927922 1.52918215745
2631 2.85544644354 2.85544644354
2630 2.94669013989 2.94669013989
5571 2.99986022216 2.99986022216
5292 0.496004261398 0.656935932277
3438 0.910626881722 0.910626881722
3439 0.136605361077 0.136605361077
878 2.01432523511 2.01484001336
879 3.38782135741 3.38782135741
3431 6.29933158266 6.38987516921
872 0.74613259588 0.74613259588
873 0.376064889241 0.376064889241
4592 1.49999176289 2.10877950189
4593 2.37127815203 2.66946308116
2743 0.400626292053 0.400626292053
2033 1.22780803344 1.595269061
2032 7.63806130442 7.63806130442
4595 1.2250562961 1.6043293277
9 2.27443927786 3.11940344431
4840 0.221078139596 0.221078139596
3097 3.21885665493 3.21885665493
890 0.0517163270544 0.0517163270544
5200 4.2005488007 4.2005488007
5203 3.80014517418 3.80014517418
5202 0.504303273732 0.512300020966
5204 1.24375185461 1.29811100726
7320 4.07076196363 4.89178553639
3545 1.34212135477 1.63724568633
3547 5.62915804573 5.62915804573
3543 1.58581104144 1.58581104144
7323 0.829045519014 0.829045519014
2965 0.185735083094 0.185927561918
2964 1.46127470426 1.81786082967
2966 0.624118094462 0.624118094462
2961 1.52355230175 1.98920456177
762 2.25031345341 2.25031345341
1781 4.19194855905 4.19194855905
767 1.99816356258 2.05351500723
1786 2.86670785096 2.86670785096
7113 3.61666412359 3.61677862706
7112 2.36163119324 2.36163119324
6878 1.84627941725 1.92917420715
7119 2.39952352756 2.80932694769
7118 1.40304595462 1.40304595462
3045 1.00461794986 1.12648116197
6872 5.43905440483 5.58934133379
3046 4.25031290905 4.25031290905
1079 4.02686294659 4.32841358976
1077 2.00157857417 2.00507929641
1074 2.14392604749 2.14392604749
1072 2.93968603327 2.93968603327
1073 1.42921149352 1.43656355208
1070 1.99136073025 2.36639251876
5372 4.97808177284 6.57433307302
7290 5.4733730993 6.62918911169
1678 2.72152835795 3.1073844589
1674 1.09696847406 1.65549147596
678 2.33520680152 2.33520680152
676 1.62483670432 2.18924913603
4333 1.80228308477 1.80228308477
4330 0.191433573608 0.191433573608
3131 4.86150220425 4.86150220425
3130 0.824182662345 0.824182662345
3139 3.1708014037 3.20001367137
3138 0.717078697685 0.717078697685
7608 1.93524487211 2.79257302405
7607 3.90059547095 3.92514799189
7604 4.13954711032 4.13954711032
7600 2.51874168208 2.62700036145
6018 2.55259840524 2.55259840524
1412 4.55071307271 4.55071307271
1413 6.11917535328 6.70940630367
1416 0.540364129265 0.540364129265
1327 2.82305883394 2.82305883394
1325 2.12772352915 2.35326126083
1328 3.02518798411 3.02518798411
6450 1.53940370284 2.05834864456
6455 3.44002168907 3.47368702658
6454 3.49364646699 4.32889465812
5768 4.49682478272 5.13901249741
6456 1.2481432254 1.68016849088
6458 4.68937730722 4.96163387667
4645 0.531095955456 0.580614295045
5762 0.101580766615 0.101580766615
4207 1.87522578019 1.93396526537
4636 4.40153896175 4.40299753487
5565 1.24964230612 1.49252799784
5562 0.979536772712 1.22959911181
1256 0.203257001735 0.203350933484
1526 3.8347008784 3.8347008784
1520 1.67066214719 1.67066409239
308 1.96003462313 2.46733300906
3953 2.01617734646 2.46168772925
303 1.55761256653 1.78557665347
3957 3.06836946297 3.06836946297
307 4.65553087119 5.41808825879
4113 4.01553693285 4.55049767154
7420 3.99978903895 5.49874890915
3340 4.17980374418 6.6780846212
5159 1.61863290653 1.61863290653
2475 2.60764725678 2.92242785355
6601 1.16160557166 1.16160557166
6602 2.18294138988 2.18294138988
6439 3.14270889435 3.20692602853
6606 1.24962587952 1.24962587952
7109 1.1289858663 1.14851513909
6608 1.29037863421 1.29037892885
5946 0.0877468334098 0.0877468334098
5945 0.633319993116 0.755200552605
4064 3.84876780163 4.41899480288
5941 0.999698057708 1.32246706116
2976 2.37400236963 2.64489437164
4068 4.77382867955 4.77382867955
4069 7.77994856767 7.77994856767
5948 3.45187431026 3.52119634217
5949 1.83045767056 1.83045768341
5785 0.858450740068 0.987039691797
5786 1.85866269424 2.24645961087
5782 4.87392963374 4.87392963374
5019 5.00596494618 5.00596494618
3051 2.76910721139 4.2789099971
3601 2.91476134593 2.91476134593
3600 1.42456700765 1.42456700765
3607 4.41899824175 4.45832677171
3604 3.28109572195 3.28109572195
3608 1.51690093449 1.51690355983
5361 1.09227709157 1.09227709157
4894 3.73194424231 4.86571965115
5367 1.76913957189 1.83682138152
6115 3.5435671792 3.5832892723
6117 1.20792109357 1.20792109357
6112 4.40146130543 5.6137823474
2358 1.74072406774 2.1201232446
2353 2.39829841302 2.39829841302
5368 1.49196850052 1.73190129182
2355 3.14352147879 3.47541738166
4450 5.36984972395 5.36984972395
4456 2.54679553812 3.08927044024
4455 8.11685040414 8.11685040414
4454 1.51626797042 1.51626797042
3736 2.82201224314 4.90626784778
4459 1.59363811056 1.59363811056
3733 5.47542598118 6.14047422779
476 1.0730214681 1.52934793381
3730 3.56251895244 3.87064689547
4922 4.06452885472 4.06452885472
4920 1.97493412494 2.43817332037
4695 3.24671255412 3.57805701026
4697 8.95342403241 8.95342403241
2131 2.98616328962 2.9924443254
950 2.31326777322 2.63274539921
4929 4.41179756844 4.97322582413
954 0.00733622858265 0.00733622858265
6022 1.54448191692 1.54448191692
6026 1.34897310864 1.68333707302
2649 2.50065902347 2.50065902347
5167 1.60990699997 1.98445413847
2640 1.76151600427 1.76151600427
2645 2.45472251874 2.58836923295
2647 10.8616982446 10.8621845149
3429 2.32999030958 2.76961702672
3423 1.40630532209 1.6525422861
3422 1.8085019373 1.8085019373
3421 1.19288664113 1.22729566687
3427 2.6014681127 2.6014681127
3426 2.36795614642 2.61829460358
3424 1.77075734637 1.77075734637
1850 0.138474130882 0.138474130882
2000 3.6735038681 3.70648348334
6337 1.60135888143 1.63038531873
2007 1.08450089929 1.17632405354
4859 6.0099333384 6.0099333384
2005 1.53781873596 1.88633703334
2008 0.789126737348 0.789126737348
4415 2.0206260513 2.50546208607
4583 5.24553101376 5.45885060632
4582 2.00343827745 2.177549243
1269 3.24310843141 3.28139131303
3554 0.496489564757 0.503772195605
3550 3.82335308401 3.82335308401
6966 2.1828037513 2.1828037513
3558 2.58384475547 3.26164672669
6061 1.97636162935 2.3344205725
2911 0.860524522798 1.14569234213
1799 1.23884846453 1.23884846453
2913 1.33209914691 1.67051573823
1793 2.00357928024 2.16673018185
1792 2.48847060512 3.12072901092
715 0.719272049922 0.719272049922
714 3.22560321144 3.38991138296
713 1.24214701749 1.24214701749
712 3.91832892961 3.91832892961
4966 1.03774948966 1.33997320076
7127 2.99254840884 3.36410127427
6840 0.865212438395 0.865212438395
7125 1.97918821633 2.046594013
7123 1.06239620757 1.06239620757
6844 2.01794829149 2.11545529822
7121 1.21793965489 1.51767108701
1069 1.05793961816 1.33798821082
1068 8.99504656015 8.99504656015
4964 2.10133978811 3.03240419698
1061 6.57864544926 6.57864544926
5301 2.16602382292 2.16602382292
1668 0.386279243423 0.386279243423
1665 3.53036594723 3.53036594723
4960 1.71002944187 1.71002944187
1662 2.64303722106 3.63663957652
591 2.38985437598 2.43041544274
590 2.29522101654 2.76450197662
592 9.17255452859 9.17255452859
594 2.49388793516 2.91330387337
6596 0.0609235037509 0.0609235037509
599 4.99363890387 4.99364242831
4323 3.5616949252 3.85520642646
4325 1.46864813321 1.46864813321
1088 7.67720424693 8.21097570227
3140 3.44267366454 3.44267366454
2821 0.733831850048 0.893899597244
3386 1.54648617207 1.54648617207
3384 1.28602599671 1.28602599671
3385 4.84774124702 5.53486703
5412 3.10842162987 3.10842162987
3381 0.624742020885 0.624742020885
7632 1.85295838848 1.99392313105
3389 4.23080564881 5.72692172501
1408 2.54484791394 2.54492996323
1406 0.235142122949 0.235142122949
5792 0.506733608916 0.649674448754
1339 4.54020662834 4.54020662834
4210 0.846586495534 0.954129519053
4212 1.53929882033 1.86985421315
1337 2.99669896274 2.99669896274
5790 7.68487051861 7.68487051861
4219 4.49276758208 6.23613188415
446 3.9810132487 5.66362597377
445 0.514532839082 0.524860893622
691 2.54597996572 3.23882767398
5772 3.40579429928 4.24180928392
7515 0.110762151528 0.110762151528
5578 1.35692791749 1.65314622381
32 0.770197587605 0.770197587605
31 2.14285306951 2.14285306951
5573 5.44376663579 5.5647584332
35 3.41204793042 4.22526393762
3092 2.29686945702 3.39883977639
3093 3.61887421085 3.61887421085
643 6.83096363058 6.83096363058
1244 1.46420334876 1.46420334876
1531 6.0205472022 6.44715447585
1530 1.64982635696 1.94045419174
649 3.33143088795 3.36348335133
3098 0.713975672671 0.713975672671
3099 3.39302246209 3.41001446648
1539 3.48181409556 3.51421542901
338 0.746497095335 0.746497095335
335 2.77102352387 2.83230019341
334 2.94351020754 3.62052004286
337 0.00335184872258 0.00335184872258
331 2.50869705899 2.94988436958
333 1.64104332427 1.64104332427
7611 2.09539703123 2.11484288008
5124 4.80024937382 4.80024937382
4105 0.56344069686 0.56344069686
4106 1.70091322146 2.05390352236
7412 2.09912023053 2.09912023053
7413 4.05646459273 4.05646459273
7410 0.591484179262 0.591484179262
7411 4.49719770572 4.55938111009
7414 1.83623145318 1.83623202932
3897 1.1290452446 1.12941720248
3895 1.73939799459 2.06959125606
7379 5.58039522195 5.58039522195
6611 1.07055192631 1.07055192631
6615 0.824953227779 1.00790463037
6614 3.19234015981 3.19234015981
6619 3.01915080912 3.01915080912
4078 4.13410405388 4.13410405388
5957 1.49009885475 1.71894804802
5956 4.79536519789 5.89587546984
4075 5.38276640271 5.51567350918
4070 2.81587801553 3.7499946361
4073 1.10918200724 1.10918200724
5797 2.74194964971 2.74194964971
3967 4.50153786435 4.96231873462
3965 2.40821706686 2.40821706686
3962 1.50622079299 1.50622079299
3963 2.41001170402 2.41001170402
3961 0.807870580596 1.04178218601
7278 3.75148828647 3.81772372735
5799 2.81832274309 3.3886315021
3636 2.5341519941 2.923294475
3637 9.51781823771 9.51781823771
3632 0.906950818946 1.15261248382
3630 1.03218566521 1.03218566521
4611 3.09453378419 3.09453393969
3468 1.45111426933 1.71681159711
4613 1.34918744624 1.41231497443
2345 1.84074698686 1.84074698686
2346 0.261838486611 0.488246077398
2342 5.97498578502 5.97498578502
6107 4.53758131633 5.03117586286
6103 1.10462461882 1.10462461882
6102 0.761862788505 0.761862788505
4616 6.19190906386 6.19191514881
3709 1.77267436913 2.47822257508
1888 1.80760956523 1.83773698976
3700 1.44331663951 1.44331663951
4465 3.27411512584 3.27411512584
4462 0.634076967173 0.634076967173
1880 4.42354536296 4.45295792614
2127 5.82055514017 5.8396088075
2129 4.31166777213 4.77420195353
4665 6.0115746934 6.67603959941
4660 2.77914167605 3.71125732363
943 2.03919070039 2.49389741274
4910 4.13864804112 6.6035405535
4663 1.66251989358 1.66251989358
6038 2.08014010228 2.08014010228
6035 2.99438241491 2.99438241491
2653 1.63766708416 1.63766708416
2651 1.8765405094 1.8765405094
6441 0.11472490625 0.11472490625
2654 2.50942577524 2.65581653404
3414 0.59474182547 0.59474182547
7389 6.29616932145 6.59980045159
3412 5.32769931658 6.25527732891
136 2.1092106932 2.11864452472
3410 1.04208756057 1.07197823292
134 0.355393391911 0.469569772212
7382 3.95083573458 5.33171621674
7387 1.74480780159 2.06221169477
3418 0.091431297283 0.091431297283
7385 6.70522758277 8.29663352813
6326 0.578740484053 0.578740484053
6325 1.4129455787 1.52385202704
2018 0.00133582171359 0.00133582171359
6321 1.091986158 1.091986158
4863 3.05495629728 3.30770946673
2017 7.55985877036 7.55985877036
4861 3.76945860135 3.95722744325
2011 3.71648228129 5.22239129727
6839 2.28025869845 2.96896786336
6329 4.67968975127 4.67968975127
6328 0.771056474751 1.09499413421
7443 1.88612266449 1.88612266449
7444 1.96053934109 2.29067396967
7254 1.45983766481 1.45983766481
7255 4.23437073683 4.23437073683
7251 0.343058629804 0.556994218259
3565 2.053557567 2.053557567
3569 0.376471882558 0.376471882558
4485 0.647715936126 0.647715936126
6564 3.98854320836 4.09044862679
2903 2.08032635955 2.1377013451
2902 1.28083635011 1.28083635011
708 0.493239625047 0.493239625047
2906 1.0005307567 1.0005307567
6853 5.47184817453 5.47184817453
704 3.87352362285 3.87352362285
705 3.67825194349 4.24456015809
706 2.4615929524 2.4615929524
701 2.38069105352 2.38069105352
6560 1.33933320102 1.83159948034
7139 1.3535899942 1.3535899942
7138 1.15179546477 1.15179546477
89 8.54101168499 8.54101168499
83 5.70358897146 6.04475370018
81 1.25568116744 1.70767517166
7135 2.18287063776 2.73449114898
7134 2.31208603631 3.04255504278
7137 1.81586989351 1.81586989351
85 1.60558876158 1.95145934109
5311 1.82494041229 2.62684896804
5310 2.27214183361 2.27214183361
1658 1.83618301854 2.09342347866
1652 0.0381506234151 0.0381506234151
1653 1.00865015948 1.31357791552
1651 1.83369649005 2.43243175571
6583 0.996635692015 1.10031607012
1631 0.756439509833 0.974071116413
588 0.525031758838 0.525031758838
3151 4.10436637411 4.10436637411
3150 1.65765756239 2.01140113938
7621 2.0541946278 2.05419929611
3154 1.94114502063 1.94114502063
7629 5.52605071266 5.89269132226
1437 0.314221233228 0.314306491864
1434 2.71225176897 4.00347762961
3392 6.64248070921 6.64248070921
3395 2.32326106901 3.07440589432
1636 1.54583828425 1.54583828425
1430 2.14984228657 2.14984228657
3399 0.481099891626 0.481099891626
3398 4.9998050214 4.9998050214
1438 3.25323967023 3.74740289085
4260 3.14076493298 3.57466150857
5233 1.00439600282 1.00859016205
4265 1.1971450004 1.1971450004
4268 4.54519339938 4.54519339938
452 2.3655524026 2.42129827248
1345 1.482648835 1.56845561341
456 1.2065773557 1.2065773557
1347 4.39153734607 4.39153734607
6921 1.45333246413 1.61114329932
5546 3.34343782499 3.34343782499
5545 0.991603348848 1.04601041642
652 4.22607924635 4.22607924635
650 1.26555149447 1.26557812428
1508 0.0886673560907 0.0886673560907
4461 1.60210613592 1.88312877531
3081 1.26479039093 1.26479039093
659 3.0859982563 3.43554270769
5890 0.117956959156 0.117956959156
5891 0.510253252481 0.510253252481
5892 4.1319448272 4.1319448272
5896 1.79195847972 2.10083163031
5897 2.69891451295 4.20058932679
5898 2.4640050447 4.07561272908
5899 3.34881315154 3.34881315154
948 0.1794618829 0.1794618829
3882 4.17709389594 5.2583990994
3889 2.49692567412 2.86464970488
4916 4.61101263568 4.61101263568
7404 0.0521734097256 0.0522858899817
7407 1.49574130564 1.57502345816
4911 2.75001595907 2.75001595907
4008 5.23998655757 5.23998655757
4004 1.18354622795 1.44161246963
3970 3.24772709044 3.24772709044
3973 1.66037906887 1.68899038024
326 2.2058639739 2.2058639739
3974 4.32790953223 4.32790953223
324 1.28730127039 1.28730127039
328 1.17705107874 1.17705551115
3621 3.99785455352 3.99785455352
3070 2.08559570973 3.57920026532
2332 0.528487607961 0.698122565756
6136 2.65846271728 2.65846271728
6883 1.94779928282 2.62383785812
3713 1.94739958688 1.94739958688
3719 2.08541572518 3.7205818021
4479 1.53501916629 1.53501916629
4470 3.05221702133 3.0935047426
4475 2.61457675681 2.79904540422
4474 0.294906433925 0.294924072798
5763 1.38997352455 1.38997352455
6007 1.51750600483 1.62328988604
6004 4.61745467528 5.2613965299
6000 7.47408665101 7.47408665101
2489 2.77749117032 2.77749117032
2950 4.42843900588 4.42843900588
2484 1.62253706349 1.97369429339
4673 5.31219407356 5.31219407356
4670 2.12217830471 2.12217830471
3252 0.930049085466 0.962491649125
2245 1.37269453473 1.5973501258
2246 1.03168898497 1.03169428824
2247 0.903266023686 0.903266023686
2240 2.3834561773 3.39499148713
5179 5.37117314754 5.37117314754
2242 1.98856789717 2.76851260143
7394 0.0134106374685 0.0134106374685
2466 2.06687008221 2.12401586894
996 3.81176026227 3.81176026227
7391 2.5855346145 2.5855346145
993 6.73949355822 6.73949355822
992 2.52105151903 2.76550772747
5144 1.52347871203 1.52347871203
2469 3.16285587788 3.84190148291
7535 3.22310943208 3.22310943208
122 2.63025294049 3.17814056652
124 0.78395374084 0.78395374084
3404 1.71881684557 1.71881684557
126 2.4443156791 2.48788730966
3409 6.33049687988 7.00425606575
3408 4.66995452488 4.66995452488
4875 0.360609939287 0.360609939287
4871 6.7423861225 6.81024174022
7438 5.20220880623 5.20220880623
4878 2.44953229009 2.44953229009
2069 3.82106260734 4.12067227583
7533 1.7368578012 1.7368578012
5424 1.5059508665 1.50605533361
2062 1.31910585992 1.4071109152
6319 4.50224683025 4.50224683025
3413 1.48946860559 1.50592021182
5423 1.17236665545 1.42956529064
7247 0.131837230704 0.131837230704
5099 1.42610513587 1.7944800059
3578 1.51165621988 1.6474956069
3571 1.59306320988 1.67108612978
3573 1.78202111088 1.78202111088
5097 0.00908290125734 0.00908290125734
2665 3.9736239735 3.9736239735
4492 0.204604985593 0.204604985593
4490 4.39646314826 4.39646314826
2669 1.5453780279 1.80319233631
6823 2.52998872772 3.21434939719
6824 1.35840045197 1.35840045197
2938 2.72439881341 2.72439881341
6829 1.728778618 1.76078424658
2935 2.00149534727 2.16882666117
5326 0.666447158908 0.666447158908
5327 0.0144448557721 0.0144448557721
5325 6.01990350167 6.07088219847
5322 2.32568955732 2.32568955732
5320 1.18786177505 1.18786177505
5321 1.1652542982 1.2664839465
5328 1.27831427995 1.27831427995
1643 1.30041549297 1.30041549297
579 2.56985713387 3.00205990031
573 2.07358257572 2.4511542852
571 4.88574743324 4.88574743324
577 2.10542523095 2.10542523095
576 5.24991820119 5.24991820119
575 1.93154327104 1.99503349734
3169 2.82686413212 3.51845252725
2803 1.62906466697 1.89964510396
2800 1.95663906925 2.17967930285
3165 1.40576033139 1.91153985037
2806 4.89061494564 5.49153451071
2805 4.15965777491 4.15965912222
1421 0.499039674963 0.499039674963
1420 0.996320818675 0.996325532433
7094 2.01784060436 2.73196420295
1422 2.84674933917 2.84674933917
3368 2.4392056313 3.17323785639
1424 3.4966157311 4.15011491348
1426 5.31073516209 5.31215026024
3366 3.6985831867 3.73298016397
2404 4.18204108704 4.1821933701
7098 6.59577323848 6.59577323848
7099 2.10825784407 2.1628000261
732 3.12685918357 3.12685918357
735 2.99433656446 2.99433738276
736 7.06749495643 7.06749495643
4272 3.18603832758 3.18603832758
4271 2.10602537008 3.07336732998
1358 0.417240953421 0.417240953421
4274 1.85247685827 2.57396363301
461 2.30897980723 2.3089801666
5555 1.85962675492 1.85962675492
5554 1.35604954335 1.77478673989
6488 3.25749116078 3.29334930255
5551 0.20938885456 0.20938885456
5550 1.52874252399 1.52874252399
7384 0.537824772852 0.710269202078
6955 1.84191239455 2.08327031751
6484 2.60655669103 3.11228472748
6285 3.74691708997 4.24402187593
6948 3.79074143396 3.79074143396
1518 1.15839743797 1.40439098956
1510 4.13032150432 4.13032150432
1513 1.70711744871 1.83269331069
1512 3.58270639153 4.21586309083
5885 2.05104789684 2.05104789684
5889 2.09447340677 2.09447340677
6559 3.99769950723 3.99769950723
7478 2.5486315097 2.5486315097
3186 1.77046892637 1.97221009797
3187 3.28130852881 4.72361360714
3182 1.84029186022 1.84029186022
3188 3.74806709416 3.74806709416
6863 2.68449981397 3.18671570267
1896 1.34010609015 1.6536267839
6631 2.71145146281 3.13193409935
4018 3.07866164428 3.07866164428
6281 4.73087884485 5.14348990777
357 0.605404330339 0.605404330339
351 2.4092540817 2.41260124975
350 5.61717878108 5.61717878108
3985 2.44993513944 2.49946679232
3983 2.47849815574 2.47849815574
4855 1.17173958624 1.43900228641
6126 6.8612552099 6.8612552099
6120 3.68022706604 4.5110606365
4706 2.08002329441 2.08002329441
4705 1.28117561071 1.28117561071
2320 2.5888332137 4.08705103914
4703 1.27141002313 1.27141004142
2329 3.13991155938 3.13991155938
4709 2.10092799654 2.48246210259
288 6.65510826615 6.7353217149
3619 0.564264715402 0.564264715402
5 0.121029859836 0.121029859836
284 2.86780613042 2.86780613042
3760 5.94751917184 6.44740681257
3765 0.933658955619 0.933658955619
262 0.34463777708 0.34463777708
260 5.1910885471 5.1910885471
267 1.99519630566 1.99519630566
2499 1.83782830776 2.08447873712
2498 2.12547439328 2.24858944276
6013 0.430815727836 0.430815727836
1296 1.5835744772 1.5835744772
7253 2.85314614839 2.85314614839
2495 0.600324516004 0.600324516004
2494 2.94508804197 3.28311204147
4644 4.80238620737 4.80238620737
2496 1.99761822211 2.76432576507
2259 2.59802193126 2.72241847696
2254 2.31102047469 2.84412713736
5060 6.46329640141 6.46329640141
2250 2.39630051108 3.00699722017
2477 1.43682117964 1.52519908422
988 3.94645594051 4.27408472355
5151 1.44517765167 1.84004310001
5150 2.50367708654 2.93596704196
986 1.59837346635 1.90725357612
5154 5.50798941465 5.50798941465
5157 1.52230621103 1.71108650901
2478 2.34689936493 2.53934350377
115 10.0143224737 10.0143224737
7313 3.55573792159 3.55573792159
119 4.23305614442 4.23305614442
2785 1.66443670058 1.66443670058
4801 1.04437434695 1.04437434695
2787 3.66024926872 3.66024926872
4803 0.551178204926 0.551178204926
4805 0.739953275832 0.74102864642
4806 2.00849473967 2.00896364746
4807 2.36388366499 2.75240182619
2788 0.958000790149 0.958243618414
2071 1.18147232683 1.18252852624
6306 4.1855779286 4.1855779286
6301 1.70614056473 1.70614056473
6303 3.50582642238 3.64903612245
2074 1.81585394022 1.81585394022
7272 9.02058908206 9.02058908206
7273 5.33567725066 5.33567725066
7275 3.4774310607 3.4774310607
3502 3.27040905083 3.29279712605
7279 5.28667722173 5.28667722173
5086 1.49299909875 1.78058921562
5085 2.78466468778 2.78466468778
5084 1.07241651897 1.07241651897
2672 2.10761874982 2.21382191798
2676 1.16821380392 1.27186325823
2679 0.784749547343 0.810383746383
6833 5.51962722473 5.51977767655
2928 2.36307389089 2.78792598911
6830 2.31955066692 2.61444282922
6854 3.04756046464 3.34653242413
2923 2.42328602113 2.42328602113
6838 5.31398036408 5.67981392666
2925 0.043820919994 0.043820919994
2926 3.69563014499 3.69563014499
5331 5.67394364877 5.67394364877
5330 5.24977816906 5.24977816906
5335 0.461044408386 0.461044408386
5336 1.84474252615 1.84474252615
2907 2.04344907264 2.04344907264
3215 1.99241748151 2.11163858729
1984 0.510571676253 0.691065524818
1985 0.0359500286808 0.0359500286808
1982 1.55404158352 1.55404158352
3212 1.5387456966 1.68429669815
1638 0.526949644217 0.526949644217
5371 4.65810981498 4.98692394826
3218 6.18984247091 6.18984247091
3219 2.03986278361 2.62652843032
1989 2.49991258695 2.60314914284
569 1.34774369594 1.70145320277
560 4.47192829231 4.47192829231
564 4.28201961878 4.66644962466
566 1.73755045507 1.96522145768
6543 8.8841020705 8.8841020705
3173 0.471374517032 0.471374517032
7081 0.738353388787 0.738385246798
7030 2.27607415488 3.06527396351
7084 7.79728230879 7.79728230879
3376 1.32816477854 1.32816477854
3374 4.4895593608 4.4895593608
5421 0.97406270642 1.61518290491
3372 4.99924136188 6.41624091622
1180 6.06775841942 6.06775841942
1181 3.85597678069 3.85648451197
725 2.53500361437 3.22416477219
723 11.273505055 11.2735150883
1746 3.25330969062 3.25330969062
1740 0.764481507481 0.764481507481
1742 8.83174575533 8.83174575533
5499 0.168678670039 0.168678670039
1165 1.2450179102 2.68799850764
1166 1.43511288624 1.43511288624
7587 4.29579103643 4.83180589519
7291 5.55852507297 5.55852507297
4247 1.7287691689 1.99204425182
4245 2.42987084189 2.42987084189
1168 1.6388078705 1.6388078705
1169 2.14824748655 2.14824748655
4240 1.64281300038 2.00810158792
5521 1.74764879104 1.94957399892
5523 3.76056727909 3.96881364044
5526 2.11961180792 2.11961180792
7130 2.13446702146 2.49751122414
6941 4.54373680607 4.54373680607
6940 1.37491521615 1.37496851829
7132 1.4969798238 1.4969798238
47 6.86063820961 6.86063820961
7297 1.27412095468 1.27412095468
41 5.22931520484 5.22931520484
1569 2.50138270135 2.75138704144
1365 2.29971545985 3.42904267785
5492 4.44120958045 4.72594025066
1292 1.76082603693 2.11258274021
1561 9.00253578178 9.00253578178
1563 2.58026964541 2.58026964541
1564 3.40575062167 3.40575062167
1565 0.202252195557 0.202252195557
1295 2.88076067988 2.88076067988
1712 1.77197747164 2.329138384
475 0.0830428111355 0.0830428111355
5250 0.991380138071 1.07477292089
1789 1.62701169647 1.85506936357
4399 4.23863789494 4.48687331445
7460 3.37758956513 3.41467679926
5638 3.2423277619 3.2423277619
6541 2.68317193436 2.68317193436
6540 3.33904217052 3.33904217052
4391 2.2843081116 2.2843081116
4392 3.51176398795 3.81882322286
4395 1.70650708816 2.16864021984
6549 1.3538867536 2.05621611389
5633 11.3280621708 11.3280621708
473 1.59453548206 1.81312437481
3195 0.613895124199 0.613895124199
1862 0.223942465944 0.223942465944
3193 3.53278654689 4.30058770671
7465 2.27984682183 2.50376096985
3190 2.00071393457 2.34507347604
3728 5.94887490077 6.28092494774
3198 2.13224059899 2.17454106741
7466 1.86730491571 2.00040741425
1368 0.804471861173 0.804471861173
3729 1.10281731456 1.10281731456
2.36683579085 3.12272363599