4447 5.11650387877 5.38196248622
4023 1.50654213489 1.64406154762
5988 0.857970001403 0.857970001403
346 1.58901771109 1.74510507003
347 6.13035936655 6.13035936655
7513 1.01163531963 1.24949312386
7512 2.99977122773 2.99977122773
342 3.15981813111 3.31370034738
343 2.42770564232 2.5325384293
3996 1.7218898563 1.7218898563
3995 0.812810685776 1.08793869385
3994 1.11186771472 1.18360735736
348 0.939833069453 1.22204472806
7518 3.30667876783 4.12475777382
6150 1.20851821978 1.52378599131
6154 0.498836012829 0.606522533607
6159 0.604974872051 0.604974872051
6796 2.12526216308 2.90501904452
6797 8.35877207136 8.35877207136
4730 0.939610683093 0.939610683093
4736 1.8687526132 1.8687526132
2319 0.882603973365 0.913571731712
2313 6.0190157116 6.01941287709
2310 2.36216711166 2.36216711166
2311 2.64022999374 2.64022999374
5851 0.626344859819 0.802594716363
299 1.00488955496 1.19677197552
7627 2.49728774544 2.49728774544
291 2.06921140031 2.06921140031
4656 3.91774734308 4.84151336776
274 6.13622438912 6.13622438912
276 2.8325803924 3.74051550542
278 7.46945832947 7.46945832947
4836 1.00982199382 1.11224611881
6584 8.5022867238 8.5022867238
2262 1.08633072299 1.15658357
6190 4.56615489969 4.56615489969
2266 5.08444169484 5.08444169484
2443 1.72883160003 1.72883160003
6055 0.217687035723 0.217687035723
108 1.59263617911 1.59263617911
109 0.153892227 0.153892227
107 4.00234295304 4.00234295304
4813 1.79746256082 1.79814985671
2047 9.69305798015 9.69305798015
2045 0.842413615039 0.962718019974
4817 2.9995179654 2.9995179654
4816 1.94134136778 1.94134136778
2040 2.39886981273 3.06536546715
4819 1.52915026805 1.76559153082
4818 10.0013811011 10.0013811011
1297 1.8682289222 1.99463861319
6378 4.40730923182 4.88180065667
6379 1.39418834524 1.60647113758
6053 0.694175845695 0.694175845695
5828 1.25899230458 1.25899230458
6372 1.70365102611 1.70365102611
6375 1.76692353113 1.76888026895
6377 1.85956382282 2.13056542481
2838 3.72704561735 3.94642961006
5363 3.6727720204 4.13730530445
3519 0.134889775278 0.1349020286
3510 1.4761537964 1.74879245842
3517 1.57153974827 2.22822430251
3516 1.83413141067 2.43657060055
7263 1.58670066073 1.58670066073
3514 5.98070795894 6.11225306512
6201 2.88262042255 2.88459546973
6202 1.47380496403 2.18805202867
2685 1.41666303871 1.62030070512
2687 5.23663286208 5.66189396426
2681 0.854055711784 0.989824164037
2683 1.04727137935 1.29440208302
5406 0.910531551397 0.910531551397
5119 0.253402334933 0.253539865136
6802 2.2201837769 2.2201837769
6800 0.788028309346 1.06155089791
5293 8.63370016184 8.63370016184
5404 0.862986919957 1.09524811302
91 8.14284513318 8.14284513318
93 0.431033750676 0.431033750676
95 1.99974744091 1.99974744091
97 2.18147808408 2.18147808408
5402 7.06469801386 7.20668607344
5182 4.26478977207 4.26478977207
1622 1.29367659199 1.58939183214
1992 1.56016792877 1.56016792877
1627 1.76889580189 1.84032362121
3993 2.24426466901 3.09371741299
1629 3.17810988899 3.17810988899
1628 3.29500449886 3.51991761451
3209 0.467160137233 0.467160137233
2860 0.190495301739 0.190495301739
2861 5.47620067074 5.60193697696
2863 6.66395879232 7.30579029464
2867 1.25915728456 1.59957530601
555 1.65855034654 1.93460292827
554 3.15238670319 3.15238670319
551 0.518110265671 0.518110265671
550 1.14449673921 1.47623653047
553 0.259894341057 0.259894341057
552 2.98005213796 3.14804000838
7142 2.21612797128 2.71515239938
1199 6.02407605926 6.09565888594
5459 0.978256955591 0.978256955591
7079 1.97057109915 2.01332273818
7074 0.71058209502 0.71058209502
5451 2.50007793556 2.50007793556
1193 2.72559075994 2.72715820057
3341 3.61957695213 4.17960239425
5454 2.98898448684 3.70934031078
3347 2.13252897259 2.21516600487
1197 4.62809203021 4.62809203021
3345 5.16311336899 5.21795368812
1754 4.06920094419 4.67908140401
1752 0.398865761054 0.398865761054
6976 3.16460363467 3.16460363467
6975 0.781138819669 0.927248320927
6971 2.16611602099 2.35865479289
4253 2.56394946636 3.23806732107
4252 2.1286835782 2.3328842931
5531 0.465960635527 0.465960635527
5538 0.0984893187299 0.0984893187299
1285 1.31607406023 1.6651743798
1284 3.25159273127 3.41450375977
1287 4.57000835731 4.81646221267
1280 4.57730270286 4.57730270286
1283 9.57697676431 9.57697676431
1289 1.04382637986 1.04422803091
7188 5.07033667064 5.44743304477
1579 3.35713552413 3.65642229487
689 3.39223448412 4.00863029034
684 2.14904940738 3.58448563623
687 1.56635859295 1.59090269114
7183 0.886204009446 0.886204009446
681 2.0775533672 2.0775533672
683 2.31585286177 3.38804789078
7187 0.206411934482 0.206411934482
458 2.53280570315 2.53280570315
6006 2.00293005657 2.39300849745
1222 8.63624111063 8.63624111063
4388 1.95379511908 3.05873355097
6576 1.64897480711 1.64897480711
625 2.51870536984 2.66116815806
6574 1.51370863051 1.78824631094
5627 0.956021600131 0.956021600131
4382 2.23500281049 2.85475542726
7459 0.844874338316 0.964787449129
1371 2.25159180112 2.25159180112
406 0.862125857013 0.862125858249
405 1.67571869228 2.24329845711
1374 1.54688565022 1.75876548204
3834 2.99235629042 2.99235629042
628 8.34385190122 8.34385190122
3831 0.488042071304 0.660041458538
3832 3.36863603867 4.50946681364
3838 3.53103290674 3.53193305737
6794 7.63949342954 7.63949342954
4844 1.08112785818 1.08112785818
5990 1.94100116543 1.94100116543
5992 6.36932398669 6.40389770933
379 5.05559090168 5.05559090168
7527 2.71740238481 2.71740238481
7525 3.05392711149 3.25484801795
370 4.86840830264 5.53315163098
373 0.502173742678 0.502219082923
2038 3.16268306109 3.16268306109
374 5.55910352816 5.55910352816
376 3.54504674769 3.54504674769
6530 0.777493712669 0.959960107574
393 0.993490785881 0.993490785881
391 1.13695132454 1.63206966515
394 1.27848912291 1.27848912291
6148 2.57151138919 3.21548783582
2309 5.51686557097 5.51686557097
6780 3.88025772036 4.62326201463
6782 1.21628755713 1.21628755713
4728 1.34684711055 1.34684711055
6787 1.73852157962 1.73852157962
2301 4.0346055288 4.0346055288
4724 3.39631290233 3.39631290233
4727 0.833647366777 0.833647366777
2307 6.44308460446 6.44308460446
5846 0.706900883931 0.824120629002
6538 3.20546695568 3.82464881525
5849 3.10690641284 3.58247346554
3748 2.57467687146 2.57568608368
3203 1.62553043694 2.06024799448
3745 1.15201339743 1.15201339743
3743 0.246736836504 0.25723556804
247 0.750734661505 0.750734661505
4623 2.33604090877 2.54303941646
4624 3.14761120702 3.29339335942
243 1.06214143561 1.06214143561
4629 2.56280219803 4.06004501598
2272 1.13543246188 1.13545328336
2278 2.72679289848 3.19159581329
2459 0.49909960684 0.49909960684
2454 1.28029828383 1.28029828383
2451 3.35532368375 3.35532368375
2450 2.39107497733 2.76277913848
172 0.148319737172 0.149060190067
171 2.25899125589 2.74844711018
2050 2.72965931531 2.77652848291
4538 0.745043491532 0.862314603387
4828 0.918581037495 1.14641211851
2059 3.98203290837 4.01212035292
2058 0.110893881803 0.111029849634
3692 1.61158381033 1.61158381033
3693 1.46905431146 1.46905431146
4530 2.67966096617 2.67966096617
3695 2.17346142786 2.17346142786
3696 2.12253575757 2.12253575757
4821 1.24633872782 1.52558263516
6369 2.33426395348 2.37268288375
4983 2.53695665569 3.35891268922
7337 3.00352758278 3.00352758278
1504 3.0324479589 3.0324479589
3522 3.2879790074 4.60692250077
3523 2.22724502194 2.64548426327
7043 1.17461435612 1.50160253017
7218 3.13330077194 3.13330077194
7215 1.32397497032 1.43038335743
1601 4.93410786554 4.93410786554
6215 0.736292797026 0.736300618267
6386 3.4411292553 3.50740460789
2699 1.12002300619 1.12002300619
4651 0.553695758308 0.646437778581
2693 1.33195434555 1.39570627505
2690 0.442968112284 0.549809299937
6819 2.0824211819 2.0824211819
1605 0.126115239366 0.126274126891
6814 0.143231443346 0.143231443346
6817 5.88915923334 5.88915923334
6816 1.09021839436 1.09021839436
7326 2.9073208688 3.63872128759
3231 2.17327670809 2.50747002671
3236 4.07346230117 4.07346230117
1969 7.32195201296 7.32195201296
3235 4.00306701139 4.17139447512
1965 3.77882417544 4.15226876932
1966 1.07674927977 1.65235519299
3239 2.61621887974 2.61621887974
5191 5.71557916414 5.93926561923
1962 1.37080924108 1.40020668151
2877 4.43629037969 4.43629037969
3355 1.53739824238 1.53739824238
3351 2.04324680568 2.24505828027
3353 0.013092082905 0.013092082905
3352 1.11736110842 1.20386900202
7063 0.550303149302 0.576667012766
5446 1.79773992604 2.25960745722
7060 2.28305164885 2.45705966605
1764 9.64081261617 9.64081261617
1788 0.481881788974 0.481881788974
1145 1.66651027481 1.86146020282
6968 1.49114171215 1.49147888834
1148 6.01277572907 6.09064861976
5509 0.192255866714 0.192255866714
5506 1.29167577199 1.32817668765
5507 2.35641809455 3.01519755724
5500 0.58733028762 0.58733028762
692 1.76700763591 1.76700763591
1547 2.2461132988 2.30583541042
1544 2.99339239296 3.10721460991
1545 1.96171551738 2.3881921719
1548 5.17332828984 5.17332828984
7199 2.17515875991 2.17515875991
546 3.12132900108 3.12132900108
544 1.29345247533 1.5290014408
545 1.13665305198 1.24186453507
549 2.16895509741 2.52370213027
7194 5.15041972498 5.15041972498
6886 1.64429882924 1.64429882924
7564 1.4245848215 1.53151991715
764 3.1580662534 4.3573605703
6406 2.50434087136 3.37011425773
5618 2.15615735089 2.15615735089
7442 1.94055922209 2.47429457051
6568 3.27661009381 3.27661009381
5477 1.99166517128 2.08449970903
5612 0.0552604406706 0.0552604406706
5613 0.869459157756 0.869459157756
6405 5.65903784401 5.65903784401
5617 7.52178951579 7.52178951579
6562 1.50953236002 1.72774433967
7398 3.04385495344 3.04385495344
5475 1.93248728446 1.93248728446
410 1.93756714463 2.53743684634
1389 2.21456887017 3.00210695566
412 0.632307566766 0.632307566766
1384 3.12102633878 3.87965915457
1387 3.2688887981 3.95713733384
419 0.920483684914 1.06414689228
5003 2.54381619498 2.80784687824
3823 6.77107238445 6.77107238445
3821 3.0793813688 3.0793813688
7114 2.91128541047 2.91128541047
3828 4.21970280501 4.21970280501
5000 0.868515190099 0.868515190099
7482 4.21504552093 4.21504552093
4282 1.94928091313 2.20878751982
4280 0.709744321115 0.869939467754
4286 2.24706969019 2.24706969019
7538 3.30622012741 3.30622012741
369 1.24530319824 1.6954398032
366 1.7240295074 1.7240295074
7534 1.63503604707 1.63503604707
364 0.0618175357095 0.0618175357095
365 2.21463223733 2.67375220552
362 1.00991091084 1.01005250359
5009 4.09562250287 4.60758792575
360 1.20194042203 1.20194042203
7532 0.640651828231 0.640651828231
380 1.48342046062 1.71376404329
381 1.68318793812 1.77278330322
383 1.80910870323 2.30142214751
384 2.62765060139 3.6635170839
6178 1.36210008055 1.36210008055
389 0.575557914555 0.575558012619
5271 0.343975039925 0.343975039925
6778 3.0006466484 3.89040833052
6779 0.667789483671 0.667835523165
1369 2.63246040135 2.95948490015
6774 3.07338295751 3.10841971812
6775 0.600283524789 0.714307488107
6770 7.62787717102 7.62787717102
6772 0.82086115534 0.82086115534
4757 1.4957339832 1.4957339832
5870 1.66915035622 1.66927319846
5876 4.43750713809 4.69021016343
5374 0.774074833064 0.774074833064
5879 0.332429575553 0.332429575553
3758 1.34063875941 1.46538848167
3750 1.45968245641 1.45968245641
3753 0.179367819118 0.179367819118
3755 3.51244271744 4.04761990238
2192 1.454567464 2.09639151845
259 6.68941232102 6.68941232102
4637 4.82316982319 4.82316982319
2195 1.9124555935 2.49571235469
2196 0.0443190825575 0.0443190825575
2197 1.77949971009 1.95210603978
4638 2.10249265081 2.46402589219
256 1.87721189794 1.87726177335
2200 7.21440769297 7.21440769297
2201 0.74029522196 0.74029522196
2202 0.92505930848 1.00781191796
2204 1.58804329268 1.88029899076
2205 2.80911553943 2.80911553943
2209 2.39558424875 2.9377672994
6689 5.58384097527 5.58384097527
6680 5.05287191691 5.05287191691
2428 4.10805705823 4.15461918348
4812 0.986541841099 0.988554422001
2422 1.66808483605 2.15236533152
2426 3.34666801154 3.34666801154
4810 1.80305036576 1.80305036576
169 2.8415168821 2.8415168821
164 2.0305262709 2.0808414207
160 1.80906059624 1.80906059624
161 2.38876076705 2.89639426299
162 3.13022998734 3.13022998734
3689 0.00088660079453 0.00088660079453
3683 0.168178755358 0.168178755358
4526 1.74707324341 1.74707324341
4525 5.97368172255 6.22741175916
4524 1.22362798363 1.38641591894
4523 2.32400729404 2.73749443513
3685 2.99628469142 3.06704408217
3684 5.11832308049 5.11832308049
6194 5.28425816289 5.93908865448
6981 1.74099764773 1.74099764773
2518 1.5068008539 1.5068008539
1842 2.26549210922 2.26549210922
2514 2.24170088673 2.24170088673
2516 3.48652634155 4.2134279585
6198 5.58713482871 5.60365182993
908 3.70766588856 3.70766588856
6740 2.21864121595 2.22130655369
2730 0.0789087500173 0.0789087500173
2733 3.15947280313 3.15947280313
4426 1.06345089269 1.16015983951
5294 2.09189642256 2.40951608085
5295 1.96397668716 2.87893166005
2738 2.66292241752 2.79320699446
2739 1.15023665111 1.41932498673
5291 2.94582223197 3.66461760897
1817 0.279396903994 0.279396903994
1811 1.80796040134 1.80796040134
7203 1.43069815987 1.52261133457
6227 4.12692604087 4.12692604087
6228 3.25302997285 3.25302997285
671 0.22286244404 0.22286244404
6993 0.815012415166 0.828866517805
1609 1.05386441091 1.46311086662
7336 2.00446502518 2.00446502518
7335 2.52573819282 2.52573819282
7334 4.60851277039 4.9105958756
3225 1.96510257525 2.69031196339
3224 2.96483035398 2.99072904962
3227 3.50372726319 3.50372726319
1602 1.84188564259 2.35828709883
1973 3.83023692476 3.83023692476
1972 1.38483420862 1.38483420862
7339 2.95255717218 3.28219466772
809 2.00681367354 2.27993769247
801 2.98403524311 3.31801521913
807 1.74996741386 2.04932471882
806 2.50958853746 2.8853039556
2849 6.44772011998 6.44772011998
2846 1.09696099218 1.09696099218
2843 1.02156692773 1.02156692773
3321 1.15412394389 1.3223037654
3323 1.84950804325 1.84950804325
3328 2.32590492078 2.32590492078
5478 0.558323666944 0.753218156851
5479 2.09093530043 2.09093530043
5274 0.0857135203668 0.0857135203668
7058 1.08877178489 1.08877178489
1776 1.01127763689 1.35559390823
1770 2.99005735029 2.99032491703
5272 3.37284857699 3.59225767232
323 5.20383642519 5.66442266842
7052 3.39100811094 5.16321317758
1778 0.592364941606 0.592364941606
7055 0.817220341122 0.817220341122
1154 3.72822501482 3.92060599922
1152 0.50367528158 0.50367528158
5519 2.10213246623 2.10213246623
5518 1.5940388478 1.66968386658
5513 2.7142782396 2.7142782396
5512 1.45287304561 1.77116290918
5515 1.38683914125 1.72285525386
5517 1.94235556955 2.10192080466
1551 9.23281763367 9.23281763367
2999 3.99606035535 3.99606035535
59 1.31447954779 1.3144828728
58 5.51530828118 5.59360025706
55 1.01401316358 1.03099090068
2991 1.32391132171 1.32391132171
57 2.42636081677 2.42636081677
2993 3.45850651911 3.45850651911
52 0.985300440667 0.985300440667
535 1.30325709657 1.38537730153
532 1.70742513633 1.74371880419
531 2.9667399598 3.58001931679
7342 6.56329692264 7.04873642521
538 0.700123155476 0.827441849625
5600 0.431040960438 0.431040960438
5609 4.444511494 4.444511494
5608 2.68581617858 3.23697746295
5134 1.08387476803 1.19162472225
1902 1.30551398783 1.48426035774
6517 2.58307053678 2.59769517007
428 1.1382097939 1.1382097939
421 4.11699113191 4.11699113191
420 2.8116184668 3.15241124159
3293 0.138861770075 0.138861770075
1393 2.53398093785 2.53398093785
1391 0.80839387703 1.2459305613
3810 1.75493894791 1.808364062
3816 1.68915990218 1.68915990218
3814 0.15458719376 0.15458719376
3457 4.65566984015 4.65566984015
6420 0.437028589993 0.437028589993
4298 6.05777771434 6.05777771434
4294 2.03859635369 2.03859635369
4297 1.68468250352 1.68468250352
853 6.72038087854 6.77213048845
6428 1.18127781993 1.18127781993
6429 2.78639461337 2.78639461337
6412 0.213194148059 0.213194148059
7543 0.543068558603 0.543068558603
7547 5.36315423332 5.50622364879
6168 2.00047630601 2.10621160327
6160 3.82234235104 3.82234235104
6162 0.0690636701601 0.0690636701601
4749 1.54102715802 1.56455243661
4748 3.45310845531 3.88742487282
6767 2.30541354055 2.30541354055
6766 2.49183020259 2.94982146129
4740 3.85456745959 3.9758514163
4747 1.89375626362 1.89375626362
4744 0.92478119583 1.26801926919
5868 1.71982795861 1.71982795861
5865 2.00004936367 2.25805228812
4715 2.64173364131 2.64173364131
2183 2.40971823272 2.90823241283
7059 0.251347606636 0.251347606636
2181 0.637434869549 0.637434869549
2186 0.842616434059 0.842616434059
4606 5.11349728111 5.97251325916
2189 2.00272838099 2.00272838099
224 3.93128700072 3.9351875654
223 5.90664979323 5.90664979323
222 1.98075191541 2.489577421
221 0.80874184542 0.80874184542
2212 1.72695105402 1.78317905743
2211 0.759026420554 1.06380120764
2210 1.43951378446 1.58737901454
2217 3.25919567691 3.25919567691
2216 2.27488182236 3.91873365917
2214 5.25366957338 5.25366957338
6699 0.721273427961 0.721273427961
7293 1.07048883903 1.13631001852
6697 1.10931671456 1.29339387506
6696 1.14851982449 1.26952502736
6694 0.915612019426 0.915612019426
151 0.677991068013 0.677991068013
155 1.47738207062 1.47738207062
156 3.31973418771 4.94994066755
2433 0.950172272 0.950172272
2431 2.78725318679 2.93511069599
2430 1.70928401365 1.70928401365
2437 4.31203623103 4.40112181423
2434 1.99168431918 2.1761925283
6340 3.47282884099 3.47282884099
6343 1.91439729949 2.2572352628
6344 4.45144780459 4.4514605696
6346 1.22648763172 1.22648763172
6349 0.898860941412 0.899162791518
4510 1.38459312232 1.92588710837
6809 2.34702750922 2.34702750922
4514 1.00839034661 1.14810827533
4515 3.53584780886 3.53584780886
6186 1.78190668847 1.78190668847
6183 1.4578961479 1.62542072718
6182 2.53576356271 2.53576356271
2508 3.84220942231 3.94624739513
2507 2.14034863075 2.9255429084
2506 2.82520613513 2.859439037
2505 3.3018833066 3.34843435534
2503 1.27204458451 1.27204458451
5289 2.29384004308 2.29384004308
5288 1.6714039983 1.6714039983
2721 1.82456025094 2.40080429683
5280 2.5062954347 2.86583157056
5282 1.23139089184 1.23139089184
5287 3.04663374703 3.04663374703
7234 0.515039990441 0.610233781877
7235 6.41398368409 6.41398368409
7233 1.14104813267 1.14104813267
5047 4.01030220957 4.01030220957
5046 2.91859269286 2.91859269286
5045 9.7445615894 9.7445615894
1807 2.33345212251 2.38206232599
3783 1.6480242005 1.6480242005
1804 2.50240845793 3.47481132552
1802 1.89350653291 2.36984715066
3789 1.99903709215 1.99903709215
1809 5.58091078903 6.13017487375
1808 0.933066545769 0.933066545769
4994 2.07724796974 2.07724796974
6239 1.00869039728 1.00869039728
4993 2.19953520077 2.56472534451
4991 3.28022384523 3.28022384523
6234 2.38996395189 2.38996395189
6237 0.182879914947 0.182882792872
4999 0.0654487324245 0.0654487324245
1948 0.615728768423 0.615728768423
7301 2.39456843858 2.39456843858
7307 6.53617634253 6.53617634253
7304 4.542422278 4.80787588273
7305 0.02842172548 0.02842172548
1943 1.00042499343 1.00042499343
1940 1.87846024997 1.87846348856
1941 1.51017482083 1.79281652932
1946 0.963195090123 1.05471446499
810 2.09913933852 2.71509916852
1252 3.30047848611 3.30047848611
812 0.993475262736 0.993475262736
814 0.683145635735 0.683145635735
817 3.48497280868 3.97803944511
2859 0.750817809999 0.750817809999
5183 1.52849102639 2.24067565473
2850 3.37496164023 3.97697742336
2852 2.07666623987 2.38733112488
2855 1.42506189058 1.42506189058
2857 6.71887331749 6.77320439028
2856 2.44196698851 2.44196698851
7045 6.36321975583 6.36321975583
1491 2.89498995767 2.89499832208
5463 2.95090481838 2.95090481838
5462 2.50746633054 2.6087129412
1494 2.75541986601 2.75541986601
3336 2.31425832908 2.9781097383
1496 2.14500945669 2.21993197389
7042 3.30519741785 3.30519741785
1499 4.73308971118 4.76075434923
1702 0.741664010615 0.741664010615
7328 2.75825256649 3.60221555355
1705 1.39739379674 1.39739379674
427 1.51798566171 1.53079700811
4574 4.79254508146 4.79254508146
1129 2.28460372732 2.37466343235
1123 0.732463257003 0.732463257003
6983 3.89646909388 4.14764547483
6982 1.2308441098 1.2308441098
1126 0.190845966365 0.190845966365
6980 2.95907463551 3.04032362609
2982 2.62931768263 2.62931768263
2981 2.19609366842 3.00615024621
2987 0.356029115655 0.356029115655
3022 4.11180353439 4.11180353439
2985 1.90990217318 1.90990217318
524 1.58556026734 1.58556026734
520 1.75541096722 1.82281113262
521 5.46497279958 5.46497279958
523 2.39031982909 2.62162229745
1012 0.786572358706 0.786572358706
1013 0.451354265937 0.451354265937
1234 2.03133134588 2.50797356363
1235 5.81501795758 5.83150718769
1237 0.900724542789 0.900724542789
1230 8.68887899105 8.68887899105
1231 0.251430211414 0.251430211414
304 2.27992387714 2.62355175231
4195 0.232648771359 0.238615444631
4192 0.982177137627 1.09191554496
1239 1.60213285052 1.98412188489
5674 2.01891770238 2.59970655855
4355 5.19905317316 5.19905317316
4357 0.221997161992 0.221997161992
4353 3.008507273 3.008507273
6507 0.86253245708 0.86253245708
4900 0.188826689936 0.188826689936
437 4.02150319779 4.02150319779
435 0.18333756837 0.18333756837
433 1.88237410974 2.10546591518
431 4.59372930185 5.04927319556
7158 0.920787277121 0.920787277121
3808 6.07423946787 6.07423946787
3802 1.27797068943 1.35535953016
6437 0.518165340748 0.518165340748
6435 1.60868027518 1.60868027518
6432 3.6820278136 3.6820278136
6431 10.4702259943 10.470248951
5707 1.265176989 1.59176755805
5700 2.57824354208 3.02688509407
5702 8.19188006377 8.19188006377
6438 0.827822105572 0.98569519049
2868 3.71922823061 4.40969696746
2869 3.48918325235 3.48918325235
7553 1.14112550785 1.59235266693
7551 2.24775098165 2.24775098165
7550 1.63521745834 1.63521745834
7557 1.44399274987 1.44399274987
7578 0.497964985336 0.504111024781
4774 3.06890549487 3.32045590231
4770 6.37841879206 6.37841879206
4778 3.07754302321 3.07754302321
6421 0.106149438918 0.106257517516
4175 0.384971460867 0.385348163343
4172 2.1394517412 2.19891888781
6752 0.148772852571 0.148772852571
6756 2.7439851729 3.79207620386
4179 3.09333839788 4.9674065208
6755 3.61865635971 3.61865635971
7171 5.11108874908 5.53143544558
5815 1.93637832912 1.93637832912
5816 1.69184412647 1.83849015284
4296 1.93125186273 2.4140777412
7173 4.40067712102 4.58997267949
5064 0.668182793678 0.668182793678
4619 0.536478604468 0.800015411816
234 3.39791510737 3.92477144824
4610 0.391813178069 0.391813178069
236 3.12165045161 3.12165045161
4615 1.12712137989 1.12712137989
231 3.35555395718 3.35555395718
4617 1.88009156592 1.88009156592
233 4.82663126606 4.82663126606
7392 3.16201778841 3.16201778841
2223 0.372344357832 0.372344357832
5924 3.06230208164 3.06230208164
5925 1.41831361691 1.83794338813
4881 0.350312429089 0.350312429089
146 0.598426570538 0.598426570538
5356 0.718067206329 0.718067206329
5143 0.21747365859 0.21747365859
4501 1.26022481506 1.26563124541
4503 0.959246678264 0.959246678264
4502 0.488810333772 0.488810333772
4508 2.3048572704 2.3048572704
2089 1.43635673554 1.43635673554
2080 2.50601469012 2.63445741685
3403 2.58893543205 2.58893543205
2538 2.84127262593 2.99081505357
2539 0.953796284469 1.13609343522
2530 2.27344932991 2.61719011649
2537 0.703358152384 0.720665425873
2713 0.944127734779 1.36919150264
5453 9.30041630804 9.30041630804
2716 2.70692466544 3.36164192363
2714 2.197751695 2.29787436834
2715 4.08683953057 6.10422380357
5078 1.59185773708 1.97296304866
7222 1.47368904422 1.5901712575
5456 2.30049165614 2.36098523578
7227 1.97262425889 1.97262425889
7226 2.60500548844 3.2513968654
5072 1.59837109514 1.59837109514
5457 1.56253118583 1.56253118583
5076 0.363054533088 0.363054533088
5077 1.94185676748 2.11309644533
1832 3.17687498411 3.19948259044
1833 0.943431579286 0.947899821479
1830 2.92988791513 2.97571488924
1831 3.09424145133 4.14582816507
1836 0.213637975145 0.213637975145
1837 3.29833709524 3.71205709601
1838 1.20336870898 1.20336870898
1839 1.23398559329 1.48299237489
2155 1.57424573453 1.7825732328
2156 2.88734043002 2.88734043002
2157 2.91229245161 2.91229245161
2402 8.29662426373 8.29662426373
2151 1.85470699477 2.03555892573
6240 0.838881404762 1.01305632869
4988 2.19161936443 2.19190311073
7446 0.311916969078 0.311916969078
2158 5.49382674538 5.67265607449
936 0.0375052959421 0.0375052959421
6246 0.869900794459 0.869900794459
2409 1.20955659735 1.64205012519
5381 4.92195815684 4.92195815684
5382 1.21882626326 1.57579634252
5383 2.47224976687 2.47224976687
5386 4.04131788206 4.04131788206
5387 0.0857375995357 0.0938572059425
5388 0.391017981255 0.391017981255
1691 4.24240648007 5.13158748537
1955 0.990099764617 0.999221980027
1957 1.95327979614 2.3229064541
1956 5.29440898792 5.29440898792
1959 3.1143462937 3.53833039813
3243 6.27043390389 6.27043577885
3242 5.53258822381 7.32765674169
3247 0.920170942983 0.920205183395
7310 1.72728440675 1.97454064182
3245 0.785454243327 1.04427406212
3244 3.71781299996 3.79025220931
826 0.500025995846 0.500025995846
821 1.50786670457 1.657911015
820 0.999162534513 1.06293664447
1483 1.132213369 1.132213369
1482 1.56572235526 2.20924382367
1480 1.55164130491 1.58515541527
1487 1.958899638 2.0215464667
1486 2.2230210013 2.2230210013
1485 2.03149803027 2.21864698445
7037 1.56993737709 1.56993737709
5496 1.69478979399 1.95715786167
3300 0.893494215861 1.40273223493
5493 2.00293647569 2.44252965695
796 1.22247259286 1.22247259286
795 1.55560276883 1.55560276883
5251 2.86645269766 3.53130267931
5256 0.997226890383 1.23590972273
5257 1.84114648008 1.84114648008
5254 3.77483494987 4.72031147701
1719 0.593652977387 0.593652977387
1718 1.37740470161 1.88513587079
613 0.362044951812 0.362044951812
2414 2.04192160277 2.04192160277
1139 1.78948064452 1.78948064452
1273 5.93600116411 6.09530531844
1995 0.995301495204 1.35922750167
1275 0.104301424037 0.104301424037
5940 1.83023315311 1.83023315311
3011 1.86049279775 2.17511653825
3016 3.11747577616 3.11747577616
7141 2.91758869991 2.91758869991
3014 1.23483078291 1.23483078291
7143 0.697745579711 0.697745579711
926 3.1434261807 3.1434261807
1007 0.53384326016 0.572504574111
1005 2.23999614175 2.55708488942
512 6.89986770157 6.89986770157
515 1.04297744944 1.18687284018
517 1.90956174025 2.57853320634
516 0.299648631687 0.299662731778
1226 1.37628580868 1.42287226988
621 1.62420074042 1.62420074042
1223 0.646081057085 0.646081057085
626 5.32359482363 5.53430615694
1221 3.1519473708 3.1519473708
4182 0.0927415884742 0.0927415884742
4184 2.84105260642 2.84105260642
4186 1.6293058748 1.6293058748
5662 1.53561180132 1.82639328141
6533 1.34637573093 1.75663054537
4349 1.00184094469 1.02170018217
7562 5.40033590343 6.22218535956
5669 0.404312372066 0.42708395631
4341 0.952963697485 1.08340438776
2883 5.65720912637 5.65726058365
7498 1.3169221184 1.4127877937
2887 2.99460741531 2.99460741531
2884 0.709206787777 0.709206787777
7493 3.19325241916 3.82950903336
7490 4.87249919091 4.87249919091
7491 2.47132386635 2.52783326778
7497 2.43417784363 2.43417784363
7494 1.96423263189 2.03133214875
3878 4.45896626174 5.67082952858
3879 2.01241497608 2.04637639113
3874 2.43573872444 2.48234178639
3876 5.8879724811 5.8879724811
6403 1.446941241 1.446941241
6400 3.36975066029 3.82020223658
15 1.8599070938 2.14370468432
14 2.14719505315 2.14719505315
6404 3.28851473776 3.28865634478
1921 2.40409960273 3.20232598363
19 2.54967813333 2.55383344011
7568 1.49462445047 1.64119774481
7561 0.15283597305 0.152838532039
7374 1.76379578311 1.76379578311
3907 0.467134151198 0.467134151198
3902 4.00338024692 4.00338024692
4761 3.09393442011 3.43729013278
4760 1.68785585152 1.87146679428
4763 0.236584374058 0.236584374058
4764 5.43815394682 5.43815394682
6748 1.98467212714 2.84146328947
4167 7.01193972511 7.01193972511
4162 1.36536507634 1.46269050422
4161 1.49304424983 1.87212558335
205 2.6008065584 2.79158848241
204 2.29059059213 2.70617336686
209 3.81855229086 3.81855229086
830 2.98973435978 2.98973435978
7181 0.35558300007 0.355986611077
2233 5.12843211754 5.12843211754
2232 1.21722781897 1.21722781897
5937 8.33190898989 8.33192785871
5936 0.710923781846 0.837680428946
5934 4.70839581932 5.00202066772
5933 3.82314382637 4.32054103061
5932 1.50596267199 2.0527063997
5931 1.87500792525 2.22352816157
5938 3.62806613806 3.62806613806
7140 1.82102408956 1.82102408956
3499 1.25788822609 1.46655130906
3495 2.21039327691 2.21039327691
3491 0.502725084294 0.502725084294
4570 2.4323510543 3.05689365261
4572 5.82600608438 6.01134353925
2096 2.79911900873 3.27977811848
2091 2.49506211941 2.54289191978
5096 7.90758346891 7.90758346891
4576 1.00975163155 1.00975163155
2092 1.97353056238 2.30594364299
3657 4.7486099902 6.14260441795
4604 4.76068819127 4.76068819127
2525 0.626405279226 0.626405279226
2524 0.668755032523 0.668755032523
2527 9.01067057611 9.01068714235
4602 3.02550618116 3.62574449743
6902 3.73316663154 5.09095699151
5065 0.784332981646 0.888127144443
4889 2.57251716698 2.57251716698
5067 1.44110621824 1.61612236719
5066 1.0169120402 1.1218808786
5061 0.183167283559 0.183167283559
2708 1.12783635144 1.12783635144
7262 1.81861305597 2.20019816354
5062 0.622756366766 0.622756366766
2704 1.28765316615 1.28766748678
5069 3.40703003821 3.64532578178
4885 0.227494446736 0.227494446736
2702 0.830836056642 0.830836056642
4193 1.81056646968 2.02799740401
1828 0.797517816292 0.797517816292
1825 1.62270888006 1.62270888006
7453 2.06090352867 2.7808187401
928 1.57046453665 1.62862060955
2146 3.69082959284 3.8467540321
7072 3.1681915967 3.1681915967
2142 2.52901156685 2.63533790697
2140 1.16691233767 1.16691233767
921 1.50122190837 1.50122190837
4498 1.35742602643 1.44079738629
924 1.94428534388 2.06237878705
4971 0.0608446646662 0.0608446646662
2149 2.76326452468 2.76326452468
5745 1.06273707842 1.06997447831
5392 0.00483663137399 0.00483663137399
5395 3.85769114625 3.85769114625
3276 1.10547818752 1.10547818752
3277 1.26866271349 1.26866271349
1924 0.705355733555 0.705528720739
1926 0.653798944431 0.653798944431
5749 1.52027628599 1.52027644403
3278 1.56119021785 1.69427318538
7369 1.50524507188 1.50524507188
3476 0.807795335971 0.807795335971
831 3.30811823423 3.30811823423
837 1.08631856527 1.08631856527
7361 2.49950207666 2.54711111568
3478 1.51952965184 1.73146890689
5586 3.47123451754 3.47123451754
3332 0.166565093863 0.166565093863
3318 0.0843342615868 0.0843342615868
6571 6.00494869566 6.08902274689
5488 0.881602238151 1.09633400124
5484 2.16533159831 2.45206902052
5483 0.998228794322 0.998228794322
5482 1.81436908964 2.15448499762
5481 1.81935950557 2.07474071419
5480 5.20044010321 5.20044010321
785 0.667829786523 0.667829786523
786 2.94193864491 2.94193864491
7450 2.30440720861 2.30440720861
1728 3.27643796004 3.27643796004
783 0.462416160257 0.462416160257
6591 3.37528408225 3.37528408225
1727 1.58490560774 1.58490560774
5246 1.47101053287 1.59072947445
1722 1.64341112609 2.51432067326
789 5.39331533566 5.39331533566
1720 4.31792653371 4.31792653371
5242 1.99916571072 1.99916571072
7594 1.35128330327 1.35128330327
61 3.50472437102 3.58798706204
3006 1.46402765755 1.46402765755
3000 2.06168282667 2.35291783476
66 1.89108489583 1.89108489583
68 2.18459271203 2.4725107989
69 1.33983939226 1.84258670707
3008 1.0108004604 1.0108004604
7159 1.02150214899 1.36210414721
1370 4.96230236356 4.96230236356
7153 0.795118677572 0.795118677572
7152 2.20915095616 2.20915095616
1584 0.396158435013 0.396158435013
1585 1.05765113247 1.32185378381
6826 1.00908513357 1.10138254015
509 3.64534201221 3.86176138194
1032 1.6326381733 1.6326381733
505 1.35948977303 1.35948977303
502 4.09106157038 4.4288033725
1037 2.01570554776 2.01570554776
1212 0.7611567034 0.7611567034
1210 2.99699060224 3.02486206327
633 2.04519438194 2.04519438194
1216 1.4800814351 1.66705595417
635 1.97411445812 1.97411445812
638 3.5621140132 3.5621140132
1218 1.11917641881 1.11917641881
1219 2.11189331457 2.82660149431
6521 2.08538124259 2.48367327163
7484 2.56470237244 2.92079402344
7487 3.84578044177 3.84578044177
4379 2.49515268163 2.49515268163
7483 1.19079715768 1.19086139299
5659 2.06707580996 2.85120291246
5655 0.923858137412 0.936449552951
5652 0.950577634801 0.950577634801
4377 5.39114354286 5.39116433849
2899 3.41363513751 5.2615094308
2895 0.567532195727 0.761558774771
2891 9.17215878044 9.17215878044
2890 3.47127246552 3.77970835094
1106 1.68090095102 2.23172067951
1455 4.75878949164 5.31479215629
1102 3.50542372988 4.95222116105
1103 1.44152500718 1.44152500718
1453 0.711260397077 0.826976297118
1458 1.8016479004 2.47939748563
1899 2.75016522376 4.0703333797
4082 1.35530195919 2.2274407514
3868 1.63913864073 1.88841536174
4088 3.61393799122 3.61393799122
5241 1.49395309942 1.49395309942
3738 1.3099305836 1.4170250834
3866 0.0796491264743 0.0796491264743
3864 11.3176782185 11.3176782185
7073 8.41635937795 8.41635937795
3735 3.49577840099 3.49577840099
5729 2.64147994118 4.01881640746
6419 1.05273595877 1.58644822438
6418 0.953127102579 1.09923183979
6415 1.88540990289 2.36900767293
5723 2.29233620163 2.29233620163
5720 2.16630366991 2.38542513782
5721 2.72246188574 3.15077367647
6411 4.47661257257 5.2803384551
5727 6.64435092061 6.64435092061
5724 2.00302282832 2.42234747971
5725 0.340601992673 0.340601992673
3913 1.45222162629 3.59592604295
3912 1.73251382767 1.78106897103
3918 1.69439310171 1.99865044004
6732 2.32845010662 2.32845010662
6734 0.658160207169 0.658160207169
6736 2.19514130019 3.08931803334
6737 2.60628803963 3.45947276632
6738 3.1426799881 3.1426799881
4796 1.668177853 1.668177853
4790 1.63325977886 1.77812821422
5836 3.0830919554 3.0830919554
4153 1.91801266634 1.91801266634
5834 3.69303113511 3.69303113511
5835 2.48139502928 2.55392955721
4154 1.36555985052 1.36555985052
5831 0.105803391194 0.17387599166
4159 4.8603623373 6.25252712482
4698 4.3017808591 6.34592516824
219 2.81268332259 2.90638020715
7464 0.58471955835 0.58471955835
6087 2.53968151817 2.53968151817
6084 3.15226467409 3.15226467409
6083 2.71445710658 2.71445710658
6644 1.11898509303 1.30037283719
6640 3.37597632992 3.59144509251
6642 1.75342194906 1.75342194906
5902 2.72217975499 2.72217975499
5904 1.25694989384 1.25694989384
5909 2.71631156209 2.71631156209
6497 0.221027646508 0.221198005465
3488 4.53120808357 5.29270054047
3481 5.53782575969 5.77087146199
3480 7.59569948841 7.59569948841
3482 3.37013121808 3.37013121808
3487 4.99441985334 5.43423536899
3486 3.69922927671 3.69922927671
4566 2.50199881142 2.50199881142
4565 1.06489985747 1.17259042094
4569 2.09239071095 2.1370168264
7080 2.75922902896 3.35134054028
2551 2.53982597482 3.87329688924
2552 7.57564137355 7.57564137355
2554 1.49936466948 1.77121169047
2555 1.49309953836 1.49309953836
6396 1.05623469565 1.05623469565
6397 5.50421055714 5.50421055714
2397 9.99902453235 9.99902453235
2394 1.11751392997 1.53694603546
63 2.3634447173 2.3634447173
5013 2.37454753267 2.37454753267
5014 4.93291449802 4.93291449802
2771 1.77258497006 2.72139556012
2772 1.86477715137 2.32784320097
4897 1.49031787808 1.57563238608
2775 1.65596176205 1.71251189168
2777 1.62326422072 1.859455748
1859 0.497668426727 0.665705823765
6260 4.80250947142 4.80250947142
4418 2.01214782078 2.86465923019
4417 5.14987125786 5.14987125786
4416 4.4855481449 4.4855481449
1852 4.43448389005 4.43448389005
1853 0.786671506511 0.912971867249
1855 0.463252851036 0.463252851036
6269 3.30188783122 3.98784269017
5168 1.41798475463 1.41798475463
2171 0.749989427569 0.749989427569
2176 3.05510834572 3.05510834572
918 0.687274698546 0.687274698546
6063 0.773936902529 0.780095817037
4967 2.51096012757 4.23843655013
914 5.63662364676 5.63662364676
917 2.27689838331 2.27689838331
2179 1.23917601031 1.23917601031
912 1.49206573091 1.74119554143
2603 1.54666758079 1.54666758079
2609 2.64120729114 2.64120729114
1930 7.09337004568 7.09337004568
1937 5.60737167408 5.60737167408
3269 1.49738609404 1.52446936814
1939 3.29773415802 3.29773415802
5127 2.0506071577 2.19132831701
5121 1.9888252504 2.63364987575
845 1.7129814995 1.73083667647
3464 1.58877762949 1.58877762949
3463 2.41736064695 2.41736127747
842 1.7517565049 1.99506389852
7091 3.20699693295 3.20699693295
7375 0.572113161516 0.572113161516
848 1.7760843036 2.17490357624
7012 0.883718406324 1.07417402692
7013 3.95573571871 3.95620161005
7011 0.713452316754 0.713452316754
1731 0.243600260432 0.243600260432
1732 1.95928319309 2.4406733828
5234 2.34809895576 2.34809895576
1806 5.38601654265 5.50107936361
758 3.15248711911 3.41189219759
7088 1.07662937363 1.07662937363
1595 0.725929446483 0.725929446483
6887 0.587408412933 0.596431826646
1597 4.94642004923 5.1975867082
3074 2.05628320669 2.63198504546
3075 2.13892394607 2.25766164749
1592 1.16031751773 1.26024621386
3078 0.285320009271 0.285320009271
3079 2.37772420942 3.33203556744
1599 3.83985449771 4.08638801134
1598 2.93204692102 2.93204692102
6889 1.92691097486 2.02281446
5344 1.67269662545 1.74548273605
5345 0.366977075984 0.366977075984
7168 1.91238755143 3.06210865778
1021 2.56251671196 2.56251671196
1023 4.51831551313 4.51831551313
7163 1.06951728852 1.0707965667
7166 1.62215322006 1.7706401351
7164 1.57355032878 1.57355032878
7165 5.55089171936 5.55089171936
604 3.14153949674 3.14153949674
4367 2.42182060158 2.7049081557
4361 4.18497854961 4.18497854961
4363 6.95383546335 7.7405560753
4362 2.37891072557 2.37891072557
1203 3.92322715555 3.92322715555
5649 3.00187805806 3.60644768824
1211 2.07704117253 2.07704117253
5641 2.06354792641 2.06354792641
6041 1.23959228748 1.42986024041
5642 1.8212765083 2.17161949026
5646 0.215796730297 0.215796730297
6335 0.751627168435 0.751627168435
3105 2.93119065045 2.93119065045
3107 4.4796144848 4.54037344369
3102 1.3668580637 2.08421024329
3103 0.145111479963 0.145111479963
1112 2.57654800017 2.57654800017
1443 6.00247582105 7.48152278084
1114 6.23548935609 6.23548935609
1116 2.32342665246 2.32342665246
4093 7.0140033982 7.5227289773
4091 4.89330331565 5.66574214681
6332 9.16627330883 9.16627330883
5737 1.76837089899 1.80662659896
5736 0.779153303777 0.779153303777
489 2.58267220857 2.62973528701
488 2.19107430069 2.19107430069
487 0.466740850982 0.466740850982
485 2.00256789131 2.78177399604
4587 2.70744207235 2.70744207235
480 3.63374885793 3.63374885793
7585 2.84453197252 2.84453197252
6463 0.84768087047 1.00485518002
7580 4.95858457899 6.08587008631
4725 2.8893653542 2.8893653542
4851 1.49751481793 1.57847503516
5300 3.96991798097 5.24295514831
3926 1.07979243139 1.07979243139
3927 2.04224282601 2.65945564677
3924 2.23620607513 2.23620607513
6526 0.221557195095 0.221557195095
6722 1.00013985499 1.00013985499
4782 0.204439838227 0.204439838227
4781 2.81008272782 4.80430558036
4149 5.98195104957 5.98195104957
5827 1.14865737899 1.54847290035
5826 2.52265002697 2.93410078017
4144 2.31988507761 2.31988507761
4141 4.85176372466 5.43517875241
4143 1.21434916828 1.21434916828
3857 4.17851193051 5.34877973119
3855 1.36065852499 1.36065852499
3852 1.36550405761 1.36682896192
3859 4.01465930242 4.01465930242
6099 1.32274554388 1.5901750902
6098 0.249629969481 0.249629969481
6091 3.85005678656 4.01337426234
6094 1.37535757722 1.37535757722
6917 5.31981028555 5.50161892329
6657 6.73603841085 6.73603841085
6655 1.99459849762 2.01054278336
6048 1.40896924616 1.40896924616
6651 2.12809479848 2.12810661729
5915 1.88177009009 2.19090567243
5911 5.06870562386 5.69852934604
4820 2.45418946708 2.75464873158
199 0.875460239529 0.875460239529
195 2.61801963748 2.61801963748
196 5.89585655807 5.8970888493
190 0.912445543527 0.912445543527
6384 3.30726706866 4.21703104286
6387 2.41485663823 2.72010657682
3679 6.00391215299 6.26544388832
4558 1.46061322507 2.07411264432
3676 2.00908074739 2.63623700501
4553 2.51179827436 2.80028084797
4550 4.14200102982 4.42587294553
2541 1.0724553947 1.17179555842
2546 1.17454073276 1.17454073276
2380 1.68027630058 1.68027630058
2383 2.57744985283 2.57744985283
2386 1.33046195076 1.6502707216
3580 0.652902924087 0.810009254445
3583 3.79321976859 5.17303666769
3585 2.91359806234 2.91359806234
3587 3.60901296276 3.74554544659
2761 2.23079402108 2.60407474689
2767 1.73197014547 1.73197014547
2765 1.99660039141 3.03684633521
2764 2.14689676019 2.29575332422
6913 3.27670314562 3.27670314562
902 1.25591968471 1.25591968471
1849 1.9242545551 2.88826677415
6277 0.516100525191 0.522083189402
6276 5.99992256193 7.8478979584
1843 3.36218585889 3.36218585889
4423 1.96041871915 3.09552054148
4420 0.958381067752 1.07495195556
1847 3.7004008911 3.7004008911
6077 2.03018973219 2.79864315352
2168 1.0775695728 1.0775695728
6071 2.07526782212 2.82394636525
6070 6.11139991917 6.11139991917
4951 9.05295174316 9.05295174316
4956 1.26106846518 1.53703182096
2160 1.37361722142 1.37361722142
7309 0.131325512496 0.131325512496
2613 2.61252290066 2.61252720366
7095 0.420498594468 0.420498594468
2618 0.502702731111 0.503212324248
7347 3.1051937161 3.1051937161
7345 6.99988540026 6.99988540026
3298 0.561040200262 0.6246410991
5138 1.48034631287 1.48034631287
3294 0.084667855804 0.0848545188332
1907 4.64903517431 5.75073186129
3296 4.33038060395 4.57651427957
3297 4.66778630357 4.74638956157
3290 0.40132490628 0.53519660215
5132 1.75729534369 2.57955751162
5131 5.78067638668 5.78067638668
1901 1.99434553783 2.52812026383
3452 1.76033224973 2.46471124181
3450 2.35584081191 2.55298978504
3456 2.67652350342 2.67652350342
851 2.04360097901 2.92811212607
3455 1.00310985194 1.00310985194
3863 1.47926588251 1.47926588251
6 0.819475388351 0.899955276154
7001 1.33932467287 1.69944611834
7005 0.622099765625 0.622099765625
7006 2.10205957631 2.51152192266
5229 1.66992950006 2.08168944943
5228 3.59652348502 3.91997440311
5223 2.83889686904 3.33167791722
5224 1.05629300652 1.05629300652
743 4.34332916952 4.34332916952
744 0.982072963056 0.982072963056
745 1.24317224373 1.54381642576
746 3.27211007088 3.27211007088
747 5.22210555922 5.22210555922
748 11.0450294312 11.0450294312
3062 1.8832697204 1.8832697204
7177 0.59642377672 0.7867772796
7176 4.56008414489 6.20656859871
6895 1.54480721698 2.37583779049
3065 5.29105401175 5.29105401175
3064 2.22137577392 2.99980112507
2947 4.55011898282 4.55011898282
3069 1.69161685134 1.69161685134
3068 0.999422753931 1.19169339386
7178 3.05744698622 3.27485624802
2941 3.39743921824 3.49127318139
1051 2.67817308482 2.81763761096
1053 3.47463429642 3.81799472478
1056 1.73398889059 2.11302251236
1057 3.48331856819 3.48331856819
1693 3.18054405108 3.18054405108
2919 1.00624169597 1.09107229601
1699 5.23661356583 5.23661356583
4311 1.69073926746 1.69073926746
618 3.2751379362 3.2751379362
4315 5.86150426108 5.93597846436
4317 2.10577244889 2.10577244889
1797 0.921973562517 1.14125239477
611 2.21846590687 2.97370480281
617 3.33716740077 4.19652228692
7574 0.17898472292 0.180068844784
3118 1.63742346701 1.63742346701
3116 2.91295139353 3.08292287021
3115 1.8361041088 1.91348294126
3110 1.89721984234 2.26702150042
7579 0.888305717725 0.888305717725
1470 2.89546125993 3.18577195219
1474 4.44807984983 4.47925871926
1475 7.7686156591 7.7686156591
7041 3.3228487953 3.3228487953
6143 0.520797012969 0.520797012969
1479 6.80576536227 6.86997054962
5464 1.10108253165 1.10108253165
1301 0.666860700274 0.666860700274
7129 2.19893309289 2.41323399865
1308 2.56402851847 3.58612277886
6410 1.70112662401 1.77538086367
5740 5.48703607676 5.48703607676
4229 0.997355865647 0.997355865647
3597 1.00181442015 1.00181442015
496 0.0983651075441 0.0983651075441
4227 6.01660234561 6.32406685546
490 4.82292639371 4.82350352474
4221 1.41075679443 1.63186527467
493 3.2173596228 3.46971464238
24 5.36375730157 5.44185414743
25 1.3093837773 1.41970927282
5584 1.43603998304 2.22049035891
22 3.14612905757 3.43356300662
23 3.40324172969 3.40324172969
7595 0.953334759853 1.20317768544
6470 2.59429381173 3.52979874753
6476 7.38409912362 7.38409912362
7591 0.729520227878 0.871568979941
5589 2.76949909403 2.76949909403
3938 7.37330888227 7.37330888227
3936 2.6892551742 2.70398830788
5265 1.73095578584 1.73095578584
6718 1.3563245424 1.3563245424
6716 4.35723329032 5.04750710331
6717 2.2328714645 2.2328714645
6710 1.88574067155 1.88574067155
4138 3.73951099462 3.73951099462
4130 2.71972384504 2.7498151071
7474 1.50096934301 1.7730629288
5692 2.04968271249 2.65137249499
3840 1.27541878872 1.84647736956
3843 5.89625463283 5.96061657743
5691 3.36576140709 3.36576140709
5694 0.467823752091 0.467823752091
3849 1.55268107557 2.15615054683
1872 1.83623668657 1.83623668657
4046 1.92657589681 1.99464367224
4047 5.76274485751 6.31316859046
4048 7.1385414588 7.74031437443
5968 0.129007576392 0.129007576392
5969 1.23449997211 1.42389707002
5963 1.79788886398 1.79788886398
5964 1.48661128307 1.4919800211
2289 0.498411642065 0.498411642065
3667 1.20390739094 1.20390739094
3661 3.05290145208 4.04568626999
2280 2.72796391918 2.72796391918
2282 3.46971336251 3.46971336251
5433 5.49999729443 5.54615396177
2287 3.39219111133 4.68032133572
4543 6.63698395523 6.70814226652
4546 0.918000592031 0.918000592031
2579 0.0833454266473 0.0833454266473
2572 2.87856914872 3.17417342753
2570 2.52695804112 2.52695804112
4534 1.32259420051 1.63846451229
2378 4.47690056496 4.47690056496
4827 2.91941665013 3.25065888451
2376 0.881942853438 1.05312881655
2370 1.91064151165 1.91064151165
2373 0.0308729645873 0.0308729645873
3592 1.19513831039 1.19514596204
2596 0.965145864225 0.965145864225
2590 1.14131517274 1.14131517274
3595 1.52400106747 2.39182988445
3594 1.99516467971 2.18469143767
5036 4.07473465351 4.11680036424
6280 2.46726010251 2.63904762955
5030 0.505622144271 0.505622144271
4531 2.6036546273 3.18210429385
4434 0.204026433609 0.204026433609
4437 1.76107616077 1.79233554015
1084 4.41581606536 4.4160246156
4431 2.23829591084 2.23829591084
4430 0.727940784721 0.727940784721
4433 1.70178622833 1.70787477868
6283 1.74842761637 1.8113694885
4438 8.4337195469 8.4337195469
1878 0.612536821734 0.612536821734
6595 2.78511494346 3.7973427588
970 1.45574085249 1.45574085249
5581 3.01591525214 3.01591525214
6287 1.4908534035 1.49088462112
4949 2.99956095173 3.08206617524
4948 1.63977197593 1.63977197593
6282 2.22976915667 2.91170726784
978 0.439720842739 0.458176352355
6043 2.28667577268 2.60382797885
6040 7.55217205746 7.56560243699
181 4.83985682138 4.83985682138
186 1.40338721936 2.1898574584
6044 0.276249223245 0.276249223245
6045 3.24012699574 3.78376577056
2112 1.64016220284 1.64016220284
189 1.75156929447 2.11141401919
2114 2.88438504769 3.14467350011
2115 0.831307820386 0.972597668723
2117 1.4842194169 1.48971204365
2627 3.4276294976 3.99286137345
2624 4.16713763019 4.16713763019
5837 5.81104676424 5.87915028616
7351 3.39309493993 5.35213053665
1918 1.46778854791 1.46778854791
7355 1.59619968211 1.59619968211
4924 2.61327588768 2.61327588768
7357 3.92131919785 3.92131919785
7356 4.1909180948 5.59175905518
3287 4.94654807349 5.80376886651
3286 2.57547728174 2.57547728174
3284 1.92758428246 2.05780023384
188 2.8393278698 2.8393278698
869 2.25818230817 2.44132041
860 5.5037335931 7.35914790995
3440 3.23024813726 3.81455445636
3443 2.16685772548 2.16685772548
2027 2.68964617649 2.68964617649
2750 3.70705287546 3.70705287546
2023 2.29567653754 2.98025530717
2758 2.80605258232 2.95600243755
881 0.66566500747 0.66652330915
886 0.381115068196 0.381281522279
888 1.60232524775 1.67083628151
5217 2.18781735152 2.52917247081
5214 3.67342102818 3.67342102818
5210 1.82358455895 2.04393051883
5211 3.68623724212 3.71284263801
5218 2.52744335249 2.52755684235
5219 7.37395491206 7.37395491206
7504 4.99999611648 5.00069145879
5414 1.49639752929 1.97235096604
777 0.80355558732 1.1116048022
770 3.05921543665 3.29223368524
772 0.888878279966 0.888878279966
7503 1.00214176716 1.00214176716
779 4.50228721487 5.95464809219
7638 0.0491746636808 0.0491746636808
4675 3.38297398984 3.95874934381
76 1.40843346327 1.88672677585
2978 0.477814517513 0.477814517513
72 0.642441715405 0.642441715405
3058 5.98403795797 6.25118814312
2972 3.75450809603 3.75450809603
2973 4.66578767887 4.66578767887
3054 1.76908090738 1.76908090738
3052 1.12471300571 1.4587440227
2977 1.66321107941 2.09665321045
3050 9.06989169572 9.06989169572
2975 3.50688559477 3.50688559477
1042 1.49313013817 1.91094376728
1041 2.08630341042 2.31189195301
1040 0.825112770132 0.825112770132
1046 5.02646977433 6.38904830997
1049 2.55889523068 2.55889523068
1683 3.18508761463 3.18512909185
1685 4.58808729461 5.35710542644
1684 2.87875746754 3.06100962943
1687 2.67721458871 3.31463717228
4802 1.6852685254 1.76303178764
7354 3.00125986784 3.00125986784
4301 1.63505676047 1.70993679707
1268 1.83325422234 1.83325422234
1263 2.02031165507 2.05045350878
1261 2.92552218965 2.92552218965
4308 3.99979442142 3.99979442142
1267 1.67343155211 1.74736331566
1266 3.76912959077 4.56452519822
1264 3.48051603694 3.49047030604
7359 5.52857212799 5.52857212799
3021 1.03486454076 1.311644447
5103 2.49331339159 2.53068939055
3128 0.948644606808 1.32132822977
3129 0.612376485039 0.742576063426
7619 0.919991002175 0.919991002175
3122 3.59381958047 3.59381958047
3121 0.998860029288 0.998860029288
3127 2.26233474245 2.26233474245
1914 2.53976609282 2.53976609282
1465 1.99833839354 2.1573959513
6065 3.41456095029 3.79402471768
1461 2.72201914055 2.72201914055
1313 2.0629106015 2.27598402262
1312 1.31580686394 1.63101920283
1310 5.99111281557 5.99111281557
1319 3.5394284056 3.5394284056
6914 3.74445155694 3.74445155694
6915 0.667480126069 0.667480126069
6444 2.09526139976 2.67197639766
5750 0.156442645974 0.156442645974
5757 1.58729212102 1.58729212102
6440 3.23870261271 3.64807605143
5754 0.435512046979 0.435512046979
4236 3.80789726151 3.80789726151
6919 4.24801660676 5.49554020663
6124 4.66696349169 4.66696349169
312 1.61235253254 1.61235253254
311 0.752268346674 0.752268346674
316 1.56976119409 1.78267118891
315 3.26931465473 3.26931465473
314 1.99549740477 1.99549740477
6701 0.999294476766 0.999294476766
6703 3.45961818369 3.45977989283
6702 0.927854316502 0.927854316502
6705 5.42497909503 5.42497909503
6704 4.05365660166 4.05365660166
6707 0.497822748213 0.668042689269
7435 2.41922061216 2.41922061216
7436 3.66492085309 4.35807746351
7437 3.08531905801 3.79470162985
7431 2.59657794362 3.48123814183
5685 0.396129897863 0.396129897863
5687 1.54864032132 1.82873964974
5681 1.68515119491 1.75979358867
5683 0.568601096315 0.584285971632
1330 1.75835468309 2.33818505688
6674 1.10388170666 1.10388170666
4704 1.84630179351 1.84630179351
6671 1.33674560758 1.33674560758
4054 2.50164578328 3.15825374486
4053 1.99159300162 1.99159300162
4052 3.56276969188 3.56276969188
4050 1.97075720902 2.19696069349
6218 0.817585626976 0.817585626976
5976 6.03830786922 6.08775107123
5974 0.870711345177 0.892407340758
2299 3.26920596615 3.824975353
3613 3.60683726823 3.60683726823
3614 4.08797154907 5.17446718941
3615 0.292622437724 0.292622437724
3616 0.143986959668 0.143986959668
2292 3.15081764507 3.1545377
6939 4.20582326315 4.23340236338
2561 2.25752792442 2.67965404698
2562 3.1117060237 3.97905290583
2566 4.66166568095 4.66166568095
2368 2.50137398164 2.7408729742
2367 6.03174074177 6.45009763418
2366 0.405149885345 0.405149885345
2364 1.37086062156 1.42420918481
2587 3.96166736548 3.96298328653
2586 2.78295123907 4.14447003133
2585 3.62914541304 4.56137437806
2584 2.0042865585 2.43903228782
7294 2.51073280792 2.56936348959
7295 1.15527438845 1.15527438845
2580 4.15188817911 4.15188817911
5021 6.28735399906 6.31129421521
5024 2.51313158004 2.5644219702
5026 2.23168376675 2.43632967524
4441 2.37388726113 2.37404640123
4442 0.9625866011 0.963142034652
4443 3.23068217547 3.23068217547
4444 0.864480828696 1.01645940442
4445 8.54727445066 8.54727445066
1867 1.93068729441 1.96170772677
1866 0.433286298201 0.433286298201
4448 2.85180413599 2.85180413599
3721 3.44469780443 3.44469780443
3722 0.896148854912 0.896148854912
961 2.46881892748 2.92229670984
6299 1.98005766173 2.20901042298
963 0.493797005097 0.534791952941
6297 2.74374239919 2.85716036806
6293 1.48656907731 1.48656907731
4688 3.48399894933 3.99868920451
6290 2.03175690038 2.03795894668
2108 2.81327115795 3.53298800632
6059 1.83942861445 1.83942861445
2103 1.46682821008 1.87963225527
2102 1.15008630509 1.25274011602
2100 5.40344466736 6.29825755861
5575 1.81458156002 1.81458156002
2105 1.49291651988 1.49291651988
5117 0.608333156678 0.608333156678
5113 2.79688199865 4.01116785652
2634 4.36399271619 4.77241617604
2636 1.57382645295 1.57382645727
2631 2.82416344683 2.82416344683
2630 2.93705941879 2.93705941879
5571 3.00400846787 3.00400846787
5292 0.509193953032 0.660928843618
3438 0.919236897309 0.919236897309
3439 0.153898934263 0.153898934263
878 2.08822992063 2.0882305511
879 3.3744039389 3.3744039389
3431 6.34072824843 6.42219004844
872 0.749994017159 0.749994017159
873 0.374598238031 0.374598238031
4592 1.35219053003 1.90236872947
4593 2.40175482849 2.69048329969
2743 0.415196928639 0.415196928639
2033 1.40896590975 1.63955451315
2032 7.63626594587 7.63626594587
4595 1.17557276343 1.55638753125
9 2.29130817572 3.15069172224
4840 0.224698309339 0.224698309339
3097 3.50189138335 3.50189138335
890 0.0679015753183 0.0679015753183
5200 4.21723419067 4.21723419067
5203 3.81425529712 3.81425529712
5202 0.647168965866 0.667824538168
5204 1.26658870033 1.31732493445
7320 4.08134914719 4.88409647825
3545 1.24284379406 1.58674672402
3547 5.61709075895 5.61709075895
3543 1.53495788816 1.53495788816
7323 0.829123425592 0.829123425592
2965 0.182735735148 0.182739752975
2964 1.47353460478 1.77386499837
2966 0.616091017821 0.616091017821
2961 1.55571628627 1.99914978149
762 2.25786362357 2.25786362357
1781 4.19291132007 4.19291132007
767 2.02707179078 2.08836938145
1786 2.89405059264 2.89405059264
7113 3.24122584676 3.37113688901
7112 2.33963309332 2.33963309332
6878 2.02370986815 2.10909459424
7119 2.39096390288 2.80883164151
7118 1.39587295115 1.39587295115
3045 1.0084958733 1.14322424421
6872 5.47883000098 5.62984086454
3046 4.60879940917 4.60879940917
1079 4.01970844365 4.31906011098
1077 1.8780482399 1.89369710899
1074 2.29973907972 2.29973907972
1072 2.94723755565 2.94723755565
1073 1.44564552138 1.45103823572
1070 1.68659152803 2.01982717452
5372 4.95434043784 6.52605040233
7290 5.68460781605 6.90474029372
1678 2.64481367762 3.0786861919
1674 1.09989923922 1.64132877537
678 2.3117463502 2.3117463502
676 1.50233909425 1.95740199461
4333 1.81665927836 1.81665927836
4330 0.211266781074 0.211266781074
3131 4.87937391318 4.87937391318
3130 0.831650747983 0.831650747983
3139 3.10305547504 3.14461757765
3138 0.826474763355 0.826474763355
7608 1.90594210506 2.79077975506
7607 3.98033719856 4.01682720999
7604 4.1339355618 4.1339355618
7600 2.50906872353 2.63013919656
6018 2.44526429236 2.44526429236
1412 4.55456614877 4.55456614877
1413 6.01182666116 6.65988686421
1416 0.532305147083 0.532305147083
1327 2.8201542791 2.8201542791
1325 2.05268041101 2.31858087612
1328 3.01407784883 3.01407784883
6450 1.54784264119 2.05166466755
6455 3.52597935462 3.60082531199
6454 2.16456504041 2.52510404198
5768 4.0992703751 4.5544832093
6456 1.25112188898 1.69792361336
6458 4.65245213218 4.91278022722
4645 0.587986642612 0.740020230611
5762 0.126424719615 0.126424719615
4207 1.76703290281 1.82065227656
4636 4.50848862792 4.51311310045
5565 1.21444981989 1.44659492158
5562 0.975225762026 1.21778067209
1256 0.212622958425 0.21262767042
1526 3.86559136392 3.86559136392
1520 1.65986814804 1.65994554676
308 1.88440664781 2.48233126597
3953 1.88948610081 2.32171886106
303 1.56679734285 1.78462623777
3957 3.1862035543 3.1862035543
307 4.66657605937 5.43093384671
4113 3.99570090832 4.54013533974
7420 3.99087810864 5.51167380464
3340 4.1756351707 6.67612817095
5159 1.60087745901 1.60087745901
2475 2.64421173276 3.01751761328
6601 1.15734170731 1.15734170731
6602 2.17446595114 2.17446595114
6439 2.96190340568 3.00587860507
6606 1.25588376115 1.25588376115
7109 1.10133564092 1.16233580323
6608 1.28043456896 1.28043465479
5946 0.0782711113612 0.0782711113612
5945 0.602812191951 0.749074472563
4064 3.87213934716 4.44196034091
5941 0.908931107809 1.25510370515
2976 2.16111031241 2.4594254368
4068 4.77393596266 4.77393596266
4069 7.95188927123 7.95188927123
5948 3.51683689404 3.56676029698
5949 1.8316653392 1.8316657672
5785 0.860638118703 0.987628820095
5786 1.84741391877 2.23885105475
5782 4.85221445625 4.85221445625
5019 4.99663115777 4.99663115777
3051 2.75190922822 4.29453747125
3601 2.90268604012 2.90268604012
3600 1.34649671628 1.34649671628
3607 4.37672884079 4.41957894377
3604 3.17998404764 3.17998404764
3608 1.38496226756 1.38734680189
5361 1.0959808383 1.0959808383
4894 3.84823756366 5.0053254361
5367 1.73735769649 1.80145432972
6115 3.58132135819 3.613503497
6117 1.32327471905 1.32327471905
6112 4.404062921 5.62023575952
2358 1.75698929934 2.14177113958
2353 2.38864155027 2.38864155027
5368 1.5067777615 1.74337380197
2355 2.98128194261 3.31084160951
4450 5.35588070393 5.35588070393
4456 2.46094901103 2.98465797814
4455 8.11890431373 8.11890431373
4454 1.51843051115 1.51843051115
3736 2.8218405737 4.90331109797
4459 1.59455589585 1.59455589585
3733 4.87842140783 5.5106417602
476 1.07090747101 1.51720060189
3730 3.50018549495 3.78125220756
4922 4.07290274716 4.07290274716
4920 1.89418210342 2.36081098705
4695 3.2440453781 3.57676710008
4697 8.94926695798 8.94926695798
2131 2.99084786783 2.99680020671
950 2.17562992002 2.5406258926
4929 4.4149336118 4.97105601801
954 0.413676799721 0.413676799721
6022 0.643225121125 0.643225121125
6026 1.33155510016 1.6522371268
2649 2.31967307213 2.31967307213
5167 1.58407386503 1.96004919229
2640 1.76169234932 1.76169234932
2645 2.35350778001 2.53544102339
2647 10.7671623359 10.7671688141
3429 2.32723750084 2.77002041297
3423 1.29218357704 1.57968667066
3422 1.81579932641 1.81579932641
3421 1.12832051744 1.16435764172
3427 2.61107380073 2.61107380073
3426 2.3513710675 2.59345076334
3424 1.76634840125 1.76634840125
1850 0.139649239778 0.139649239778
2000 3.54110134206 3.55911423586
6337 1.54729666871 1.56987589771
2007 1.10558857047 1.22484758953
4859 5.99678503865 5.99678503865
2005 1.58518662394 1.96516994454
2008 0.784868079774 0.784868079774
4415 1.97473616691 2.46703611063
4583 5.04082165451 5.22100203158
4582 1.99163997935 2.18041686218
1269 3.13030134642 3.17482170195
3554 0.483300652254 0.488156599535
3550 3.81286198951 3.81286198951
6966 2.20212228421 2.20212228421
3558 2.5948648853 3.27913365984
6061 1.96892348838 2.31028540767
2911 0.870808396604 1.16788859499
1799 1.25898760574 1.25898760574
2913 1.39450343335 1.69138646754
1793 2.2757542551 2.52608078722
1792 2.47445779093 3.13009303204
715 0.717830956762 0.717830956762
714 3.14482278219 3.30389982784
713 1.23723430328 1.23723430328
712 3.87814518688 3.87814518688
4966 1.12401451904 1.40440275417
7127 2.99666328987 3.37227923647
6840 0.857497356996 0.857497356996
7125 1.88607011816 1.94077241886
7123 1.01636090519 1.01636090519
6844 1.82431199743 1.88405658293
7121 1.21699018585 1.52814684397
1069 1.1746779457 1.36651088347
1068 9.0013340303 9.0013340303
4964 2.05323207723 2.99526386482
1061 6.58531706853 6.58531706853
5301 2.16331859796 2.16331859796
1668 0.350810871571 0.350810871571
1665 3.5268604505 3.5268604505
4960 1.81965314497 1.81965314497
1662 2.63631225798 3.62739259412
591 2.48118726459 2.51204456126
590 2.31826920639 2.76998326039
592 9.15743195962 9.15743195962
594 2.53638158087 2.96213382408
6596 0.0556789247018 0.0556789247018
599 5.01419315988 5.0142427108
4323 3.5918685676 3.89276940848
4325 1.4669495367 1.4669495367
1088 7.72603874262 8.26646402297
3140 3.44997717523 3.44997717523
2821 0.728829724138 0.885276299124
3386 1.5361247781 1.5361247781
3384 1.29409291177 1.29409291177
3385 5.02291668177 5.75813233031
5412 3.09049897364 3.09049897364
3381 0.627499417463 0.627499417463
7632 1.85766464519 1.99509758087
3389 4.11094085311 5.65754660676
1408 2.55535978442 2.55561308442
1406 0.339516500936 0.339516500936
5792 0.511606609109 0.653282459769
1339 4.5415676741 4.5415676741
4210 0.831035030247 1.01659575361
4212 1.63141440062 2.03036090653
1337 2.59898872248 2.59898872248
5790 7.52204112987 7.52204112987
4219 4.51878278906 6.2681821816
446 3.98328174098 5.66636294342
445 0.459441888085 0.493239666211
691 2.50182152351 3.1726301367
5772 3.40789031354 4.25553271194
7515 0.0314918224592 0.0314918224592
5578 1.33695346252 1.64498249224
32 0.767355491173 0.767355491173
31 2.13914638487 2.13914638487
5573 5.42294229173 5.56130647128
35 3.2795275856 4.10895562107
3092 2.29623563318 3.39865366763
3093 3.62475372606 3.62475372606
643 6.78627612662 6.78627612662
1244 1.45770933565 1.45770933565
1531 5.96820069263 6.40256141214
1530 1.48510457149 1.70025994798
649 3.2902211894 3.32203375088
3098 0.675791693747 0.675791693747
3099 3.38395709387 3.40056269752
1539 3.50130940167 3.53697985971
338 0.729052719809 0.729052719809
335 2.77479871525 2.83368568522
334 2.93644044795 3.61986675984
337 0.00307838593699 0.00307838593699
331 2.1652907614 2.43388476225
333 1.63928083048 1.63928083048
7611 2.13329790743 2.16262675714
5124 4.89572972224 4.89572972224
4105 0.749201213731 0.749201213731
4106 1.76595474677 2.08334744959
7412 2.09000496611 2.09000496611
7413 4.11557474792 4.11557474792
7410 0.597295538127 0.597295538127
7411 4.5033283899 4.56591513055
7414 1.97403192583 1.9794596591
3897 1.11664610819 1.11664651867
3895 1.72477362498 2.07463256754
7379 5.5676476517 5.5676476517
6611 1.06623309278 1.06623309278
6615 0.715837913232 0.847937774407
6614 3.1065973931 3.1065973931
6619 2.97844724864 2.97844724864
4078 4.14689839799 4.14689839799
5957 1.3613951448 1.56257722375
5956 4.91134862499 5.96960831587
4075 5.17663352431 5.30991282698
4070 3.12947656534 3.79375502454
4073 1.10841240279 1.10841240279
5797 2.65954437236 2.65954437236
3967 4.45427338761 4.89618465979
3965 2.4578334802 2.4578334802
3962 1.58004148697 1.58004148697
3963 2.43319829814 2.43319829814
3961 0.811901606995 1.03634334062
7278 3.58109968311 3.66595483969
5799 2.77158589249 3.37346689445
3636 2.3622269153 2.69520245983
3637 9.46857539085 9.46857539085
3632 0.978685423064 1.21223484569
3630 1.07772137192 1.07772137192
4611 3.0710021451 3.07100462214
3468 1.42202656364 1.63543324531
4613 1.34244769876 1.41548348614
2345 1.83827215052 1.83827215052
2346 0.261449018924 0.488037306707
2342 5.98604478495 5.98604478495
6107 4.27580444364 4.7538163719
6103 1.97802820593 1.97802820593
6102 0.767210593659 0.767210593659
4616 6.19749335611 6.19759158832
3709 1.76685526796 2.28417073125
1888 1.83211461293 1.86898712836
3700 1.45810540635 1.45810540635
4465 3.26380321812 3.26380321812
4462 0.549606798228 0.549606798228
1880 4.42155311545 4.44615139275
2127 6.79610480403 6.7961416095
2129 4.35262001636 4.79556394483
4665 5.8868783183 6.54527029995
4660 2.77223022889 3.68670201467
943 2.03274914248 2.49927971798
4910 4.12382654136 6.56835289064
4663 1.66573765362 1.66573765362
6038 2.11719500483 2.11719500483
6035 3.0216434804 3.0216434804
2653 1.6365961372 1.6365961372
2651 1.87588792968 1.87588792968
6441 0.114560064574 0.114560064574
2654 2.47990714615 2.62203460496
3414 0.601548414501 0.601548414501
7389 6.183828625 6.52809822592
3412 5.31510176844 6.21482626472
136 1.99625844756 2.02186972501
3410 1.01810378375 1.0484203364
134 0.357358781218 0.461062841413
7382 3.98482088679 5.32610776061
7387 1.63370019726 1.92467614336
3418 0.091318792987 0.091318792987
7385 6.69054683123 8.27902630622
6326 0.577143647342 0.577143647342
6325 1.40727553532 1.52200821721
2018 0.0056972623279 0.0056972623279
6321 1.0870786489 1.0870786489
4863 3.00200685488 3.24187683548
2017 7.56352331003 7.56352331003
4861 3.80792553517 3.99595186452
2011 3.70952147005 5.217840944
6839 2.32494745256 3.10849758866
6329 4.69467998819 4.69467998819
6328 0.873964592566 1.14888062105
7443 1.88203083346 1.88203083346
7444 1.85997177487 2.1421749143
7254 1.46307384781 1.46307384781
7255 4.23721187336 4.23721187336
7251 0.442285156456 0.588857862886
3565 2.21655841489 2.21655841489
3569 0.373842474169 0.373842474169
4485 0.64951694102 0.64951694102
6564 4.00775461364 4.11393318407
2903 1.75739449445 1.76651611543
2902 1.26004006481 1.26004006481
708 0.508279631286 0.508279631286
2906 1.00192396852 1.00192396852
6853 5.47442351122 5.47442351122
704 3.88522009733 3.88522009733
705 3.69751489578 4.27556642996
706 2.46160421805 2.46160421805
701 2.36777641625 2.36777641625
6560 1.3329261107 1.8193364867
7139 1.37994322316 1.37994322316
7138 1.19453377227 1.19453377227
89 8.46538390385 8.46538390385
83 5.26516353855 5.67554361562
81 1.33175344142 1.74172110968
7135 2.0426604875 2.63461424142
7134 2.17806770017 2.84384979796
7137 1.98872074861 1.98872074861
85 1.5639115691 1.92527337387
5311 1.68104094597 2.45382861767
5310 2.16280409877 2.16280409877
1658 1.83329635967 2.08637872096
1652 0.0565987453171 0.0565987453171
1653 0.918451210699 1.21893174423
1651 1.75064161905 2.33210662186
6583 0.91247084527 0.991071088228
1631 0.76847480448 0.985982991507
588 0.500736300428 0.500736300428
3151 4.08656366631 4.08656366631
3150 1.59689619043 1.95201943412
7621 2.01631443991 2.01668870203
3154 1.95062361026 1.95062361026
7629 5.50249499074 5.86782709298
1437 0.275680824675 0.279419080223
1434 2.73903475822 4.01905462581
3392 6.65882363497 6.65882363497
3395 2.24905147534 2.99930315764
1636 1.54338732052 1.54338732052
1430 2.13526281714 2.13526281714
3399 0.412592347653 0.412592347653
3398 4.7548443248 4.7548443248
1438 3.21568061182 3.71645733061
4260 3.23597423099 3.63170495709
5233 0.981326114636 0.987838365316
4265 1.20963269858 1.20963269858
4268 4.54515658158 4.54515658158
452 2.12959816995 2.1838429015
1345 1.69159973743 1.71948470498
456 1.20488041829 1.20488041829
1347 4.50254770295 4.50254770295
6921 1.44066654722 1.6001862803
5546 3.72693859618 3.72693859618
5545 1.01205403481 1.05891658321
652 3.21505184978 3.21505184978
650 1.29003209598 1.29006362517
1508 0.0897570720768 0.0897570720768
4461 1.57484274988 1.85438387658
3081 1.25580986255 1.25580986255
659 3.18354591466 3.50203811406
5890 0.134604194391 0.134604194391
5891 0.526695139971 0.526695139971
5892 3.58246660984 3.58246660984
5896 1.55074160531 1.80032452161
5897 2.79058823485 4.42435136207
5898 2.48877869557 4.07236019314
5899 3.33698663705 3.33698663705
948 0.174808828162 0.174808828162
3882 4.16492313813 5.2451727476
3889 2.4561264945 2.87075865599
4916 4.68746633447 4.68746633447
7404 0.05514099804 0.0551432870683
7407 1.44156678348 1.54085516818
4911 2.74664366038 2.74664366038
4008 5.22536940692 5.22536940692
4004 1.17538483119 1.45952747066
3970 3.24853382858 3.24853382858
3973 1.66737392825 1.69453358757
326 2.05080240639 2.05080240639
3974 4.31214367767 4.31214367767
324 1.29396409978 1.29396409978
328 1.08032374351 1.08456676178
3621 3.98733174991 3.98733174991
3070 2.02333821026 3.45734954703
2332 0.533312465013 0.672582821533
6136 2.64620282859 2.64620282859
6883 1.91364491692 2.61042285018
3713 1.92641717384 1.92641717384
3719 2.07735348019 3.69663263021
4479 1.65079409024 1.65079409024
4470 3.06116938274 3.10143176658
4475 2.43815667637 2.57590473737
4474 0.294301185948 0.294301188942
5763 1.2927280388 1.2927280388
6007 1.49447968784 1.59522390602
6004 4.5902595796 5.2441188883
6000 7.46559170286 7.46559170286
2489 2.76396809725 2.76396809725
2950 4.34719553452 4.34719553452
2484 1.33443654561 1.73443326173
4673 5.51158746417 5.51158746417
4670 2.09410461495 2.09410461495
3252 0.929100107559 0.957521744567
2245 1.3467575389 1.56166565593
2246 0.911525682321 0.911971600112
2247 0.907710297033 0.907710297033
2240 2.41696410973 3.41121772996
5179 5.36879719438 5.36879719438
2242 1.95843356043 2.73563214579
7394 0.00606520104975 0.00606520104975
2466 2.0961236684 2.15373408125
996 3.80813251672 3.80813251672
7391 2.58243729409 2.58243729409
993 6.17702334603 6.17702334603
992 2.5008519003 2.74504413923
5144 1.57862645709 1.57862645709
2469 3.17614374845 3.84914053927
7535 3.23443402021 3.23443402021
122 2.60556591453 3.12909743813
124 0.798233747439 0.798233747439
3404 1.7144538491 1.7144538491
126 2.93216199668 2.95092837983
3409 6.37687342373 7.02743586866
3408 4.78472231136 4.78472231136
4875 0.357230019491 0.357230019491
4871 6.6887359323 6.76187481047
7438 5.23384833 5.23384833
4878 2.45240457856 2.45240457856
2069 3.72359352714 4.01515903385
7533 1.72841213373 1.72841213373
5424 1.52067461253 1.5207573943
2062 1.2778907736 1.36937577442
6319 4.50000345925 4.50000345925
3413 1.28833879157 1.29315511944
5423 1.19670334627 1.46600438777
7247 0.135938693665 0.135938693665
5099 1.23124567908 1.55956784083
3578 1.4667736884 1.63034531106
3571 1.79587115969 1.81982874794
3573 1.75824992404 1.75824992404
5097 0.00223560872452 0.00223560872452
2665 3.54155683065 3.54155683065
4492 0.197990006237 0.197990006237
4490 4.41551798564 4.41551798564
2669 1.4208149512 1.74291286621
6823 2.58409004261 3.24233179851
6824 1.36919771917 1.36919771917
2938 2.73784354421 2.73784354421
6829 1.52724581704 1.60740720242
2935 2.01466640979 2.17252826967
5326 0.64469513256 0.64469513256
5327 0.00083106811363 0.00083106811363
5325 6.20179589448 6.30215870584
5322 1.12886675127 1.12886675127
5320 1.1973210373 1.1973210373
5321 1.18423798179 1.29182580683
5328 1.26794719699 1.26794719699
1643 1.29713560418 1.29713560418
579 2.65715326848 3.08181919418
573 1.99748435387 2.34519044497
571 4.89131700495 4.89131700495
577 2.09763654095 2.09763654095
576 5.25197757275 5.25197757275
575 1.69232843393 1.70051880145
3169 2.8285715776 3.58042936825
2803 1.62460164654 1.89621499201
2800 1.83452037255 2.05044503316
3165 1.47371516002 1.95182819744
2806 4.89214743462 5.49550212119
2805 3.86649711926 3.87726509691
1421 0.500693310023 0.500693310023
1420 0.998772458368 0.998935973829
7094 1.96842844209 2.65797801352
1422 2.82798121658 2.82798121658
3368 2.34801927177 3.13280020498
1424 3.24554945178 3.9183530648
1426 5.13447099738 5.13457095168
3366 3.25680290425 3.38989347128
2404 4.0210698205 4.02575168371
7098 6.58588860515 6.58588860515
7099 2.26980962895 2.36230460027
732 3.06784761465 3.06784761465
735 2.99759634996 2.9975964507
736 7.06401378276 7.06401378276
4272 3.19977395571 3.19977395571
4271 2.10555852969 3.07921982471
1358 0.419046072772 0.419046072772
4274 1.93325352215 2.72296995837
461 2.30274995083 2.30275525475
5555 1.85558642373 1.85558642373
5554 1.50843556256 1.88640003767
6488 3.31326086521 3.34838818341
5551 0.207295788958 0.207295788958
5550 1.54243008282 1.54243008282
7384 0.582331140476 0.745881628623
6955 1.82705398117 2.03740681404
6484 2.61402193844 3.05837187173
6285 3.84066173842 4.28680290514
6948 4.36377183468 4.36377183468
1518 1.18776630516 1.41447545405
1510 4.16121821806 4.16121821806
1513 1.66823992014 1.78786832817
1512 3.66866280805 4.23603819186
5885 2.05502633417 2.05502633417
5889 2.10072959633 2.10072959633
6559 3.99898117272 3.99898117272
7478 2.83281907843 2.83281907843
3186 1.80624343673 2.07264645263
3187 3.06931082919 4.62097078518
3182 1.62652940608 1.62652940608
3188 3.4817829434 3.4817829434
6863 2.73211814521 3.19365757936
1896 1.49226528632 1.70279116612
6631 2.74692464123 3.19283128568
4018 3.06886000921 3.06886000921
6281 4.72170728435 5.13305310373
357 0.62938256469 0.62938256469
351 2.44751810188 2.44928630972
350 5.59055558263 5.59055558263
3985 2.49136710408 2.54720063535
3983 2.57076431541 2.57076431541
4855 1.15440628369 1.44235364808
6126 6.83093968818 6.83093968818
6120 3.65243424517 4.4989234514
4706 2.08255207802 2.08255207802
4705 1.28493798534 1.28493798534
2320 2.55344847504 3.85758394079
4703 1.23893227593 1.23940602164
2329 3.12503387104 3.12503387104
4709 2.02147487863 2.40144950112
288 6.57716815443 6.64830051032
3619 0.606690306493 0.606690306493
5 0.16142590088 0.16142590088
284 2.86937750991 2.86937750991
3760 5.89497770099 6.41691187963
3765 0.917536613324 0.917536613324
262 0.358676057968 0.358676057968
260 5.17365547369 5.17365547369
267 2.00074372642 2.00074372642
2499 1.87228523658 2.14556882754
2498 2.11514538933 2.23215992314
6013 0.484897138493 0.484897138493
1296 1.55369584574 1.55369584574
7253 2.83803451792 2.83803451792
2495 0.59944993327 0.59944993327
2494 3.05991806088 3.44004907681
4644 5.17897040991 5.17897040991
2496 2.19604751155 3.00674712275
2259 2.53425862301 2.64824724524
2254 2.38986833247 2.92645624582
5060 6.46598913938 6.46598913938
2250 2.37106466053 2.99492379668
2477 1.40744948257 1.48372129298
988 3.85680753918 4.16394319469
5151 1.4398530801 1.8342381808
5150 2.14457987308 2.52542741089
986 1.55643310627 1.83247070279
5154 5.25991873617 5.25991873617
5157 1.54511426295 1.73223597102
2478 2.34159112724 2.53534054163
115 10.1030389126 10.1030389126
7313 3.51617270718 3.51617270718
119 4.28845444594 4.28845444594
2785 1.66201486538 1.66201486538
4801 1.10911056679 1.10911056679
2787 3.66478537645 3.66478537645
4803 0.54372272275 0.54372272275
4805 0.720832965213 0.720837054622
4806 1.9282973422 1.92971406406
4807 2.2663607381 2.6750100088
2788 0.630793306717 0.707547928533
2071 1.21530696658 1.21551908181
6306 4.17765758566 4.17765758566
6301 1.70054894987 1.70054894987
6303 3.44020940452 3.56819782566
2074 1.83505363388 1.83505363388
7272 9.02087323754 9.02087323754
7273 5.33321576989 5.33321576989
7275 3.49475097375 3.49475097375
3502 2.94105143974 3.0195787548
7279 5.27635778276 5.27635778276
5086 1.48300762282 1.7612546258
5085 2.60985619112 2.60985619112
5084 1.07958666084 1.07958666084
2672 1.90839598453 2.00365749533
2676 1.21116187968 1.3270265913
2679 1.10847128097 1.11600366679
6833 5.50681679243 5.50689869137
2928 2.38111912537 2.79344894398
6830 2.29560403173 2.57477512638
6854 3.08855414415 3.4395978772
2923 2.46486543542 2.46486543542
6838 5.32168803041 5.68332363522
2925 0.0431335105118 0.0431335105118
2926 3.69208294994 3.69208294994
5331 5.67526395481 5.67526395481
5330 5.25022959007 5.25022959007
5335 0.458971088741 0.458971088741
5336 1.83932925162 1.83932925162
2907 1.97852172805 1.97852172805
3215 1.86635685977 1.98360553048
1984 0.547213391928 0.668828147985
1985 0.0364144683806 0.0364144683806
1982 1.56565973222 1.56565973222
3212 1.61009240624 1.77536646826
1638 1.17530065389 1.17530065389
5371 4.91535518731 5.18726127478
3218 6.18278019895 6.18278019895
3219 2.05251541255 2.64143000145
1989 2.45504379208 2.55577910394
569 1.32193700146 1.64616726984
560 3.45770272914 3.45770272914
564 4.13744080609 4.53991760498
566 1.78352083736 2.00661768576
6543 8.88343427058 8.88343427058
3173 0.455825819663 0.455825819663
7081 0.74972428897 0.750476036053
7030 2.47336884029 3.32752348591
7084 7.73394585634 7.73394585634
3376 1.33316393648 1.33316393648
3374 4.65443546181 4.65443546181
5421 1.04608372822 1.61401712459
3372 5.00481678307 6.42113585036
1180 6.05774601241 6.05774601241
1181 3.81957385231 3.81999972467
725 2.49401702318 3.18973432168
723 11.2955112233 11.2955190148
1746 3.2485950909 3.2485950909
1740 0.761142041298 0.761142041298
1742 8.8331126435 8.8331126435
5499 0.16412947618 0.16412947618
1165 1.2216301531 2.6783439625
1166 1.13164816271 1.13164816271
7587 4.49595308321 4.95400366468
7291 5.54983635815 5.54983635815
4247 1.74772129221 1.98891965343
4245 2.45731602735 2.45731602735
1168 1.63580088886 1.63580088886
1169 2.15709488861 2.15709488861
4240 1.62572641568 1.96892496797
5521 1.87440953003 2.11898412872
5523 3.48616629231 3.91120232582
5526 2.00889205748 2.00889205748
7130 2.13452672126 2.49893349213
6941 4.54491434058 4.54491434058
6940 1.36716822652 1.36719107486
7132 1.500653845 1.500653845
47 6.8548240383 6.8548240383
7297 1.22566384629 1.22566384629
41 5.19880006169 5.19880006169
1569 2.50594514642 2.75143495714
1365 2.29579641582 3.42711495135
5492 4.43360451975 4.71106794855
1292 1.77165055353 2.10643461936
1561 9.00758198348 9.00758198348
1563 2.58605406373 2.58605406373
1564 3.40535333329 3.40535333329
1565 0.148798663597 0.148798663597
1295 2.78956091279 2.78956091279
1712 1.82479761768 2.31566902914
475 0.0632840667717 0.0632840667717
5250 0.993867992385 1.07688711865
1789 1.58599559892 1.8913037813
4399 4.0793385665 4.3963353391
7460 3.35200560086 3.39191021669
5638 3.23878015531 3.23878015531
6541 2.65314244586 2.65314244586
6540 3.31974136759 3.31974136759
4391 2.30628705197 2.30628705197
4392 3.51354706356 3.82339729667
4395 1.61126804918 2.04257069796
6549 1.3094071874 1.99092737449
5633 11.2989454434 11.2989454434
473 1.57783984528 1.78144883213
3195 0.621313801226 0.621313801226
1862 0.2881582052 0.2881582052
3193 3.50499985221 4.25105458759
7465 2.24188259295 2.52921481575
3190 2.05565415011 2.43140150952
3728 5.90239621127 6.23451664123
3198 2.19019686232 2.23956268203
7466 1.8551899036 1.97961684533
1368 0.825609580727 0.825609580727
3729 1.06592051943 1.06592051943
2.3482629441 3.10645017508