4447 5.06379734364 5.31538285251
4023 1.53061085787 1.65781362111
5988 0.846707801399 0.846707801399
346 1.59790746336 1.75536573733
347 6.02899679957 6.02899679957
7513 1.09864905322 1.35796406548
7512 2.9908191916 2.9908191916
342 3.1817178818 3.43341452277
343 2.33363953747 2.43105874448
3996 1.71587820154 1.71587820154
3995 0.775369843047 1.00968639574
3994 1.3750994441 1.46319182738
348 0.896213657325 1.1637245825
7518 3.31031444157 4.12224100878
6150 1.23529627368 1.52432999568
6154 0.509243466957 0.619467091437
6159 0.612281204259 0.612281204259
6796 2.11220332803 2.90607151131
6797 8.36229510897 8.36229510897
4730 0.942308596327 0.942308596327
4736 1.87054934404 1.87054934404
2319 0.975770821212 0.978608225258
2313 6.01434567502 6.01474700903
2310 2.35700294049 2.35700294049
2311 2.64314296919 2.64314296919
5851 0.61790483685 0.800097375829
299 1.24999177428 1.48973858475
7627 2.49943865085 2.49943865085
291 3.45468071941 3.45468071941
4656 3.49988350907 4.25989273685
274 6.04375701827 6.04375701827
276 2.89061562015 3.78870316182
278 7.45672299821 7.45672299821
4836 1.00615510178 1.10509725132
6584 8.49918620777 8.49918620777
2262 1.20684345989 1.2881532194
6190 4.57555522581 4.57555522581
2266 5.09023013623 5.09023013623
2443 1.72756064955 1.72756064955
6055 0.238147702024 0.238147702024
108 1.6145488811 1.6145488811
109 0.154046151075 0.154046151075
107 4.01529762272 4.01529762272
4813 1.79398017286 1.7939802883
2047 9.69144988025 9.69144988025
2045 0.995669129106 1.0422858533
4817 3.00025699157 3.00025699157
4816 1.9434082671 1.9434082671
2040 2.40051194436 3.05931072654
4819 1.55271872408 1.77702813334
4818 10.0115006257 10.0115006257
1297 1.86325920118 1.98260490708
6378 4.34813461547 4.82786265079
6379 1.49988557674 1.80263675598
6053 0.691300372876 0.691300372876
5828 1.25662590983 1.25662590983
6372 0.909200187623 0.909200187623
6375 1.68772817582 1.68772817724
6377 1.82502492766 2.12571048992
2838 3.8327330628 4.01430528829
5363 3.75259910555 4.32210787912
3519 0.133906912975 0.13431558274
3510 1.41436484927 1.73203225015
3517 1.51743425925 2.20710847789
3516 1.77640779506 2.40313272214
7263 1.14285465609 1.14285465609
3514 6.00025255402 6.12615787635
6201 3.00067840532 3.00067847827
6202 1.4901021881 2.19985049709
2685 1.49655931297 1.67651051274
2687 5.23869992916 5.66302278324
2681 0.8590865744 0.985111932767
2683 1.05149765418 1.29808697181
5406 0.948126544339 0.948126544339
5119 0.255879701386 0.255883511992
6802 2.23941235968 2.23941235968
6800 0.777788436257 1.054099406
5293 8.27295486559 8.27295486559
5404 0.973176671098 1.23118198558
91 8.14959964151 8.14959964151
93 0.432482921252 0.432482921252
95 2.00069976739 2.00069976739
97 2.05404642961 2.05404642961
5402 7.06498367804 7.20640087365
5182 4.27371188686 4.27371188686
1622 1.33134789037 1.61227043551
1992 1.56748855091 1.56748855091
1627 1.77838264676 1.84706437582
3993 2.27570959996 3.11830532617
1629 3.07901894333 3.07901894333
1628 3.27132821106 3.56031056961
3209 0.447905451501 0.447905451501
2860 0.19958997561 0.19958997561
2861 5.15295106414 5.36621438049
2863 6.7142882643 7.35402992596
2867 1.26657295765 1.61386015853
555 1.72150030562 2.00654085783
554 3.16302587014 3.16302587014
551 0.565584905793 0.565584905793
550 0.999021197134 1.27569365689
553 0.283468407638 0.283468407638
552 3.00627013817 3.16995751303
7142 2.26548990227 2.75638304366
1199 6.00241348447 6.07739063812
5459 1.00137152175 1.00137152175
7079 2.36960414996 2.36960496825
7074 0.717474940773 0.717474940773
5451 2.48814287962 2.48814287962
1193 2.81175689391 2.81175715298
3341 3.65591246303 4.19063267825
5454 3.00441511565 3.71573053059
3347 2.12494880843 2.20790217251
1197 4.63821850526 4.63821850526
3345 5.23411434574 5.2971828533
1754 4.00002797546 4.59232487824
1752 0.400428512692 0.400428512692
6976 3.1625499814 3.1625499814
6975 0.768376255681 0.907651113271
6971 2.20104411658 2.39865748373
4253 2.53150139311 3.34855817158
4252 2.1173493451 2.3188069832
5531 0.459515428765 0.459515428765
5538 0.0841542920801 0.0841542920801
1285 1.33317581647 1.66650141875
1284 3.21277050996 3.36520880511
1287 4.52682461252 4.75527490584
1280 4.57571895505 4.57571895505
1283 9.59667622717 9.59667622717
1289 1.038236791 1.03824145671
7188 5.07261602041 5.4520528528
1579 3.20257733441 3.58149714913
689 3.42546454654 4.00494050234
684 2.14997581835 3.57166291312
687 2.28677596321 2.49512034871
7183 0.882838053481 0.882838053481
681 2.11549172191 2.11549172191
683 2.31814787152 3.40434859739
7187 0.194958150662 0.194958150662
458 2.5345746071 2.5345746071
6006 2.00409609538 2.39379098743
1222 8.6363103189 8.6363103189
4388 1.9206620412 3.04802117928
6576 1.64724591828 1.64724591828
625 2.49641388839 2.63308061747
6574 1.50005269904 1.80299568753
5627 0.94675687389 0.94675687389
4382 2.29524643428 2.90407468202
7459 0.800592804513 0.944443636454
1371 2.26046698138 2.26046698138
406 0.864961745327 0.864969138566
405 1.68506926667 2.25518155946
1374 1.57325300788 1.78950386887
3834 2.98574956036 2.98574956036
628 8.35578086238 8.35578086238
3831 0.505225308757 0.669217158073
3832 3.37410325554 4.51900383196
3838 3.73459811641 3.73459826057
6794 7.64511293814 7.64511293814
4844 1.09044528522 1.09044528522
5990 1.95393819365 1.95393819365
5992 6.49499150754 6.52915694491
379 5.06131188626 5.06131188626
7527 2.73807454548 2.73807454548
7525 2.99914036591 3.21771677291
370 4.80906290301 5.48000370835
373 0.496806237959 0.496821231266
2038 3.16588093128 3.16588093128
374 5.5492232108 5.5492232108
376 3.57089092982 3.57089092982
6530 0.668616983041 0.816548315645
393 1.68549978912 1.68549978912
391 1.087829446 1.60238252742
394 1.29320110066 1.29320110066
6148 2.63890649256 3.27892870008
2309 5.52605026864 5.52605026864
6780 3.86392648662 4.60205351556
6782 1.22268681295 1.22268681295
4728 1.36012754542 1.36012754542
6787 1.63428854909 1.63428854909
2301 3.99781625773 3.99781625773
4724 3.38744865414 3.38744865414
4727 0.820735498102 0.820735498102
2307 6.4567249906 6.4567249906
5846 0.726557017924 0.830882130188
6538 3.30002234607 3.89109408246
5849 3.14024766068 3.62995514728
3748 2.60540249179 2.60540280643
3203 1.49862384799 1.88148769946
3745 1.15120430503 1.15120430503
3743 0.322511921522 0.322538445516
247 0.748089993448 0.748089993448
4623 2.3516201692 2.55256570937
4624 3.18265796441 3.33578042676
243 1.16693626949 1.16693626949
4629 2.46835421595 4.02081696436
2272 1.14041084547 1.14041170115
2278 2.78006800076 3.24570501571
2459 0.464558519874 0.464558519874
2454 1.26955917101 1.26955917101
2451 3.3781995253 3.3781995253
2450 2.46161546178 2.78644322323
172 0.140617144059 0.140716592957
171 2.22720013012 2.68529399551
2050 2.72144004111 2.76556790997
4538 0.739002463722 0.851229204799
4828 0.96340658975 1.17930511461
2059 3.99028953693 4.0212941936
2058 0.112196437495 0.11219808926
3692 1.61574493593 1.61574493593
3693 1.40908071329 1.40908071329
4530 2.69011697253 2.69011697253
3695 2.16805878763 2.16805878763
3696 2.12857415051 2.12857415051
4821 1.24763214233 1.49085358164
6369 2.32678137917 2.36657257283
4983 2.54133378348 3.36517112229
7337 2.99682999449 2.99682999449
1504 2.9999909727 2.9999909727
3522 3.50023089518 4.90813005426
3523 2.29870109154 2.73684229992
7043 1.18183165426 1.50037650498
7218 3.13152528606 3.13152528606
7215 1.32654994617 1.41393718996
1601 4.92284197257 4.92284197257
6215 0.747919600552 0.747921130019
6386 3.46065163974 3.52703799587
2699 1.10010081306 1.10010081306
4651 0.497997493482 0.571069377515
2693 1.33878737511 1.41461186397
2690 0.498336328728 0.622550959346
6819 2.07486107084 2.07486107084
1605 0.125018868113 0.125029820915
6814 0.118124188043 0.118124188043
6817 5.89133742046 5.89133742046
6816 1.26707676037 1.26707676037
7326 3.0878464811 3.67730199909
3231 2.16764292611 2.5008178987
3236 4.06561287343 4.06561287343
1969 7.31663743385 7.31663743385
3235 4.00059243698 4.16728809923
1965 3.91473093321 4.28900933178
1966 1.05090438236 1.64988882187
3239 2.61734747203 2.61734747203
5191 5.23834189723 5.43258113722
1962 1.38795039849 1.42232005763
2877 4.63420442798 4.63420442798
3355 1.53980637962 1.53980637962
3351 2.09968189543 2.33420572362
3353 5.58617695567e-05 5.58617695567e-05
3352 1.16185722683 1.25411901198
7063 0.591408703513 0.621779000142
5446 1.82882337939 2.2737104961
7060 2.37275521152 2.55490823947
1764 9.08341306701 9.08341306701
1788 0.49852672421 0.49852672421
1145 1.52925701222 1.73418635523
6968 1.4627832166 1.46278374873
1148 5.99930275199 6.07151360191
5509 0.181868571081 0.181868571081
5506 1.51557007482 1.51558089733
5507 2.3743816582 3.03908144034
5500 0.583774272528 0.583774272528
692 1.77051064185 1.77051064185
1547 2.23872378591 2.29383574604
1544 2.9681351437 3.07989637744
1545 2.03987287372 2.44991920865
1548 5.16942563388 5.16942563388
7199 2.22640735169 2.22640735169
546 3.13324657076 3.13324657076
544 1.29176518968 1.53124484343
545 1.13855734609 1.24278931947
549 2.19524725286 2.56143628863
7194 5.14840010262 5.14840010262
6886 1.63749762594 1.63749762594
7564 1.50015318988 1.62843190625
764 3.12771025174 4.35152862666
6406 2.5062730958 3.36591898181
5618 2.14076457118 2.14076457118
7442 1.93945146478 2.51473816916
6568 3.3110494187 3.3110494187
5477 2.00111124827 2.08783482432
5612 0.0385810516318 0.0385810516318
5613 0.882213738595 0.882213738595
6405 5.64370984111 5.64370984111
5617 7.40001349884 7.40001349884
6562 1.52099243321 1.74850721773
7398 2.66738604835 2.66738604835
5475 1.90844748271 1.90844748271
410 1.81182099623 2.35318459024
1389 2.25627570862 3.02788848585
412 0.635410309135 0.635410309135
1384 3.15852084806 3.90960812297
1387 3.25096079859 3.92373915181
419 0.933713442619 1.07734696417
5003 2.51406532639 2.79748977785
3823 6.77769142578 6.77769142578
3821 3.06782001588 3.06782001588
7114 2.91333570349 2.91333570349
3828 4.23492128436 4.23492128436
5000 0.870196025745 0.870196025745
7482 4.23136016456 4.23136016456
4282 1.98120281272 2.25168267334
4280 0.719280732453 0.876089923113
4286 2.25907266855 2.25907266855
7538 3.41124242927 3.41124242927
369 1.31788883443 1.7450092685
366 1.73154326211 1.73154326211
7534 1.6242038011 1.6242038011
364 0.0600459471302 0.0600459471302
365 2.36671054901 2.89190358805
362 1.06659802252 1.06659802665
5009 3.99915472369 4.57970076922
360 1.19787453167 1.19787453167
7532 0.640556935448 0.640556935448
380 1.46757993731 1.72099801902
381 1.69329374167 1.77999298359
383 1.84219298315 2.37560533578
384 2.60437289098 3.67314174058
6178 1.36399287566 1.36399287566
389 0.553716826289 0.553984676099
5271 0.347129641858 0.347129641858
6778 2.9877360815 3.87154934983
6779 0.684922685713 0.68495071987
1369 2.64248187222 2.97055269659
6774 3.09812620314 3.13071750792
6775 0.489175214382 0.571589114717
6770 7.44996770432 7.44996770432
6772 0.831878675772 0.831878675772
4757 1.49569425892 1.49569425892
5870 1.64989525344 1.64989525545
5876 4.44398764657 4.69270368365
5374 0.762520923577 0.762520923577
5879 0.336665044158 0.336665044158
3758 1.49233539922 1.64339527053
3750 1.42827096727 1.42827096727
3753 0.183622774919 0.183622774919
3755 3.4986242214 4.04491522392
2192 1.50459223063 2.12569416169
259 6.18712709695 6.18712709695
4637 4.39993566547 4.39993566547
2195 1.91171411522 2.49688520253
2196 0.0374771514168 0.0374771514168
2197 1.76606216223 1.93846021594
4638 2.10045819188 2.47218308597
256 1.88967521421 1.889676863
2200 7.20401180367 7.20401180367
2201 0.751680611692 0.751680611692
2202 0.922868970559 1.00584382777
2204 1.50517613783 1.76377121454
2205 2.82506106399 2.82506106399
2209 2.39151561998 2.93598486377
6689 5.92857557093 5.92857557093
6680 5.03092504984 5.03092504984
2428 3.9821211019 4.01380206005
4812 1.04224155941 1.0422415711
2422 1.67189578912 2.1531661069
2426 3.36355137885 3.36355137885
4810 1.87766256529 1.87766256529
169 2.84481336898 2.84481336898
164 2.09966469924 2.15830595484
160 1.8315437217 1.8315437217
161 2.36937222691 2.90075560722
162 3.15405486698 3.15405486698
3689 0.00165421609019 0.00165421609019
3683 0.898682331681 0.898682331681
4526 1.89721672602 1.89721672602
4525 5.99956421692 6.24483866338
4524 1.22149463405 1.38415093092
4523 2.40348339698 2.78229645385
3685 2.99553313095 3.06667425331
3684 5.12635593829 5.12635593829
6194 5.3358424546 6.00781612008
6981 1.74600211845 1.74600211845
2518 1.61322108482 1.61322108482
1842 2.26997953313 2.26997953313
2514 2.24894768017 2.24894768017
2516 3.48175305717 4.2138520258
6198 5.49894722756 5.51717490414
908 3.72626699199 3.72626699199
6740 2.25046265801 2.2504627388
2730 0.0806359351686 0.0806359351686
2733 3.15284641953 3.15284641953
4426 1.06051980897 1.16060352397
5294 2.08275965309 2.39946647777
5295 2.02786134172 2.97751804795
2738 2.68709345979 2.81006791893
2739 1.24105771737 1.56306245164
5291 2.97087696641 3.67833694353
1817 0.272641028845 0.272641028845
1811 1.79991416695 1.79991416695
7203 1.41683481511 1.51217083568
6227 4.11666760412 4.11666760412
6228 3.24863748726 3.24863748726
671 0.231172281682 0.231172281682
6993 0.959248615217 0.959251181895
1609 1.30397691634 1.64349541958
7336 2.00443832335 2.00443832335
7335 2.54130870059 2.54130870059
7334 4.61374915443 4.91334151821
3225 1.95759034329 2.6888524966
3224 3.52088374096 3.52088390522
3227 3.50477451265 3.50477451265
1602 1.90975289071 2.39053003707
1973 3.83251952132 3.83251952132
1972 1.33324937803 1.33324937803
7339 2.99814021081 3.31552289762
809 1.9999552692 2.27052127209
801 2.99890789781 3.33212130146
807 1.76286339375 2.05682046311
806 2.50320538428 2.87438105123
2849 6.43880998958 6.43880998958
2846 2.7433717701 2.7433717701
2843 1.10591112104 1.10591112104
3321 1.38210296646 1.54910425703
3323 1.88161933423 1.88161933423
3328 2.33322865919 2.33322865919
5478 0.561468011709 0.751216310256
5479 2.07690506654 2.07690506654
5274 0.0879366560108 0.0879366560108
7058 1.09359269608 1.09359269608
1776 1.00641875538 1.36336682468
1770 3.00259963612 3.00260039728
5272 3.3966862383 3.64296775068
323 5.19978208155 5.65655001065
7052 3.25140746475 5.27763393068
1778 0.537978522807 0.537978522807
7055 0.814713573564 0.814713573564
1154 3.86384487801 4.14488786173
1152 0.493963497076 0.493963497076
5519 2.00005416294 2.00005416294
5518 1.60766543605 1.68251136864
5513 2.71402805096 2.71402805096
5512 1.50069734907 1.8254002678
5515 1.42837960283 1.77273642688
5517 1.97215960286 2.14060344433
1551 9.23590154206 9.23590154206
2999 3.99683187761 3.99683187761
59 1.31884359929 1.31884360914
58 5.53533700925 5.61057856211
55 1.00007029171 1.01992579816
2991 1.34634140854 1.34634140854
57 2.18744009987 2.18744009987
2993 3.46275165159 3.46275165159
52 1.0011783287 1.0011783287
535 1.30174950788 1.3835476992
532 1.58973156134 1.60986848329
531 3.02519189408 3.64514176062
7342 6.50104965752 6.96482080744
538 0.701133559419 0.830281669474
5600 0.491403890618 0.491403890618
5609 4.42776831086 4.42776831086
5608 2.74657845813 3.32549792596
5134 1.11535151674 1.2398945912
1902 1.43800517566 1.68948246208
6517 2.76459590968 2.76459591399
428 1.15019343997 1.15019343997
421 4.11437964196 4.11437964196
420 2.98898054978 3.30418978407
3293 0.154972460641 0.154972460641
1393 2.55105086636 2.55105086636
1391 0.813415035861 1.26704686068
3810 1.81588077058 1.88407195966
3816 1.69957462457 1.69957462457
3814 0.526471086306 0.526471086306
3457 4.50007122927 4.50007122927
6420 0.432424568911 0.432424568911
4298 6.05155833022 6.05155833022
4294 2.05663161013 2.05663161013
4297 1.7005537741 1.7005537741
853 6.53645205718 6.57490003774
6428 1.16612480086 1.16612480086
6429 2.78494065581 2.78494065581
6412 0.206636935553 0.206636935553
7543 0.727300300661 0.727300300661
7547 5.35937405538 5.50246261263
6168 2.03513160199 2.17499145125
6160 3.81176448819 3.81176448819
6162 0.0754395145826 0.0754395145826
4749 1.56601395486 1.59223378796
4748 3.49985131742 3.9893729545
6767 2.30937958687 2.30937958687
6766 2.51429132577 2.8565923935
4740 3.84733426176 3.97012111723
4747 1.88677760373 1.88677760373
4744 0.994966695164 1.27378587392
5868 1.72580447296 1.72580447296
5865 2.48892526663 2.61923100699
4715 2.60819162973 2.60819162973
2183 2.48462712882 2.94787291165
7059 0.251592142819 0.251592142819
2181 0.633232686838 0.633232686838
2186 0.863799410958 0.863799410958
4606 5.42536866679 6.11345378838
2189 2.00337679681 2.00337679681
224 3.94881152844 3.95150615373
223 5.90923403728 5.90923403728
222 2.00023805432 2.50032335559
221 0.817535959091 0.817535959091
2212 1.7766786511 1.8460819338
2211 0.854607772508 1.13411764034
2210 1.44451867003 1.59694504061
2217 3.22139457062 3.22139457062
2216 2.27539990013 3.92354793947
2214 5.26595526831 5.26595526831
6699 0.727796163841 0.727796163841
7293 1.03099870307 1.12584838742
6697 1.11679113706 1.31286081863
6696 1.11026652484 1.21803332352
6694 0.923641732559 0.923641732559
151 0.818266919904 0.818266919904
155 1.45823730506 1.45823730506
156 3.33604147462 5.01999346923
2433 0.947626362547 0.947626362547
2431 3.12187572724 3.26389719673
2430 2.21074201386 2.21074201386
2437 4.31381950589 4.40380673135
2434 1.99233346937 2.18046289976
6340 3.47446752232 3.47446752232
6343 1.9614446868 2.30781177198
6344 4.43834598507 4.43834599734
6346 1.25006364953 1.25006364953
6349 0.909642249924 0.909642284876
4510 1.5426953569 2.1522039333
6809 2.33517424138 2.33517424138
4514 0.996283055001 1.14414112905
4515 3.54520822592 3.54520822592
6186 1.76225976026 1.76225976026
6183 1.5055178491 1.65074679648
6182 2.54623726884 2.54623726884
2508 3.83135156554 3.94412402659
2507 2.14119441023 2.93126892264
2506 2.81792863681 2.86190756996
2505 3.31480915021 3.35593046223
2503 1.28956362986 1.28956362986
5289 2.24998377816 2.24998377816
5288 1.64123986485 1.64123986485
2721 1.85582058123 2.41643591158
5280 2.51510429548 2.86466910014
5282 1.24305049941 1.24305049941
5287 3.04805526764 3.04805526764
7234 0.499540076536 0.592695183006
7235 6.42117310892 6.42117310892
7233 1.14507476062 1.14507476062
5047 4.14246448806 4.14246448806
5046 2.90936877055 2.90936877055
5045 9.54541672265 9.54541672265
1807 2.35605143997 2.38738212013
3783 1.65122513468 1.65122513468
1804 2.49681775437 3.46999969559
1802 2.02788906766 2.44295752296
3789 1.97521939084 1.97521939084
1809 5.53776493574 6.09122923974
1808 0.932419689666 0.932419689666
4994 2.06200662056 2.06200662056
6239 1.00140835835 1.00140835835
4993 2.20720184732 2.55387163137
4991 3.28014062995 3.28014062995
6234 2.46296903923 2.46296903923
6237 0.186479478186 0.186610439693
4999 0.0752432311882 0.0752432311882
1948 0.599634401746 0.599634401746
7301 2.40024657528 2.40024657528
7307 6.5415147414 6.5415147414
7304 4.54151152678 4.84172281426
7305 0.0440010329018 0.0440010329018
1943 0.983078892129 0.983078892129
1940 1.88698676199 1.88698983798
1941 1.50048680203 1.77980669206
1946 1.01650838103 1.12040236615
810 2.18967868962 2.79794603445
1252 3.27670105704 3.27670105704
812 1.00113380941 1.00113380941
814 0.640546509522 0.640546509522
817 3.60266257148 4.18115603113
2859 0.751511356977 0.751511356977
5183 1.55562495061 2.24227401938
2850 3.27295786459 3.81756342025
2852 2.00016881103 2.27824078725
2855 1.41653227029 1.41653227029
2857 6.55722593322 6.60016456829
2856 2.43041129592 2.43041129592
7045 6.38466995786 6.38466995786
1491 2.89727281236 2.89728100291
5463 2.94384441253 2.94384441253
5462 2.49391653638 2.59047114176
1494 2.71364714031 2.71364714031
3336 2.31047190028 2.97417804838
1496 2.25236275327 2.31379949148
7042 3.31346783283 3.31346783283
1499 4.84419400325 4.86909646814
1702 0.734282337559 0.734282337559
7328 2.88504015384 3.6651150664
1705 1.39672029487 1.39672029487
427 1.85671913525 1.85671913901
4574 4.8337066948 4.8337066948
1129 2.50037020747 2.53598677906
1123 0.729861944396 0.729861944396
6983 3.99995236911 4.21617885661
6982 1.23164151355 1.23164151355
1126 0.207914364354 0.207914364354
6980 2.94753677375 3.02518559462
2982 2.64639412509 2.64639412509
2981 2.18612297551 2.96579623577
2987 0.14272279358 0.14272279358
3022 4.12192410031 4.12192410031
2985 1.91533749597 1.91533749597
524 1.49996834253 1.49996834253
520 1.74357332453 1.80601628216
521 5.46824241497 5.46824241497
523 2.58438938549 2.86628507304
1012 0.790858025739 0.790858025739
1013 0.499902714027 0.499902714027
1234 2.09394215896 2.57411104503
1235 5.8625780927 5.87624362327
1237 0.908027261382 0.908027261382
1230 8.94827240362 8.94827240362
1231 0.229870638008 0.229870638008
304 2.32775698029 2.64179119349
4195 0.166693994697 0.166693998362
4192 0.981968439395 1.09163507009
1239 1.76329769861 2.02632429524
5674 2.03764957934 2.63552177971
4355 5.24186638041 5.24186638041
4357 0.375729805258 0.375729805258
4353 2.99147176355 2.99147176355
6507 0.862163176662 0.862163176662
4900 0.266005845422 0.266005845422
437 3.99908034318 3.99908034318
435 0.179262048821 0.179262048821
433 1.9050367205 2.14442229639
431 4.71633890144 5.14749290091
7158 1.1837679038 1.1837679038
3808 6.2229251964 6.2229251964
3802 1.24898496318 1.34504761327
6437 0.521112589531 0.521112589531
6435 1.6668908856 1.6668908856
6432 3.68434196662 3.68434196662
6431 10.3850452355 10.3850452399
5707 1.24083385563 1.61290986794
5700 2.5939869077 3.02931832201
5702 8.09144151334 8.09144151334
6438 0.863593555307 1.00008647875
2868 3.73318915944 4.41450936043
2869 3.48930731932 3.48930731932
7553 1.07941277705 1.42377668912
7551 2.25935317914 2.25935317914
7550 1.62870212325 1.62870212325
7557 1.91603351348 1.91603351348
7578 0.499498041683 0.506507401365
4774 3.16134034976 3.34580777087
4770 6.37382784807 6.37382784807
4778 3.07517292674 3.07517292674
6421 0.11185939264 0.111862473456
4175 0.368178639234 0.36817866056
4172 2.15126226289 2.20864137984
6752 0.155553334851 0.155553334851
6756 2.7459875427 3.79819329398
4179 3.1343909528 4.96502134908
6755 3.55411172474 3.55411172474
7171 5.09420582395 5.50007953476
5815 1.58037711304 1.58037711304
5816 1.68194066899 1.82454365731
4296 1.95311397903 2.43595736399
7173 4.41730885368 4.60772201561
5064 0.667497526892 0.667497526892
4619 0.582130619218 0.886287745711
234 3.38877636061 3.93578086657
4610 0.364446194359 0.364446194359
236 3.13293068415 3.13293068415
4615 1.13095219921 1.13095219921
231 3.3647952224 3.3647952224
4617 1.89903278928 1.89903278928
233 4.8065441346 4.8065441346
7392 3.16766895244 3.16766895244
2223 0.380243493209 0.380243493209
5924 3.06956664369 3.06956664369
5925 1.48317136626 1.96081343728
4881 0.357024092666 0.357024092666
146 0.607769560167 0.607769560167
5356 0.147720894753 0.147720894753
5143 0.21505480578 0.21505480578
4501 1.24956409491 1.24956415519
4503 0.999989958009 0.999989958009
4502 0.500608381898 0.500608381898
4508 2.30287771457 2.30287771457
2089 1.44754118004 1.44754118004
2080 2.5005132694 2.63135674683
3403 2.5837722856 2.5837722856
2538 2.85868619104 3.01046825507
2539 0.23043253079 0.230540906356
2530 2.18633773971 2.54444972056
2537 0.553800672945 0.553806611244
2713 0.948396283509 1.3692012071
5453 9.29392730629 9.29392730629
2716 2.67691953742 3.31441267236
2714 2.24108975372 2.34229328849
2715 3.98984733667 5.99107205198
5078 1.58691715383 1.97355399234
7222 1.50017690517 1.6286973427
5456 2.34560180949 2.39412766783
7227 1.99995200201 1.99995200201
7226 2.51441450804 3.2575317516
5072 1.61056308699 1.61056308699
5457 1.56009919928 1.56009919928
5076 0.350996276316 0.350996276316
5077 1.95345042308 2.11800907197
1832 3.29925848523 3.33704359751
1833 1.0456203259 1.04562032657
1830 2.9695715283 3.00679982857
1831 3.08863345951 4.12235485375
1836 0.0911157533009 0.0911157533009
1837 3.50557991107 3.81522937174
1838 1.18891390459 1.18891390459
1839 1.21451857755 1.4641434578
2155 1.63151361495 1.82417194335
2156 2.87375223471 2.87375223471
2157 2.90425682383 2.90425682383
2402 7.94155576402 7.94155576402
2151 1.88806734581 2.07125854162
6240 0.852557903735 1.0314365843
4988 2.21406000939 2.21415281949
7446 0.253096711389 0.253096711389
2158 5.50079092409 5.6783321794
936 0.0397974209466 0.0397974209466
6246 0.872112751961 0.872112751961
2409 1.14146358783 1.62799203675
5381 4.9364099031 4.9364099031
5382 1.21609204486 1.5726773168
5383 2.47563412903 2.47563412903
5386 4.07283490575 4.07283490575
5387 0.03923160419 0.0397291202788
5388 0.385954451527 0.385954451527
1691 4.39884536008 5.2006098229
1955 0.860851393346 0.860860134626
1957 2.0007127189 2.33036744407
1956 5.29695578691 5.29695578691
1959 3.11428148183 3.53533014983
3243 6.27272613622 6.27272658382
3242 5.49999805835 7.24003332643
3247 0.939978500358 0.940047935812
7310 1.70691627408 1.95546530134
3245 0.819220725016 1.08852796867
3244 3.76515015525 3.85655968738
826 0.501515476339 0.501515476339
821 1.51904368954 1.66672146734
820 1.00147865255 1.06520276129
1483 0.714396614578 0.714396614578
1482 1.51047511558 2.12174607518
1480 1.49992862103 1.54349243585
1487 1.99709222632 2.058895658
1486 2.23958623445 2.23958623445
1485 2.01824079406 2.20857705397
7037 1.57994619558 1.57994619558
5496 1.76450156787 2.04341563827
3300 0.848824705814 1.26853757575
5493 1.99947801949 2.35665599389
796 1.23190256514 1.23190256514
795 1.53449008462 1.53449008462
5251 2.90151232791 3.56299707181
5256 1.00042397728 1.2371546328
5257 1.84309014948 1.84309014948
5254 3.74959699227 4.68620771113
1719 0.602859133707 0.602859133707
1718 1.38938636067 1.88493459497
613 0.367572017905 0.367572017905
2414 1.99980473907 1.99980473907
1139 1.78987431719 1.78987431719
1273 5.97809872373 6.12858632518
1995 1.00705286225 1.374686562
1275 0.0671003977568 0.0671003977568
5940 1.82202436406 1.82202436406
3011 1.80596117104 2.10931976137
3016 3.12644214292 3.12644214292
7141 2.90788016422 2.90788016422
3014 1.45397213956 1.45397213956
7143 0.69689316492 0.69689316492
926 3.15096842735 3.15096842735
1007 0.500943356729 0.55296341991
1005 2.24804945605 2.57436514511
512 6.81826562595 6.81826562595
515 1.11353141405 1.26044248894
517 1.99039829213 2.621974971
516 0.306385226753 0.306386991482
1226 1.4999511056 1.5206266168
621 0.636395759177 0.636395759177
1223 0.644819637909 0.644819637909
626 5.24274304658 5.47642791139
1221 3.1543662287 3.1543662287
4182 0.0891578863711 0.0891578863711
4184 2.91032260403 2.91032260403
4186 1.58903282487 1.58903282487
5662 1.68888899227 1.98579304639
6533 1.35152084368 1.75782641749
4349 1.00028318276 1.02303552868
7562 5.39381635647 6.21469846206
5669 0.500142364119 0.549283279853
4341 1.0009697917 1.19131919183
2883 5.63595769201 5.63595775048
7498 1.31469849079 1.41083043687
2887 3.0070380338 3.0070380338
2884 0.701533444903 0.701533444903
7493 3.20084863157 3.8448199502
7490 4.87007719513 4.87007719513
7491 2.50076526478 2.55044875486
7497 2.52214525594 2.52214525594
7494 1.96142259474 2.02414254587
3878 4.4630751751 5.67268548046
3879 2.01755579194 2.05155158197
3874 2.4371039487 2.48246036485
3876 6.39103775621 6.39103775621
6403 1.49979621384 1.49979621384
6400 3.34263846509 3.82729520593
15 1.84985407587 2.18421177228
14 2.23185729804 2.23185729804
6404 3.30783412382 3.30783552474
1921 2.44029228463 3.22452639266
19 2.50037469318 2.50159594194
7568 1.60595366799 1.82870955752
7561 0.153312377598 0.153313379724
7374 1.7727751689 1.7727751689
3907 0.470411050519 0.470411050519
3902 4.43754241059 4.43754241059
4761 3.10955361722 3.45177239096
4760 1.62730580642 1.88055408795
4763 0.238488568378 0.238488568378
4764 5.4397131306 5.4397131306
6748 2.02908343002 2.86680888313
4167 6.9977087772 6.9977087772
4162 1.38900428853 1.47620053423
4161 1.49013129089 1.87720364106
205 2.59205082934 2.77750577709
204 2.31810150378 2.76107591581
209 3.81899640167 3.81899640167
830 3.00373928932 3.00373928932
7181 0.329346456043 0.32937152017
2233 5.13762455533 5.13762455533
2232 1.19891249128 1.19891249128
5937 8.33440742685 8.33440742688
5936 0.726988784825 0.840434083641
5934 4.70051624657 4.99664316224
5933 3.68194184037 4.2281791772
5932 1.49691266182 2.05052334684
5931 1.87041142381 2.19813663058
5938 3.62287444781 3.62287444781
7140 1.81055741882 1.81055741882
3499 1.26094984804 1.45593122716
3495 2.26284365824 2.26284365824
3491 0.50015024325 0.50015024325
4570 2.5160386792 3.11940948768
4572 5.8188280145 6.00977289019
2096 2.8728101194 3.41185428831
2091 2.48728975885 2.53223583591
5096 7.93316219409 7.93316219409
4576 0.99935918221 0.99935918221
2092 2.18207948798 2.51198205351
3657 4.74971739665 6.15889689437
4604 4.77189159096 4.77189159096
2525 0.621039535066 0.621039535066
2524 0.670179765263 0.670179765263
2527 9.03725787145 9.03725794107
4602 3.02950769093 3.63145152407
6902 3.75215257807 5.10515995795
5065 0.793446033292 0.903924477497
4889 2.59699779001 2.59699779001
5067 1.45536561308 1.63427871766
5066 1.00090738949 1.09081625621
5061 0.183009145345 0.183009145345
2708 1.13193128372 1.13193128372
7262 1.82254268631 2.20506652948
5062 0.588430391998 0.588430391998
2704 1.29635476864 1.29635883304
5069 3.55997115167 3.8582770651
4885 0.634198730307 0.634198730307
2702 0.82269103984 0.82269103984
4193 1.81522605697 2.03814767669
1828 0.821636349642 0.821636349642
1825 1.64507422493 1.64507422493
7453 2.2306076357 2.90747619618
928 1.57880918918 1.63773525194
2146 3.66243622293 3.78118827494
7072 3.1594124634 3.1594124634
2142 2.25079061452 2.45949763979
2140 1.16221183173 1.16221183173
921 1.49949124101 1.49949124101
4498 1.37714300049 1.4555466595
924 2.07630238162 2.19692934674
4971 0.0835856022852 0.0835856022852
2149 3.26675613604 3.26675613604
5745 1.07144128893 1.07873921449
5392 0.00052127966293 0.00052127966293
5395 3.88537113656 3.88537113656
3276 1.08628313218 1.08628313218
3277 1.23138274953 1.23138274953
1924 0.694455604209 0.694455604958
1926 0.611096172668 0.611096172668
5749 1.54523692279 1.54523727751
3278 1.56829910957 1.70242438016
7369 1.50253215365 1.50253215365
3476 0.816237072438 0.816237072438
831 3.49999531153 3.49999531153
837 1.08322289617 1.08322289617
7361 2.49997656291 2.5498938833
3478 1.56562417131 1.76954131737
5586 3.48083271687 3.48083271687
3332 0.175404588555 0.175404588555
3318 0.0830518563589 0.0830518563589
6571 6.00035460459 6.08575496604
5488 0.916083484364 1.10785520935
5484 2.12538131855 2.60136073817
5483 0.996454034359 0.996454034359
5482 1.8763674708 2.21727824986
5481 1.81221827792 2.07186450081
5480 5.20124819127 5.20124819127
785 0.666623479126 0.666623479126
786 2.96112140056 2.96112140056
7450 2.48115052244 2.48115052244
1728 3.27104350963 3.27104350963
783 0.499882359834 0.499882359834
6591 3.50020760619 3.50020760619
1727 1.58504952008 1.58504952008
5246 1.5711011133 1.64866785662
1722 1.71223058138 2.58843348689
789 5.39011780838 5.39011780838
1720 4.31770450066 4.31770450066
5242 1.99958506456 1.99958506456
7594 1.19966093511 1.19966093511
61 3.49914641073 3.58336294404
3006 1.46255252278 1.46255252278
3000 2.11645419033 2.43996565284
66 1.89296806259 1.89296806259
68 1.91703512965 2.13611483157
69 1.21911581771 1.96727341942
3008 1.00012288737 1.00012288737
7159 1.10770805172 1.46060508747
1370 4.96803743497 4.96803743497
7153 0.788572952722 0.788572952722
7152 2.20535506007 2.20535506007
1584 0.424199396589 0.424199396589
1585 1.02382412607 1.31124813732
6826 1.00911720021 1.10981184485
509 3.82577943242 4.02409210034
1032 1.62178108066 1.62178108066
505 1.35106384938 1.35106384938
502 4.14453975431 4.46422574308
1037 1.91614897299 1.91614897299
1212 0.768364089718 0.768364089718
1210 2.99772517518 3.02452494273
633 2.05396223194 2.05396223194
1216 1.49921086958 1.6963548715
635 1.97238128062 1.97238128062
638 3.64732312783 3.64732312783
1218 1.17042339121 1.17042339121
1219 2.08761891682 2.7964554538
6521 2.09670917242 2.49302615318
7484 2.45312433521 2.87064901516
7487 3.84536704264 3.84536704264
4379 2.50809925715 2.50809925715
7483 1.18821544429 1.18821578414
5659 2.06099507935 2.82787200138
5655 1.07814329202 1.07814334417
5652 0.874984128853 0.874984128853
4377 5.41545019229 5.41545037068
2899 3.48412962321 5.32560700562
2895 0.567436620308 0.753609672613
2891 9.1869431383 9.1869431383
2890 3.49974017178 3.8039199075
1106 1.70401986774 2.26844793889
1455 4.77082330563 5.34271943998
1102 3.50034372994 4.95019668048
1103 1.35966228961 1.35966228961
1453 0.70881782519 0.822974538546
1458 2.03100049468 2.64002174829
1899 2.74977230423 4.06960703457
4082 1.42028674506 2.2592437216
3868 1.66704332163 1.94433365315
4088 3.6185668959 3.6185668959
5241 1.49850429118 1.49850429118
3738 1.27581675117 1.37113194956
3866 0.0917287062995 0.0917287062995
3864 10.9289091242 10.9289091242
7073 8.40926500093 8.40926500093
3735 3.90862701493 3.90862701493
5729 2.7170104977 4.07924854039
6419 1.05531389855 1.6117419509
6418 0.800107193723 0.929024984201
6415 1.95896348676 2.38501229537
5723 2.27832230378 2.27832230378
5720 2.17757873483 2.39197336994
5721 2.81326353267 3.27882794743
6411 4.43388018332 5.30075094226
5727 6.62756781135 6.62756781135
5724 1.73822372005 2.12759213486
5725 0.333327803932 0.333327803932
3913 1.48831899274 3.60092501714
3912 1.68740525955 1.74193008553
3918 1.69069721907 1.99361777616
6732 2.4997563535 2.4997563535
6734 0.662164849574 0.662164849574
6736 2.65455545306 3.70118179267
6737 2.61611195927 3.45629328265
6738 3.51995248309 3.51995248309
4796 1.66495435322 1.66495435322
4790 1.66313360672 1.80897150957
5836 3.08176894376 3.08176894376
4153 1.90348287389 1.90348287389
5834 3.69052148216 3.69052148216
5835 2.50022178147 2.56937421374
4154 1.37701432768 1.37701432768
5831 0.000354890564804 0.000469605183544
4159 4.49813749043 6.22129590906
4698 4.31300539204 6.36139253168
219 2.73317077787 2.85444719035
7464 0.58839063501 0.58839063501
6087 2.52399850658 2.52399850658
6084 3.15427219497 3.15427219497
6083 2.71368973488 2.71368973488
6644 1.16649808186 1.35380304352
6640 3.45113494755 3.68314898447
6642 1.75313335567 1.75313335567
5902 2.74743275989 2.74743275989
5904 1.28021348088 1.28021348088
5909 2.74228116874 2.74228116874
6497 0.238438380973 0.238575926331
3488 4.43903216262 5.1408797709
3481 5.64684017007 5.88288219879
3480 7.58309467973 7.58309467973
3482 3.36780935085 3.36780935085
3487 4.99765659356 5.43593122068
3486 4.39983996556 4.39983996556
4566 2.49322545528 2.49322545528
4565 1.05259306694 1.16404523959
4569 2.15479103285 2.1990201883
7080 2.82223338227 3.38886583595
2551 2.52205436771 3.81808606897
2552 7.58619920963 7.58619920963
2554 1.52101365845 1.79099639719
2555 1.5032964758 1.5032964758
6396 1.07283204214 1.07283204214
6397 5.45448137221 5.45448137221
2397 9.99991571848 9.99991571848
2394 1.11501440454 1.52370590856
63 2.3609514327 2.3609514327
5013 2.38754661885 2.38754661885
5014 4.91579101368 4.91579101368
2771 1.86958700399 2.79247683973
2772 1.74058094532 2.29764586811
4897 1.50097841363 1.58270027874
2775 1.75003113737 1.80278666071
2777 1.49995106261 1.55475573617
1859 0.499851590982 0.668905235597
6260 4.79382477136 4.79382477136
4418 2.00692576059 2.86536999123
4417 4.99985182154 4.99985182154
4416 4.46419722664 4.46419722664
1852 4.43120567632 4.43120567632
1853 0.756010053482 0.857743659502
1855 0.383382674322 0.383382674322
6269 3.33415926609 4.03247850315
5168 1.41782379884 1.41782379884
2171 0.760356213651 0.760356213651
2176 3.0741633486 3.0741633486
918 0.673024247938 0.673024247938
6063 0.493902007298 0.617164743661
4967 2.51909228216 4.23927223573
914 5.64089282387 5.64089282387
917 2.27488834666 2.27488834666
2179 1.23244413331 1.23244413331
912 1.49875583621 1.74322837319
2603 1.55480662276 1.55480662276
2609 2.63920156779 2.63920156779
1930 7.09798458687 7.09798458687
1937 5.62069200937 5.62069200937
3269 1.50052710925 1.52881194987
1939 3.31493870559 3.31493870559
5127 2.05983053171 2.19953083301
5121 2.02106298881 2.63793571524
845 1.97337788382 1.97337819052
3464 1.59321590478 1.59321590478
3463 2.42275818579 2.42275868556
842 1.81296228646 2.07041104388
7091 3.20368841041 3.20368841041
7375 0.572584078186 0.572584078186
848 1.85971197824 2.2010876839
7012 1.02367668145 1.20868908255
7013 3.89700894787 3.89700955675
7011 0.881959161579 0.881959161579
1731 0.304407488627 0.304407488627
1732 1.99793434917 2.50040229318
5234 2.35790604786 2.35790604786
1806 5.38152275947 5.49179409113
758 2.95965626882 3.31717924134
7088 1.05888140339 1.05888140339
1595 0.723285559981 0.723285559981
6887 0.698926053412 0.698944689786
1597 4.96042247507 5.19676599097
3074 1.94081435159 2.58219649185
3075 2.16481928881 2.29096343936
1592 1.17720224726 1.27351314243
3078 0.305337355079 0.305337355079
3079 2.53374187125 3.37720197602
1599 3.93806933199 4.17746097481
1598 3.27605027673 3.27605027673
6889 1.99895163976 2.08332936806
5344 1.66698864658 1.74056932051
5345 0.373145751572 0.373145751572
7168 2.074834573 3.1452610923
1021 2.5351961725 2.5351961725
1023 4.54557444024 4.54557444024
7163 0.999960108514 0.999960110449
7166 1.70707309458 1.85499199905
7164 1.56495349321 1.56495349321
7165 5.54757196837 5.54757196837
604 3.14139964457 3.14139964457
4367 2.42015657345 2.70650384761
4361 4.17930169772 4.17930169772
4363 6.94501912597 7.73415845327
4362 2.64332541413 2.64332541413
1203 3.92346871684 3.92346871684
5649 3.00565443799 3.61944335935
1211 2.07717798312 2.07717798312
5641 2.06788894636 2.06788894636
6041 1.233740045 1.42644035252
5642 1.82985697912 2.18047276932
5646 0.416553047858 0.416553047858
6335 0.748288258539 0.748288258539
3105 2.9281322511 2.9281322511
3107 5.23012848416 5.23012854471
3102 1.25015631087 2.01220589349
3103 0.143118880937 0.143118880937
1112 2.57013786966 2.57013786966
1443 6.00540638109 7.48487428866
1114 6.23838113859 6.23838113859
1116 2.29139127282 2.29139127282
4093 6.84362324915 7.24753875526
4091 4.82900514201 5.6103648257
6332 9.16980107995 9.16980107995
5737 1.80720085724 1.83796402975
5736 0.749769473859 0.749769473859
489 2.57749284878 2.62551192286
488 2.1580356809 2.1580356809
487 0.454418248935 0.454418248935
485 2.00155322088 2.80086738024
4587 2.72940691553 2.72940691553
480 4.84607920918 4.84607920918
7585 2.82080384281 2.82080384281
6463 1.10323453636 1.21215374149
7580 4.93833525351 6.07686917277
4725 2.87807007488 2.87807007488
4851 1.50072975227 1.58141293049
5300 4.00209783373 5.29259494442
3926 1.08051939936 1.08051939936
3927 2.09363374052 2.68884595358
3924 2.25036515333 2.25036515333
6526 0.23138610816 0.23138610816
6722 1.00521449412 1.00521449412
4782 0.231357785351 0.231357785351
4781 2.86202745792 4.84855055786
4149 5.99930404013 5.99930404013
5827 1.18223541914 1.54870114166
5826 2.49443533151 2.91101322812
4144 2.33802696655 2.33802696655
4141 4.90028710762 5.50109182073
4143 1.21894830855 1.21894830855
3857 4.31347734493 5.38308980329
3855 1.36267222953 1.36267222953
3852 1.31439011638 1.31443141366
3859 3.99952373865 3.99952373865
6099 1.45871976337 1.74719800817
6098 0.249814950517 0.249814950517
6091 3.78045662396 3.89623762202
6094 1.38359865004 1.38359865004
6917 5.20209074584 5.34950834583
6657 6.83349154591 6.83349154591
6655 2.00727208762 2.02379839685
6048 1.41958291613 1.41958291613
6651 2.10526175886 2.1052622475
5915 1.88207094805 2.18927220745
5911 5.09418161265 5.71940473352
4820 2.4723179861 2.76195441952
199 0.887310011096 0.887310011096
195 2.60479400111 2.60479400111
196 5.9820030052 5.98208345386
190 0.908436219196 0.908436219196
6384 3.25760300215 4.21908366925
6387 2.41227068996 2.71487134317
3679 6.00551777615 6.26383419971
4558 1.58741680457 2.28144471478
3676 1.99739851047 2.62546757748
4553 2.50010025447 2.78404863377
4550 4.14254153254 4.42954612158
2541 1.07355155596 1.17129148216
2546 1.17514599117 1.17514599117
2380 1.70785436146 1.70785436146
2383 2.61999613331 2.61999613331
2386 1.30656121548 1.66200163759
3580 0.601247082401 0.735439183022
3583 3.82419134129 5.18688696569
3585 2.90960959745 2.90960959745
3587 3.62470605581 3.75820777985
2761 2.22501035344 2.60553069066
2767 1.73238060088 1.73238060088
2765 2.06568867084 3.06878784418
2764 2.17184731015 2.32141842769
6913 3.28010532771 3.28010532771
902 1.24657719567 1.24657719567
1849 1.67696983853 2.86948251134
6277 0.500747128439 0.510773488125
6276 5.99903351398 7.84749028389
1843 3.57084362961 3.57084362961
4423 1.95965123676 3.09646632387
4420 0.952041214743 1.06135647207
1847 3.79995811429 3.79995811429
6077 1.99863324958 2.79616171344
2168 1.07457841249 1.07457841249
6071 1.66532152031 2.24227283595
6070 6.10469040075 6.10469040075
4951 9.0760648209 9.0760648209
4956 1.35132898292 1.62802187278
2160 1.36788631724 1.36788631724
7309 0.129329715985 0.129329715985
2613 2.61083136527 2.61083324394
7095 0.361678183122 0.361678183122
2618 0.500164896607 0.500875263138
7347 3.10153444016 3.10153444016
7345 6.99997754731 6.99997754731
3298 0.5000287004 0.600897773186
5138 1.48108908578 1.48108908578
3294 0.0868674667478 0.0868696873165
1907 4.83170939442 5.82860183543
3296 4.31297507417 4.56653090556
3297 4.65918156845 4.73940755956
3290 0.366631160955 0.526872562575
5132 1.56738265571 2.56982696307
5131 5.81482402204 5.81482402204
1901 2.1484359726 2.63669827321
3452 1.85405545426 2.5560776494
3450 2.33121224743 2.53635387504
3456 2.66509758583 2.66509758583
851 2.04867436522 2.93243938871
3455 0.991021928495 0.991021928495
3863 1.47659854643 1.47659854643
6 0.906661213047 1.00443465733
7001 1.37174204079 1.74203509893
7005 0.518601278286 0.518601278286
7006 2.14080594396 2.54639020284
5229 1.69766003186 2.09690147822
5228 3.61380032488 3.93498708361
5223 2.85353782285 3.34457388148
5224 1.0665489807 1.0665489807
743 4.34418524975 4.34418524975
744 0.96998048344 0.96998048344
745 1.25234292236 1.55199284806
746 3.29362721246 3.29362721246
747 5.30720055803 5.30720055803
748 11.0495527811 11.0495527811
3062 1.89430845742 1.89430845742
7177 0.576947567446 0.767135522813
7176 4.55356009514 6.21173982689
6895 1.55449166733 2.38143385099
3065 5.27420796682 5.27420796682
3064 2.22244243617 2.99933801104
2947 4.54309673191 4.54309673191
3069 1.68610682659 1.68610682659
3068 1.00405255976 1.20774763205
7178 3.15223505694 3.38985334944
2941 3.50098873569 3.61526579561
1051 2.71194995406 2.84972057725
1053 3.50730984594 3.83420486682
1056 1.7667753756 2.14867213189
1057 3.48625287916 3.48625287916
1693 3.24517724255 3.24517724255
2919 1.03665228357 1.12039145039
1699 5.23046462811 5.23046462811
4311 1.69228040851 1.69228040851
618 3.35261448979 3.35261448979
4315 5.76583915366 5.89922889818
4317 2.15815788487 2.15815788487
1797 0.930600229734 1.13705323
611 2.25560527753 3.00567967049
617 3.29589498062 4.1391401403
7574 0.157345298123 0.157348084854
3118 1.42118687929 1.42118687929
3116 2.92960758888 3.09759711003
3115 1.79187468753 1.87969529462
3110 1.92525850012 2.29965523234
7579 0.87743175 0.87743175
1470 2.9294476077 3.20332001412
1474 4.49701733962 4.53505580465
1475 7.80572987338 7.80572987338
7041 3.16082434768 3.16082434768
6143 0.526983588817 0.526983588817
1479 6.58915581917 6.63531880706
5464 1.11486653625 1.11486653625
1301 0.666194385632 0.666194385632
7129 2.24952581757 2.42548241704
1308 2.5708648197 3.58571080331
6410 1.71463630632 1.78571952411
5740 5.76919822655 5.76919822655
4229 1.00124936706 1.00124936706
3597 0.999084319164 0.999084319164
496 0.104466289382 0.104466289382
4227 5.99888354335 6.30153369775
490 4.87012592973 4.87012596652
4221 1.42679749307 1.64285310821
493 3.22157957614 3.47345653871
24 5.49744517217 5.59582823715
25 1.45996934305 1.53420571232
5584 1.51164888411 2.24962181173
22 3.21216596068 3.4845073937
23 3.4227568185 3.4227568185
7595 1.00079153744 1.25062836911
6470 2.56148458324 3.49772320585
6476 7.36639419492 7.36639419492
7591 0.700232047091 0.840688046162
5589 2.76895953248 2.76895953248
3938 7.38637018113 7.38637018113
3936 2.77756148828 2.80851942783
5265 1.73190380387 1.73190380387
6718 1.33363613465 1.33363613465
6716 4.38206898034 5.0543984577
6717 2.22821670962 2.22821670962
6710 1.88855349481 1.88855349481
4138 3.73258779363 3.73258779363
4130 2.79322888266 2.82397520885
7474 1.42344857831 1.79003970494
5692 2.02468367434 2.6299625112
3840 1.30554111874 1.89229026245
3843 6.00127697214 6.08379977428
5691 3.36643929175 3.36643929175
5694 0.484512892868 0.484512892868
3849 1.55051535445 2.15692048244
1872 1.82679573647 1.82679573647
4046 1.90833263933 1.97287330902
4047 5.75057258964 6.31021872832
4048 7.02474705581 7.59908920027
5968 0.0476347889266 0.0476347889266
5969 1.28573260357 1.50175828364
5963 2.07685555632 2.07685555632
5964 1.50605536161 1.51187431351
2289 0.503817443924 0.503817443924
3667 1.22368206293 1.22368206293
3661 2.9909228225 4.00445405551
2280 2.75888917454 2.75888917454
2282 3.45188457357 3.45188457357
5433 5.50094356956 5.5451679348
2287 3.38761826775 4.69979792399
4543 6.57195797582 6.63849524641
4546 0.92330895117 0.92330895117
2579 0.0458879471645 0.0458879471645
2572 2.91840808266 3.20825044325
2570 2.54066729927 2.54066729927
4534 1.30665657584 1.6457997432
2378 4.6922994503 4.6922994503
4827 3.04448061682 3.40519263348
2376 0.882874246554 1.04793837162
2370 1.91005577411 1.91005577411
2373 0.0302881983584 0.0302881983584
3592 1.19984389557 1.1998467791
2596 0.965889271085 0.965889271085
2590 1.25027727859 1.25027727859
3595 1.53384887578 2.39704427597
3594 2.02488424367 2.20537367755
5036 3.96402075272 3.99546550838
6280 2.50729681472 2.68040086929
5030 0.500406880818 0.500406880818
4531 2.62517578907 3.19415941557
4434 0.227708889971 0.227708889971
4437 1.73170739554 1.76965304102
1084 4.37358357715 4.37358363304
4431 2.36325239556 2.36325239556
4430 0.72585735726 0.72585735726
4433 1.553593624 1.55359445869
6283 1.75151154903 1.82557571489
4438 8.44467946263 8.44467946263
1878 0.61594087328 0.61594087328
6595 2.84738909651 3.8327823442
970 1.45561267754 1.45561267754
5581 2.92035965664 2.92035965664
6287 1.49572874808 1.49572935174
4949 3.00209633015 3.08436035789
4948 1.66132941533 1.66132941533
6282 2.25351197184 2.9486207213
978 1.00128914711 1.08566802228
6043 2.27972611745 2.5997091093
6040 7.49777746648 7.51250969709
181 4.84622794272 4.84622794272
186 1.4102167555 2.18434100852
6044 0.274953976873 0.274953976873
6045 3.24891977129 3.79508706855
2112 1.63910837831 1.63910837831
189 1.75747895439 2.12295868961
2114 2.86177832083 3.12860184327
2115 0.971690860439 1.06475305183
2117 1.61553744647 1.61553744871
2627 3.51901723775 4.12413117593
2624 4.18017417499 4.18017417499
5837 6.1983504755 6.22292752218
7351 3.44659486204 5.44734050547
1918 1.81239790236 1.81239790236
7355 1.44780170292 1.44780170292
4924 2.61423709286 2.61423709286
7357 3.78215004171 3.78215004171
7356 4.19602946646 5.59764701917
3287 4.99633472163 5.8586985617
3286 2.62706971078 2.62706971078
3284 1.93939988733 2.06837223132
188 2.83303782595 2.83303782595
869 2.25578157515 2.44490275866
860 5.50296949639 7.35364090958
3440 3.25105859325 3.8568732126
3443 2.16887542176 2.16887542176
2027 2.6800294505 2.6800294505
2750 3.85699158773 3.85699158773
2023 2.38448884943 3.14346978675
2758 2.83105533175 2.98512665749
881 0.69013763415 0.690146230785
886 0.375228965283 0.37522896581
888 1.56665933503 1.64388846837
5217 2.18950357289 2.52166580085
5214 3.71439400435 3.71439400435
5210 1.82854445463 2.04968791092
5211 3.68795223654 3.71482620261
5218 2.50536190203 2.50536763678
5219 7.50038618785 7.50038618785
7504 5.00804290244 5.00864098776
5414 1.49982676848 1.97578252693
777 0.869541319849 1.16977278403
770 3.07355137556 3.30524416234
772 0.875198623863 0.875198623863
7503 1.00050091118 1.00050091118
779 4.50131972244 5.95641322155
7638 0.0510514269353 0.0510514269353
4675 3.4608503734 4.04360237749
76 1.49172932483 1.97227510238
2978 0.473040670491 0.473040670491
72 0.643963916605 0.643963916605
3058 6.00024517841 6.2609279386
2972 3.77596143753 3.77596143753
2973 4.6601055657 4.6601055657
3054 1.78633833439 1.78633833439
3052 1.13668353991 1.4623860242
2977 1.66185962862 2.10024546416
3050 9.11628607784 9.11628607784
2975 3.53917015772 3.53917015772
1042 1.51022218895 1.92399999149
1041 2.11073482407 2.33566050825
1040 0.756449399122 0.756449399122
1046 5.08323687522 6.46750535857
1049 2.57016299573 2.57016299573
1683 3.23352048128 3.23352073517
1685 4.59091396368 5.35751813496
1684 2.77026171614 3.04370619958
1687 2.62565946768 3.29847521564
4802 1.71991189923 1.79675497424
7354 3.0018191164 3.0018191164
4301 1.63524074747 1.71018342821
1268 1.8160183911 1.8160183911
1263 1.99998865401 2.20275328435
1261 3.11495915984 3.11495915984
4308 4.34483777746 4.34483777746
1267 1.48630510342 1.61683914858
1266 3.73005039659 4.51966115894
1264 3.75708659569 3.75709233747
7359 5.48091181874 5.48091181874
3021 1.00162134266 1.30948973203
5103 2.49705217471 2.53427889352
3128 0.907782513524 1.22616340733
3129 0.716748521616 0.848354417641
7619 0.92405107033 0.92405107033
3122 3.57269215892 3.57269215892
3121 1.00075546484 1.00075546484
3127 2.16682971472 2.16682971472
1914 2.54554455111 2.54554455111
1465 2.03282565212 2.1950356137
6065 3.50740218016 3.84459709521
1461 2.66645624031 2.66645624031
1313 2.052532931 2.24049289229
1312 1.4024328629 1.71406973998
1310 5.98477355255 5.98477355255
1319 3.54438435265 3.54438435265
6914 3.74999577352 3.74999577352
6915 0.66452909247 0.66452909247
6444 2.0528760314 2.65217400319
5750 0.159106841006 0.159106841006
5757 1.58138492546 1.58138492546
6440 3.17421893374 3.60340581659
5754 0.432884464607 0.432884464607
4236 3.81571551294 3.81571551294
6919 4.23743946134 5.49136870875
6124 4.66735353062 4.66735353062
312 1.60973675436 1.60973675436
311 0.758836101303 0.758836101303
316 1.56536372732 1.77139635484
315 3.27080050936 3.27080050936
314 1.96710372442 1.96710372442
6701 1.00142302951 1.00142302951
6703 3.4459623119 3.44604522872
6702 0.920931948492 0.920931948492
6705 5.42460181883 5.42460181883
6704 3.96761323492 3.96761323492
6707 0.501100019279 0.670013923899
7435 2.41974429669 2.41974429669
7436 3.66596359407 4.3575817518
7437 3.13600216652 3.83979500941
7431 2.59055838875 3.49773559969
5685 0.800321351241 0.800321351241
5687 1.46997938779 1.76245104826
5681 1.67630789691 1.74951709678
5683 0.553765635579 0.575250875632
1330 1.76638059791 2.34660624185
6674 1.11472385396 1.11472385396
4704 1.83953274815 1.83953274815
6671 1.31286828836 1.31286828836
4054 2.51714100723 3.18674980347
4053 1.76870823289 1.76870823289
4052 3.57010682274 3.57010682274
4050 2.00012805342 2.23619201361
6218 0.815913844739 0.815913844739
5976 5.9978966418 6.05006232025
5974 0.862678021242 0.880617462569
2299 3.37146008762 3.95832578086
3613 3.62492800404 3.62492800404
3614 4.15196553034 5.19894916845
3615 0.317736182384 0.317736182384
3616 0.140807738695 0.140807738695
2292 3.22175420341 3.22175454439
6939 4.21401100539 4.2433050887
2561 2.10627531134 2.62625426188
2562 3.14296874153 3.96419553682
2566 4.66879282087 4.66879282087
2368 2.50183122618 2.74610987097
2367 5.99996052259 6.43017351048
2366 0.428571474618 0.428571474618
2364 1.36983709176 1.42334188744
2587 4.06023433052 4.06387251202
2586 2.9370165695 4.39842740089
2585 3.68751983787 4.56374234463
2584 2.01161152414 2.44594798884
7294 2.50115440897 2.56130369329
7295 1.14829837067 1.14829837067
2580 4.36388566151 4.36388566151
5021 6.22610598083 6.25873552701
5024 2.51420732058 2.56755973719
5026 2.28339099266 2.4847201879
4441 2.39412979132 2.39412992291
4442 0.951547729921 0.952009889369
4443 3.22704196799 3.22704196799
4444 0.864455978271 1.02598213849
4445 8.5627892649 8.5627892649
1867 1.99986519092 2.01839547039
1866 0.42054079729 0.42054079729
4448 2.83506672484 2.83506672484
3721 3.44544688338 3.44544688338
3722 0.78670377902 0.78670377902
961 2.42850075738 2.86786307498
6299 2.21319352626 2.71456016116
963 0.506827170007 0.545580529589
6297 2.88528444242 3.01559838747
6293 1.46025009286 1.46025009286
4688 3.48978278204 3.98131066619
6290 2.05086984704 2.05585592146
2108 2.8330578866 3.54320917128
6059 1.85103089229 1.85103089229
2103 1.50076065206 1.94574670063
2102 1.1629674465 1.25988676547
2100 5.44356341013 6.39342479606
5575 2.27777887898 2.27777887898
2105 1.49353204265 1.49353204265
5117 0.615186017962 0.615186017962
5113 2.76253448931 4.00193195283
2634 4.33332243994 4.72579246151
2636 1.58155649166 1.58156009863
2631 2.8219703598 2.8219703598
2630 2.94520399153 2.94520399153
5571 2.99860170594 2.99860170594
5292 0.503546877323 0.663097451766
3438 0.907186666686 0.907186666686
3439 0.153625728444 0.153625728444
878 2.08158304956 2.08158713537
879 3.38158300345 3.38158300345
3431 6.36965720365 6.4546453301
872 0.751340875474 0.751340875474
873 0.372988908883 0.372988908883
4592 1.5211740221 2.13634988272
4593 2.36557230426 2.66089318381
2743 0.416777169576 0.416777169576
2033 1.23085822867 1.58634690475
2032 7.63506665605 7.63506665605
4595 1.21993709613 1.59837621454
9 2.27705421765 3.12855884478
4840 0.22210542966 0.22210542966
3097 3.23072899047 3.23072899047
890 0.0125126941638 0.0125126941638
5200 4.2200200167 4.2200200167
5203 3.80016659462 3.80016659462
5202 0.499965953905 0.506866004201
5204 1.25088314147 1.3040425667
7320 4.03964060974 4.88635129264
3545 1.33034439709 1.62709471457
3547 5.61418183794 5.61418183794
3543 1.49012542511 1.49012542511
7323 0.846184468475 0.846184468475
2965 0.179193969975 0.179199771204
2964 1.46115160368 1.77127309993
2966 0.635438316746 0.635438316746
2961 1.55467775745 1.99975142708
762 2.24824981378 2.24824981378
1781 4.16746436927 4.16746436927
767 2.00018965589 2.0547698851
1786 2.90032280221 2.90032280221
7113 3.62591484731 3.62591491725
7112 2.34804464648 2.34804464648
6878 1.93405192924 2.04400113467
7119 2.41314362726 2.82762207233
7118 1.40078173582 1.40078173582
3045 1.01529590316 1.13882891094
6872 5.46979011054 5.62588361806
3046 4.66095793889 4.66095793889
1079 4.04228421251 4.33949897698
1077 2.02657915014 2.03254416517
1074 2.2902094037 2.2902094037
1072 2.94536482003 2.94536482003
1073 1.42641623999 1.43251405006
1070 1.9536643456 2.29823491652
5372 4.98822048283 6.57811348937
7290 5.49913578775 6.66769321728
1678 2.72986914482 3.12068294268
1674 1.08879970869 1.64820518227
678 2.30574523392 2.30574523392
676 1.6313005994 2.19678650716
4333 1.80618961717 1.80618961717
4330 0.187783189841 0.187783189841
3131 4.87386389462 4.87386389462
3130 0.831756527868 0.831756527868
3139 3.17422098808 3.20518518781
3138 0.692429374312 0.692429374312
7608 1.92611176422 2.7977232477
7607 4.00437576795 4.04281184498
7604 4.1325814111 4.1325814111
7600 2.50006286834 2.61669895152
6018 2.54562274607 2.54562274607
1412 4.58775335009 4.58775335009
1413 5.99767718655 6.64058817314
1416 0.53896214065 0.53896214065
1327 2.81258852062 2.81258852062
1325 2.139101669 2.36400395979
1328 3.04655885272 3.04655885272
6450 1.55445371095 2.06124561117
6455 3.46534544653 3.4973922755
6454 3.49940583377 4.309919002
5768 4.49932040765 5.14728830711
6456 1.27428385044 1.72664166166
6458 4.69592289811 4.96850722563
4645 0.499527425503 0.569588263308
5762 0.12672575883 0.12672575883
4207 1.86665245244 1.92524896302
4636 4.50073258977 4.50489879815
5565 1.24741977987 1.49283215674
5562 0.974952759663 1.21710596383
1256 0.219168076384 0.219260629316
1526 3.87668644341 3.87668644341
1520 1.65982171326 1.65983679687
308 1.9615680386 2.4694520322
3953 2.00810830337 2.45436491188
303 1.55746075075 1.78532989333
3957 3.20701280294 3.20701280294
307 4.66623767925 5.43184904819
4113 3.98229405398 4.52628979457
7420 4.00140180475 5.5005709516
3340 4.17968659304 6.67740427334
5159 1.61610487401 1.61610487401
2475 2.6634376095 3.04008309357
6601 1.16796583877 1.16796583877
6602 2.1833179891 2.1833179891
6439 3.00102788431 3.03962634272
6606 1.24868839699 1.24868839699
7109 1.09274789409 1.12478042361
6608 1.28084576827 1.2808457796
5946 0.0701034607793 0.0701034607793
5945 0.624281626318 0.749875807471
4064 3.87034780033 4.43889934741
5941 0.999972989701 1.3228828772
2976 2.31069788526 2.58327527123
4068 4.77408166475 4.77408166475
4069 7.91590870036 7.91590870036
5948 3.45697913878 3.52634279293
5949 1.83197872965 1.83197990135
5785 0.862255133308 0.989528649807
5786 1.85912364027 2.24666098924
5782 4.85104570303 4.85104570303
5019 4.98879276749 4.98879276749
3051 2.79295468331 4.2990669739
3601 2.90790344116 2.90790344116
3600 1.3352029027 1.3352029027
3607 4.40741847898 4.44590510286
3604 3.18283839597 3.18283839597
3608 1.48567683338 1.48573601381
5361 1.09096679141 1.09096679141
4894 3.73624414739 4.86990062065
5367 1.76772724444 1.83679124604
6115 3.59797846469 3.62839144768
6117 1.22983447688 1.22983447688
6112 4.40747577317 5.62825180208
2358 1.74999791717 2.1326219417
2353 2.38723367229 2.38723367229
5368 1.49936545437 1.7302470764
2355 3.13641093377 3.47663301871
4450 5.35304872205 5.35304872205
4456 2.54419303813 3.08293063551
4455 8.13304511772 8.13304511772
4454 1.52079258192 1.52079258192
3736 2.82768538218 4.90995799812
4459 1.5788969392 1.5788969392
3733 5.48483410621 6.1515428833
476 1.07313617122 1.53318606254
3730 3.57281467618 3.87649263274
4922 4.07323819809 4.07323819809
4920 1.92492503467 2.40286120762
4695 3.25026482194 3.57984507947
4697 8.94650807123 8.94650807123
2131 3.00336258131 3.00958934382
950 2.23476521092 2.58852002678
4929 4.4150863513 4.97153961911
954 0.000133367067257 0.000133367067257
6022 1.55940811783 1.55940811783
6026 1.34824548106 1.67847945489
2649 2.51908686038 2.51908686038
5167 1.60722259171 1.99078517228
2640 1.76575448859 1.76575448859
2645 2.50021166562 2.6301610964
2647 10.7743876273 10.7743882473
3429 2.32098944129 2.77103918361
3423 1.40412142837 1.64948942605
3422 1.81193581901 1.81193581901
3421 1.17044320085 1.20741995944
3427 2.61648685404 2.61648685404
3426 2.3713770537 2.62250373034
3424 1.77268466023 1.77268466023
1850 0.136227775806 0.136227775806
2000 3.678821875 3.71234029508
6337 1.57725694835 1.59243213487
2007 1.07618805195 1.18683747799
4859 6.00920683335 6.00920683335
2005 1.64713899307 2.04202639058
2008 0.784893840001 0.784893840001
4415 2.00058326698 2.50008584405
4583 5.21974279246 5.44640276763
4582 1.98564575851 2.17247000722
1269 3.24995251642 3.28817921313
3554 0.499762532253 0.506656790119
3550 3.82034629098 3.82034629098
6966 2.2046238276 2.2046238276
3558 2.59908239972 3.27979330019
6061 1.99971532463 2.33770816524
2911 0.871037895937 1.17827599329
1799 1.25515306783 1.25515306783
2913 1.28503739021 1.65160532468
1793 2.00518341357 2.16551067807
1792 2.47769941518 3.10735744401
715 0.722703567467 0.722703567467
714 3.22398477237 3.38451591598
713 1.23310986626 1.23310986626
712 3.9165640076 3.9165640076
4966 1.07416646053 1.36184371842
7127 3.00918377789 3.38583038218
6840 0.863888469833 0.863888469833
7125 1.97990842402 2.04727443755
7123 1.03904987148 1.03904987148
6844 1.86776602781 1.93430074433
7121 1.22404878551 1.52401893357
1069 1.05631052604 1.33562736382
1068 9.00035280152 9.00035280152
4964 2.10126340052 3.03320744147
1061 6.58029543357 6.58029543357
5301 2.17737332796 2.17737332796
1668 0.341626962882 0.341626962882
1665 3.5321704864 3.5321704864
4960 1.70024683072 1.70024683072
1662 2.64289863317 3.63797853673
591 2.42009455014 2.46611045123
590 2.33583389676 2.78794813532
592 9.20993760505 9.20993760505
594 2.49526486407 2.91401574993
6596 0.0520314950327 0.0520314950327
599 5.00247945527 5.00248008777
4323 3.60425944242 3.90788657617
4325 1.48595235284 1.48595235284
1088 7.6813674155 8.2154299022
3140 3.43758745798 3.43758745798
2821 0.72765762284 0.882934072032
3386 1.53942042168 1.53942042168
3384 1.30123431062 1.30123431062
3385 5.00199146471 5.74710847685
5412 3.11653383635 3.11653383635
3381 0.624968640687 0.624968640687
7632 1.84514462886 1.98220902057
3389 4.20376544538 5.68336656225
1408 2.53599991616 2.53600110665
1406 0.235296557536 0.235296557536
5792 0.493379045278 0.635063159774
1339 4.56182527852 4.56182527852
4210 0.842086252976 0.953143171986
4212 1.52997538695 1.86517657353
1337 2.99990211527 2.99990211527
5790 7.54304863201 7.54304863201
4219 4.50385575925 6.2348358548
446 3.98328245264 5.66587293055
445 0.500096277717 0.509970638296
691 2.54484676588 3.23707667176
5772 3.40754686988 4.24276750511
7515 0.0388859669983 0.0388859669983
5578 1.35898310599 1.65394629519
32 0.767689212976 0.767689212976
31 2.00933552606 2.00933552606
5573 5.40152173553 5.53143834944
35 3.36136250396 4.16351540266
3092 2.29705016362 3.39882066749
3093 3.62500267547 3.62500267547
643 6.83337483089 6.83337483089
1244 1.46170381919 1.46170381919
1531 5.9992166836 6.41920365236
1530 1.64951223633 1.93941793767
649 3.32384727449 3.35695529079
3098 0.683580188453 0.683580188453
3099 3.37894083405 3.39534499312
1539 3.52309915191 3.55791262155
338 0.735907446546 0.735907446546
335 2.77309758341 2.83266263766
334 2.94065611019 3.61612113354
337 0.00366423247955 0.00366423247955
331 2.55867222703 2.99345654999
333 1.63532410559 1.63532410559
7611 2.09980283595 2.12406801623
5124 4.9191865401 4.9191865401
4105 0.58322198507 0.58322198507
4106 1.75468728298 2.06603279294
7412 2.09042674333 2.09042674333
7413 4.05254687537 4.05254687537
7410 0.597031183141 0.597031183141
7411 4.50018343106 4.56220765853
7414 1.83542858799 1.83542973992
3897 1.12947963647 1.12948016821
3895 1.7463693717 2.10734489225
7379 5.55852005194 5.55852005194
6611 1.05539905619 1.05539905619
6615 0.762609202865 0.912810412985
6614 3.18196903182 3.18196903182
6619 2.99373605178 2.99373605178
4078 4.13570813018 4.13570813018
5957 1.48598287477 1.7122831255
5956 4.79104885192 5.89016647888
4075 5.38412029836 5.51522524504
4070 2.82626761762 3.77335184233
4073 1.11310915698 1.11310915698
5797 2.69233315854 2.69233315854
3967 4.50167990045 4.96069026928
3965 2.45529439051 2.45529439051
3962 1.57673332666 1.57673332666
3963 2.42699382684 2.42699382684
3961 0.812316257086 1.04412882178
7278 3.76124387782 3.82702499579
5799 2.82048960217 3.39270262131
3636 2.53822077661 2.92800276234
3637 9.44953386431 9.44953386431
3632 0.923998248724 1.19800303086
3630 1.07424218669 1.07424218669
4611 3.05415238712 3.0541541376
3468 1.4237964949 1.651891359
4613 1.35660609869 1.41736995336
2345 1.84403716111 1.84403716111
2346 0.26260045071 0.488159866948
2342 5.99133542083 5.99133542083
6107 4.57260822021 5.07167434518
6103 1.05585447708 1.05585447708
6102 0.764139784107 0.764139784107
4616 6.19536732844 6.19536766671
3709 1.77285022118 2.47845190409
1888 1.83398580916 1.87206994246
3700 1.45364892673 1.45364892673
4465 3.27321294488 3.27321294488
4462 0.636292699319 0.636292699319
1880 4.44620850002 4.47335150264
2127 6.81529628159 6.81530200103
2129 4.3494271104 4.79434825187
4665 6.00022073496 6.66806932765
4660 2.78507890533 3.70657216012
943 2.06083654633 2.5159525611
4910 4.12467987501 6.5801454021
4663 1.66422543759 1.66422543759
6038 2.13037157159 2.13037157159
6035 3.00055246166 3.00055246166
2653 1.62918051743 1.62918051743
2651 1.87947102226 1.87947102226
6441 0.110972955194 0.110972955194
2654 2.49064474321 2.64032181383
3414 0.597387296757 0.597387296757
7389 6.23990807321 6.58292781165
3412 5.33292911692 6.25411643868
136 2.11529361924 2.12471230378
3410 0.989433267185 1.0178774016
134 0.365292229013 0.493595276959
7382 3.92560301483 5.30090450582
7387 1.73111040073 2.05303274741
3418 0.0901476636372 0.0901476636372
7385 6.70388595912 8.28489673253
6326 0.56970548842 0.56970548842
6325 1.40160292182 1.51730932268
2018 0.0218177076726 0.0218177076726
6321 1.07866034879 1.07866034879
4863 3.09120069248 3.32505632757
2017 7.56804612902 7.56804612902
4861 3.80929772617 3.99738984315
2011 3.70760815449 5.21589851949
6839 2.35126434967 3.11736422057
6329 4.68539812597 4.68539812597
6328 0.764168136874 1.09183750492
7443 1.88497915249 1.88497915249
7444 2.00308282448 2.33575393276
7254 1.46094983205 1.46094983205
7255 4.25179770532 4.25179770532
7251 0.346591514278 0.559358485688
3565 2.22712296057 2.22712296057
3569 0.370118477181 0.370118477181
4485 0.647943223107 0.647943223107
6564 4.00090932971 4.10440418106
2903 2.08311982129 2.14225705282
2902 1.25474480637 1.25474480637
708 0.500452107707 0.500452107707
2906 1.00684383912 1.00684383912
6853 5.45675370334 5.45675370334
704 3.89302616704 3.89302616704
705 3.69948988655 4.2821992668
706 2.46473537763 2.46473537763
701 2.38190788944 2.38190788944
6560 1.33340895013 1.82577457668
7139 1.37997110773 1.37997110773
7138 1.18091603939 1.18091603939
89 8.54586997388 8.54586997388
83 5.70569337485 6.04606214281
81 1.27798225628 1.71067908382
7135 2.17671739946 2.73260871974
7134 2.33810870287 3.07752631115
7137 1.84075881002 1.84075881002
85 1.61632432138 1.96259947169
5311 1.8335129062 2.6318813524
5310 2.27270012884 2.27270012884
1658 1.8382791661 2.0934324742
1652 0.0474632067818 0.0474632067818
1653 0.91602022719 1.214520496
1651 1.8335728992 2.43348433584
6583 0.999866076279 1.10131544458
1631 0.749976361024 0.96823718631
588 0.499923106862 0.499923106862
3151 4.09005512425 4.09005512425
3150 1.67105304296 2.03158170308
7621 2.05382748403 2.05383414381
3154 1.9552143524 1.9552143524
7629 5.49998717521 5.8654527976
1437 0.32150101054 0.321519095416
1434 2.71691319691 4.0089796284
3392 6.66228889891 6.66228889891
3395 2.340467459 3.07071720813
1636 1.54390760731 1.54390760731
1430 2.15149866394 2.15149866394
3399 0.481729407796 0.481729407796
3398 5.00039468783 5.00039468783
1438 3.21689361373 3.71827064971
4260 3.22805690184 3.62502063023
5233 1.00071965475 1.00489522496
4265 1.21406575373 1.21406575373
4268 4.54228104588 4.54228104588
452 2.36357179528 2.42001251903
1345 1.48897986672 1.5674700224
456 1.21443437105 1.21443437105
1347 4.50954355328 4.50954355328
6921 1.45278950636 1.60281855959
5546 3.35103309656 3.35103309656
5545 1.00157201792 1.05567717348
652 4.22735319292 4.22735319292
650 1.2660376274 1.26603762925
1508 0.0904273873819 0.0904273873819
4461 1.61289623392 1.89400583513
3081 1.27697795571 1.27697795571
659 3.08790658747 3.4329792751
5890 0.138564965306 0.138564965306
5891 0.550157831762 0.550157831762
5892 4.14280512189 4.14280512189
5896 1.74774435734 2.03727995952
5897 2.6991248979 4.26275614044
5898 2.46342340254 4.07306136892
5899 3.33569053516 3.33569053516
948 0.174160700494 0.174160700494
3882 4.16641313451 5.24668446853
3889 2.49995049022 2.86527644533
4916 4.60744230833 4.60744230833
7404 0.0547040106015 0.0547866489593
7407 1.50013440865 1.58138538355
4911 2.74860960111 2.74860960111
4008 5.2335105252 5.2335105252
4004 1.21449429485 1.49211789957
3970 3.23265300894 3.23265300894
3973 1.67934895103 1.70763628852
326 2.11109249199 2.11109249199
3974 4.32046554747 4.32046554747
324 1.29606853439 1.29606853439
328 1.18212351785 1.18212357291
3621 4.01504202475 4.01504202475
3070 2.00203550145 3.46558791159
2332 0.567102975876 0.737202912708
6136 2.64605993081 2.64605993081
6883 1.94991364681 2.63606056746
3713 1.92852197829 1.92852197829
3719 2.07975348884 3.72481201937
4479 1.67778340387 1.67778340387
4470 3.0554847194 3.096018563
4475 2.61000103883 2.7954081569
4474 0.293599553733 0.29360123063
5763 1.39209725907 1.39209725907
6007 1.50065716635 1.60099081172
6004 4.61094376721 5.25188282181
6000 7.44468021612 7.44468021612
2489 2.76092653276 2.76092653276
2950 4.34419955798 4.34419955798
2484 1.61216081279 1.94853440026
4673 5.51193122323 5.51193122323
4670 2.10839366288 2.10839366288
3252 0.92150436836 0.956469648735
2245 1.36854781105 1.59644748774
2246 1.03577507137 1.03577518038
2247 0.894247047326 0.894247047326
2240 2.39401722977 3.39509504694
5179 5.34966796596 5.34966796596
2242 1.96948389227 2.750675709
7394 0.135154849404 0.135154849404
2466 2.10471837651 2.16343026442
996 3.8172312555 3.8172312555
7391 2.58396958232 2.58396958232
993 6.73349954581 6.73349954581
992 2.50343464132 2.74882195999
5144 1.58142196445 1.58142196445
2469 3.17511510849 3.84783225237
7535 3.22868374562 3.22868374562
122 2.65013761573 3.17779966305
124 0.817103097057 0.817103097057
3404 1.71464388778 1.71464388778
126 2.46025706479 2.50494326754
3409 6.33383182989 7.0085701577
3408 4.69191753696 4.69191753696
4875 0.353243595241 0.353243595241
4871 6.74253771917 6.8131689352
7438 5.20300669423 5.20300669423
4878 2.45413376599 2.45413376599
2069 3.72114609587 4.01229450697
7533 1.72709700305 1.72709700305
5424 1.49927054243 1.49973302939
2062 1.28376947742 1.37534072493
6319 4.49917117262 4.49917117262
3413 1.38325267987 1.38325591627
5423 1.18052252165 1.43535436133
7247 0.133390556246 0.133390556246
5099 1.4171880455 1.80532576949
3578 1.50551241976 1.64900043095
3571 1.5918219891 1.66875846558
3573 1.7856110073 1.7856110073
5097 0.00622147344697 0.00622147344697
2665 3.95487124967 3.95487124967
4492 0.182166501496 0.182166501496
4490 4.41201934324 4.41201934324
2669 1.49884422798 1.78449563468
6823 2.55633430167 3.22437732103
6824 1.35174842198 1.35174842198
2938 2.75166427705 2.75166427705
6829 1.6732239488 1.72854757028
2935 2.00036320873 2.16711179935
5326 0.646011760408 0.646011760408
5327 0.0193324643219 0.0193324643219
5325 6.00580054608 6.05624981133
5322 2.33307873389 2.33307873389
5320 1.23930958932 1.23930958932
5321 1.16808419663 1.27014177624
5328 1.27363375237 1.27363375237
1643 1.30647482524 1.30647482524
579 2.6246672093 3.04143639196
573 2.00012496953 2.3471035836
571 4.89172458239 4.89172458239
577 2.09373293233 2.09373293233
576 5.23657089072 5.23657089072
575 1.91078662472 1.97504528977
3169 2.83995670272 3.5365691277
2803 1.65176685859 1.92191324814
2800 1.95843633826 2.19400337639
3165 1.40472715614 1.91272855941
2806 4.8798979826 5.48305354925
2805 4.16546004245 4.16546122657
1421 0.501028146744 0.501028146744
1420 1.00050243831 1.00050260666
7094 1.99986172472 2.65795938999
1422 2.86589044857 2.86589044857
3368 2.42214395212 3.14112718946
1424 3.4994070599 4.15305307345
1426 5.11258250386 5.11258539025
3366 3.68917528489 3.72275326519
2404 4.20103122379 4.20103137065
7098 6.58413918988 6.58413918988
7099 2.08845671823 2.14748315685
732 3.08375095523 3.08375095523
735 3.00018662217 3.00018667337
736 7.06241543013 7.06241543013
4272 3.21537174582 3.21537174582
4271 2.1067087458 3.07771164633
1358 0.414938784812 0.414938784812
4274 1.85734565973 2.57640621249
461 2.30992093439 2.30992201698
5555 1.84614281264 1.84614281264
5554 1.38038528431 1.77983805631
6488 3.29495734366 3.33270749499
5551 0.209269657591 0.209269657591
5550 1.53722660462 1.53722660462
7384 0.558595712286 0.7299077999
6955 1.83129659756 2.08021787932
6484 2.61096669677 3.08996947663
6285 3.73888607224 4.24007024315
6948 3.77764380584 3.77764380584
1518 1.18776972194 1.41351911802
1510 4.16623210157 4.16623210157
1513 1.79669193332 1.89464579262
1512 3.65876341363 4.23233869345
5885 2.05790645578 2.05790645578
5889 2.08689349565 2.08689349565
6559 3.99973809495 3.99973809495
7478 2.83430647572 2.83430647572
3186 1.87420712005 2.0773043916
3187 3.29695307031 4.69709153837
3182 1.84981821821 1.84981821821
3188 3.72953741677 3.72953741677
6863 2.67402905769 3.17664780137
1896 1.33220283226 1.66511417481
6631 2.74221052035 3.17899911979
4018 3.0606568057 3.0606568057
6281 4.74666655364 5.15466089978
357 0.636880185801 0.636880185801
351 2.46450807457 2.466804917
350 5.58112447727 5.58112447727
3985 2.4956543503 2.55345820206
3983 2.47389017544 2.47389017544
4855 1.17461633459 1.44144199716
6126 6.83147826053 6.83147826053
6120 3.66187320865 4.48563876503
4706 2.09920837091 2.09920837091
4705 1.28656552607 1.28656552607
2320 2.65155885731 4.06835491204
4703 1.27272781999 1.27272781999
2329 3.16636189454 3.16636189454
4709 2.10395853893 2.48586725393
288 6.58254004563 6.65804034999
3619 0.571192753331 0.571192753331
5 0.0909319706457 0.0909319706457
284 2.86084045102 2.86084045102
3760 5.94374831083 6.44834884565
3765 0.933258290748 0.933258290748
262 0.355346832501 0.355346832501
260 5.13331947382 5.13331947382
267 2.00021221041 2.00021221041
2499 1.81336461912 2.07195788482
2498 2.12478646787 2.24933842692
6013 0.428534210754 0.428534210754
1296 1.54000827803 1.54000827803
7253 2.83695122802 2.83695122802
2495 0.598175622179 0.598175622179
2494 2.85527570718 3.18351328767
4644 4.81254559818 4.81254559818
2496 2.00007679142 2.76492377291
2259 2.60108617157 2.72070428725
2254 2.39285589535 2.92214263249
5060 6.45557255497 6.45557255497
2250 2.38182318087 2.99803439673
2477 1.44268788624 1.52793060363
988 3.97562775841 4.3038503256
5151 1.44789216588 1.84469996957
5150 2.5293028376 2.94049447031
986 1.61103857401 1.91592936788
5154 5.50002915026 5.50002915026
5157 1.52351493417 1.70276821588
2478 2.33939220285 2.52984485833
115 10.055829867 10.055829867
7313 3.54558601561 3.54558601561
119 4.31466675274 4.31466675274
2785 1.65086277487 1.65086277487
4801 1.00046669686 1.00046669686
2787 3.66320899617 3.66320899617
4803 0.545831865336 0.545831865336
4805 0.728189570219 0.728321562158
4806 2.00164830834 2.00165100845
4807 2.37627047704 2.73673982477
2788 0.943351059647 0.943359879782
2071 1.23310144432 1.23310150886
6306 4.15361395263 4.15361395263
6301 1.68754170936 1.68754170936
6303 3.50041875874 3.64033380555
2074 1.83829663386 1.83829663386
7272 9.00045611911 9.00045611911
7273 5.34359850828 5.34359850828
7275 3.49966876078 3.49966876078
3502 3.25482015183 3.2788670008
7279 5.2782251037 5.2782251037
5086 1.49986225804 1.78670529002
5085 2.78578165366 2.78578165366
5084 1.07632438581 1.07632438581
2672 2.04859379211 2.10741725365
2676 1.1700874213 1.27111910375
2679 0.999962240742 1.00014906671
6833 5.49992522955 5.49992524061
2928 2.37955550094 2.79681406246
6830 2.30165528594 2.57991508358
6854 3.04708189836 3.34904181907
2923 2.45191079764 2.45191079764
6838 5.31585761333 5.68259075756
2925 0.0313623854253 0.0313623854253
2926 3.68400143165 3.68400143165
5331 5.67692826455 5.67692826455
5330 5.24958097427 5.24958097427
5335 0.45424187417 0.45424187417
5336 1.83349069919 1.83349069919
2907 2.07374547736 2.07374547736
3215 1.96159970059 2.08858026063
1984 0.653404469463 0.806487718127
1985 0.0388969219226 0.0388969219226
1982 1.55723427408 1.55723427408
3212 1.56057799189 1.70064819954
1638 0.52647590838 0.52647590838
5371 4.66675588881 4.99384080343
3218 6.17702334121 6.17702334121
3219 2.03207569044 2.60848707218
1989 2.49986927186 2.60451260074
569 1.36206383625 1.71927209863
560 3.44440903619 3.44440903619
564 4.27280234946 4.66973673366
566 1.80671826665 2.02610596195
6543 8.94667137884 8.94667137884
3173 0.467775676316 0.467775676316
7081 0.724190189505 0.724197022888
7030 2.35648858294 3.09060492725
7084 7.84928675655 7.84928675655
3376 1.33222853469 1.33222853469
3374 4.63168150428 4.63168150428
5421 1.04571291731 1.66188554476
3372 5.001141084 6.4168188879
1180 6.04362577819 6.04362577819
1181 3.88270004743 3.88271564047
725 2.54764473104 3.24796717955
723 11.2842112491 11.2842113239
1746 3.25066795863 3.25066795863
1740 0.76282410028 0.76282410028
1742 8.83266403688 8.83266403688
5499 0.166227739557 0.166227739557
1165 1.23379827801 2.67955466003
1166 1.42873475722 1.42873475722
7587 4.48166359027 4.94656588163
7291 5.55590907777 5.55590907777
4247 1.74947136552 1.98964004711
4245 2.45129730425 2.45129730425
1168 1.65546000271 1.65546000271
1169 2.15648084683 2.15648084683
4240 1.67281023282 2.04259815534
5521 1.87413827875 2.12971195226
5523 3.78095696914 3.98847483221
5526 2.03337033956 2.03337033956
7130 2.13408217228 2.49906705896
6941 4.53242963116 4.53242963116
6940 1.37549045372 1.37549081149
7132 1.51098815751 1.51098815751
47 6.85894857813 6.85894857813
7297 1.22644930424 1.22644930424
41 5.21290041418 5.21290041418
1569 2.49921889442 2.74790397007
1365 2.29943488967 3.43077782362
5492 4.43560179727 4.71348806779
1292 1.76525898806 2.11875011339
1561 8.99396761662 8.99396761662
1563 2.58298269508 2.58298269508
1564 3.39531574026 3.39531574026
1565 0.244184217767 0.244184217767
1295 2.92281757308 2.92281757308
1712 1.75808977439 2.31625955289
475 0.0909768410138 0.0909768410138
5250 0.999980282471 1.08516550394
1789 1.63583694394 1.85955249717
4399 4.24121445882 4.49933775662
7460 3.3751198473 3.41205631623
5638 3.26422186024 3.26422186024
6541 2.66410344842 2.66410344842
6540 3.30775546238 3.30775546238
4391 2.31561552027 2.31561552027
4392 3.50025215273 3.80823821936
4395 1.70290912178 2.15537307339
6549 1.35533934221 2.03900209752
5633 11.3333009529 11.3333009529
473 1.58538849534 1.79679935321
3195 0.628342526381 0.628342526381
1862 0.250702875468 0.250702875468
3193 3.50024556283 4.25378290749
7465 2.27459632909 2.49948037196
3190 2.00517760802 2.36378556104
3728 6.0003559358 6.32483168475
3198 2.1972683928 2.24720131234
7466 1.86515403675 1.98914846273
1368 0.82779647944 0.82779647944
3729 1.10509969391 1.10509969391
2.37348344633 3.12736071571