4447 5.0715110585 5.323978654
4023 1.51511591645 1.64196501318
5988 0.77838120517 0.77838120517
346 1.61116763528 1.75505983021
347 6.03567994931 6.03567994931
7513 1.12645861503 1.37142798966
7512 2.96948772724 2.96948772724
342 3.24470358546 3.4973981238
343 2.3374866045 2.43392393539
3996 1.72006845306 1.72006845306
3995 0.77915182783 1.01055817047
3994 1.373915055 1.46177919316
348 0.875812086275 1.15307770435
7518 3.31211859791 4.12831646242
6150 1.25348830411 1.53794749836
6154 0.479345080876 0.583300051037
6159 0.582135205595 0.582135205595
6796 2.11405078779 2.92513379395
6797 8.36413289405 8.36413289405
4730 0.870213801172 0.870213801172
4736 1.87895538502 1.87895538502
2319 0.977600868287 0.980650118419
2313 6.00640681249 6.00776176624
2310 2.35707230108 2.35707230108
2311 2.62506254594 2.62506254594
5851 0.633152841159 0.804497929642
299 1.25060329866 1.49004009887
7627 2.48629562588 2.48629562588
291 3.45511270985 3.45511270985
4656 3.49746475186 4.2560276348
274 6.0359890195 6.0359890195
276 2.8815465728 3.78198362515
278 7.45196396951 7.45196396951
4836 0.989863018334 1.0921577974
6584 8.49127409516 8.49127409516
2262 1.20585731057 1.28696220084
6190 4.54674272373 4.54674272373
2266 5.08865146185 5.08865146185
2443 1.72543672382 1.72543672382
6055 0.238258416903 0.238258416903
108 1.59689258592 1.59689258592
109 0.154572308186 0.154572308186
107 4.02570526826 4.02570526826
4813 1.7902209298 1.79024398532
2047 9.74608913717 9.74608913717
2045 0.998111543684 1.0450251558
4817 2.98957003363 2.98957003363
4816 1.93349764155 1.93349764155
2040 2.42654628853 3.09784874481
4819 1.54936264605 1.77426126984
4818 10.0170041395 10.0170041395
1297 1.79034880919 1.93751107142
6378 4.3518696143 4.82941134117
6379 1.49658439666 1.79987739691
6053 0.658168595737 0.658168595737
5828 1.24878098581 1.24878098581
6372 0.90848746452 0.90848746452
6375 1.68851107465 1.68851194084
6377 1.82396734732 2.12444074693
2838 3.83383213741 4.01036801334
5363 3.77209351809 4.33291778214
3519 0.122568700313 0.122721836846
3510 1.44044375647 1.76343307983
3517 1.51924281368 2.20365666557
3516 1.7776178179 2.40335733093
7263 1.14164474754 1.14164474754
3514 6.01522674673 6.14396668512
6201 3.01486245135 3.01490023464
6202 1.50163988732 2.2064459432
2685 1.50114541282 1.67702958544
2687 5.21446227162 5.63786526699
2681 0.852732406444 0.989152490207
2683 1.06011181065 1.32531000867
5406 0.955259718249 0.955259718249
5119 0.208752201061 0.209094109033
6802 2.17999097343 2.17999097343
6800 0.776751984591 1.05316057028
5293 8.27149575162 8.27149575162
5404 0.960383322967 1.23316516309
91 8.15815843481 8.15815843481
93 0.430310740842 0.430310740842
95 1.99342801991 1.99342801991
97 2.06531066978 2.06531066978
5402 7.04837499414 7.19064305225
5182 4.26807746752 4.26807746752
1622 1.31796406659 1.60659088031
1992 1.57648517554 1.57648517554
1627 1.74084353011 1.80356962492
3993 2.25893871962 3.10048111415
1629 3.05163280157 3.05163280157
1628 3.26814333656 3.55658454578
3209 0.466354800698 0.466354800698
2860 0.200388046345 0.200388046345
2861 5.16961254766 5.38509795212
2863 6.71738066705 7.35741426231
2867 1.26525833044 1.61450056178
555 1.69773462347 1.99842629647
554 3.1749117194 3.1749117194
551 0.59391055367 0.59391055367
550 0.977363217604 1.25601147212
553 0.268831059938 0.268831059938
552 3.00420007519 3.17052726798
7142 2.2693973602 2.76550469042
1199 5.96638234302 6.03574329088
5459 0.99662053959 0.99662053959
7079 2.40223763945 2.40247749694
7074 0.725064290343 0.725064290343
5451 2.50261345366 2.50261345366
1193 2.81442355646 2.81447678362
3341 3.66447983964 4.20382643017
5454 3.01196802471 3.69940533821
3347 2.12508377032 2.20833664127
1197 4.62929462701 4.62929462701
3345 5.24928028096 5.31110512726
1754 3.99176775592 4.58746071149
1752 0.397247444796 0.397247444796
6976 3.15526974731 3.15526974731
6975 0.767057170869 0.908829354998
6971 2.20072330464 2.39835245178
4253 2.53186146055 3.3490360168
4252 2.11750400188 2.31870366267
5531 0.457615495926 0.457615495926
5538 0.0146179768978 0.0146179768978
1285 1.33793267869 1.67208144337
1284 3.21434614107 3.36629620682
1287 4.53395914162 4.76505585038
1280 4.5918911564 4.5918911564
1283 9.58300631553 9.58300631553
1289 1.04366289351 1.04394620286
7188 5.10379708858 5.49187942802
1579 3.22608649287 3.62092727126
689 3.41992981119 4.00042625342
684 2.1481364283 3.57332008828
687 2.26469184559 2.47662175539
7183 1.03318266877 1.03318266877
681 2.11570506607 2.11570506607
683 2.31844286893 3.40444384101
7187 0.193050688729 0.193050688729
458 2.53943511751 2.53943511751
6006 1.99154406718 2.38264316523
1222 8.63543839408 8.63543839408
4388 1.89622881769 2.96415548758
6576 1.64927476184 1.64927476184
625 2.4894215075 2.62944308553
6574 1.49988812466 1.80193293711
5627 0.945269155888 0.945269155888
4382 2.28598899069 2.90706784128
7459 0.777738271089 0.918116938258
1371 2.28423695514 2.28423695514
406 0.854676021569 0.85467659515
405 1.71411655237 2.27454756006
1374 1.56768808815 1.78706821245
3834 2.98382915676 2.98382915676
628 8.34744082953 8.34744082953
3831 0.510702742676 0.670291145446
3832 3.36980367653 4.510946502
3838 3.78001828465 3.78124703005
6794 7.62142528063 7.62142528063
4844 1.08908248033 1.08908248033
5990 1.96079032876 1.96079032876
5992 6.49216360047 6.52541103082
379 5.05130504347 5.05130504347
7527 2.73549562821 2.73549562821
7525 2.99830546204 3.2165280597
370 4.81363978668 5.47987925603
373 0.483244916065 0.483688828147
2038 3.16082447425 3.16082447425
374 5.55392098401 5.55392098401
376 3.57673795387 3.57673795387
6530 0.669751805041 0.815998062511
393 1.69070462954 1.69070462954
391 1.08866253051 1.60545982835
394 1.27643255188 1.27643255188
6148 2.59085705203 3.24362788185
2309 5.51121426568 5.51121426568
6780 3.86323809144 4.60251181214
6782 1.21654367304 1.21654367304
4728 1.35272064615 1.35272064615
6787 1.70455634984 1.70455634984
2301 3.98763421522 3.98763421522
4724 3.36753972785 3.36753972785
4727 0.833823105275 0.833823105275
2307 6.45218036068 6.45218036068
5846 0.710943565653 0.835156366561
6538 3.30309756222 3.89140126507
5849 3.14196517522 3.63212629755
3748 2.60612810824 2.60672985917
3203 1.50045982418 1.88230027738
3745 1.16389929295 1.16389929295
3743 0.311912197254 0.312917540265
247 0.74987965726 0.74987965726
4623 2.35638857947 2.55730622563
4624 3.18347650175 3.3360369798
243 1.16722535729 1.16722535729
4629 2.47162297865 4.01884490069
2272 1.12223703686 1.12228870908
2278 2.78739584527 3.2499044118
2459 0.484660847544 0.484660847544
2454 1.2629763688 1.2629763688
2451 3.32423196581 3.32423196581
2450 2.4631424049 2.78838676257
172 0.146062702835 0.146102003485
171 2.22383975059 2.68412663209
2050 2.72052981227 2.76622508648
4538 0.739224736622 0.856869164987
4828 0.892460414077 1.09113612506
2059 3.98315056744 4.00680917948
2058 0.105394728423 0.109034404546
3692 1.43943378156 1.43943378156
3693 1.39042562842 1.39042562842
4530 2.69348045466 2.69348045466
3695 2.20330162464 2.20330162464
3696 2.13608417005 2.13608417005
4821 1.24636707262 1.48953971555
6369 2.40066679353 2.44924258171
4983 2.50157710319 3.34900750307
7337 2.9979795122 2.9979795122
1504 3.00059982485 3.00059982485
3522 3.48991285231 4.90291379125
3523 2.29769395171 2.73630185008
7043 1.13285037659 1.46686081336
7218 3.13996031515 3.13996031515
7215 1.32861322897 1.41624336642
1601 4.92941564313 4.92941564313
6215 0.733307684436 0.733342443202
6386 3.44949061421 3.51589950693
2699 1.11346595601 1.11346595601
4651 0.495224091946 0.569302511547
2693 1.34482209589 1.42074219349
2690 0.377448755986 0.444358499108
6819 2.09248521253 2.09248521253
1605 0.127581952547 0.129292420281
6814 0.121483951384 0.121483951384
6817 5.89116705914 5.89116705914
6816 1.26292779785 1.26292779785
7326 3.09853390871 3.69212227898
3231 2.17668784308 2.50821720018
3236 4.07065509003 4.07065509003
1969 7.30582249288 7.30582249288
3235 4.01209057898 4.18347591364
1965 3.90356700768 4.27542467469
1966 1.05893354932 1.65019390488
3239 2.6175290208 2.6175290208
5191 5.25096060927 5.44249080988
1962 1.39112651735 1.42468548987
2877 4.62414883839 4.62414883839
3355 1.53049999554 1.53049999554
3351 2.09762529074 2.33345453306
3353 0.0014509084727 0.0014509084727
3352 1.11165193185 1.19720950505
7063 0.567838286677 0.618055038489
5446 1.82700914715 2.27281003225
7060 2.31598263484 2.5211473347
1764 9.08203492242 9.08203492242
1788 0.476322577757 0.476322577757
1145 1.51926438104 1.70220721807
6968 1.46326026688 1.46329439147
1148 6.01366515138 6.08661736034
5509 0.182926462919 0.182926462919
5506 1.53539175424 1.53582153013
5507 2.37501001589 3.05234479496
5500 0.584924348935 0.584924348935
692 1.7545485124 1.7545485124
1547 2.2624894798 2.31068904057
1544 2.97879265676 3.09638174347
1545 2.0254872995 2.44013718242
1548 5.18709370165 5.18709370165
7199 2.29538554394 2.29538554394
546 3.12562149106 3.12562149106
544 1.2865149629 1.52607542213
545 1.1394319076 1.24560002603
549 2.1651754911 2.54787512835
7194 5.1540952415 5.1540952415
6886 1.64789061047 1.64789061047
7564 1.49739187236 1.62493574097
764 3.12692481607 4.35020712878
6406 2.49869211787 3.33343014557
5618 2.13620565492 2.13620565492
7442 1.94115651703 2.51675411907
6568 3.11931424872 3.11931424872
5477 2.00810555927 2.09334719933
5612 0.0539880399612 0.0539880399612
5613 0.881290844991 0.881290844991
6405 5.62191252114 5.62191252114
5617 7.40054833524 7.40054833524
6562 1.5602279465 1.78200642085
7398 2.68167135979 2.68167135979
5475 1.90953704758 1.90953704758
410 1.8038798019 2.35319086223
1389 2.24198384056 3.01381614483
412 0.633552033822 0.633552033822
1384 3.15592349839 3.90804480435
1387 3.24805512929 3.90341366331
419 0.923042282986 1.07267182197
5003 2.49621680105 2.7733572012
3823 6.78925977885 6.78925977885
3821 3.11021582355 3.11021582355
7114 2.91666046879 2.91666046879
3828 4.21089287437 4.21089287437
5000 0.875202197035 0.875202197035
7482 4.23891753405 4.23891753405
4282 2.01945471665 2.28686168858
4280 0.725383006756 0.874189498258
4286 2.24624512935 2.24624512935
7538 3.37367590968 3.37367590968
369 1.31562818713 1.71795848006
366 1.72474381387 1.72474381387
7534 1.56100100505 1.56100100505
364 0.0624789684517 0.0624789684517
365 2.36839984942 2.89806205636
362 1.06842602642 1.06843878263
5009 4.01606474353 4.59913103621
360 1.17131831097 1.17131831097
7532 0.639138549544 0.639138549544
380 1.46527069854 1.71613048549
381 1.70003283689 1.78560391107
383 1.86553787241 2.40004008142
384 2.59907341946 3.6713917571
6178 1.36083423545 1.36083423545
389 0.586347867909 0.586437414878
5271 0.37204723877 0.37204723877
6778 3.00740237666 3.87332524207
6779 0.690028763751 0.690072683306
1369 2.62907919537 2.95880619036
6774 3.0958613073 3.13157263067
6775 0.501785070353 0.591028620304
6770 7.45086532655 7.45086532655
6772 0.842500945876 0.842500945876
4757 1.51257052438 1.51257052438
5870 1.64832572415 1.64836574766
5876 4.38882722226 4.65857899571
5374 0.760553614854 0.760553614854
5879 0.338892397406 0.338892397406
3758 1.47911032574 1.63207196095
3750 1.43043040632 1.43043040632
3753 0.175638785988 0.175638785988
3755 3.5029926213 4.04808469804
2192 1.51387649027 2.15778697807
259 6.16679364447 6.16679364447
4637 4.40259929722 4.40259929722
2195 1.91258706124 2.49671835255
2196 0.0217785479235 0.0217785479235
2197 1.75946929414 1.93226492149
4638 2.09745132952 2.46836128907
256 1.89320349163 1.89322044709
2200 7.24547990579 7.24547990579
2201 0.740094069706 0.740094069706
2202 0.92615051526 1.00979294728
2204 1.51825184141 1.77890473984
2205 2.8009207378 2.8009207378
2209 2.36757400334 2.91162438358
6689 5.92636252483 5.92636252483
6680 5.02813118874 5.02813118874
2428 3.93916235274 3.97573037517
4812 1.04750108394 1.04751764912
2422 1.66060114059 2.14345033828
2426 3.35938048073 3.35938048073
4810 1.87969834423 1.87969834423
169 2.85007824133 2.85007824133
164 2.10135952722 2.16051984846
160 1.8136071523 1.8136071523
161 2.37965898277 2.90300439072
162 3.14680943586 3.14680943586
3689 0.00180492655251 0.00180492655251
3683 0.88999033725 0.88999033725
4526 1.78264676695 1.78264676695
4525 6.00551596091 6.25159880052
4524 1.21912665195 1.38377776211
4523 2.41244584109 2.79171472303
3685 2.9986913491 3.06806365898
3684 5.11384029035 5.11384029035
6194 5.32888243258 5.99971192515
6981 1.77173381933 1.77173381933
2518 1.66729606173 1.66729606173
1842 2.27861234675 2.27861234675
2514 2.24634656512 2.24634656512
2516 3.48734065766 4.20647811119
6198 5.54555342114 5.55610118827
908 3.68985213013 3.68985213013
6740 2.25164793395 2.25189086061
2730 0.0832733622916 0.0832733622916
2733 3.15510455424 3.15510455424
4426 1.05897764513 1.15947782094
5294 2.06593735583 2.39346567182
5295 2.04356474308 2.97892870246
2738 2.68918943287 2.81803076166
2739 1.24805292222 1.56934550065
5291 2.9628931907 3.67595836846
1817 0.271910014379 0.271910014379
1811 1.80459117388 1.80459117388
7203 1.43046460918 1.5208911398
6227 4.09307391132 4.09307391132
6228 3.2339310801 3.2339310801
671 0.221804052714 0.221804052714
6993 0.951381086617 0.951426493762
1609 1.29676452073 1.63804046495
7336 2.00779412052 2.00779412052
7335 2.49999732564 2.49999732564
7334 4.58331675013 4.88816743733
3225 1.94135249717 2.68031582542
3224 3.51044010956 3.51046860992
3227 3.51459905984 3.51459905984
1602 1.89360615211 2.37810640893
1973 3.8377070814 3.8377070814
1972 1.33172017516 1.33172017516
7339 2.956622023 3.29224859634
809 1.98018340029 2.24901063126
801 3.01126613732 3.3381573837
807 1.76441986395 2.06194612516
806 2.46938108086 2.84130968879
2849 6.44601333123 6.44601333123
2846 2.75965908529 2.75965908529
2843 1.09806107639 1.09806107639
3321 1.39166122936 1.5557294907
3323 1.88673340556 1.88673340556
3328 2.34173808128 2.34173808128
5478 0.578078856853 0.784295135917
5479 2.05200972523 2.05200972523
5274 0.0836997740888 0.0836997740888
7058 1.0993775805 1.0993775805
1776 0.987078175288 1.34990130719
1770 2.9986266244 2.99971291819
5272 3.39570285105 3.64148689922
323 5.20829906656 5.66746838303
7052 3.23644454108 5.27321695557
1778 0.541613677899 0.541613677899
7055 0.809160314128 0.809160314128
1154 3.86756820103 4.14750069874
1152 0.602362855352 0.602362855352
5519 1.93992928424 1.93992928424
5518 1.61848833375 1.69609626768
5513 2.71507702044 2.71507702044
5512 1.52838464068 1.8442536016
5515 1.42277861332 1.75666917273
5517 1.9302598453 2.10313208623
1551 9.19719536308 9.19719536308
2999 3.99411634158 3.99411634158
59 1.33789092408 1.33819337784
58 5.66838760987 5.72912703178
55 1.00548986724 1.02670914844
2991 1.32128259911 1.32128259911
57 2.18805529165 2.18805529165
2993 3.44673880293 3.44673880293
52 0.979774037691 0.979774037691
535 1.30655826078 1.38696335383
532 1.59138211802 1.61178715966
531 3.0499549962 3.67139236589
7342 6.49977889751 6.96467421397
538 0.704371847926 0.836964945401
5600 0.530021355159 0.530021355159
5609 4.43633737012 4.43633737012
5608 2.74002190877 3.31942786772
5134 1.14006975227 1.27729274289
1902 1.44101298575 1.67845801989
6517 2.76514293387 2.7651431809
428 1.1890864638 1.1890864638
421 4.09792628234 4.09792628234
420 2.97931258536 3.29300226253
3293 0.148635553179 0.148635553179
1393 2.54974614029 2.54974614029
1391 0.792788582318 1.23527341203
3810 1.81531265951 1.88403606575
3816 1.68557107883 1.68557107883
3814 0.520652674369 0.520652674369
3457 4.501685107 4.501685107
6420 0.439051271484 0.439051271484
4298 6.12164743263 6.12164743263
4294 2.07641488509 2.07641488509
4297 1.72310342435 1.72310342435
853 6.53350655514 6.57060940666
6428 1.18356167129 1.18356167129
6429 2.78769963387 2.78769963387
6412 0.227022506421 0.227022506421
7543 0.728194640657 0.728194640657
7547 5.3130142693 5.46442424619
6168 2.01586100745 2.1476012936
6160 3.7205686858 3.7205686858
6162 0.0699576826666 0.0699576826666
4749 1.56022092071 1.58809592927
4748 3.50125164738 3.9918241169
6767 2.30810475839 2.30810475839
6766 2.51388893235 2.85432348709
4740 3.90304382401 4.03962821107
4747 1.84546592351 1.84546592351
4744 0.992170554742 1.27643046832
5868 1.69471646335 1.69471646335
5865 2.49544724974 2.6294132425
4715 2.63443170071 2.63443170071
2183 2.47899743878 2.938583542
7059 0.258778977656 0.258778977656
2181 0.638776507551 0.638776507551
2186 0.86420306445 0.86420306445
4606 5.31028228959 5.94757766761
2189 1.99410603349 1.99410603349
224 3.96927845272 3.97236271646
223 5.9117022026 5.9117022026
222 2.03335326767 2.486933388
221 0.811409134298 0.811409134298
2212 1.78052247202 1.85002588825
2211 0.854643366648 1.13403833525
2210 1.44676215725 1.60079943891
2217 3.20982710693 3.20982710693
2216 2.25401191807 3.8983930162
2214 5.23316698813 5.23316698813
6699 0.720692267155 0.720692267155
7293 1.02493317568 1.11987263742
6697 1.11542536526 1.31045811382
6696 1.11097655141 1.22342488188
6694 0.921450303871 0.921450303871
151 0.820945744123 0.820945744123
155 1.35622748228 1.35622748228
156 3.33394178102 5.01983386564
2433 0.927186844699 0.927186844699
2431 3.1172848435 3.25809977221
2430 2.2020843295 2.2020843295
2437 4.32340923916 4.4127772992
2434 2.00320798636 2.18512208566
6340 3.46567442503 3.46567442503
6343 1.961940854 2.30873699306
6344 4.45069791541 4.45072413534
6346 1.24821873662 1.24821873662
6349 0.910157523235 0.910184556454
4510 1.55250930786 2.15299769372
6809 2.20075400953 2.20075400953
4514 1.00258455903 1.14063914636
4515 3.53593766433 3.53593766433
6186 1.80042136065 1.80042136065
6183 1.46049614317 1.61972990597
6182 2.46785451435 2.46785451435
2508 3.77879238302 3.88642147373
2507 2.15392961753 2.93298184644
2506 2.81839204277 2.86217539709
2505 3.31432200588 3.35539304677
2503 1.27623451339 1.27623451339
5289 2.24972641834 2.24972641834
5288 1.6642224058 1.6642224058
2721 1.83896139483 2.39382353576
5280 2.51647427904 2.86485875485
5282 1.24492343464 1.24492343464
5287 2.97501841221 2.97501841221
7234 0.49625058425 0.57725690791
7235 6.38847399652 6.38847399652
7233 1.13802051023 1.13802051023
5047 4.13094554163 4.13094554163
5046 2.9106703167 2.9106703167
5045 9.54981244226 9.54981244226
1807 2.35908181781 2.39088462365
3783 1.56932224602 1.56932224602
1804 2.48054149022 3.45873082018
1802 2.01667553091 2.43043929256
3789 2.01423016294 2.01423016294
1809 5.52806070656 6.07686625723
1808 0.931692955843 0.931692955843
4994 2.08165194087 2.08165194087
6239 1.0171021696 1.0171021696
4993 2.20464378047 2.55424620183
4991 3.26731711897 3.26731711897
6234 2.45562660997 2.45562660997
6237 0.208028886784 0.208329205192
4999 0.0475505459038 0.0475505459038
1948 0.620836077502 0.620836077502
7301 2.38438392599 2.38438392599
7307 6.52641796629 6.52641796629
7304 4.56195982748 4.86354812597
7305 0.0320408784583 0.0320408784583
1943 1.0063488166 1.0063488166
1940 1.86856033967 1.86885307924
1941 1.43478984028 1.68859138482
1946 1.01396983621 1.11639150841
810 2.19967838043 2.80774227233
1252 3.3546883716 3.3546883716
812 0.996194408303 0.996194408303
814 0.580423415238 0.580423415238
817 3.63015059753 4.18282294179
2859 0.75111783673 0.75111783673
5183 1.55656700775 2.24307992752
2850 3.27246898411 3.82646529101
2852 1.99573468875 2.27601897647
2855 1.39599237938 1.39599237938
2857 6.5624324482 6.60636126959
2856 2.4651758743 2.4651758743
7045 6.39433954998 6.39433954998
1491 2.88763603607 2.88777332614
5463 2.94697765384 2.94697765384
5462 2.48552472825 2.59944125011
1494 2.71161165359 2.71161165359
3336 2.29281443201 2.9655729046
1496 2.25255115385 2.3144176234
7042 3.30324911117 3.30324911117
1499 4.84101320902 4.86441608719
1702 0.745107397304 0.745107397304
7328 2.88768346328 3.65747059208
1705 1.39976775714 1.39976775714
427 1.85372442493 1.85372464548
4574 4.86063721669 4.86063721669
1129 2.49971231383 2.53569536938
1123 0.726005540225 0.726005540225
6983 4.00459079376 4.22166104191
6982 1.23277291452 1.23277291452
1126 0.162325230222 0.162325230222
6980 2.94299759456 3.02160412634
2982 2.6591544294 2.6591544294
2981 2.18942126979 2.97007441581
2987 0.133374963481 0.133374963481
3022 4.25892409708 4.25892409708
2985 1.91795024944 1.91795024944
524 1.50157516924 1.50157516924
520 1.74852783707 1.82218358257
521 5.46847704882 5.46847704882
523 2.63231906502 2.89500983391
1012 0.787063277122 0.787063277122
1013 0.499932234839 0.499932234839
1234 2.09227930572 2.57214667518
1235 5.86777125692 5.88126166668
1237 0.916673796126 0.916673796126
1230 8.99711382721 8.99711382721
1231 0.273105355699 0.273105355699
304 2.3560643753 2.65949399406
4195 0.167604978323 0.167607249346
4192 1.01276221447 1.1090239626
1239 1.75814421229 2.02236689972
5674 2.05905940935 2.66583569413
4355 5.2528618709 5.2528618709
4357 0.376670232929 0.376670232929
4353 2.98322460211 2.98322460211
6507 0.861992868518 0.861992868518
4900 0.267315122028 0.267315122028
437 3.99690896002 3.99690896002
435 0.183797108706 0.183797108706
433 1.90035051366 2.13694298151
431 4.71870133069 5.15081136992
7158 1.20657657702 1.20657657702
3808 6.27434400916 6.27434400916
3802 1.24314333773 1.33805411455
6437 0.521460630444 0.521460630444
6435 1.66704256812 1.66704256812
6432 3.68142772902 3.68142772902
6431 10.354742436 10.3547828166
5707 1.24200817347 1.61470978951
5700 2.59490293187 3.02848415868
5702 8.06973537985 8.06973537985
6438 0.815013796791 0.9958940639
2868 3.66293289296 4.35611058625
2869 3.52730003664 3.52730003664
7553 1.083537361 1.42785974202
7551 2.25462675045 2.25462675045
7550 1.63917678484 1.63917678484
7557 1.92106898168 1.92106898168
7578 0.561337417312 0.561830007619
4774 3.16860281286 3.34893197319
4770 6.34720835152 6.34720835152
4778 3.05867281839 3.05867281839
6421 0.110920041173 0.110920391673
4175 0.366744454839 0.36674459343
4172 2.17993563264 2.24144523752
6752 0.153460876361 0.153460876361
6756 2.75605214458 3.79489840855
4179 3.13020974105 4.9626831283
6755 3.54001332123 3.54001332123
7171 5.09377937528 5.50098849067
5815 1.59153028324 1.59153028324
5816 1.68003953702 1.82414621855
4296 1.94081038117 2.42879489564
7173 4.41403280096 4.60166246809
5064 0.662881205007 0.662881205007
4619 0.572521233823 0.857590970162
234 3.38447328552 3.93225120633
4610 0.370874026591 0.370874026591
236 3.12325732324 3.12325732324
4615 1.12886083123 1.12886083123
231 3.36286236491 3.36286236491
4617 1.90878654478 1.90878654478
233 4.82083508673 4.82083508673
7392 3.15598030721 3.15598030721
2223 0.358844079919 0.358844079919
5924 3.06000530572 3.06000530572
5925 1.51903069129 1.95699823956
4881 0.352603162575 0.352603162575
146 0.587099803229 0.587099803229
5356 0.140642477884 0.140642477884
5143 0.221138740184 0.221138740184
4501 1.24318654273 1.24319530748
4503 0.998776123133 0.998776123133
4502 0.560016434259 0.560016434259
4508 2.25074109176 2.25074109176
2089 1.50167340527 1.50167340527
2080 2.48765147679 2.6218216524
3403 2.58499770004 2.58499770004
2538 2.83872547977 2.99279273139
2539 0.230384066401 0.230602355221
2530 2.19859833814 2.55859548401
2537 0.548022049174 0.548086047866
2713 0.937068309427 1.36249567101
5453 9.30279099758 9.30279099758
2716 2.6823227473 3.31017500711
2714 2.28822986256 2.39821976445
2715 3.9991294862 5.99392842515
5078 1.58815291519 1.9763592431
7222 1.43837553791 1.59512497252
5456 2.30765689028 2.39849562761
7227 2.00269496042 2.00269496042
7226 2.50926406233 3.25814823914
5072 1.59505144743 1.59505144743
5457 1.57257238513 1.57257238513
5076 0.345702750715 0.345702750715
5077 1.95636238146 2.11600007648
1832 3.29590435253 3.33428739737
1833 1.04603457226 1.04604121455
1830 2.97158168342 3.00843969424
1831 3.07301511825 4.11251207754
1836 0.0954870409707 0.0954870409707
1837 3.50896245617 3.82347711358
1838 1.1539696988 1.1539696988
1839 1.20235381344 1.45093954003
2155 1.63792879954 1.83072436005
2156 2.84296609032 2.84296609032
2157 2.91425628761 2.91425628761
2402 7.94142421414 7.94142421414
2151 1.88816631948 2.0717208397
6240 0.872709458972 1.04873030902
4988 2.20846549815 2.20846946261
7446 0.224375419297 0.224375419297
2158 5.51230509367 5.69311198218
936 0.0398163932891 0.0398163932891
6246 0.950221696579 0.950221696579
2409 1.1429803218 1.62791882395
5381 4.93053584318 4.93053584318
5382 1.29296624989 1.62501185162
5383 2.48267501701 2.48267501701
5386 4.05479494407 4.05479494407
5387 0.0235553951914 0.0266195341106
5388 0.392207369277 0.392207369277
1691 4.39873055339 5.19506357404
1955 0.860715303069 0.860723700411
1957 2.07865162458 2.40423890212
1956 5.28014557447 5.28014557447
1959 3.09944143408 3.51936853102
3243 6.21632713994 6.21681969701
3242 5.50174235884 7.24826391142
3247 0.95117638905 0.952149377107
7310 1.67025321619 1.94097053484
3245 0.816566159642 1.08593565753
3244 3.78801831909 3.87271269034
826 0.496053587552 0.496053587552
821 1.51579982397 1.66449552315
820 1.00199359622 1.06794455589
1483 0.715308866663 0.715308866663
1482 1.50583072888 2.12716935936
1480 1.50983688901 1.55161841981
1487 1.94083837517 2.0026688918
1486 2.24580351507 2.24580351507
1485 2.03426684545 2.2191968018
7037 1.54703310433 1.54703310433
5496 1.76297514976 2.0420056417
3300 0.849043822954 1.2677508175
5493 1.99930912391 2.35686239679
796 1.24670811948 1.24670811948
795 1.53290082214 1.53290082214
5251 2.91407708696 3.57877409979
5256 1.00026884825 1.23637942054
5257 1.78553418633 1.78553418633
5254 3.64924864764 4.65204181053
1719 0.588866605826 0.588866605826
1718 1.39094811406 1.88992851507
613 0.369241801325 0.369241801325
2414 1.99909193619 1.99909193619
1139 1.79237343758 1.79237343758
1273 5.96991954362 6.13015902158
1995 0.968063320138 1.33231938642
1275 0.0678402160182 0.0678402160182
5940 1.78672135665 1.78672135665
3011 1.80359691018 2.10139496864
3016 3.16055954482 3.16055954482
7141 2.9157571108 2.9157571108
3014 1.35886478212 1.35886478212
7143 0.685347426748 0.685347426748
926 3.13161170345 3.13161170345
1007 0.508634574185 0.56224497837
1005 2.24935238115 2.57172919827
512 6.81733819764 6.81733819764
515 1.11862911447 1.26330857273
517 1.98892388625 2.61855940377
516 0.309178572472 0.30919720847
1226 1.49941081571 1.52031964048
621 0.637857812036 0.637857812036
1223 0.5700947776 0.5700947776
626 5.23553273289 5.46380296638
1221 3.15429683276 3.15429683276
4182 0.164223789241 0.164223789241
4184 2.83167550472 2.83167550472
4186 1.58437492246 1.58437492246
5662 1.68845073057 1.98903645548
6533 1.34286711168 1.73960817858
4349 0.997931370029 1.01972179472
7562 5.397572737 6.21402341133
5669 0.499462994109 0.548897002298
4341 0.998165601768 1.19080666739
2883 5.63424665799 5.63424696404
7498 1.36247544694 1.4441886498
2887 3.00007807903 3.00007807903
2884 0.710513292594 0.710513292594
7493 3.18067865356 3.84387287973
7490 4.87521827639 4.87521827639
7491 2.49691706551 2.54447103666
7497 2.59689912852 2.59689912852
7494 1.92942178517 1.99688335702
3878 4.43156085934 5.66348282406
3879 1.97200380049 2.01733607502
3874 2.3951186289 2.46495116251
3876 6.40723557053 6.40723557053
6403 1.50243249811 1.50243249811
6400 3.33568016702 3.82373305076
15 1.83911745507 2.18477940809
14 2.27744712218 2.27744712218
6404 3.32211326774 3.32277992421
1921 2.43324167371 3.22605396829
19 2.49160395178 2.49286811762
7568 1.59611628595 1.82348667302
7561 0.150745449163 0.150888125504
7374 1.80985363906 1.80985363906
3907 0.466276830225 0.466276830225
3902 4.43714564303 4.43714564303
4761 3.05347405038 3.38616070666
4760 1.62691550751 1.88123374229
4763 0.226148189718 0.226148189718
4764 5.4537292485 5.4537292485
6748 2.03655351985 2.87807078099
4167 7.00415329595 7.00415329595
4162 1.40857811078 1.48582666374
4161 1.44906859893 1.86949608378
205 2.58061001416 2.76894411561
204 2.31922979404 2.75969950537
209 3.82105271135 3.82105271135
830 3.00480004429 3.00480004429
7181 0.347336945318 0.34740438127
2233 5.19835913074 5.19835913074
2232 1.19636903198 1.19636903198
5937 8.34048184755 8.34048284111
5936 0.727337604813 0.840659872535
5934 4.71608088206 5.00151847355
5933 3.68073896413 4.22693114332
5932 1.49510063158 2.04655217873
5931 1.86918094536 2.19716024312
5938 3.62917425967 3.62917425967
7140 1.77730175927 1.77730175927
3499 1.30438489471 1.49608747275
3495 2.25938946018 2.25938946018
3491 0.51039855409 0.51039855409
4570 2.51174436576 3.1202345304
4572 5.8047544239 5.98960084211
2096 2.8658548451 3.41078968608
2091 2.47976022563 2.52261163153
5096 7.93388498559 7.93388498559
4576 0.991986996007 0.991986996007
2092 2.17926830282 2.51060670572
3657 4.74700089455 6.15963097642
4604 4.75679942817 4.75679942817
2525 0.593496017149 0.593496017149
2524 0.668809434552 0.668809434552
2527 9.04738967956 9.04743378232
4602 3.02840060861 3.61858597912
6902 3.75246646037 5.11291375539
5065 0.769550668661 0.876776395165
4889 2.5916894688 2.5916894688
5067 1.44622319108 1.61960111528
5066 1.03914012163 1.11327077528
5061 0.176002075041 0.176002075041
2708 1.1335524985 1.1335524985
7262 1.77354732152 2.17597313683
5062 0.591725677338 0.591725677338
2704 1.28649068969 1.28654055253
5069 3.59188577145 3.88262134797
4885 0.630779223982 0.630779223982
2702 0.824851859573 0.824851859573
4193 1.74580951286 1.95524387331
1828 0.81192227701 0.81192227701
1825 1.66130462916 1.66130462916
7453 2.22537102308 2.90950317619
928 1.58409787725 1.64203535301
2146 3.6575902208 3.77611134569
7072 3.16946405182 3.16946405182
2142 2.29680240534 2.51768546806
2140 1.14841468825 1.14841468825
921 1.50585507856 1.50585507856
4498 1.37311527583 1.45214139097
924 2.02198966658 2.13776298322
4971 0.0867657315637 0.0867657315637
2149 3.26724000839 3.26724000839
5745 1.07948545685 1.08750767733
5392 0.0068787918468 0.0068787918468
5395 3.86357057839 3.86357057839
3276 1.04889432588 1.04889432588
3277 1.25498294874 1.25498294874
1924 0.684816965213 0.684982312634
1926 0.612253012972 0.612253012972
5749 1.53876399325 1.53881382143
3278 1.57595767268 1.70469180175
7369 1.5114032975 1.5114032975
3476 0.812227291876 0.812227291876
831 3.51798901362 3.51798901362
837 1.08236035298 1.08236035298
7361 2.44873105363 2.50730324078
3478 1.55160782682 1.75412199999
5586 3.4752481809 3.4752481809
3332 0.156927402688 0.156927402688
3318 0.0818065092978 0.0818065092978
6571 5.95467034097 6.03949292885
5488 0.913114164018 1.10377279121
5484 2.13097030055 2.60703526435
5483 1.00014613724 1.00014613724
5482 1.86297768475 2.20844609266
5481 1.78714505963 2.03789995781
5480 5.17516770529 5.17516770529
785 0.667840802238 0.667840802238
786 2.94510925253 2.94510925253
7450 2.47213345522 2.47213345522
1728 3.26666159013 3.26666159013
783 0.502160472966 0.502160472966
6591 3.49239244655 3.49239244655
1727 1.59546743188 1.59546743188
5246 1.57301256701 1.65166013882
1722 1.70539163237 2.58173622199
789 5.38782575539 5.38782575539
1720 4.31427260187 4.31427260187
5242 1.99945867115 1.99945867115
7594 1.19916611334 1.19916611334
61 3.49725150167 3.58126652436
3006 1.45846754777 1.45846754777
3000 2.11982160758 2.44121634788
66 1.87003686259 1.87003686259
68 1.92963159501 2.14710780953
69 1.22115147245 1.96805981762
3008 0.99913512191 0.99913512191
7159 1.1143751735 1.46545346275
1370 4.99398384073 4.99398384073
7153 0.78934759509 0.78934759509
7152 2.19566432621 2.19566432621
1584 0.433455150571 0.433455150571
1585 1.02789665411 1.3137221924
6826 1.00212782963 1.09886314468
509 3.79883210983 4.00262348456
1032 1.63497682958 1.63497682958
505 1.34837070272 1.34837070272
502 4.1519111362 4.48115085502
1037 1.91237283557 1.91237283557
1212 0.766331143044 0.766331143044
1210 3.0826490525 3.13154300028
633 2.07049592021 2.07049592021
1216 1.42302537072 1.61698098408
635 2.03304569291 2.03304569291
638 3.65693325817 3.65693325817
1218 1.16895117369 1.16895117369
1219 2.12226972667 2.81327145424
6521 2.0796925343 2.47428594796
7484 2.46619807893 2.89067812869
7487 3.83319970239 3.83319970239
4379 2.58496200862 2.58496200862
7483 1.19017924677 1.19023094146
5659 2.00805489487 2.81251230366
5655 1.0730706476 1.07307302153
5652 0.875827773144 0.875827773144
4377 5.41253113429 5.41253399636
2899 3.49211187037 5.32720100374
2895 0.563629000934 0.761899635027
2891 9.16810476506 9.16810476506
2890 3.48902959426 3.7957585306
1106 1.72366287273 2.28221536386
1455 4.76465317841 5.33605467075
1102 3.49604717753 4.94333627359
1103 1.36111823585 1.36111823585
1453 0.713075449298 0.851749603918
1458 2.026060032 2.64110996812
1899 2.75351630787 4.06957469046
4082 1.42152430406 2.24902140172
3868 1.65692295006 1.9418737683
4088 3.60789383045 3.60789383045
5241 1.49448923571 1.49448923571
3738 1.25457704902 1.35591838308
3866 0.0586566375747 0.0586566375747
3864 10.9313552447 10.9313552447
7073 8.50551171632 8.50551171632
3735 3.90425302771 3.90425302771
5729 2.71564405426 4.07837168388
6419 0.971226457707 1.4308576507
6418 0.761655139663 0.883461763153
6415 1.96137202692 2.39181886133
5723 2.27170593986 2.27170593986
5720 2.17620455078 2.38965603127
5721 2.83377098827 3.2921759637
6411 4.41100923981 5.28984041132
5727 6.62790352236 6.62790352236
5724 1.73699103011 2.12706502971
5725 0.333534813115 0.333534813115
3913 1.48314650094 3.60575150954
3912 1.68943274224 1.74470894916
3918 1.6914063066 1.99316626704
6732 2.49972808742 2.49972808742
6734 0.63471595443 0.63471595443
6736 2.66375968733 3.70464316639
6737 2.61495876856 3.45507285877
6738 3.52215838498 3.52215838498
4796 1.65801194839 1.65801194839
4790 1.66507906413 1.80901549882
5836 3.08241641559 3.08241641559
4153 1.88184698436 1.88184698436
5834 3.61635757487 3.61635757487
5835 2.50199946738 2.5678372569
4154 1.21131084544 1.21131084544
5831 0.00389545943631 0.00414404211224
4159 4.49682661326 6.21787634659
4698 4.29581698781 6.34644602085
219 2.74944690596 2.86870423525
7464 0.613603988593 0.613603988593
6087 2.5116672914 2.5116672914
6084 3.16646042836 3.16646042836
6083 2.72312233697 2.72312233697
6644 1.1994584988 1.37191254432
6640 3.47315194405 3.70457133176
6642 1.75294169496 1.75294169496
5902 2.69909303081 2.69909303081
5904 1.28591750777 1.28591750777
5909 2.84405295727 2.84405295727
6497 0.228906138122 0.228906948546
3488 4.45198667522 5.16034412584
3481 5.63852008504 5.87365818029
3480 7.5791795575 7.5791795575
3482 3.40415568033 3.40415568033
3487 4.72410802917 5.05889073191
3486 4.39461779702 4.39461779702
4566 2.50876241538 2.50876241538
4565 1.04926520863 1.15816174292
4569 2.15234684147 2.1950272289
7080 2.82378732658 3.38951180955
2551 2.52112045904 3.82188898112
2552 7.57455373665 7.57455373665
2554 1.53663340116 1.79813302172
2555 1.46442969541 1.46442969541
6396 1.06415578148 1.06415578148
6397 5.45443354545 5.45443354545
2397 9.98794828098 9.98794828098
2394 1.15486367496 1.59918384041
63 2.35122864228 2.35122864228
5013 2.38190237746 2.38190237746
5014 4.91908189779 4.91908189779
2771 1.8719032727 2.7918893312
2772 1.74944874342 2.31249795037
4897 1.4904579602 1.57338892142
2775 1.74922964563 1.80260616539
2777 1.49961358285 1.55459136644
1859 0.499785775542 0.669087237512
6260 4.8004710537 4.8004710537
4418 2.00474047127 2.87974411355
4417 4.99943770626 4.99943770626
4416 4.46799578323 4.46799578323
1852 4.42196878585 4.42196878585
1853 0.749131058685 0.853483244476
1855 0.469469568222 0.469469568222
6269 3.33586022896 4.03480052392
5168 1.48173642142 1.48173642142
2171 0.751835892622 0.751835892622
2176 3.02384057806 3.02384057806
918 0.664648314197 0.664648314197
6063 0.488824603842 0.617048545792
4967 2.62548970066 4.28642185199
914 5.64146750689 5.64146750689
917 2.28709981214 2.28709981214
2179 1.23466901521 1.23466901521
912 1.51214617707 1.74781353477
2603 1.56079299014 1.56079299014
2609 2.59933735269 2.59933735269
1930 7.12599068727 7.12599068727
1937 5.61333352215 5.61333352215
3269 1.50466000138 1.53075393125
1939 3.23612314621 3.23612314621
5127 2.04882266826 2.19285926591
5121 2.02218425112 2.63885550388
845 1.96272536001 1.9627380316
3464 1.60327827781 1.60327827781
3463 2.41815286912 2.41815291864
842 1.81510247831 2.07408031687
7091 3.21309457177 3.21309457177
7375 0.569426817165 0.569426817165
848 1.86131315351 2.20593190475
7012 1.02464361487 1.20839789711
7013 3.89911501296 3.89912050715
7011 0.883384076936 0.883384076936
1731 0.30499667005 0.30499667005
1732 1.96106480921 2.47190834085
5234 2.3627497488 2.3627497488
1806 5.35613844343 5.46529155552
758 2.95474723181 3.30965951898
7088 1.05692190583 1.05692190583
1595 0.722486581978 0.722486581978
6887 0.661190744889 0.661483764291
1597 4.97585479113 5.21622176752
3074 1.95143583354 2.60394500389
3075 2.16481191539 2.28392347285
1592 1.20196459658 1.31480425558
3078 0.275758823433 0.275758823433
3079 2.5427806865 3.38443311219
1599 3.93744693319 4.17661203892
1598 3.27177085074 3.27177085074
6889 1.99620745055 2.07882553696
5344 1.67059592357 1.74334854143
5345 0.368012817153 0.368012817153
7168 2.08152078388 3.16605086513
1021 2.5474758785 2.5474758785
1023 4.54328954507 4.54328954507
7163 0.999815837123 0.999818274833
7166 1.70833571863 1.85102314541
7164 1.43192722167 1.43192722167
7165 5.55277642284 5.55277642284
604 3.14337897932 3.14337897932
4367 2.41863165976 2.70501261805
4361 4.18883002682 4.18883002682
4363 6.93653155685 7.73467803152
4362 2.63948987733 2.63948987733
1203 3.93178260893 3.93178260893
5649 3.01891653947 3.6208516446
1211 2.08297723013 2.08297723013
5641 2.05195479435 2.05195479435
6041 1.19120616626 1.39486209907
5642 1.82895752202 2.18210977239
5646 0.415077729121 0.415077729121
6335 0.742174930186 0.742174930186
3105 2.92410132009 2.92410132009
3107 5.22910062687 5.22910064104
3102 1.25032386294 2.01254639119
3103 0.150130096987 0.150130096987
1112 2.4730566324 2.4730566324
1443 5.93990063724 7.47467714304
1114 6.23466064857 6.23466064857
1116 2.32866986032 2.32866986032
4093 6.84391428656 7.24984534466
4091 4.83067830543 5.6129733493
6332 9.18731838013 9.18731838013
5737 1.81225903426 1.84237029358
5736 0.756069628016 0.756069628016
489 2.57577602233 2.623720013
488 2.15811704993 2.15811704993
487 0.473746999405 0.473746999405
485 2.01230242545 2.81398896222
4587 2.70269157552 2.70269157552
480 4.84282227697 4.84282227697
7585 2.82996655669 2.82996655669
6463 1.04392679335 1.1863396846
7580 4.93102143967 6.07403445643
4725 2.86017799901 2.86017799901
4851 1.48878487372 1.5667122367
5300 4.0012502671 5.29432741938
3926 1.08542162243 1.08542162243
3927 2.09178019734 2.69105711509
3924 2.25793766933 2.25793766933
6526 0.224861921389 0.224861921389
6722 0.978460979041 0.978460979041
4782 0.250438418283 0.250438418283
4781 2.85220047609 4.84018893801
4149 6.05712000771 6.05712000771
5827 1.18375774672 1.55085347221
5826 2.495022066 2.91185110566
4144 2.28684545434 2.28684545434
4141 4.90449772487 5.50485219372
4143 1.19878687943 1.19878687943
3857 4.31081114127 5.38291757331
3855 1.35008844185 1.35008844185
3852 1.30433122982 1.30438439016
3859 3.85752880469 3.85752880469
6099 1.4475760136 1.73122942197
6098 0.248648380403 0.248648380403
6091 3.77583800083 3.89155270834
6094 1.38359755986 1.38359755986
6917 5.21354788974 5.36252425446
6657 6.83515815925 6.83515815925
6655 1.93705466387 1.95571026985
6048 1.42115267106 1.42115267106
6651 2.11473081439 2.11484050511
5915 1.88440679956 2.18776126123
5911 5.08484054984 5.71032007315
4820 2.46861781642 2.75725800421
199 0.888330387984 0.888330387984
195 2.59958984512 2.59958984512
196 5.99564896358 5.99576580096
190 0.91624116192 0.91624116192
6384 3.27441967515 4.23671321314
6387 2.42023900754 2.70395170947
3679 5.99167498922 6.25348506096
4558 1.5846717997 2.2788761115
3676 1.97317238055 2.59851793595
4553 2.49774223013 2.78223459039
4550 4.1409277972 4.42695673154
2541 1.06621888184 1.16681974855
2546 1.05152782652 1.05152782652
2380 1.75841020217 1.75841020217
2383 2.55967197133 2.55967197133
2386 1.31771416296 1.67051834313
3580 0.607181862373 0.736718207781
3583 3.82792770991 5.18655705374
3585 2.91096725252 2.91096725252
3587 3.60998940088 3.74072799176
2761 2.21168542 2.5987395387
2767 1.73393124997 1.73393124997
2765 2.04977200515 3.05867469669
2764 2.17080399436 2.32344594604
6913 3.30258015011 3.30258015011
902 1.24357724124 1.24357724124
1849 1.67381028599 2.86860841078
6277 0.477428586037 0.490835877102
6276 5.9882249525 7.84248163528
1843 3.55784847253 3.55784847253
4423 1.95673459306 3.1578294108
4420 0.947808671019 1.05906434318
1847 3.80065598491 3.80065598491
6077 2.00533862333 2.79696276223
2168 1.079930811 1.079930811
6071 1.66483379528 2.24672136234
6070 6.10076723984 6.10076723984
4951 9.07016912235 9.07016912235
4956 1.34010063272 1.61865869
2160 1.37208117859 1.37208117859
7309 0.156456257306 0.156456257306
2613 2.60795763114 2.60795784412
7095 0.448148966347 0.448148966347
2618 0.507313654596 0.508353534714
7347 3.1032575326 3.1032575326
7345 7.00524124606 7.00524124606
3298 0.506153565601 0.607693850508
5138 1.49267805697 1.49267805697
3294 0.0857754776795 0.0857813208128
1907 4.83425482078 5.81188897631
3296 4.29751206228 4.547984896
3297 4.65643665504 4.73347828257
3290 0.389534021435 0.549741254547
5132 1.56682817625 2.5668033746
5131 5.81083442332 5.81083442332
1901 2.16792800242 2.66010825074
3452 1.82960353873 2.52797167469
3450 2.35242427368 2.572493681
3456 2.67085337798 2.67085337798
851 2.04852969108 2.93194165219
3455 1.02297073088 1.02297073088
3863 1.48354681676 1.48354681676
6 0.906291046654 1.01081656562
7001 1.35813216792 1.73142944896
7005 0.518782713821 0.518782713821
7006 2.14949582428 2.54914386646
5229 1.71268389779 2.10774474216
5228 3.61152789276 3.93428359138
5223 2.85329697009 3.34346992139
5224 1.0442361421 1.0442361421
743 4.39033965114 4.39033965114
744 0.963043804681 0.963043804681
745 1.24869740874 1.55249835015
746 3.27990143055 3.27990143055
747 5.30964859812 5.30964859812
748 11.1346801067 11.1346801067
3062 1.89489387888 1.89489387888
7177 0.581666241833 0.767583803025
7176 4.5297723588 6.21560132584
6895 1.55136427774 2.38731114176
3065 5.31386442363 5.31386442363
3064 2.22675933296 3.00006784893
2947 4.55163883165 4.55163883165
3069 1.70319322759 1.70319322759
3068 0.984503595874 1.17220370281
7178 3.15817562178 3.39519682177
2941 3.47049034934 3.58613148886
1051 2.72379009282 2.8595862736
1053 3.52165516081 3.84849675642
1056 1.78225425681 2.1780588576
1057 3.4845719959 3.4845719959
1693 3.31382513322 3.31382513322
2919 1.03026523801 1.11190417448
1699 5.20547959332 5.20547959332
4311 1.69414515201 1.69414515201
618 3.39590569397 3.39590569397
4315 5.77590343288 5.90908738773
4317 2.17043100153 2.17043100153
1797 0.933245939977 1.13642578241
611 2.26110519677 3.01268596732
617 3.280814553 4.12908666631
7574 0.142162959422 0.142994211841
3118 1.42334885816 1.42334885816
3116 2.91926402862 3.08567935353
3115 1.84338003292 1.94350612909
3110 1.93279552063 2.31462491836
7579 0.87152193322 0.87152193322
1470 2.9274268969 3.20443917058
1474 4.50401582694 4.54177913439
1475 7.73545079621 7.73545079621
7041 3.11606197715 3.11606197715
6143 0.519183163777 0.519183163777
1479 6.58090253979 6.62911886796
5464 1.11610370299 1.11610370299
1301 0.660972825967 0.660972825967
7129 2.13591575047 2.29294308943
1308 2.57136337995 3.59107125627
6410 1.66810514767 1.72510630288
5740 5.76881244242 5.76881244242
4229 1.00576167487 1.00576167487
3597 0.929821802825 0.929821802825
496 0.0943841103979 0.0943841103979
4227 5.99764860709 6.29734029768
490 4.82061771888 4.82062568012
4221 1.42749110091 1.64333515918
493 3.18258660056 3.43808396406
24 5.47191483475 5.57415228206
25 1.4661068727 1.53933832044
5584 1.54093795847 2.27651953221
22 3.20130113728 3.47222446377
23 3.4182329093 3.4182329093
7595 1.00519511219 1.26059939238
6470 2.54023478046 3.49342497059
6476 7.45582342916 7.45582342916
7591 0.69847829401 0.828615990829
5589 2.7883051179 2.7883051179
3938 7.37448433562 7.37448433562
3936 2.77556990773 2.8071117206
5265 1.72769089966 1.72769089966
6718 1.35973640437 1.35973640437
6716 4.3941846173 5.06067421582
6717 2.20676327105 2.20676327105
6710 1.87636925339 1.87636925339
4138 3.75556650921 3.75556650921
4130 2.79147938248 2.82244545711
7474 1.38001146084 1.73540255281
5692 2.04003192565 2.64987844091
3840 1.30489019461 1.89151948619
3843 6.01040806755 6.09136881037
5691 3.3768221656 3.3768221656
5694 0.429078529616 0.429078529616
3849 1.56519353343 2.17329668266
1872 1.83991665242 1.83991665242
4046 1.89352616471 1.95475458763
4047 5.75548255691 6.31508966774
4048 7.02178343608 7.59724051869
5968 0.0446715228927 0.0446715228927
5969 1.28640402991 1.50292872139
5963 2.07422220754 2.07422220754
5964 1.47328465649 1.48374781654
2289 0.535126128498 0.535126128498
3667 1.19973590763 1.19973590763
3661 3.00815582946 4.0089736744
2280 2.69799599248 2.69799599248
2282 3.4293333452 3.4293333452
5433 5.38551647995 5.44257576296
2287 3.38569458147 4.69837889267
4543 6.60067089087 6.65928892472
4546 0.930961948567 0.930961948567
2579 0.0690773163662 0.0690773163662
2572 2.91597118558 3.20391767055
2570 2.55651387365 2.55651387365
4534 1.30711620565 1.6649323636
2378 4.69510974048 4.69510974048
4827 3.0425346236 3.40545072446
2376 0.946186407789 1.08881250181
2370 1.88421844113 1.88421844113
2373 0.0304913045998 0.0304913045998
3592 1.26088028669 1.26102882212
2596 0.926763573685 0.926763573685
2590 1.24784699104 1.24784699104
3595 1.53848709085 2.39543438661
3594 2.02623193177 2.20153904727
5036 3.98593444396 4.01636398164
6280 2.49879840392 2.6685534084
5030 0.4928797329 0.4928797329
4531 2.63219722474 3.20939548744
4434 0.165705203784 0.165705203784
4437 1.70009711479 1.72337762286
1084 4.29138713325 4.29143858089
4431 2.34936149706 2.34936149706
4430 0.736168045632 0.736168045632
4433 1.5521484836 1.55215466429
6283 1.75419875981 1.82872619551
4438 8.47554508861 8.47554508861
1878 0.617607131716 0.617607131716
6595 2.85510216565 3.84020393728
970 1.45350822307 1.45350822307
5581 2.91321327573 2.91321327573
6287 1.50857249364 1.51011173431
4949 3.00241007364 3.08672033834
4948 1.64014736559 1.64014736559
6282 2.27328028462 2.96548365189
978 0.996397346313 1.08148985822
6043 2.28843051523 2.60024393696
6040 7.51843370803 7.52635032883
181 4.81939884444 4.81939884444
186 1.41007851959 2.18500073859
6044 0.273257121941 0.273257121941
6045 3.25588637226 3.78501152334
2112 1.64195603213 1.64195603213
189 1.76836391663 2.13472532204
2114 2.8623353028 3.12860366752
2115 0.948185395668 1.05680443478
2117 1.61523312734 1.61523315304
2627 3.53272408428 4.14163870403
2624 4.1592062036 4.1592062036
5837 6.18405780754 6.2094683
7351 3.45463182836 5.45085842875
1918 1.81485734087 1.81485734087
7355 1.45113870999 1.45113870999
4924 2.61271648797 2.61271648797
7357 3.81201705331 3.81201705331
7356 4.19505872336 5.58645047015
3287 4.99923023225 5.85791938281
3286 2.60480827503 2.60480827503
3284 1.9455098656 2.07111049992
188 2.91903220541 2.91903220541
869 2.25787189672 2.44598339245
860 5.49432738839 7.35071432446
3440 3.24976638622 3.8542367589
3443 2.15658647326 2.15658647326
2027 2.69106488456 2.69106488456
2750 3.84708389334 3.84708389334
2023 2.33942888368 3.10215589839
2758 2.82974676136 2.98598190078
881 0.680314285681 0.680429781299
886 0.352579739807 0.35392009343
888 1.57210353255 1.65439785518
5217 2.19112345631 2.52201137971
5214 3.62329173397 3.62329173397
5210 1.78826946677 1.99994438195
5211 3.64075257613 3.67205867498
5218 2.52125050847 2.52126479472
5219 7.50103110042 7.50103110042
7504 5.00703669839 5.0079954256
5414 1.50148044997 1.97772331728
777 0.868773453845 1.17844589112
770 3.06767239726 3.30685520816
772 0.888801284032 0.888801284032
7503 0.999777814962 0.999777814962
779 4.47557421527 5.91864664978
7638 0.0497579261047 0.0497579261047
4675 3.45698355695 4.04070585335
76 1.49505271278 1.97673810517
2978 0.463835641238 0.463835641238
72 0.64849131074 0.64849131074
3058 6.00551697092 6.2629484222
2972 3.72814002243 3.72814002243
2973 4.58938004395 4.58938004395
3054 1.78431241582 1.78431241582
3052 1.145762231 1.4619937768
2977 1.6549368535 2.09754569248
3050 9.126556037 9.126556037
2975 3.53583974771 3.53583974771
1042 1.39239220457 1.72492835881
1041 2.11176759061 2.33654797615
1040 0.761307028849 0.761307028849
1046 5.06876518813 6.47163248717
1049 2.52708055302 2.52708055302
1683 3.27759653203 3.27770068089
1685 4.58965532624 5.35299874133
1684 2.78128405229 3.05563183321
1687 2.62351555532 3.29726850442
4802 1.74829380524 1.81458480677
7354 3.00597990239 3.00597990239
4301 1.6380075888 1.72828534274
1268 1.85001639115 1.85001639115
1263 1.9990656146 2.20188040235
1261 3.16550920084 3.16550920084
4308 4.34307669847 4.34307669847
1267 1.50345698337 1.64051734467
1266 3.69907920454 4.50238852109
1264 3.74988972975 3.749889732
7359 5.489520746 5.489520746
3021 1.00470980265 1.31282538676
5103 2.49590504396 2.53287698547
3128 0.902550938259 1.22362626495
3129 0.708740819851 0.849444253848
7619 0.924232412311 0.924232412311
3122 3.50778700551 3.50778700551
3121 0.993376453894 0.993376453894
3127 2.16772767237 2.16772767237
1914 2.57722975029 2.57722975029
1465 2.03178657766 2.18972857412
6065 3.49156205114 3.82562164154
1461 2.66174471561 2.66174471561
1313 2.04354842136 2.22915868966
1312 1.39739824567 1.71381174803
1310 5.88425070644 5.88425070644
1319 3.54027295713 3.54027295713
6914 3.77086894677 3.77086894677
6915 0.6508386441 0.6508386441
6444 2.06748869375 2.66299585806
5750 0.159963403629 0.159963403629
5757 1.58321872677 1.58321872677
6440 3.1615516816 3.59327024017
5754 0.42947634814 0.42947634814
4236 3.81531025543 3.81531025543
6919 4.25289883773 5.48108446845
6124 4.66303338544 4.66303338544
312 1.64058177373 1.64058177373
311 0.756356226122 0.756356226122
316 1.55800859608 1.76809097171
315 3.27812353571 3.27812353571
314 1.95481313846 1.95481313846
6701 1.00003628978 1.00003628978
6703 3.47813757027 3.47830969737
6702 0.915397244027 0.915397244027
6705 5.41907738101 5.41907738101
6704 3.9660931185 3.9660931185
6707 0.502576118383 0.670526709373
7435 2.40726353121 2.40726353121
7436 3.66968552515 4.35912510707
7437 3.13892240842 3.8545775096
7431 2.59678827535 3.50877201668
5685 0.800042872757 0.800042872757
5687 1.45188718844 1.73155019832
5681 1.69912740284 1.77498627689
5683 0.557212692956 0.57804889269
1330 1.7762973599 2.36019399437
6674 1.11649046996 1.11649046996
4704 1.85629113689 1.85629113689
6671 1.30735262724 1.30735262724
4054 2.51508043395 3.15067623048
4053 1.76260475609 1.76260475609
4052 3.5726762313 3.5726762313
4050 1.99550256302 2.23350576971
6218 0.815857754098 0.815857754098
5976 5.90003187343 5.93843652922
5974 0.848242349586 0.865638274039
2299 3.37384163918 3.96322207811
3613 3.60444483777 3.60444483777
3614 4.15154976105 5.1925194843
3615 0.308492521011 0.308492521011
3616 0.145415073504 0.145415073504
2292 3.2190316882 3.21906615412
6939 4.21603189518 4.24391262244
2561 2.10670589773 2.62642192887
2562 3.14482845303 3.96550882179
2566 4.66631212219 4.66631212219
2368 2.50995370315 2.74666468351
2367 6.00236853733 6.43549874433
2366 0.427097175095 0.427097175095
2364 1.29223087414 1.34101206145
2587 4.0615750306 4.06514062072
2586 2.94799690731 4.40454820058
2585 3.70606681537 4.5904529266
2584 2.09489026544 2.55106198377
7294 2.47769389473 2.5403779942
7295 1.15652088471 1.15652088471
2580 4.35971365908 4.35971365908
5021 6.21917559093 6.25306776603
5024 2.49290181845 2.54343183807
5026 2.28304029451 2.48403271676
4441 2.3541550601 2.35442491797
4442 0.908231214296 0.914117084902
4443 3.23513155666 3.23513155666
4444 0.861934307333 1.02229056998
4445 8.5508866664 8.5508866664
1867 1.99948885568 2.01807904245
1866 0.426808616665 0.426808616665
4448 2.8577245703 2.8577245703
3721 3.39109279387 3.39109279387
3722 0.848811046444 0.848811046444
961 2.42841474838 2.86861589685
6299 2.20791150802 2.70990911801
963 0.500761464094 0.542995300415
6297 2.87776117283 3.01250136114
6293 1.44110113307 1.44110113307
4688 3.50757750877 3.99957379761
6290 2.06942176055 2.07480217318
2108 2.83113471322 3.54487384598
6059 1.84567172825 1.84567172825
2103 1.49639616366 1.93403181415
2102 1.16006645799 1.24018690379
2100 5.44625383719 6.39711475061
5575 2.34433895556 2.34433895556
2105 1.50520840833 1.50520840833
5117 0.616217429123 0.616217429123
5113 2.76031262742 3.99973691854
2634 4.33418179691 4.72685061555
2636 1.61023229862 1.61065615921
2631 2.85084773658 2.85084773658
2630 2.95053988188 2.95053988188
5571 2.99919473566 2.99919473566
5292 0.505651580105 0.668627063991
3438 0.911619776257 0.911619776257
3439 0.144617734717 0.144617734717
878 1.98026415326 1.98103795553
879 3.39230582606 3.39230582606
3431 6.23147675675 6.30415383305
872 0.736425376598 0.736425376598
873 0.37695848169 0.37695848169
4592 1.53989546217 2.15269451962
4593 2.36951184008 2.66504749047
2743 0.417826461122 0.417826461122
2033 1.23224242717 1.58425959764
2032 7.63348816631 7.63348816631
4595 1.22145331675 1.6013162734
9 2.27925478902 3.12566522475
4840 0.221962909997 0.221962909997
3097 3.22754711903 3.22754711903
890 0.0226083613485 0.0226083613485
5200 4.20319360068 4.20319360068
5203 3.75567518453 3.75567518453
5202 0.499941011224 0.506755667984
5204 1.26368596404 1.31700971312
7320 4.04530411508 4.89566839569
3545 1.33702575819 1.62343938699
3547 5.63324564984 5.63324564984
3543 1.52039746598 1.52039746598
7323 0.822106790563 0.822106790563
2965 0.190952833229 0.19100153692
2964 1.46740266721 1.77188837218
2966 0.620979803856 0.620979803856
2961 1.57198097348 2.01580624597
762 2.23346605877 2.23346605877
1781 4.1923244689 4.1923244689
767 1.99891257405 2.05384334159
1786 2.87428184514 2.87428184514
7113 3.62055067692 3.6205711652
7112 2.35434283107 2.35434283107
6878 1.90352762581 2.00329591942
7119 2.40285754517 2.81991062119
7118 1.40181071647 1.40181071647
3045 1.02158358049 1.14454438608
6872 5.47206074897 5.62939771941
3046 4.60599443477 4.60599443477
1079 4.03330262966 4.3276487697
1077 1.99390592725 1.99768715397
1074 2.34925843283 2.34925843283
1072 2.93502952487 2.93502952487
1073 1.43586774641 1.44163804846
1070 1.94812000659 2.30601838995
5372 4.98532785524 6.57673772021
7290 5.46216603271 6.62414539769
1678 2.74066813047 3.13442686606
1674 1.10071040695 1.65633836826
678 2.30763177873 2.30763177873
676 1.62551869859 2.18968670482
4333 1.81890098817 1.81890098817
4330 0.194641882771 0.194641882771
3131 4.83849758327 4.83849758327
3130 0.824450013482 0.824450013482
3139 3.16657264685 3.19585989964
3138 0.696151474016 0.696151474016
7608 1.92505877192 2.7921421711
7607 3.98398358945 4.0205386427
7604 4.13759601989 4.13759601989
7600 2.50655774118 2.62123492536
6018 2.54612381191 2.54612381191
1412 4.54912628951 4.54912628951
1413 6.09290814386 6.73708635576
1416 0.532137132034 0.532137132034
1327 2.82569681206 2.82569681206
1325 2.12576879341 2.34949697468
1328 3.02147601167 3.02147601167
6450 1.55731902352 2.06604142815
6455 3.46231815744 3.49463541885
6454 3.52803920235 4.3292285313
5768 4.4995237627 5.14655044671
6456 1.25264901686 1.71214826637
6458 4.69600216045 4.9677999173
4645 0.499437852033 0.568107847631
5762 0.126345113361 0.126345113361
4207 1.86447259922 1.92296575567
4636 4.52321427484 4.52841304547
5565 1.27207881847 1.5263236651
5562 0.983059401545 1.22092242153
1256 0.205945123859 0.205953587219
1526 3.79812893833 3.79812893833
1520 1.6775139057 1.67758659929
308 1.96186503294 2.47046660654
3953 2.00486315401 2.44380542692
303 1.54195857526 1.78243967649
3957 3.0558031675 3.0558031675
307 4.65762018131 5.43283534803
4113 3.96595169614 4.55567294597
7420 4.0196777638 5.51569205534
3340 4.17665781818 6.67784372837
5159 1.61563615167 1.61563615167
2475 2.61473420601 2.93946337014
6601 1.16624502592 1.16624502592
6602 2.17161199628 2.17161199628
6439 2.98791348637 3.02662464116
6606 1.24911329666 1.24911329666
7109 1.09015879569 1.12423097447
6608 1.27835040311 1.278356533
5946 0.0854564044594 0.0854564044594
5945 0.625258809296 0.75155967609
4064 3.82229655597 4.38870922165
5941 1.000710201 1.32242248516
2976 2.33352807782 2.5922193818
4068 4.77442073423 4.77442073423
4069 7.94460726722 7.94460726722
5948 3.45687133238 3.52550041663
5949 1.8081564497 1.80816582012
5785 0.860282385853 0.987727422137
5786 1.85829775031 2.24571011495
5782 4.82240687749 4.82240687749
5019 5.0220180791 5.0220180791
3051 2.79862965902 4.30356905694
3601 2.91360849193 2.91360849193
3600 1.19406218086 1.19406218086
3607 4.41215601942 4.45051289015
3604 3.26698474893 3.26698474893
3608 1.51408074546 1.51413089293
5361 1.09069398952 1.09069398952
4894 3.73452099765 4.86847359317
5367 1.77264088949 1.84030629303
6115 3.61826019861 3.6474632592
6117 1.24718432054 1.24718432054
6112 4.40298778256 5.60781745266
2358 1.75089018981 2.13347128545
2353 2.40285512103 2.40285512103
5368 1.49861093005 1.72895003499
2355 3.13395405476 3.47515771064
4450 5.35487989693 5.35487989693
4456 2.53371508794 3.08084452799
4455 8.11971706317 8.11971706317
4454 1.52545623795 1.52545623795
3736 2.83420303699 4.9106385254
4459 1.51858425124 1.51858425124
3733 5.4842337173 6.15163002246
476 1.07997863182 1.53170985596
3730 3.56535782202 3.87244085407
4922 4.06427861841 4.06427861841
4920 1.91286000793 2.39408410854
4695 3.24419023854 3.57554511101
4697 8.96499775387 8.96499775387
2131 2.98948947656 2.99574134518
950 2.22520065008 2.5779320128
4929 4.40493284631 4.96123897244
954 0.0028056920273 0.0028056920273
6022 1.55659104238 1.55659104238
6026 1.36359087663 1.68676284293
2649 2.50376465473 2.50376465473
5167 1.58200989049 1.98620803789
2640 1.7634841344 1.7634841344
2645 2.50596760612 2.64046128782
2647 10.7769400824 10.7769603121
3429 2.32726011129 2.77362801018
3423 1.40245525392 1.64981220773
3422 1.80942498888 1.80942498888
3421 1.1832021773 1.22082070189
3427 2.60152980472 2.60152980472
3426 2.36993237806 2.62093220379
3424 1.7630279403 1.7630279403
1850 0.145082813482 0.145082813482
2000 3.67912653895 3.71309131297
6337 1.64112095663 1.65672083532
2007 1.02851637016 1.15888204969
4859 6.01275090234 6.01275090234
2005 1.64968000542 2.033378366
2008 0.788063648775 0.788063648775
4415 2.00690462586 2.51399294803
4583 5.22023074124 5.44915761639
4582 2.0112368437 2.20807777634
1269 3.25125909526 3.28948208138
3554 0.497324656067 0.505155671058
3550 3.81218648139 3.81218648139
6966 2.18868846553 2.18868846553
3558 2.58862203251 3.26307545138
6061 1.99551351206 2.33664888962
2911 0.862902007279 1.16912579533
1799 1.22720194135 1.22720194135
2913 1.26733349321 1.64789398895
1793 2.00611445723 2.16737216668
1792 2.47120655249 3.10526826399
715 0.723108750926 0.723108750926
714 3.21876039538 3.37917763165
713 1.25768181006 1.25768181006
712 3.91909302951 3.91909302951
4966 1.08598790057 1.36457893374
7127 3.02310848781 3.38644509629
6840 0.868536466606 0.868536466606
7125 1.97940127735 2.04684636033
7123 1.04447563204 1.04447563204
6844 1.90474069244 1.97508910152
7121 1.22760449718 1.52498715814
1069 1.05666027134 1.33633261048
1068 8.99636118649 8.99636118649
4964 2.10137479123 3.03300104484
1061 6.58127371578 6.58127371578
5301 2.16910281215 2.16910281215
1668 0.363269018547 0.363269018547
1665 3.52756644318 3.52756644318
4960 1.70301396952 1.70301396952
1662 2.6423451081 3.63705956188
591 2.34083540598 2.38088896235
590 2.2559392846 2.73137813774
592 9.22333732329 9.22333732329
594 2.49296290406 2.91387817365
6596 0.0557043915645 0.0557043915645
599 4.99607126182 4.99607198684
4323 3.55688588489 3.85202902517
4325 1.46221152613 1.46221152613
1088 7.67607237525 8.21023746027
3140 3.44364015248 3.44364015248
2821 0.724625936534 0.897468863103
3386 1.53199223801 1.53199223801
3384 1.32238347237 1.32238347237
3385 4.97580406237 5.70201273
5412 3.09334456917 3.09334456917
3381 0.623103788403 0.623103788403
7632 1.83887888661 1.97377488485
3389 4.20629557327 5.6850517055
1408 2.52716742406 2.52717365593
1406 0.237804957225 0.237804957225
5792 0.501468487858 0.649329166202
1339 4.5462383953 4.5462383953
4210 0.843480841825 0.953260519111
4212 1.52577718547 1.84708538308
1337 2.997568351 2.997568351
5790 7.53718556376 7.53718556376
4219 4.49421524832 6.23532698746
446 3.98227451667 5.66552617142
445 0.504445609512 0.514370330783
691 2.54562902323 3.23827023031
5772 3.41933720397 4.24909509809
7515 0.0463908059908 0.0463908059908
5578 1.35992770175 1.65437931904
32 0.770983756912 0.770983756912
31 1.86376059646 1.86376059646
5573 5.3992804253 5.53117671462
35 3.35207244051 4.15014874103
3092 2.29552003661 3.39702114661
3093 3.62377831709 3.62377831709
643 6.83310320519 6.83310320519
1244 1.46240985206 1.46240985206
1531 6.06004467046 6.46759710427
1530 1.64985474668 1.93982620984
649 3.32022352576 3.35441591355
3098 0.690858449338 0.690858449338
3099 3.37556601137 3.39116198924
1539 3.49048845003 3.52337685984
338 0.719190579689 0.719190579689
335 2.79228375809 2.85165721386
334 2.93948558595 3.6188447048
337 0.00197664681742 0.00197664681742
331 2.53691676629 2.96411243637
333 1.64058490493 1.64058490493
7611 2.17975906383 2.1858678127
5124 4.88061376022 4.88061376022
4105 0.576498650262 0.576498650262
4106 1.75511243042 2.07987832656
7412 2.09074874743 2.09074874743
7413 4.04566166779 4.04566166779
7410 0.602901770882 0.602901770882
7411 4.49726591461 4.55946803488
7414 1.83543093264 1.83543111115
3897 1.11186779598 1.11249285312
3895 1.75275939592 2.10362239005
7379 5.54371022444 5.54371022444
6611 1.06420843794 1.06420843794
6615 0.762915692911 0.91110810109
6614 3.18978876856 3.18978876856
6619 2.64101210536 2.64101210536
4078 4.146385306 4.146385306
5957 1.48469791205 1.71008478647
5956 4.79099235371 5.89323931485
4075 5.37761723056 5.51336390808
4070 2.8367595623 3.78838195427
4073 1.10443409965 1.10443409965
5797 2.69609580387 2.69609580387
3967 4.50484334974 4.96709197963
3965 2.43012755585 2.43012755585
3962 1.53155340224 1.53155340224
3963 2.46471291372 2.46471291372
3961 0.817592168432 1.04710237912
7278 3.79814605447 3.86455738396
5799 2.8217233532 3.39425059533
3636 2.53183517567 2.92202565591
3637 9.41678257471 9.41678257471
3632 0.924705446946 1.19441306832
3630 1.02064136339 1.02064136339
4611 3.10902337062 3.10902425747
3468 1.43014623621 1.65516070721
4613 1.36129890558 1.42452613507
2345 1.84231501739 1.84231501739
2346 0.262404007975 0.488271445704
2342 5.97398816075 5.97398816075
6107 4.56551432632 5.06205210923
6103 1.07961271306 1.07961271306
6102 0.753445893326 0.753445893326
4616 6.21223960196 6.21226452614
3709 1.77222428993 2.47758761393
1888 1.79236561271 1.82023485769
3700 1.44518810746 1.44518810746
4465 3.27208727529 3.27208727529
4462 0.635632752806 0.635632752806
1880 4.39263403213 4.41870928902
2127 6.65832030477 6.65832861264
2129 4.32655165904 4.79239626103
4665 6.0034805025 6.67151789474
4660 2.8412101756 3.73427212643
943 2.06836120681 2.52113844943
4910 4.12031172715 6.5801532336
4663 1.64230608934 1.64230608934
6038 2.0621041615 2.0621041615
6035 2.99283470154 2.99283470154
2653 1.63803407569 1.63803407569
2651 1.87038677036 1.87038677036
6441 0.120393100014 0.120393100014
2654 2.50187663194 2.64468642692
3414 0.592864926539 0.592864926539
7389 6.24915444733 6.56951002373
3412 5.36244762583 6.30341845215
136 2.11436012835 2.12388009374
3410 1.03414731066 1.06154692676
134 0.344242981559 0.465804606172
7382 3.94533370897 5.33189075046
7387 1.7400172253 2.05554241619
3418 0.092244214894 0.092244214894
7385 6.71717407537 8.28863211878
6326 0.565509886184 0.565509886184
6325 1.40994159586 1.52177915026
2018 0.000833141408842 0.000833141408842
6321 1.08794557112 1.08794557112
4863 3.03664547986 3.303409796
2017 7.55922072442 7.55922072442
4861 3.75132785909 3.94127925857
2011 3.70371877045 5.21155635229
6839 2.30555539141 3.01658521971
6329 4.69056004197 4.69056004197
6328 0.76471022101 1.091182379
7443 1.88969495022 1.88969495022
7444 1.97538137172 2.31305632617
7254 1.4604473151 1.4604473151
7255 4.2483337538 4.2483337538
7251 0.369354795155 0.566947395263
3565 2.32238533056 2.32238533056
3569 0.363957745702 0.363957745702
4485 0.643602987832 0.643602987832
6564 3.99081688357 4.09513845673
2903 2.07899733048 2.1380511649
2902 1.2517415789 1.2517415789
708 0.492040055503 0.492040055503
2906 1.0061034781 1.0061034781
6853 5.47537803661 5.47537803661
704 3.86967568151 3.86967568151
705 3.7131030932 4.28453667913
706 2.46313278681 2.46313278681
701 2.38016069007 2.38016069007
6560 1.33527543139 1.8278227519
7139 1.41066175995 1.41066175995
7138 1.15483701414 1.15483701414
89 8.54844004245 8.54844004245
83 5.70436182668 6.04480244814
81 1.27886502756 1.7049720009
7135 2.15834710347 2.73493163236
7134 2.48184387107 3.1275006544
7137 1.83809845925 1.83809845925
85 1.60826024606 1.94734727703
5311 1.82985479363 2.62830117279
5310 2.27241247909 2.27241247909
1658 1.83462083144 2.09140864724
1652 0.0306841231618 0.0306841231618
1653 0.968155811719 1.30270492033
1651 1.83317983363 2.43255928123
6583 0.998087046437 1.10075562835
1631 0.747838676823 0.964786963952
588 0.495754926108 0.495754926108
3151 4.11251819056 4.11251819056
3150 1.67385525535 2.03329443057
7621 2.05472050264 2.05472547428
3154 1.94148420894 1.94148420894
7629 5.48925279857 5.86113685205
1437 0.322691901024 0.322827542318
1434 2.71363349783 4.00655499184
3392 6.65287613665 6.65287613665
3395 2.34088756794 3.06761821409
1636 1.54575502857 1.54575502857
1430 2.14384572746 2.14384572746
3399 0.47796497633 0.47796497633
3398 5.01237471805 5.01237471805
1438 3.17533605776 3.66401303533
4260 3.24775273217 3.64357459346
5233 1.00006680149 1.00425573762
4265 1.21161499867 1.21161499867
4268 4.5456828093 4.5456828093
452 2.36472906267 2.42118982322
1345 1.48941457786 1.57122446081
456 1.10493302625 1.10493302625
1347 4.39645845614 4.39645845614
6921 1.44564581743 1.60466598256
5546 3.35093499139 3.35093499139
5545 0.999946078504 1.05450234876
652 4.22477794008 4.22477794008
650 1.26269577793 1.26269591987
1508 0.086137236439 0.086137236439
4461 1.60619702508 1.88777886284
3081 1.2725183735 1.2725183735
659 3.08616761563 3.43221938666
5890 0.101032009646 0.101032009646
5891 0.569736835658 0.569736835658
5892 4.14270283294 4.14270283294
5896 1.76418165686 2.05137646637
5897 2.71737358357 4.25291229246
5898 2.46478399831 4.07648629754
5899 3.34410116858 3.34410116858
948 0.17829127644 0.17829127644
3882 4.16727165605 5.24932302005
3889 2.49907642733 2.86463684337
4916 4.6043030044 4.6043030044
7404 0.0548836860735 0.0550221141837
7407 1.50018704529 1.58125893396
4911 2.74611107211 2.74611107211
4008 5.24535208409 5.24535208409
4004 1.22301558769 1.50694289042
3970 3.24502109217 3.24502109217
3973 1.69896530677 1.72659664557
326 2.0905694577 2.0905694577
3974 4.31260199194 4.31260199194
324 1.29923357205 1.29923357205
328 1.17859840632 1.17859999167
3621 3.9781522129 3.9781522129
3070 2.02145803254 3.48515957467
2332 0.611290101948 0.744048528235
6136 2.649169326 2.649169326
6883 1.94422120603 2.63191954948
3713 1.93740305001 1.93740305001
3719 2.07210818271 3.7200495229
4479 1.6901184099 1.6901184099
4470 3.05025480838 3.09168819327
4475 2.61377352266 2.79752492434
4474 0.292846538815 0.292943522441
5763 1.38996623917 1.38996623917
6007 1.49608321879 1.59466595569
6004 4.62030190883 5.26380201791
6000 7.47452337391 7.47452337391
2489 2.75650194294 2.75650194294
2950 4.39549061798 4.39549061798
2484 1.61037293424 1.94447067974
4673 5.53947410471 5.53947410471
4670 2.12159504759 2.12159504759
3252 0.91060705189 0.946093313952
2245 1.38296405927 1.60907648025
2246 1.03701027057 1.03701472785
2247 0.892383479 0.892383479
2240 2.37356051478 3.38963010466
5179 5.34246879762 5.34246879762
2242 1.97304725758 2.74858460879
7394 0.041456562006 0.041456562006
2466 2.08203933899 2.14441371929
996 3.81140319378 3.81140319378
7391 2.58721628064 2.58721628064
993 6.73406360616 6.73406360616
992 2.51650306102 2.76400702934
5144 1.55385610418 1.55385610418
2469 3.15688885533 3.85403891669
7535 3.2180411757 3.2180411757
122 2.64500878545 3.17463128654
124 0.811303294637 0.811303294637
3404 1.71607632227 1.71607632227
126 2.46266625544 2.5074925048
3409 6.33126833853 7.00489613913
3408 4.68588385877 4.68588385877
4875 0.356544451236 0.356544451236
4871 6.74679013167 6.81421096996
7438 5.11139175974 5.11139175974
4878 2.45133468799 2.45133468799
2069 3.68029061563 3.94156591134
7533 1.74252039623 1.74252039623
5424 1.50574500719 1.505939936
2062 1.31889666043 1.41559917964
6319 4.50144790514 4.50144790514
3413 1.39362471267 1.39374519335
5423 1.17459858158 1.43125704447
7247 0.138057972118 0.138057972118
5099 1.41729106648 1.79641382184
3578 1.5060916065 1.64478519898
3571 1.59368846975 1.67133035897
3573 1.78589378593 1.78589378593
5097 0.0122260530073 0.0122260530073
2665 3.96403816642 3.96403816642
4492 0.172557230952 0.172557230952
4490 4.38233592527 4.38233592527
2669 1.51307472828 1.78096464397
6823 2.54245104831 3.21702868454
6824 1.34220687845 1.34220687845
2938 2.73791617866 2.73791617866
6829 1.65496505147 1.70315072058
2935 2.00041034343 2.1675928434
5326 0.668604947798 0.668604947798
5327 0.0130020314954 0.0130020314954
5325 6.00559252226 6.05589186428
5322 2.32780236496 2.32780236496
5320 1.20395068709 1.20395068709
5321 1.16412005383 1.26610994207
5328 1.27110211767 1.27110211767
1643 1.30155839033 1.30155839033
579 2.58777729356 3.01750049259
573 2.02391058329 2.38470294497
571 4.88097190659 4.88097190659
577 2.105763886 2.105763886
576 5.2470147893 5.2470147893
575 1.91511029682 1.978539469
3169 2.83388782567 3.53390032991
2803 1.65953913206 1.93007505954
2800 1.96677055108 2.19872895036
3165 1.40709072809 1.91310104394
2806 4.88747130289 5.48905307277
2805 4.16501086646 4.16501180329
1421 0.497773739981 0.497773739981
1420 1.0032882234 1.00328916697
7094 1.99944987744 2.65835120785
1422 2.86010234422 2.86010234422
3368 2.50978348955 3.25565292195
1424 3.49791280757 4.1527461926
1426 5.15338827606 5.15501381383
3366 3.70235169667 3.73738482229
2404 4.19283427544 4.19286759327
7098 6.59497809129 6.59497809129
7099 2.09353125405 2.15136189535
732 3.08716030359 3.08716030359
735 2.97943671941 2.97944647268
736 7.07569711801 7.07569711801
4272 3.20431045885 3.20431045885
4271 2.10563481043 3.07709783088
1358 0.417055214836 0.417055214836
4274 1.85919323502 2.57337514828
461 2.30962085219 2.30962165902
5555 1.85252222383 1.85252222383
5554 1.38691427059 1.78517360407
6488 3.30204056854 3.34025352368
5551 0.212024046867 0.212024046867
5550 1.52836349322 1.52836349322
7384 0.562712225514 0.744665202514
6955 1.81541275247 2.0752763923
6484 2.6212926137 3.1069296168
6285 3.73052479829 4.23119932746
6948 3.78085735021 3.78085735021
1518 1.16282748881 1.41127848934
1510 4.17685454919 4.17685454919
1513 1.80224498111 1.89326673571
1512 3.63555538931 4.21005811683
5885 2.04921391948 2.04921391948
5889 2.09041969831 2.09041969831
6559 3.99745848647 3.99745848647
7478 2.83820760616 2.83820760616
3186 1.86396243785 2.05874930851
3187 3.27388424484 4.6732804399
3182 1.84509105546 1.84509105546
3188 3.72292258858 3.72292258858
6863 2.6890401642 3.19620447538
1896 1.33104716526 1.66652234258
6631 2.78401328679 3.21097095628
4018 3.05513666868 3.05513666868
6281 4.7335424402 5.14592239281
357 0.706572763004 0.706572763004
351 2.44271018267 2.44351363588
350 5.60054790344 5.60054790344
3985 2.50746994496 2.56751479968
3983 2.47583060511 2.47583060511
4855 1.16859096564 1.44112994798
6126 6.87572969486 6.87572969486
6120 3.65834179068 4.48588234359
4706 2.09707157081 2.09707157081
4705 1.27435143851 1.27435143851
2320 2.6509737109 4.06756232737
4703 1.27158013263 1.27158014729
2329 3.16957016206 3.16957016206
4709 2.10402076549 2.48502564225
288 6.58608928665 6.66166263841
3619 0.567418117536 0.567418117536
5 0.103954630701 0.103954630701
284 2.85941749253 2.85941749253
3760 5.96063650424 6.4701225153
3765 0.947305001012 0.947305001012
262 0.348823950177 0.348823950177
260 5.19235551689 5.19235551689
267 1.99577918966 1.99577918966
2499 1.83511614192 2.08178943839
2498 2.12575506742 2.25280620388
6013 0.428528371851 0.428528371851
1296 1.61532948647 1.61532948647
7253 2.85360746237 2.85360746237
2495 0.602496672057 0.602496672057
2494 2.89973463262 3.22729955124
4644 4.81128924465 4.81128924465
2496 2.00024238297 2.76510547733
2259 2.59793826757 2.72174739717
2254 2.36545653079 2.9048741853
5060 6.42260479925 6.42260479925
2250 2.39562807138 3.00911691064
2477 1.45875541154 1.53745709962
988 4.03407045852 4.36334690735
5151 1.44825557984 1.84773286849
5150 2.51828535013 2.93757268234
986 1.61543516576 1.92755292188
5154 5.50404037897 5.50404037897
5157 1.54513075152 1.71287815526
2478 2.32165106016 2.51534077578
115 10.0474190226 10.0474190226
7313 3.57294759464 3.57294759464
119 4.30572755551 4.30572755551
2785 1.70424462074 1.70424462074
4801 1.01050263192 1.01050263192
2787 3.65757211639 3.65757211639
4803 0.55357598649 0.55357598649
4805 0.720154242972 0.720835219048
4806 1.98911661836 1.98912691176
4807 2.38891905437 2.74401811224
2788 0.956470001667 0.956538359882
2071 1.24023802806 1.24025881677
6306 4.17579709913 4.17579709913
6301 1.7040603966 1.7040603966
6303 3.50258008154 3.6415404236
2074 1.86630361994 1.86630361994
7272 9.00551312313 9.00551312313
7273 5.33157815292 5.33157815292
7275 3.47842833237 3.47842833237
3502 3.26504603693 3.28929148146
7279 5.28370054805 5.28370054805
5086 1.50042680303 1.78951679545
5085 2.78489880591 2.78489880591
5084 1.07831875362 1.07831875362
2672 2.07579712011 2.1460642307
2676 1.17223552665 1.27561621893
2679 1.01772541151 1.01846609378
6833 5.48842886913 5.4885180275
2928 2.35640080725 2.77630881844
6830 2.32234327603 2.60878544429
6854 3.0450902252 3.34724481784
2923 2.44979175923 2.44979175923
6838 5.3659439844 5.71217311365
2925 0.0475462280976 0.0475462280976
2926 3.69346168391 3.69346168391
5331 5.68472035799 5.68472035799
5330 5.24920740603 5.24920740603
5335 0.453775198977 0.453775198977
5336 1.83378798201 1.83378798201
2907 2.07741843823 2.07741843823
3215 1.96019269846 2.09276206228
1984 0.641104286381 0.768667659327
1985 0.0408132391868 0.0408132391868
1982 1.5441419728 1.5441419728
3212 1.55498821665 1.69382938972
1638 0.521802733045 0.521802733045
5371 4.66837328614 4.99714278212
3218 6.19536497627 6.19536497627
3219 2.04898768492 2.62679682069
1989 2.50060008954 2.60422664406
569 1.36198285028 1.71407907231
560 3.442211992 3.442211992
564 4.26409124293 4.66089484008
566 1.7389018674 1.96857980183
6543 8.87811220666 8.87811220666
3173 0.462275542913 0.462275542913
7081 0.754644240628 0.75498092353
7030 2.33038085603 3.08183040336
7084 7.83571778576 7.83571778576
3376 1.31612344683 1.31612344683
3374 4.61442268339 4.61442268339
5421 1.01029192879 1.64270428684
3372 5.00575572059 6.42526012255
1180 6.05244871632 6.05244871632
1181 3.89043134339 3.89045650981
725 2.52487568898 3.21263373057
723 11.2834930586 11.283493645
1746 3.24288929859 3.24288929859
1740 0.762248324382 0.762248324382
1742 8.83546929132 8.83546929132
5499 0.166408925669 0.166408925669
1165 1.23799091421 2.68136552931
1166 1.43022395839 1.43022395839
7587 4.47599351788 4.94884512755
7291 5.54969618733 5.54969618733
4247 1.72593659426 1.9781546584
4245 2.43526515383 2.43526515383
1168 1.64040353809 1.64040353809
1169 2.15076301593 2.15076301593
4240 1.67226606508 2.03546159206
5521 1.85921456456 2.0996188976
5523 3.75891979181 3.96543437105
5526 2.11295422015 2.11295422015
7130 2.13441001863 2.49736002306
6941 4.56012028909 4.56012028909
6940 1.36845005876 1.36850665705
7132 1.5320982964 1.5320982964
47 6.85253374062 6.85253374062
7297 1.23053769584 1.23053769584
41 5.21859853333 5.21859853333
1569 2.50239493211 2.75197774825
1365 2.29836411674 3.43365120713
5492 4.44968306785 4.71636537282
1292 1.77610498528 2.12876107874
1561 9.00921258593 9.00921258593
1563 2.57810243245 2.57810243245
1564 3.40908890695 3.40908890695
1565 0.250519807492 0.250519807492
1295 2.9085061523 2.9085061523
1712 1.7755219869 2.3410081983
475 0.0840615805244 0.0840615805244
5250 0.997858858802 1.0830381675
1789 1.63745969765 1.86148676674
4399 4.22809588905 4.48330141936
7460 3.37058439523 3.40853127011
5638 3.24259989709 3.24259989709
6541 2.67206837037 2.67206837037
6540 3.35731192525 3.35731192525
4391 2.29222585207 2.29222585207
4392 3.51009346073 3.81874749395
4395 1.73058784146 2.16381328848
6549 1.35323988583 2.04000286605
5633 11.3318365893 11.3318365893
473 1.59762773887 1.80472067691
3195 0.611313484237 0.611313484237
1862 0.240317424612 0.240317424612
3193 3.50178582096 4.25667494087
7465 2.27698426292 2.50303783543
3190 2.01729166992 2.36821861622
3728 6.00004487713 6.31938598681
3198 2.22286091064 2.27611816358
7466 1.84361658027 1.9668341636
1368 0.819351429072 0.819351429072
3729 1.10085605288 1.10085605288
2.37180182525 3.12557654267