4447 5.05184087712 5.27606439517
4023 1.5023801821 1.64739470486
5988 0.883428955075 0.883428955075
346 1.62501406792 1.81202188022
347 5.97503767678 5.97503767678
7513 1.01871532454 1.25139256477
7512 3.0106473663 3.0106473663
342 3.26443947525 3.6302977712
343 2.27737374425 2.36591979686
3996 1.72136040468 1.72136040468
3995 0.91890262078 1.18456032483
3994 1.39732180111 1.49566478667
348 0.946919679613 1.22769484948
7518 3.28670769067 4.11305018559
6150 1.22575780015 1.52794421788
6154 0.496615672032 0.603356777331
6159 0.590853724274 0.590853724274
6796 2.14647545552 2.89639567084
6797 8.38157868648 8.38157868648
4730 1.05873662479 1.05873662479
4736 1.87076804109 1.87076804109
2319 1.00326148488 1.00525408501
2313 6.02108564777 6.02148857591
2310 2.35950427404 2.35950427404
2311 2.63211496102 2.63211496102
5851 0.620730872353 0.800839520287
299 1.25813342006 1.48926439803
7627 2.45488148895 2.45488148895
291 3.42825740452 3.42825740452
4656 3.52328785099 4.29073000601
274 5.96421159699 5.96421159699
276 2.79288498461 3.57837265394
278 7.47206385287 7.47206385287
4836 0.990694818324 1.08945653874
6584 8.50216719086 8.50216719086
2262 1.20299641572 1.29618905655
6190 4.5155167913 4.5155167913
2266 5.08735551975 5.08735551975
2443 1.72727797999 1.72727797999
6055 0.229896593201 0.229896593201
108 1.59498513043 1.59498513043
109 0.154097320279 0.154097320279
107 4.01784604053 4.01784604053
4813 1.80288947233 1.8029944527
2047 9.71106585123 9.71106585123
2045 1.06007650795 1.08965333509
4817 2.99870897223 2.99870897223
4816 1.93390998745 1.93390998745
2040 2.38366177011 3.06254276875
4819 1.54160423087 1.76362075391
4818 9.99487192296 9.99487192296
1297 1.71498615249 1.90956066568
6378 4.31820863299 4.78244465927
6379 1.4211757338 1.67938302866
6053 0.657912792997 0.657912792997
5828 1.2407634115 1.2407634115
6372 0.949414829694 0.949414829694
6375 1.75788436025 1.75961587272
6377 1.80894714096 2.08670200057
2838 3.79216419644 3.97471476943
5363 3.60581486691 4.19973013046
3519 0.142012119012 0.142015242063
3510 1.39471761648 1.72658261623
3517 1.60329445467 2.25459386306
3516 1.79182244659 2.42260645779
7263 1.10889184164 1.10889184164
3514 5.98687494065 6.11513098043
6201 3.01141195791 3.01158330069
6202 1.52014249194 2.27137056913
2685 1.50588574551 1.7060956521
2687 5.0189553298 5.52518920523
2681 0.84980188316 0.988251611198
2683 0.982929295317 1.2555600343
5406 0.923333074489 0.923333074489
5119 0.249072088238 0.249160311158
6802 2.21419213756 2.21419213756
6800 0.743759692329 1.03395256903
5293 8.26661602465 8.26661602465
5404 0.930804054837 1.20191801539
91 8.14460744372 8.14460744372
93 0.431152381651 0.431152381651
95 2.02984653495 2.02984653495
97 2.16727811289 2.16727811289
5402 7.11011571773 7.24776286544
5182 4.24261882559 4.24261882559
1622 1.31344642006 1.60401887595
1992 1.56494565328 1.56494565328
1627 1.74567765186 1.81116081457
3993 2.25840351416 3.10258958252
1629 3.06541055149 3.06541055149
1628 3.63025320606 3.87215637001
3209 0.480095639571 0.480095639571
2860 0.181822215628 0.181822215628
2861 5.13541000123 5.3558563725
2863 6.71397402434 7.35444713704
2867 1.25569343983 1.63114412793
555 1.73996978161 2.03337001894
554 3.18238193058 3.18238193058
551 0.534645579609 0.534645579609
550 1.12942755823 1.49051750576
553 0.260696280925 0.260696280925
552 2.98565690089 3.15216586489
7142 2.22198916862 2.71971595874
1199 5.99155727829 6.07687940042
5459 0.971135716797 0.971135716797
7079 2.43003573785 2.430737229
7074 0.710528470139 0.710528470139
5451 2.50288017867 2.50288017867
1193 2.84134986592 2.84221853978
3341 3.65138498056 4.1858365033
5454 3.00266389156 3.71279164383
3347 2.13437519699 2.21605983023
1197 4.62507187099 4.62507187099
3345 5.13394353609 5.18158691518
1754 3.93267686527 4.50535707982
1752 0.418868333979 0.418868333979
6976 3.15188989271 3.15188989271
6975 0.78205898631 0.923315072745
6971 2.18293760474 2.38039556537
4253 2.51502347665 3.33734941847
4252 2.08713340566 2.28904960025
5531 0.452362976987 0.452362976987
5538 0.089578439973 0.089578439973
1285 1.35140490956 1.67385455646
1284 3.28370622875 3.45400388138
1287 4.55144507187 4.75129470778
1280 4.57938615382 4.57938615382
1283 10.3135929767 10.3135929767
1289 1.126036543 1.13751118819
7188 5.12044874355 5.51140765746
1579 3.24391953681 3.6253093507
689 3.38987259443 3.97815485553
684 2.14632111124 3.57814837411
687 2.27088736761 2.48163279817
7183 0.891104634465 0.891104634465
681 2.07449965158 2.07449965158
683 2.31828930184 3.38886234353
7187 0.172372692275 0.172372692275
458 2.54275540251 2.54275540251
6006 1.98580667667 2.38077350032
1222 8.63530111419 8.63530111419
4388 1.93591518883 3.0417997845
6576 1.64914675503 1.64914675503
625 2.52249498712 2.67246728563
6574 1.49539703544 1.79699765409
5627 0.957217328381 0.957217328381
4382 2.23923865758 2.83809979798
7459 0.839763359593 0.940597841439
1371 2.25234095786 2.25234095786
406 0.862584095044 0.862586027683
405 1.74607061785 2.33644438862
1374 1.50408449679 1.77347695284
3834 2.99646864665 2.99646864665
628 8.35271186123 8.35271186123
3831 0.503627770025 0.660387082102
3832 3.4387210812 4.51496463872
3838 3.7764297004 3.79591325113
6794 7.62323706702 7.62323706702
4844 1.08949420821 1.08949420821
5990 1.95924380163 1.95924380163
5992 6.62515109808 6.66369086084
379 5.05688478091 5.05688478091
7527 2.72673050982 2.72673050982
7525 3.01186780955 3.22790553179
370 4.83621000053 5.49681644217
373 0.502215221869 0.502245209319
2038 3.16154699464 3.16154699464
374 5.55132593474 5.55132593474
376 3.42669105017 3.42669105017
6530 0.655582493634 0.8009340934
393 1.92082079664 1.92082079664
391 1.14796225691 1.61160010932
394 1.27454125825 1.27454125825
6148 2.55694512672 3.22697351421
2309 5.52516291887 5.52516291887
6780 3.77850186471 4.48407214552
6782 1.21600095035 1.21600095035
4728 1.34651228756 1.34651228756
6787 1.73989789669 1.73989789669
2301 4.15510761701 4.15510761701
4724 3.39401251549 3.39401251549
4727 0.831833837461 0.831833837461
2307 6.44300162036 6.44300162036
5846 0.74325103161 0.831893886847
6538 3.28494896614 3.86840410311
5849 3.16072653975 3.66374132484
3748 2.6336669229 2.63383598334
3203 1.50820849547 1.89367269876
3745 1.1611464802 1.1611464802
3743 0.261074825475 0.262934569732
247 0.753179726489 0.753179726489
4623 2.34947404862 2.55146944515
4624 3.16492989529 3.31472246746
243 1.14531401101 1.14531401101
4629 2.52106512374 4.00936571981
2272 1.13709604936 1.13722474044
2278 2.73241215357 3.20345258974
2459 0.429559883489 0.429559883489
2454 1.27967887023 1.27967887023
2451 3.35642823275 3.35642823275
2450 2.44951278153 2.77429466851
172 0.151512150136 0.152478468963
171 2.12561312195 2.66077837734
2050 2.72915770489 2.77560102658
4538 0.992725303363 1.03862665892
4828 0.934887649763 1.15531966635
2059 4.01138284413 4.03971594527
2058 0.189451533129 0.203492836331
3692 1.59623659912 1.59623659912
3693 1.45752988873 1.45752988873
4530 2.69240306902 2.69240306902
3695 2.17528645212 2.17528645212
3696 2.13883803356 2.13883803356
4821 1.16309237966 1.47189086692
6369 2.32839443422 2.36725059596
4983 2.52893098101 3.35575058899
7337 3.00165057273 3.00165057273
1504 2.90735411823 2.90735411823
3522 3.44910041281 4.8417094449
3523 2.26779999032 2.66200025095
7043 1.18963370653 1.50806556895
7218 3.13487364702 3.13487364702
7215 1.28138300942 1.37467910272
1601 4.93363047322 4.93363047322
6215 0.624538546384 0.634228320974
6386 3.4327724466 3.49616421424
2699 0.988613317566 0.988613317566
4651 0.455829551505 0.514141176389
2693 1.30910042077 1.39962603214
2690 0.440103057852 0.563854547113
6819 2.09146595085 2.09146595085
1605 0.124113966815 0.124351100453
6814 0.00553902009699 0.00553902009699
6817 5.88629346094 5.88629346094
6816 1.30811045049 1.30811045049
7326 3.06659810941 3.68150775428
3231 2.16539193874 2.49978977742
3236 4.06795358574 4.06795358574
1969 7.32860451182 7.32860451182
3235 3.99760231718 4.16947210176
1965 3.87405632554 4.25553431466
1966 1.08117184772 1.66243052529
3239 2.62610150678 2.62610150678
5191 5.33175778694 5.45181973549
1962 1.42577783193 1.4886129056
2877 4.85656359772 4.85656359772
3355 1.5446787683 1.5446787683
3351 2.08390266338 2.31839755874
3353 0.00077854441798 0.00077854441798
3352 1.21828323391 1.3150343104
7063 0.441465622086 0.480115200407
5446 1.84625877683 2.22267796942
7060 2.02759638055 2.18830230697
1764 9.10016765073 9.10016765073
1788 0.479464889653 0.479464889653
1145 1.54994816783 1.75756992707
6968 1.46596303735 1.46636849045
1148 5.77050396708 5.86213087392
5509 0.129825313469 0.129825313469
5506 1.54204398762 1.54260013359
5507 2.25324793142 2.90040224237
5500 0.586633818598 0.586633818598
692 1.76215760617 1.76215760617
1547 2.30033944892 2.36178403519
1544 3.01783879237 3.12369192068
1545 2.02298708401 2.43103240815
1548 5.17940397644 5.17940397644
7199 2.09508933949 2.09508933949
546 3.12224944005 3.12224944005
544 1.28553481126 1.51976179068
545 1.1514720677 1.26253556761
549 2.17654851043 2.5422643939
7194 5.09186579876 5.09186579876
6886 1.64486590133 1.64486590133
7564 1.48293558572 1.5965457504
764 3.13294264242 4.35676201879
6406 2.43389867971 3.27563179159
5618 2.15436590133 2.15436590133
7442 1.90310511989 2.48591926648
6568 3.25588115936 3.25588115936
5477 1.94094200652 2.05163562478
5612 0.0622673487369 0.0622673487369
5613 0.871399477305 0.871399477305
6405 5.62320106406 5.62320106406
5617 7.40085516217 7.40085516217
6562 1.50703111309 1.73230771833
7398 2.90880896523 2.90880896523
5475 1.95480048891 1.95480048891
410 1.90957057858 2.49873228638
1389 2.22544140876 2.96375920438
412 0.634141366755 0.634141366755
1384 3.14665510351 3.87323797367
1387 3.16942213159 3.89230195683
419 0.927120950137 1.07070125088
5003 2.51455176811 2.78508056755
3823 6.76006497172 6.76006497172
3821 3.08054914945 3.08054914945
7114 2.91342230594 2.91342230594
3828 3.73470687851 3.73470687851
5000 0.869439556615 0.869439556615
7482 4.70938419053 4.70938419053
4282 1.96441181778 2.2067028375
4280 0.714478741712 0.871692041772
4286 2.24154529321 2.24154529321
7538 3.28787864 3.28787864
369 1.18444142498 1.66616439965
366 1.71735311026 1.71735311026
7534 1.63888636251 1.63888636251
364 0.0525884881996 0.0525884881996
365 2.18510160663 2.62275722601
362 1.12450976588 1.12542217977
5009 4.02874496753 4.57567612312
360 1.20664398913 1.20664398913
7532 0.640929415617 0.640929415617
380 1.47975622406 1.75082536266
381 1.67851653184 1.76311365058
383 1.62033421914 2.12900041179
384 2.70438569047 3.71770604017
6178 1.36034496714 1.36034496714
389 0.585149384169 0.585149572021
5271 0.342905653719 0.342905653719
6778 3.00588999963 3.89019589218
6779 0.644416380927 0.648168194859
1369 2.63515640398 2.96044331751
6774 3.08524875647 3.12162431136
6775 0.783157065664 0.966403736645
6770 7.44690420927 7.44690420927
6772 0.83298683834 0.83298683834
4757 1.49554621849 1.49554621849
5870 1.65986706415 1.65996367603
5876 4.41877401732 4.67339220792
5374 0.5230950086 0.5230950086
5879 0.32402116893 0.32402116893
3758 1.51652610042 1.65764122112
3750 1.5354878609 1.5354878609
3753 0.17740537449 0.17740537449
3755 3.26396972285 3.82187878478
2192 1.45305322682 2.07972414611
259 6.10430761105 6.10430761105
4637 4.40632236489 4.40632236489
2195 1.87775025154 2.45777342424
2196 0.0491283155476 0.0491283155476
2197 1.75461055487 1.93320007818
4638 2.1144160715 2.46982686941
256 1.8923964074 1.89241667561
2200 7.21776089287 7.21776089287
2201 0.740296432807 0.740296432807
2202 0.92708620587 1.00862705047
2204 1.38863221807 1.60653525539
2205 2.93408726025 2.93408726025
2209 2.40158546946 2.94998717301
6689 6.11706302297 6.11706302297
6680 4.8839006089 4.8839006089
2428 3.99638901886 4.03516855168
4812 0.917504546439 0.91758213493
2422 1.65437441745 2.1451129604
2426 3.15276953817 3.15276953817
4810 1.59382754763 1.59382754763
169 2.85594885575 2.85594885575
164 2.09570339701 2.15919248267
160 1.81208033127 1.81208033127
161 2.40608371875 2.88419045434
162 3.12817474234 3.12817474234
3689 0.00321978263313 0.00321978263313
3683 0.716916323279 0.716916323279
4526 1.75768952227 1.75768952227
4525 5.96189271856 6.21946952714
4524 1.22762367555 1.38819751557
4523 2.18903493379 2.62064744979
3685 2.99457813192 3.06524087719
3684 5.14945279746 5.14945279746
6194 5.46111147241 6.07343354107
6981 1.6904315091 1.6904315091
2518 1.44991067815 1.44991067815
1842 2.26684923847 2.26684923847
2514 2.24312857217 2.24312857217
2516 3.46175654904 4.20395574634
6198 5.50663751268 5.52329207756
908 3.75829834041 3.75829834041
6740 2.23860118428 2.2456805424
2730 0.0792026285445 0.0792026285445
2733 2.77609854752 2.77609854752
4426 1.0573192361 1.15755194723
5294 2.07529427584 2.37973156953
5295 2.04912201412 2.96824479959
2738 2.74748133569 2.84799450739
2739 1.1452584877 1.36602239157
5291 2.930865726 3.63079312244
1817 0.281247365456 0.281247365456
1811 1.76216027948 1.76216027948
7203 1.40914763273 1.50476224049
6227 4.12171384861 4.12171384861
6228 3.15963787828 3.15963787828
671 0.224339681906 0.224339681906
6993 0.949006633476 0.949019650613
1609 1.00870614275 1.35483679014
7336 2.01413550636 2.01413550636
7335 2.50086623062 2.50086623062
7334 4.55699973744 4.8568719056
3225 1.95495381204 2.69709258243
3224 3.47846411942 3.47855975345
3227 3.52389306833 3.52389306833
1602 1.80278830657 2.30714534368
1973 3.86374748039 3.86374748039
1972 1.35940509337 1.35940509337
7339 3.00148895598 3.32615767673
809 1.99900535769 2.26796727653
801 2.97378839259 3.31544057934
807 1.7682481576 2.08812058349
806 2.52083432549 2.89715043825
2849 6.45663061208 6.45663061208
2846 1.73692832981 1.73692832981
2843 0.886869503365 0.886869503365
3321 1.18561954575 1.35902299172
3323 1.80681270921 1.80681270921
3328 2.35314422207 2.35314422207
5478 0.53082376165 0.740973345945
5479 2.03542075421 2.03542075421
5274 0.0865185256024 0.0865185256024
7058 1.08836431078 1.08836431078
1776 1.01101465213 1.35694312478
1770 2.99557335544 2.99565651584
5272 3.40451798067 3.64396712295
323 5.20121251606 5.6645571406
7052 3.25347397165 5.27400072622
1778 0.57062216753 0.57062216753
7055 0.81720270225 0.81720270225
1154 3.66418438165 3.95760728273
1152 0.5065113642 0.5065113642
5519 2.1824036568 2.1824036568
5518 1.58739448141 1.66525807664
5513 2.71424181738 2.71424181738
5512 1.45008702513 1.76684181908
5515 1.41490295496 1.76941048481
5517 1.92204579598 2.06853683833
1551 9.24726675497 9.24726675497
2999 3.99123559106 3.99123559106
59 1.31645244006 1.31646252703
58 5.49838073146 5.58944345827
55 1.0029580217 1.02194946229
2991 1.31490673753 1.31490673753
57 2.13813735391 2.13813735391
2993 3.46475403219 3.46475403219
52 0.994359043528 0.994359043528
535 1.30507905163 1.38546715582
532 1.59880375444 1.61906332435
531 3.01197983121 3.61557354056
7342 6.49858191587 6.96299904063
538 0.703236200819 0.831947799918
5600 0.647875545886 0.647875545886
5609 4.43537573058 4.43537573058
5608 2.77500353135 3.36469420943
5134 1.13980675781 1.24271994115
1902 1.32860239913 1.54179355149
6517 2.74580882356 2.74601421908
428 1.14475924092 1.14475924092
421 4.07142595554 4.07142595554
420 3.01041093122 3.31557797605
3293 0.0963661290331 0.0963661290331
1393 2.53444959622 2.53444959622
1391 0.815415542666 1.18929367516
3810 1.80982870316 1.87725588471
3816 1.68666160889 1.68666160889
3814 0.509439115662 0.509439115662
3457 4.67021094072 4.67021094072
6420 0.436994284689 0.436994284689
4298 6.06917718722 6.06917718722
4294 2.04025902091 2.04025902091
4297 1.70163399016 1.70163399016
853 6.53561511662 6.57579806454
6428 1.19008274654 1.19008274654
6429 2.78221524813 2.78221524813
6412 0.214956079161 0.214956079161
7543 0.684302666493 0.684302666493
7547 5.37057554247 5.51725207415
6168 1.92050136903 2.05127140269
6160 3.8100790684 3.8100790684
6162 0.0602623810767 0.0602623810767
4749 1.49202649003 1.51500076801
4748 3.50796085934 3.98546539369
6767 2.30938134497 2.30938134497
6766 2.3689805286 2.74463019212
4740 3.79729680683 3.91189401872
4747 2.09859734719 2.09859734719
4744 0.923813729408 1.2689385572
5868 1.70862169312 1.70862169312
5865 2.45186227124 2.59420397181
4715 2.63984803627 2.63984803627
2183 2.47476917512 2.93223529613
7059 0.258735649403 0.258735649403
2181 0.633933959016 0.633933959016
2186 0.846345127653 0.846345127653
4606 5.50443608219 6.13371666045
2189 1.99616558157 1.99616558157
224 3.90097394868 3.90642355527
223 5.93250851751 5.93250851751
222 1.96543975618 2.49450875707
221 0.755318509942 0.755318509942
2212 1.81795810986 1.89493659576
2211 0.866517367275 1.14295984695
2210 1.52593586839 1.67236376174
2217 3.2592384186 3.2592384186
2216 2.26736466489 3.9181970456
2214 5.24837497474 5.24837497474
6699 0.72512624739 0.72512624739
7293 1.02966495461 1.12709945766
6697 1.18672012565 1.33660408038
6696 1.11555583985 1.22999958705
6694 0.923993090334 0.923993090334
151 0.780571389926 0.780571389926
155 1.44824126261 1.44824126261
156 3.32171972122 4.99288552809
2433 0.949718485411 0.949718485411
2431 2.95653994616 3.09210343709
2430 2.2075035911 2.2075035911
2437 4.30246271954 4.38959676553
2434 2.00755854778 2.19005120718
6340 3.46958209082 3.46958209082
6343 1.96993518772 2.30753209869
6344 4.47986673201 4.48039102392
6346 1.22798498868 1.22798498868
6349 0.900619052044 0.900689859502
4510 1.34157464655 1.86053153428
6809 2.31231715251 2.31231715251
4514 1.00585802558 1.14453912575
4515 3.52432926184 3.52432926184
6186 1.79525252128 1.79525252128
6183 1.43957952658 1.60380866545
6182 2.55604775248 2.55604775248
2508 3.8802954837 4.02907483025
2507 2.26171095263 3.09961789573
2506 2.74802975539 2.81600297834
2505 3.29256159429 3.3410216811
2503 1.27100968649 1.27100968649
5289 2.25294945279 2.25294945279
5288 1.67617067587 1.67617067587
2721 1.82698835206 2.40669398112
5280 2.50799486108 2.85429017502
5282 1.23771658056 1.23771658056
5287 3.0477579354 3.0477579354
7234 0.481467185893 0.5610732377
7235 6.40474084101 6.40474084101
7233 1.14140605191 1.14140605191
5047 4.34920721617 4.34920721617
5046 2.93354130978 2.93354130978
5045 9.4844091777 9.4844091777
1807 2.36081384304 2.3958616294
3783 1.61530822113 1.61530822113
1804 2.49416407666 3.47194700199
1802 2.06061576926 2.46473555778
3789 2.00202352401 2.00202352401
1809 5.53775555643 6.08636895379
1808 0.931645959266 0.931645959266
4994 2.07614460581 2.07614460581
6239 1.01857698802 1.01857698802
4993 2.20560882104 2.56331007643
4991 3.27752899957 3.27752899957
6234 2.93335736216 2.93335736216
6237 0.181747236536 0.181750264371
4999 0.0681915729875 0.0681915729875
1948 0.617540991129 0.617540991129
7301 2.38996480083 2.38996480083
7307 6.51119720818 6.51119720818
7304 4.62170259531 4.92826781803
7305 0.0297921754411 0.0297921754411
1943 0.992366659853 0.992366659853
1940 1.81703589006 1.81742499341
1941 1.54573328746 1.83049550869
1946 1.04150698697 1.15334338295
810 2.17619052536 2.79578215432
1252 3.31341955307 3.31341955307
812 1.0028815907 1.0028815907
814 0.74051040032 0.74051040032
817 3.33973947307 3.94161681391
2859 0.748341909913 0.748341909913
5183 1.53151187951 2.2560893823
2850 3.20685086521 3.73210363476
2852 1.83667038653 2.06279703198
2855 1.4584954405 1.4584954405
2857 6.56266172345 6.61366867316
2856 2.43828191148 2.43828191148
7045 6.36657809139 6.36657809139
1491 2.89249161919 2.89254052751
5463 2.9533812681 2.9533812681
5462 2.52939741878 2.63958459826
1494 2.83850474336 2.83850474336
3336 2.30193271436 2.9727483258
1496 2.22547468683 2.29106350424
7042 3.3070381377 3.3070381377
1499 4.6791308047 4.69323915253
1702 0.745622928268 0.745622928268
7328 2.83547051919 3.61714350174
1705 1.39435067805 1.39435067805
427 1.88349284319 1.88367842034
4574 4.77701993351 4.77701993351
1129 2.50511957762 2.53948341141
1123 0.7279405324 0.7279405324
6983 3.87877305901 4.10509868961
6982 1.23292843613 1.23292843613
1126 0.182170488773 0.182170488773
6980 2.97391314232 3.06289244616
2982 2.6139763785 2.6139763785
2981 2.17001962818 2.97637011541
2987 0.203031424047 0.203031424047
3022 4.11539895011 4.11539895011
2985 1.90723337325 1.90723337325
524 1.36573311381 1.36573311381
520 1.77811153177 1.84679212238
521 5.48947696149 5.48947696149
523 2.08250029599 2.23703608874
1012 0.782764877212 0.782764877212
1013 0.343666509272 0.343666509272
1234 1.96053596379 2.46956458812
1235 5.76248762466 5.78165367294
1237 0.855714202818 0.855714202818
1230 8.83312376609 8.83312376609
1231 0.259680964165 0.259680964165
304 2.33818388219 2.65412320309
4195 0.0263478003558 0.026431835085
4192 0.996832608555 1.10595826229
1239 1.82395873249 2.0583954196
5674 1.95555841679 2.5548851486
4355 5.17959593473 5.17959593473
4357 0.38581929114 0.38581929114
4353 2.98172444888 2.98172444888
6507 0.863723346843 0.863723346843
4900 0.254932031342 0.254932031342
437 3.92028477447 3.92028477447
435 0.182024616202 0.182024616202
433 1.85197150967 2.09732031153
431 4.62909966713 5.06080226989
7158 0.599860598645 0.599860598645
3808 6.40764101298 6.40764101298
3802 1.20228453126 1.27579663068
6437 0.506006785205 0.506006785205
6435 1.65726807498 1.65726807498
6432 3.67972468755 3.67972468755
6431 10.430163355 10.4303206015
5707 1.31656637919 1.6533097774
5700 2.72027054282 3.10895170918
5702 7.80821141834 7.80821141834
6438 0.845559440005 1.00462681132
2868 3.68810329412 4.40255993543
2869 3.5047817259 3.5047817259
7553 1.07968162779 1.42797294286
7551 2.26129371177 2.26129371177
7550 1.63987672674 1.63987672674
7557 1.97889833542 1.97889833542
7578 0.484026634764 0.487855507786
4774 3.16559496533 3.35280724382
4770 6.39319113533 6.39319113533
4778 3.05928859712 3.05928859712
6421 0.111602758722 0.111603380133
4175 0.374448429105 0.374593928161
4172 2.29225316423 2.32643389726
6752 0.145191476836 0.145191476836
6756 2.73839243009 3.79102241317
4179 3.2121945087 4.97724618396
6755 3.62269523089 3.62269523089
7171 5.09734793244 5.51990455741
5815 1.55900802618 1.55900802618
5816 1.68944439046 1.83654130629
4296 1.91355683103 2.40330250831
7173 4.42958270812 4.61929687616
5064 0.661808495927 0.661808495927
4619 0.56583111355 0.847236803166
234 3.43543319425 3.94327104903
4610 0.326084294424 0.326084294424
236 3.12043395162 3.12043395162
4615 1.12481369687 1.12481369687
231 3.36193562299 3.36193562299
4617 1.9011881375 1.9011881375
233 4.82263435885 4.82263435885
7392 3.16095352562 3.16095352562
2223 0.37361542384 0.37361542384
5924 3.05611739539 3.05611739539
5925 1.5641652145 2.03949965059
4881 0.310271019098 0.310271019098
146 0.598290508812 0.598290508812
5356 0.0583715083631 0.0583715083631
5143 0.217532305627 0.217532305627
4501 1.24680622562 1.24680623506
4503 0.998551203752 0.998551203752
4502 0.486037662384 0.486037662384
4508 2.32150987473 2.32150987473
2089 1.38820234763 1.38820234763
2080 2.46931840533 2.61235706288
3403 2.58648053059 2.58648053059
2538 2.83193883002 2.98302076211
2539 0.196878148496 0.244194203117
2530 2.21645094538 2.56886632415
2537 0.569962755293 0.570300800114
2713 0.975597990698 1.40141850739
5453 9.30113543062 9.30113543062
2716 2.65507708079 3.28319339659
2714 2.16841870096 2.26210883523
2715 3.99690670326 5.98780802615
5078 1.57543452557 1.97635516789
7222 1.48115932593 1.5956114848
5456 2.16077670585 2.22111361119
7227 1.9336753404 1.9336753404
7226 2.60221757546 3.24185480836
5072 1.60046225753 1.60046225753
5457 1.57226737352 1.57226737352
5076 0.347683349889 0.347683349889
5077 1.95205290634 2.117710377
1832 3.30476892467 3.34595152082
1833 0.708327871497 0.781417376308
1830 2.94441982951 2.98623722991
1831 3.09352240854 4.14282991436
1836 0.135348013672 0.135348013672
1837 3.5992401734 3.87059236216
1838 1.27865386156 1.27865386156
1839 1.23528434658 1.47825582286
2155 1.78259995417 1.99657485224
2156 2.87021140785 2.87021140785
2157 2.91326963483 2.91326963483
2402 7.9319118527 7.9319118527
2151 1.88124242925 2.07305952865
6240 0.849248483666 1.02073247748
4988 2.16475873094 2.16484990643
7446 0.431354654478 0.431354654478
2158 5.49454527031 5.67337595643
936 0.0385274011385 0.0385274011385
6246 0.87540819667 0.87540819667
2409 1.13499725747 1.6238057272
5381 4.91966372692 4.91966372692
5382 1.19855149322 1.57217773747
5383 2.48323439239 2.48323439239
5386 4.07261295646 4.07261295646
5387 0.20713183378 0.262617260213
5388 0.389550310302 0.389550310302
1691 4.36513251385 5.20310203664
1955 0.857702745175 0.857707479449
1957 2.00700255912 2.37057586763
1956 5.29331744413 5.29331744413
1959 3.09768483871 3.50684327338
3243 5.02261019884 5.16757565467
3242 5.51967624255 7.2674148489
3247 0.902833144645 0.903548871684
7310 1.74664703431 1.9907042284
3245 0.782792282027 1.04280294442
3244 3.71840930578 3.7991592636
826 0.497983365222 0.497983365222
821 1.52393753268 1.67276238159
820 0.984578213191 1.043822519
1483 0.711031831997 0.711031831997
1482 1.60251787229 2.26242362718
1480 1.57299410113 1.58118624556
1487 1.96832963366 2.03715168362
1486 2.24626980688 2.24626980688
1485 2.03126832402 2.21687460533
7037 1.56738532805 1.56738532805
5496 1.74525794519 2.00349783119
3300 0.876429043099 1.32951551186
5493 1.97478407965 2.34376846356
796 1.22683201167 1.22683201167
795 1.53850741245 1.53850741245
5251 2.82401542763 3.48557878312
5256 0.991322242214 1.23470331864
5257 1.80301469827 1.80301469827
5254 3.75661355979 4.69301840366
1719 0.573200238287 0.573200238287
1718 1.30457235898 1.78073346175
613 0.379759851755 0.379759851755
2414 1.99259698382 1.99259698382
1139 1.79745789285 1.79745789285
1273 5.89007107104 6.04041587726
1995 1.01295418799 1.38437535656
1275 0.155050712084 0.155050712084
5940 1.83984870888 1.83984870888
3011 1.80714202162 2.10642417015
3016 3.10639073177 3.10639073177
7141 2.91856106959 2.91856106959
3014 1.24914964036 1.24914964036
7143 0.69180422281 0.69180422281
926 3.14196368151 3.14196368151
1007 0.546049663713 0.581832506593
1005 2.24637495017 2.58336488594
512 6.84686371341 6.84686371341
515 1.0944843037 1.25689928293
517 1.96346320944 2.63016616599
516 0.319046577629 0.319384340731
1226 1.47982315227 1.49874978092
621 0.639745142276 0.639745142276
1223 0.64021388443 0.64021388443
626 5.24169833959 5.47396150915
1221 3.10798158375 3.10798158375
4182 0.0774584207206 0.0774584207206
4184 2.86589528989 2.86589528989
4186 1.51597149409 1.51597149409
5662 1.6369430739 1.96241041092
6533 1.30565821743 1.696610373
4349 1.01765086769 1.03645978706
7562 5.39761877788 6.21935149651
5669 0.497840989485 0.550425066758
4341 1.00517650585 1.22629068081
2883 5.40929832836 5.41757350592
7498 1.32483390395 1.41793704058
2887 2.98500438036 2.98500438036
2884 0.713957411637 0.713957411637
7493 3.21825850673 3.85605815372
7490 4.86931996964 4.86931996964
7491 2.45176365995 2.50896536122
7497 2.50360673786 2.50360673786
7494 1.96206778608 2.03307318994
3878 4.44430082187 5.64911097816
3879 1.98951078637 2.01972698979
3874 2.40031025662 2.44179642483
3876 6.45840938426 6.45840938426
6403 1.50899848572 1.50899848572
6400 2.87762412175 3.50564176608
15 1.75097937182 2.15189093472
14 2.1505762566 2.1505762566
6404 3.29757918934 3.29762626197
1921 2.42656795754 3.21693890166
19 2.53491805184 2.53825357655
7568 1.58498847002 1.80954082529
7561 0.143273652021 0.144597831781
7374 1.76270364172 1.76270364172
3907 0.46882378471 0.46882378471
3902 4.44975494892 4.44975494892
4761 3.06027237776 3.40156907389
4760 1.67468864139 1.88310830208
4763 0.230046164921 0.230046164921
4764 5.45917377941 5.45917377941
6748 1.95836483771 2.82976138523
4167 7.01197603262 7.01197603262
4162 1.32047988438 1.4324117821
4161 1.49235622557 1.88867844614
205 2.5891414169 2.77367591889
204 2.29898232867 2.72512274732
209 3.81898986651 3.81898986651
830 2.99297696857 2.99297696857
7181 0.344115102316 0.344148003346
2233 5.1492858301 5.1492858301
2232 1.20607138541 1.20607138541
5937 8.53315961417 8.53535785207
5936 0.727925213147 0.84276401218
5934 4.73512893131 5.02317711233
5933 3.64930408409 4.20131809632
5932 1.49529854965 2.05687576573
5931 1.84188133731 2.16617019432
5938 3.60829695368 3.60829695368
7140 1.74842377587 1.74842377587
3499 1.22905649019 1.43816178441
3495 2.20505015933 2.20505015933
3491 0.504720329648 0.504720329648
4570 2.48982532052 3.09789548914
4572 5.76459359707 5.96775379594
2096 2.94469807558 3.46804165808
2091 2.49378455608 2.54014407993
5096 7.92481451524 7.92481451524
4576 0.83275073899 0.83275073899
2092 2.13793393934 2.44689770312
3657 4.76619910905 6.17602123916
4604 4.76458850823 4.76458850823
2525 0.623349728675 0.623349728675
2524 0.671494812867 0.671494812867
2527 9.05379012232 9.0539285274
4602 3.01015206172 3.61657216067
6902 3.77217015624 5.1208052912
5065 0.792823380523 0.902024092957
4889 2.65781009715 2.65781009715
5067 1.45422244787 1.63139279136
5066 0.969337015179 1.08411321894
5061 0.183762110427 0.183762110427
2708 1.13195031174 1.13195031174
7262 1.81115578656 2.20878351131
5062 0.489579930973 0.489579930973
2704 1.28353922195 1.28357994369
5069 3.60927319106 3.87979475372
4885 0.587083847057 0.587083847057
2702 0.831996220889 0.831996220889
4193 1.80679743325 2.0219661136
1828 0.836617345512 0.836617345512
1825 1.61713079132 1.61713079132
7453 2.23052001831 2.9011606235
928 1.57827649737 1.63549257354
2146 3.66893241195 3.80517149593
7072 3.18047228675 3.18047228675
2142 2.35030156851 2.54517983302
2140 1.16387024977 1.16387024977
921 1.53336391228 1.53336391228
4498 1.35791632327 1.43587259464
924 1.90165151526 2.01309170782
4971 0.251911305806 0.251911305806
2149 3.22960188851 3.22960188851
5745 1.05704900443 1.06408223418
5392 0.00538980161671 0.00538980161671
5395 3.86095824951 3.86095824951
3276 1.03509156372 1.03509156372
3277 1.92209773098 1.92209773098
1924 0.688897789512 0.688908907511
1926 0.657232657615 0.657232657615
5749 1.35473216142 1.35487095166
3278 1.55807387816 1.69825650782
7369 1.52398633065 1.52398633065
3476 0.808767680562 0.808767680562
831 3.6684410552 3.6684410552
837 1.08738251586 1.08738251586
7361 2.46858210134 2.52269124422
3478 1.48291498752 1.70824265279
5586 3.46965052993 3.46965052993
3332 0.169279178565 0.169279178565
3318 0.0841537109727 0.0841537109727
6571 5.95092991549 6.04126410096
5488 0.941669530544 1.11832105283
5484 2.12394563309 2.61351733894
5483 0.999085261497 0.999085261497
5482 1.79807433754 2.15087775493
5481 1.81949255109 2.07660730229
5480 5.19966379501 5.19966379501
785 0.669387262411 0.669387262411
786 2.94738581529 2.94738581529
7450 2.67949508385 2.67949508385
1728 3.2725274344 3.2725274344
783 0.47060894132 0.47060894132
6591 3.58795804699 3.58795804699
1727 1.58365689941 1.58365689941
5246 1.58298702555 1.65823080493
1722 1.60599096155 2.43242701636
789 5.37604307351 5.37604307351
1720 4.31550037285 4.31550037285
5242 2.0001418076 2.0001418076
7594 1.14957150599 1.14957150599
61 3.49277290332 3.5782864501
3006 1.42369321466 1.42369321466
3000 2.07697702227 2.38631797813
66 1.88041609743 1.88041609743
68 1.9344554856 2.15694635715
69 1.30467104949 2.03664516143
3008 1.0129694517 1.0129694517
7159 1.057484984 1.38353129583
1370 4.98089046771 4.98089046771
7153 0.794246941065 0.794246941065
7152 2.17663605948 2.17663605948
1584 0.314721554361 0.314721554361
1585 1.02703901077 1.32615861299
6826 1.01743246797 1.10653094213
509 3.73350288279 3.957165218
1032 1.63352461561 1.63352461561
505 1.35818652493 1.35818652493
502 4.14099236468 4.46405315401
1037 1.45101956351 1.45101956351
1212 0.748749714828 0.748749714828
1210 2.9813098335 3.00862510585
633 2.04398443903 2.04398443903
1216 1.43879292344 1.65282516012
635 2.02155036594 2.02155036594
638 3.84136122835 3.84136122835
1218 1.06098802961 1.06098802961
1219 2.08791099679 2.78418931444
6521 2.03627392909 2.42775215101
7484 2.63289310412 2.9474950507
7487 3.82303764674 3.82303764674
4379 2.50262365562 2.50262365562
7483 1.18619510391 1.18619540536
5659 2.07775340464 2.84570768104
5655 1.0755539588 1.07555467575
5652 0.829612836045 0.829612836045
4377 5.3929625933 5.39296850396
2899 3.35369692615 5.1866053586
2895 0.556328313752 0.764203983019
2891 9.16793342005 9.16793342005
2890 3.48010115479 3.79131597557
1106 1.70730361844 2.26254493553
1455 4.80519620823 5.35425616504
1102 3.51472877817 4.96835383255
1103 1.36769237877 1.36769237877
1453 0.716237625953 0.830287722071
1458 2.06243153407 2.63539910936
1899 2.74883275144 4.06845152129
4082 1.4024930698 2.24628001525
3868 1.67342437793 1.87168179541
4088 3.58236217423 3.58236217423
5241 1.49467228786 1.49467228786
3738 1.20375348699 1.28464754699
3866 0.080790707928 0.080790707928
3864 10.9546176889 10.9546176889
7073 8.44720269972 8.44720269972
3735 3.9236152549 3.9236152549
5729 2.66234573717 4.05956494832
6419 1.05977641061 1.53169268937
6418 0.880099426754 1.03415320728
6415 1.91704368383 2.36559618874
5723 2.30115625787 2.30115625787
5720 2.1596092942 2.37530762771
5721 2.65126749872 3.00824836681
6411 4.47965257256 5.30182459835
5727 6.63565448045 6.63565448045
5724 1.81028933501 2.182129326
5725 0.355847148812 0.355847148812
3913 1.42456574784 3.59811694063
3912 1.66278029724 1.72334702371
3918 1.69059962577 1.99647459877
6732 2.47991989591 2.47991989591
6734 0.662788129309 0.662788129309
6736 2.81989310823 3.75902825017
6737 2.614102629 3.45523721122
6738 3.31346452146 3.31346452146
4796 1.66718048655 1.66718048655
4790 1.65100989577 1.79769359068
5836 3.07926348792 3.07926348792
4153 1.8985837093 1.8985837093
5834 3.69166984416 3.69166984416
5835 2.46870354022 2.54266359294
4154 1.32265186888 1.32265186888
5831 0.0293007020366 0.0331944208543
4159 4.54212670854 6.21871709969
4698 4.27083853822 6.41814066601
219 2.72708275288 2.8409214704
7464 0.568315048648 0.568315048648
6087 2.5421897976 2.5421897976
6084 3.16804101973 3.16804101973
6083 2.7204273984 2.7204273984
6644 1.09430333908 1.30103167358
6640 3.17019489923 3.34893836697
6642 1.75895789816 1.75895789816
5902 2.70730996846 2.70730996846
5904 1.26474440334 1.26474440334
5909 2.71169774938 2.71169774938
6497 0.219701102126 0.219914036809
3488 4.49981163629 5.21808490738
3481 5.58886323203 5.80866275596
3480 7.58991449153 7.58991449153
3482 3.40774953326 3.40774953326
3487 4.99321353349 5.42160853959
3486 4.4593982055 4.4593982055
4566 2.50306783486 2.50306783486
4565 1.07244802114 1.17535753127
4569 2.09355433204 2.13859109025
7080 2.8807728353 3.39101397845
2551 2.5006198645 3.82857741171
2552 7.57746296256 7.57746296256
2554 1.50563050319 1.77638546342
2555 1.49538130733 1.49538130733
6396 1.06698693426 1.06698693426
6397 5.61671677385 5.61671677385
2397 9.99123154962 9.99123154962
2394 1.13417700142 1.58967974223
63 2.36491807514 2.36491807514
5013 2.38259152364 2.38259152364
5014 4.927139441 4.927139441
2771 1.95622533657 2.82574024371
2772 1.50361352309 1.85572742805
4897 1.49465060961 1.57914279843
2775 1.7330752862 1.78427143852
2777 1.50462675064 1.56230582302
1859 0.498427957955 0.666744713723
6260 4.7991420481 4.7991420481
4418 2.03055225509 2.87199269912
4417 4.98312811214 4.98312811214
4416 3.02569750143 3.02569750143
1852 4.42708201012 4.42708201012
1853 0.741916993937 0.844422076561
1855 0.461968486623 0.461968486623
6269 3.32064820533 4.01658699504
5168 1.40338812942 1.40338812942
2171 0.750081432313 0.750081432313
2176 3.04390767627 3.04390767627
918 0.68036014589 0.68036014589
6063 0.474558133372 0.610791604555
4967 2.50345665618 4.23691771138
914 5.63824385734 5.63824385734
917 2.27821015637 2.27821015637
2179 1.2399336841 1.2399336841
912 1.48565464462 1.74010526
2603 1.5621319581 1.5621319581
2609 2.6282351109 2.6282351109
1930 7.07904980385 7.07904980385
1937 5.61411015418 5.61411015418
3269 1.49545145114 1.51971156556
1939 3.24350838381 3.24350838381
5127 2.06482069835 2.20524701837
5121 1.99285143013 2.6271462877
845 1.83618460843 1.84030444049
3464 1.55753040074 1.55753040074
3463 2.3985326025 2.39855309551
842 1.83680334908 2.10560028108
7091 3.22246583205 3.22246583205
7375 0.568460192404 0.568460192404
848 1.84309226982 2.17894167436
7012 1.03541868671 1.22182446947
7013 3.88423883034 3.88432541707
7011 0.870550382221 0.870550382221
1731 0.313229506124 0.313229506124
1732 1.98576907074 2.48396173615
5234 2.35078122534 2.35078122534
1806 5.37848287818 5.49321831131
758 2.95714922048 3.31642587964
7088 0.983382944866 0.983382944866
1595 0.726339241202 0.726339241202
6887 0.661270131091 0.661438020496
1597 5.0543095174 5.27513299082
3074 2.19078795746 2.6347076147
3075 1.97849647428 2.11452721202
1592 1.17913550808 1.28170931424
3078 0.284882414119 0.284882414119
3079 2.56115712739 3.43594013167
1599 3.91496617357 4.1670985431
1598 3.35889898937 3.35889898937
6889 1.97406230428 2.05712003556
5344 1.67182887095 1.74348308911
5345 0.36572388718 0.36572388718
7168 2.04473567419 3.13639122401
1021 2.56164507097 2.56164507097
1023 4.39954464136 4.39954464136
7163 0.999855173439 0.9999138322
7166 1.56963518509 1.72362202599
7164 1.61178406231 1.61178406231
7165 5.55410314365 5.55410314365
604 3.14541566915 3.14541566915
4367 2.41608597977 2.70817631334
4361 4.19175019069 4.19175019069
4363 6.95236529208 7.73986212717
4362 2.62007605334 2.62007605334
1203 3.93201065378 3.93201065378
5649 3.12570448729 3.76309546277
1211 1.94295055005 1.94295055005
5641 2.05687262615 2.05687262615
6041 1.22340418226 1.41483219905
5642 1.82369897115 2.16750325939
5646 0.406891502829 0.406891502829
6335 0.750127032851 0.750127032851
3105 2.93153954946 2.93153954946
3107 5.23384736123 5.23385558756
3102 1.25134703886 2.01542077872
3103 0.149606011366 0.149606011366
1112 2.59510951126 2.59510951126
1443 5.98783517344 7.48202941919
1114 6.23044448822 6.23044448822
1116 2.29080294303 2.29080294303
4093 7.00913445903 7.42479562332
4091 4.77599184759 5.60461711125
6332 9.17515754831 9.17515754831
5737 1.75953504822 1.78650797316
5736 0.763123774027 0.763123774027
489 2.56428254577 2.61555372512
488 2.15678899771 2.15678899771
487 0.470768444204 0.470768444204
485 1.98424024928 2.77510715016
4587 2.70646480407 2.70646480407
480 4.86622629184 4.86622629184
7585 2.86291649285 2.86291649285
6463 1.0799075067 1.19043014992
7580 4.95155883487 6.08371957166
4725 2.89437090714 2.89437090714
4851 1.41461750801 1.47346805687
5300 3.99529462994 5.2675381984
3926 1.07990823824 1.07990823824
3927 2.06437232313 2.65799836872
3924 2.28921179636 2.28921179636
6526 0.291107592913 0.291107592913
6722 1.00027367649 1.00027367649
4782 0.370005351625 0.370005351625
4781 2.84282545931 4.84741957637
4149 5.98707033664 5.98707033664
5827 1.18174145737 1.5524222969
5826 2.51190787548 2.92553135223
4144 2.18553421454 2.18553421454
4141 4.92381047153 5.53045475044
4143 1.21646303682 1.21646303682
3857 4.19647290923 5.3073901278
3855 1.34587287173 1.34587287173
3852 1.31272471017 1.31278047361
3859 4.02478631749 4.02478631749
6099 1.34134869194 1.64427894097
6098 0.248749095603 0.248749095603
6091 3.6733937936 3.79071279704
6094 1.31353342852 1.31353342852
6917 5.19422777957 5.3501845399
6657 6.79658866996 6.79658866996
6655 1.976201126 1.99137475953
6048 1.41224498688 1.41224498688
6651 2.12379562419 2.12381771928
5915 1.8754718162 2.18922444439
5911 5.12808155453 5.73909397496
4820 2.51842267843 2.81155144421
199 0.891250495942 0.891250495942
195 2.59996234128 2.59996234128
196 5.94287707588 5.94587396266
190 0.915283890396 0.915283890396
6384 3.4457122234 4.33607468288
6387 2.41198950722 2.71462427347
3679 6.18164525069 6.48538943217
4558 1.67687830541 2.47865981759
3676 1.9956344851 2.61974921039
4553 2.51145992092 2.76824849527
4550 4.15596580239 4.43901021935
2541 1.07077261268 1.17142721201
2546 1.1798809257 1.1798809257
2380 1.88289380085 1.88289380085
2383 2.55074803237 2.55074803237
2386 1.34908062319 1.70611197614
3580 0.687604634193 0.856809126452
3583 3.74388022664 5.15541219121
3585 2.91469358542 2.91469358542
3587 3.61546479329 3.74886966136
2761 2.25398492317 2.61259092187
2767 1.73122473306 1.73122473306
2765 2.01547749327 3.05711632842
2764 2.09369286594 2.26253284025
6913 3.31461874073 3.31461874073
902 1.26067309809 1.26067309809
1849 2.06624281272 2.91301258736
6277 0.481607383342 0.494010678535
6276 5.99930888384 7.84646396595
1843 3.14402592586 3.14402592586
4423 1.9572935422 3.08761609277
4420 0.949687852061 1.05726079116
1847 3.80829281523 3.80829281523
6077 2.04322230013 2.79912988688
2168 1.07870983984 1.07870983984
6071 1.69401584241 2.29186225004
6070 6.10684160286 6.10684160286
4951 9.04194670705 9.04194670705
4956 1.29178478348 1.58214205217
2160 1.38379968117 1.38379968117
7309 0.147399316341 0.147399316341
2613 2.60722230993 2.60722364519
7095 0.358537753609 0.358537753609
2618 0.525479555333 0.531389040015
7347 3.10172746794 3.10172746794
7345 6.99796437937 6.99796437937
3298 0.498856620322 0.599627818419
5138 1.49341401105 1.49341401105
3294 0.0856467129597 0.0858593441644
1907 4.81723580977 5.82043956741
3296 4.30964754476 4.56256485252
3297 4.65912334573 4.73874562001
3290 0.376577064373 0.544262975879
5132 1.6801362013 2.56193398127
5131 5.80153805407 5.80153805407
1901 2.06562288865 2.55431281946
3452 1.74421197294 2.4511209286
3450 2.31860571458 2.52206855581
3456 2.67412285351 2.67412285351
851 2.0408924051 2.92429008901
3455 1.01475525576 1.01475525576
3863 1.48603930794 1.48603930794
6 0.745441020903 0.848433177021
7001 1.39151238111 1.73694439444
7005 0.469008903527 0.469008903527
7006 2.11075101775 2.52357909399
5229 1.69925897436 2.10336016179
5228 3.61208188321 3.93658580533
5223 2.83761234002 3.33348481582
5224 1.05629284045 1.05629284045
743 4.32229995389 4.32229995389
744 0.985582823576 0.985582823576
745 1.33284746887 1.61311084111
746 3.28237358164 3.28237358164
747 5.28362874908 5.28362874908
748 11.0437924341 11.0437924341
3062 1.82231982489 1.82231982489
7177 0.588464657841 0.781642666501
7176 4.53956694203 6.17782285743
6895 1.55449486657 2.3754558352
3065 5.24807432651 5.24807432651
3064 2.23122033736 3.00593597063
2947 4.54899625888 4.54899625888
3069 1.69758141382 1.69758141382
3068 0.999164189645 1.18982228725
7178 3.21341621045 3.43832035256
2941 3.37259122059 3.46786278694
1051 2.62562969332 2.79054241769
1053 3.46902279447 3.86291638593
1056 1.79453709687 2.15636433923
1057 3.48202837352 3.48202837352
1693 3.20853994506 3.20853994506
2919 0.951323640224 1.06382120484
1699 5.24344808237 5.24344808237
4311 1.68898869405 1.68898869405
618 3.41390184298 3.41390184298
4315 5.66978556628 5.82244850989
4317 2.14102679464 2.14102679464
1797 1.04698047849 1.22948513054
611 2.18493390236 2.95879012289
617 3.13636927703 3.93085889832
7574 0.167581610165 0.167650404567
3118 1.43301101474 1.43301101474
3116 2.88166488762 3.06465245114
3115 1.73315727526 1.82002051741
3110 1.88798700552 2.25892203254
7579 0.881299666869 0.881299666869
1470 2.91067910724 3.19297086568
1474 4.57497987796 4.62022157593
1475 7.52532439378 7.52532439378
7041 3.31120051489 3.31120051489
6143 0.526290610519 0.526290610519
1479 6.65707012643 6.71158663626
5464 1.10570731364 1.10570731364
1301 0.66833831368 0.66833831368
7129 2.23476252197 2.41351311195
1308 2.54863618118 3.58602252179
6410 1.68803986616 1.76410106663
5740 5.76523357066 5.76523357066
4229 1.0015161506 1.0015161506
3597 0.928600746611 0.928600746611
496 0.101385821887 0.101385821887
4227 6.03913361404 6.36310134664
490 4.85158842637 4.85183844672
4221 1.41664134403 1.65035797966
493 3.22212353768 3.47975283239
24 5.71141196064 5.85177560254
25 1.33786794215 1.46025278309
5584 1.40983248799 2.20764300942
22 3.19976518445 3.46793253215
23 3.40669727259 3.40669727259
7595 1.01752254081 1.26389105361
6470 2.51284109192 3.48199937527
6476 7.26938194544 7.26938194544
7591 0.753691368616 0.918808090782
5589 2.76251138826 2.76251138826
3938 7.38650670958 7.38650670958
3936 2.78725699832 2.81601697583
5265 1.72534844872 1.72534844872
6718 1.35720318802 1.35720318802
6716 4.38496683081 5.06510409654
6717 2.23257423209 2.23257423209
6710 1.88766538583 1.88766538583
4138 3.73848705014 3.73848705014
4130 2.79446033364 2.82001928759
7474 1.40318781599 1.76309836082
5692 2.06253907459 2.64587877516
3840 1.295947257 1.88575260177
3843 6.00088263344 6.07958027262
5691 3.37099543277 3.37099543277
5694 0.475343402724 0.475343402724
3849 1.55241334965 2.15611513423
1872 1.83127356079 1.83127356079
4046 1.86669133256 1.9187108968
4047 5.75594132251 6.32638510734
4048 7.32480463913 7.95852563402
5968 0.138716554386 0.138716554386
5969 1.46345216769 1.74172884612
5963 2.06628340042 2.06628340042
5964 1.49426431255 1.50066295078
2289 0.509008468782 0.509008468782
3667 1.20964641042 1.20964641042
3661 2.95361283393 3.98314289012
2280 2.71384949074 2.71384949074
2282 3.45289137078 3.45289137078
5433 5.48098777182 5.53000247079
2287 3.36907650168 4.68937922566
4543 6.52730516948 6.58866828135
4546 0.951767259847 0.951767259847
2579 0.0775173103789 0.0775173103789
2572 2.91140368159 3.19971813081
2570 2.5254734944 2.5254734944
4534 1.29808470944 1.60577960596
2378 4.71776498857 4.71776498857
4827 2.92680895119 3.27764689822
2376 0.881419245238 1.05356698628
2370 1.91526029383 1.91526029383
2373 0.0313282009669 0.0313282009669
3592 1.17897961129 1.17899631112
2596 0.96828983107 0.96828983107
2590 1.21838699963 1.21838699963
3595 1.55452843266 2.40209612717
3594 2.03431081177 2.26847014066
5036 4.024258184 4.05115559782
6280 2.49270131686 2.6607007599
5030 0.49779975833 0.49779975833
4531 2.634230644 3.19669988971
4434 0.167645631741 0.167645631741
4437 1.76449247833 1.80442531115
1084 4.39227614943 4.3922783211
4431 2.1568865025 2.1568865025
4430 0.728352608256 0.728352608256
4433 1.51088623521 1.51147435434
6283 1.75870521584 1.81350144523
4438 8.42564309667 8.42564309667
1878 0.616205233568 0.616205233568
6595 3.14016474167 3.91556269309
970 1.44534260176 1.44534260176
5581 2.97872815031 2.97872815031
6287 1.53407410986 1.53507637974
4949 2.99965504754 3.08212198623
4948 1.63794534289 1.63794534289
6282 2.23249436675 2.88467310784
978 0.989028084619 1.07615911432
6043 2.2620808377 2.61190822657
6040 7.66776585832 7.67865893951
181 4.83076414674 4.83076414674
186 1.45902000547 2.19590214519
6044 0.272204679019 0.272204679019
6045 3.22333113583 3.75638373611
2112 1.64236732344 1.64236732344
189 1.75770276463 2.13246726334
2114 2.89074010787 3.15091296567
2115 0.941299730797 1.05200017667
2117 1.62767822689 1.62769980235
2627 3.45944112752 4.02286676895
2624 4.15107062954 4.15107062954
5837 5.98581105741 6.05994752995
7351 3.42979836203 5.41294778142
1918 1.80855916681 1.80855916681
7355 1.69431221706 1.69431221706
4924 2.61180666268 2.61180666268
7357 3.61928262059 3.61928262059
7356 4.20084521664 5.60875121812
3287 4.97469735086 5.86496285898
3286 2.61730912316 2.61730912316
3284 1.9332379118 2.05569513536
188 2.80491781235 2.80491781235
869 2.24068306319 2.4306387682
860 5.47099869668 7.34378311293
3440 3.27196633799 3.87457330319
3443 2.12455673395 2.12455673395
2027 2.69604056043 2.69604056043
2750 5.21729259714 5.21729259714
2023 2.22979303095 2.90949682335
2758 2.90103300341 3.067968386
881 0.688371366774 0.68837451301
886 0.409910080617 0.411886110745
888 1.42805953826 1.56719992864
5217 2.18758333104 2.51912639307
5214 3.81663861064 3.81663861064
5210 1.80223676688 2.02384336346
5211 3.69099259463 3.71749207115
5218 2.52593243181 2.52597532736
5219 7.46479967097 7.46479967097
7504 4.99967153977 5.00036018941
5414 1.6108074245 2.03918651674
777 0.784398231557 1.10075324806
770 3.06450317367 3.29677972642
772 0.888172118603 0.888172118603
7503 0.997864468262 0.997864468262
779 4.23909803757 5.93823750419
7638 0.0494536997477 0.0494536997477
4675 3.42130002076 3.99633550857
76 1.41504034511 1.88954683802
2978 0.475094556774 0.475094556774
72 0.643655922792 0.643655922792
3058 6.03315264097 6.28790013806
2972 3.76117757606 3.76117757606
2973 4.64558383218 4.64558383218
3054 1.76708240047 1.76708240047
3052 1.18055338079 1.48315220899
2977 1.68283532195 2.11519486615
3050 9.02095971362 9.02095971362
2975 3.52104726528 3.52104726528
1042 1.53133709167 1.95442850904
1041 2.11074883117 2.34877828318
1040 0.59065664203 0.59065664203
1046 4.9519137448 6.28927054
1049 2.50619073322 2.50619073322
1683 3.20273305755 3.20286531761
1685 4.59423651883 5.35978871967
1684 2.70657027425 2.98689453868
1687 2.66816463879 3.32307281667
4802 1.55046283019 1.64627908171
7354 2.95548343038 2.95548343038
4301 1.62985873066 1.70717530285
1268 1.83233208756 1.83233208756
1263 1.98648394051 2.19818235964
1261 2.94308982396 2.94308982396
4308 4.32491409797 4.32491409797
1267 1.59315623307 1.68807603943
1266 3.73849530933 4.53479167105
1264 3.67265410493 3.67334703139
7359 5.42850514038 5.42850514038
3021 1.07688753806 1.3259630081
5103 2.45649960666 2.4883199432
3128 0.931140172349 1.25033212436
3129 0.721581734665 0.856125173706
7619 0.92391857351 0.92391857351
3122 3.51866069402 3.51866069402
3121 0.995345832558 0.995345832558
3127 2.19455901792 2.19455901792
1914 2.54524465533 2.54524465533
1465 1.99045448258 2.14957004639
6065 3.46409744736 3.81239627245
1461 2.65188573987 2.65188573987
1313 1.99132711423 2.18956010915
1312 1.39614830335 1.70225283589
1310 5.98851102013 5.98851102013
1319 3.54187024256 3.54187024256
6914 3.75403421122 3.75403421122
6915 0.6604094381 0.6604094381
6444 2.02144179418 2.64529821698
5750 0.16053790424 0.16053790424
5757 1.58694913672 1.58694913672
6440 3.25616843937 3.64447554837
5754 0.42981025345 0.42981025345
4236 3.79953636889 3.79953636889
6919 4.25342871203 5.47996261722
6124 4.61196371901 4.61196371901
312 1.6141776232 1.6141776232
311 0.755589825776 0.755589825776
316 1.5843111063 1.75358278622
315 3.2651654455 3.2651654455
314 1.99054973018 1.99054973018
6701 1.00364296846 1.00364296846
6703 3.46811604376 3.46834828256
6702 0.927925610097 0.927925610097
6705 5.41849992752 5.41849992752
6704 4.62802317578 4.62802317578
6707 0.497229374964 0.669881294128
7435 2.42804363862 2.42804363862
7436 3.66416534318 4.35796757558
7437 3.07017714717 3.76506436474
7431 2.53423455655 3.41856368294
5685 0.831519211842 0.831519211842
5687 1.38514654852 1.72777827159
5681 1.68442030262 1.7581687596
5683 0.564660363566 0.588180458832
1330 1.77398452145 2.35477309234
6674 1.11131739042 1.11131739042
4704 1.85372953512 1.85372953512
6671 1.34662734086 1.34662734086
4054 2.50583708774 3.15786379096
4053 1.80717469407 1.80717469407
4052 3.56077815659 3.56077815659
4050 2.14339243849 2.4315548051
6218 0.824311742482 0.824311742482
5976 6.1598154711 6.22075866593
5974 0.853663354929 0.876047094968
2299 3.5273610262 4.00487047841
3613 3.61562523306 3.61562523306
3614 4.1442097094 5.19348373947
3615 0.441879201942 0.441879201942
3616 0.146933770208 0.146933770208
2292 3.36632735368 3.36941194889
6939 4.2439299409 4.27564556213
2561 2.11440195704 2.6307679294
2562 3.10903942155 3.94461932986
2566 4.67611407234 4.67611407234
2368 2.50513434523 2.74143818667
2367 6.09170592129 6.48724742234
2366 0.433755452828 0.433755452828
2364 1.37606286885 1.42987435267
2587 3.91531628158 3.91671421211
2586 2.93851928383 4.38282115683
2585 3.53468284023 4.43389176732
2584 1.99894662488 2.43113991222
7294 2.50756743992 2.56097722329
7295 1.15396202194 1.15396202194
2580 4.4294315517 4.4294315517
5021 6.28173631299 6.30743350509
5024 2.52141548357 2.5737224806
5026 2.27260077373 2.47117821247
4441 2.40315004898 2.40315166144
4442 0.961567016872 0.961819224858
4443 3.24068456802 3.24068456802
4444 0.879146153091 1.02266418145
4445 8.54273125979 8.54273125979
1867 2.03386747117 2.04887926132
1866 0.436194027083 0.436194027083
4448 2.83955200483 2.83955200483
3721 3.44837739842 3.44837739842
3722 0.393493686906 0.393493686906
961 2.36949141146 2.7950494172
6299 1.97461364888 2.5307633686
963 0.417988267425 0.507462605597
6297 2.91811472374 3.05458913403
6293 1.47450984833 1.47450984833
4688 3.44053632034 3.95377628998
6290 2.0699926494 2.07898406662
2108 2.82614207165 3.52873896063
6059 1.84623975744 1.84623975744
2103 1.48732078235 1.93130553201
2102 1.14800871713 1.24115101896
2100 5.44214113604 6.38239107275
5575 1.47231887259 1.47231887259
2105 1.49667660337 1.49667660337
5117 0.614286437512 0.614286437512
5113 2.76095430357 4.00159831524
2634 4.30934234167 4.71361861998
2636 1.54359283362 1.54415693559
2631 2.83537981049 2.83537981049
2630 2.95213310554 2.95213310554
5571 3.00109948702 3.00109948702
5292 0.509625077704 0.664963713414
3438 0.910255477257 0.910255477257
3439 0.138524384097 0.138524384097
878 2.08292090994 2.08292178786
879 3.37729483529 3.37729483529
3431 6.40067600264 6.49045824035
872 0.74961890886 0.74961890886
873 0.377751947896 0.377751947896
4592 1.12355632524 1.58007786026
4593 2.37962842754 2.67626948304
2743 0.374759460069 0.374759460069
2033 1.20703593531 1.5959851966
2032 7.63828216922 7.63828216922
4595 1.45949465407 1.84188446896
9 2.29054406081 3.13506972657
4840 0.224118326442 0.224118326442
3097 3.20593353668 3.20593353668
890 0.00425838991761 0.00425838991761
5200 4.19250692145 4.19250692145
5203 3.81892786532 3.81892786532
5202 0.556236639692 0.567076782192
5204 1.2361806586 1.30891488996
7320 4.19966578942 4.92714811815
3545 1.42777608588 1.75375907272
3547 5.61724053998 5.61724053998
3543 1.58376513733 1.58376513733
7323 0.820722169817 0.820722169817
2965 0.184965457864 0.185072724889
2964 1.48888828953 1.81777308978
2966 0.686153401333 0.686153401333
2961 1.51340795242 1.97065219444
762 2.24998009723 2.24998009723
1781 4.19804964721 4.19804964721
767 1.97993890218 2.03187832243
1786 2.87897656379 2.87897656379
7113 3.62202341804 3.62228800246
7112 2.36156847162 2.36156847162
6878 1.95819478792 2.06119041291
7119 2.35827566116 2.75901217956
7118 1.39922615301 1.39922615301
3045 1.0515177128 1.18468719068
6872 5.48329767431 5.61418881318
3046 4.55358915184 4.55358915184
1079 4.02494007223 4.32453884737
1077 2.02895907136 2.0308266114
1074 2.1394621343 2.1394621343
1072 2.9444554249 2.9444554249
1073 1.45145362924 1.46151275431
1070 1.79092419934 2.0944313043
5372 4.97849264663 6.5680521593
7290 5.53287494028 6.72924324804
1678 2.7295490806 3.11389379355
1674 1.05441971108 1.63649297631
678 2.31152682756 2.31152682756
676 1.63783498733 2.21194390607
4333 1.8168705312 1.8168705312
4330 0.197838626604 0.197838626604
3131 4.88029660572 4.88029660572
3130 0.826390860873 0.826390860873
3139 3.21729325962 3.2408979735
3138 0.890348186914 0.890348186914
7608 1.91298617458 2.79115403067
7607 3.98690760565 4.02437033412
7604 4.14513171296 4.14513171296
7600 2.40615413566 2.55536962217
6018 2.65715365212 2.65715365212
1412 4.53036021628 4.53036021628
1413 6.08174278774 6.7006272716
1416 0.536796883793 0.536796883793
1327 2.82653859159 2.82653859159
1325 2.07803698144 2.33267681479
1328 3.01465790656 3.01465790656
6450 1.55155611597 2.06333613036
6455 3.2993465647 3.31794015406
6454 3.55627208143 4.41778530261
5768 4.47444251962 5.09287998073
6456 1.26324858563 1.69979428212
6458 4.68768872032 4.95821507012
4645 0.627234142051 0.628730226456
5762 0.107570642069 0.107570642069
4207 1.81179628363 1.85448726452
4636 4.47359397793 4.47692448133
5565 1.22546321992 1.46049452585
5562 0.97701113752 1.22375575386
1256 0.219906022876 0.220079906342
1526 3.86988704698 3.86988704698
1520 1.66951852488 1.66952694635
308 2.06668102823 2.62302521881
3953 1.87756365199 2.33924727961
303 1.59908540488 1.79376831434
3957 3.19911169415 3.19911169415
307 4.66728688291 5.4284422164
4113 3.99504091597 4.53781062684
7420 3.99075601241 5.51627846305
3340 4.17899574959 6.67625206709
5159 1.7359986265 1.7359986265
2475 2.47817740521 2.85204545827
6601 1.16021313791 1.16021313791
6602 2.17500279022 2.17500279022
6439 2.95483559834 2.98446246645
6606 1.25218013334 1.25218013334
7109 1.29048435944 1.3773312438
6608 1.28015626786 1.28015631334
5946 0.0895375481509 0.0895375481509
5945 0.629487171596 0.757644570104
4064 3.85044671289 4.42116498086
5941 0.970264729162 1.31314192109
2976 2.31802669725 2.61316381444
4068 4.77438884271 4.77438884271
4069 7.90234792788 7.90234792788
5948 3.42877333444 3.50552398971
5949 1.83036810686 1.8303700147
5785 0.85545564084 0.982832634851
5786 1.76542948301 2.20085935191
5782 4.84279247496 4.84279247496
5019 4.99944384099 4.99944384099
3051 2.7882676215 4.27967962209
3601 2.9100224589 2.9100224589
3600 1.34116943003 1.34116943003
3607 4.5220761153 4.5587865262
3604 3.18604407441 3.18604407441
3608 1.44879508382 1.44970070734
5361 1.10157715653 1.10157715653
4894 3.7473955592 4.88303579446
5367 1.7665903455 1.83530256701
6115 3.58428633004 3.6158621373
6117 1.29225265523 1.29225265523
6112 4.39501686515 5.60531055463
2358 1.67457963931 2.03362034404
2353 2.38321259281 2.38321259281
5368 1.49936971114 1.74230489217
2355 3.15796524044 3.47185505417
4450 5.37729781764 5.37729781764
4456 2.54815722231 3.09580734642
4455 8.11790530609 8.11790530609
4454 1.52931520819 1.52931520819
3736 2.81730318569 4.9039885281
4459 1.85965642237 1.85965642237
3733 5.13341628165 6.00860932266
476 1.06180872719 1.51198091984
3730 3.57205087556 3.88062744961
4922 4.07610677876 4.07610677876
4920 1.93144508718 2.42020449386
4695 3.24567644118 3.57685217199
4697 8.95514052891 8.95514052891
2131 2.97412088379 2.98073753064
950 2.05467324354 2.44150736792
4929 4.37418243978 4.93369233457
954 0.0192919284282 0.0192919284282
6022 1.46815975392 1.46815975392
6026 1.46622493183 1.70136052938
2649 2.43287552652 2.43287552652
5167 1.61058668701 1.99610337807
2640 1.76254166286 1.76254166286
2645 2.46383698993 2.62247028129
2647 10.734554621 10.7345872673
3429 2.35498140993 2.79194215477
3423 1.42366016363 1.66026309286
3422 1.81403808147 1.81403808147
3421 1.15423851531 1.20498507766
3427 2.60739015157 2.60739015157
3426 2.37621581836 2.64769510612
3424 1.76598963248 1.76598963248
1850 0.141860844778 0.141860844778
2000 3.5962128866 3.61913136611
6337 1.52208992441 1.55486596198
2007 1.04646503231 1.14448448125
4859 6.00958731707 6.00958731707
2005 1.61982471537 1.96381447576
2008 0.785438410803 0.785438410803
4415 2.05475360353 2.53813622942
4583 5.29176569248 5.49562110931
4582 2.01875102442 2.24960603545
1269 3.14415375874 3.19087670841
3554 0.498415468708 0.505982890197
3550 3.81436777794 3.81436777794
6966 2.18664143195 2.18664143195
3558 2.60168346181 3.29000117956
6061 2.17705897178 2.48060744116
2911 0.874418259338 1.16920956529
1799 1.24276155024 1.24276155024
2913 1.26002204217 1.53336269555
1793 2.0024201509 2.16406551111
1792 2.42025327525 3.1141337273
715 0.723567670196 0.723567670196
714 3.12685194769 3.28359472954
713 1.24254041922 1.24254041922
712 3.85518011582 3.85518011582
4966 1.22074235036 1.52148836635
7127 2.9972412944 3.36765320112
6840 0.873862689695 0.873862689695
7125 2.0111275672 2.08835008204
7123 1.37028508172 1.37028508172
6844 1.82710175211 1.87330744132
7121 1.20866807219 1.53345755805
1069 1.06071524969 1.34102546129
1068 8.99922318109 8.99922318109
4964 2.10423958435 3.0294322133
1061 6.57943997931 6.57943997931
5301 2.16507442905 2.16507442905
1668 0.37851051752 0.37851051752
1665 3.53143903031 3.53143903031
4960 1.72230979425 1.72230979425
1662 2.62455487768 3.60972461704
591 2.37329786969 2.4339412759
590 2.30966913343 2.7618503502
592 9.15945427325 9.15945427325
594 2.51503461508 2.93502829523
6596 0.0552584873274 0.0552584873274
599 4.99504413194 4.99504550787
4323 3.58708846351 3.88667294798
4325 1.46954755394 1.46954755394
1088 7.74137976268 8.28439426165
3140 3.44498174901 3.44498174901
2821 0.733398091837 0.887764609503
3386 1.54099159836 1.54099159836
3384 1.29441300673 1.29441300673
3385 4.59874391571 5.29892919778
5412 3.07741286519 3.07741286519
3381 0.382473484744 0.382473484744
7632 1.84798903424 1.99077905872
3389 4.21015307546 5.69159267256
1408 2.49955862337 2.50005026872
1406 0.285022734469 0.285022734469
5792 0.530418428607 0.656474485793
1339 4.53749921069 4.53749921069
4210 0.909427951452 0.988749278347
4212 1.51677994202 1.85634554154
1337 2.95085309627 2.95085309627
5790 7.4790296919 7.4790296919
4219 4.49906449478 6.24248215929
446 3.98326102243 5.66620865228
445 0.717089759221 0.775341902054
691 2.55784187734 3.25266684516
5772 3.42938816309 4.26593358405
7515 0.0110948493815 0.0110948493815
5578 1.37719837605 1.66239152736
32 0.768341211692 0.768341211692
31 2.14213452208 2.14213452208
5573 5.36313694279 5.50579672701
35 3.35046210047 4.11836076713
3092 2.2971114215 3.40080360585
3093 3.62472594491 3.62472594491
643 6.80566107649 6.80566107649
1244 1.45594607185 1.45594607185
1531 5.99166891303 6.43480509005
1530 1.62881997226 1.95341194869
649 3.25987970701 3.29155127057
3098 0.684930472497 0.684930472497
3099 3.37768068182 3.39508618715
1539 3.50515764572 3.54066530243
338 0.715371642209 0.715371642209
335 2.772817664 2.83230855322
334 2.99820504521 3.65380503011
337 0.00571721547275 0.00571721547275
331 2.55922482768 3.0089561032
333 1.63843533919 1.63843533919
7611 2.13767766719 2.16819251204
5124 4.33023994549 4.33023994549
4105 0.650272140994 0.650272140994
4106 1.74925806752 2.08602797133
7412 2.09927480099 2.09927480099
7413 4.07081467675 4.07081467675
7410 0.599661726908 0.599661726908
7411 4.45030203155 4.50557580202
7414 1.82506823151 1.82510608968
3897 1.11557206897 1.11558593028
3895 1.75068478264 2.07742512117
7379 5.59032023834 5.59032023834
6611 1.06606610278 1.06606610278
6615 0.728337835331 0.860628595752
6614 2.96981499349 2.96981499349
6619 3.02487283309 3.02487283309
4078 4.14323926842 4.14323926842
5957 1.44213918219 1.67761945885
5956 4.7912573962 5.89621132406
4075 5.36432960742 5.49087499311
4070 2.92669247393 3.87948152214
4073 1.10029555639 1.10029555639
5797 2.70510153479 2.70510153479
3967 4.41576796156 4.84684800501
3965 2.46105630277 2.46105630277
3962 1.49707119438 1.49707119438
3963 2.4373111645 2.4373111645
3961 0.80278875338 1.03539550815
7278 3.52152440396 3.62224314603
5799 2.83931546492 3.38331580225
3636 2.55230680288 2.9510512698
3637 9.47970991722 9.47970991722
3632 0.932688561141 1.16909786077
3630 1.04459234689 1.04459234689
4611 3.07595490549 3.07595937402
3468 1.41402305278 1.65563463172
4613 1.32119565124 1.40582674705
2345 1.83503509609 1.83503509609
2346 0.26208084261 0.488170578821
2342 5.98144147509 5.98144147509
6107 4.62356316304 5.12246774713
6103 1.08553516072 1.08553516072
6102 0.763466639125 0.763466639125
4616 6.20277637604 6.20330322348
3709 1.79291404641 2.50026694794
1888 1.87399757846 1.89201777135
3700 1.44166602813 1.44166602813
4465 3.27339576801 3.27339576801
4462 0.622082622997 0.622082622997
1880 4.41798266752 4.4451677185
2127 6.44752804216 6.45829471793
2129 4.33331408439 4.78807700137
4665 5.98793983025 6.62425804972
4660 2.79259672481 3.71646753414
943 1.95796790968 2.37244298295
4910 4.0914334253 6.55319524985
4663 1.65804692354 1.65804692354
6038 2.11386648421 2.11386648421
6035 3.01549581926 3.01549581926
2653 1.62828541531 1.62828541531
2651 1.87361727449 1.87361727449
6441 0.116216994843 0.116216994843
2654 2.45979142215 2.59632470476
3414 0.600235188433 0.600235188433
7389 6.07873448432 6.40209501217
3412 5.29356116782 6.19539482504
136 2.06657092347 2.0743644084
3410 1.02393066674 1.05617516504
134 0.371772303315 0.471885695776
7382 3.90356807997 5.30255174315
7387 1.69532378971 2.00260555315
3418 0.0889472953798 0.0889472953798
7385 6.69838381114 8.29095591993
6326 0.57896955999 0.57896955999
6325 1.40310583938 1.51803134335
2018 0.00251962133857 0.00251962133857
6321 1.08933350566 1.08933350566
4863 2.99033850414 3.24463345425
2017 7.54836849859 7.54836849859
4861 3.79258694794 3.98366198567
2011 3.69652452895 5.20785237134
6839 2.31139256187 3.09256021111
6329 4.70606172901 4.70606172901
6328 0.770102797043 1.08645569643
7443 1.8861944418 1.8861944418
7444 1.96572670061 2.2885185857
7254 1.46178678101 1.46178678101
7255 4.2285077073 4.2285077073
7251 0.338905270677 0.56162211121
3565 2.19434401258 2.19434401258
3569 0.363434705462 0.363434705462
4485 0.646434195458 0.646434195458
6564 3.99251869834 4.09612235017
2903 2.04207257075 2.09260947904
2902 1.24040433944 1.24040433944
708 0.506224257036 0.506224257036
2906 0.986382347223 0.986382347223
6853 5.47326006507 5.47326006507
704 3.8695894062 3.8695894062
705 3.63895318184 4.19655646592
706 2.46174750785 2.46174750785
701 2.37131940701 2.37131940701
6560 1.38985384496 1.88948241615
7139 1.36841174985 1.36841174985
7138 1.17022643839 1.17022643839
89 8.49799656614 8.49799656614
83 5.69584339538 6.03788613344
81 1.29958300079 1.71743531688
7135 2.1343524874 2.7010938224
7134 1.93121168551 2.51034257201
7137 1.78226473235 1.78226473235
85 1.5695775184 1.91944152817
5311 1.74408626653 2.53750000093
5310 2.24397532104 2.24397532104
1658 1.80972030854 2.05785755663
1652 0.060732545614 0.060732545614
1653 0.888560889724 1.20971081595
1651 1.91662828534 2.47910775498
6583 1.00089479985 1.10823504653
1631 0.774011477915 0.987377320598
588 0.533507578956 0.533507578956
3151 4.08240723457 4.08240723457
3150 1.67949998231 2.04054832537
7621 2.06621056623 2.06623442346
3154 1.94110478019 1.94110478019
7629 5.50074543381 5.86780673203
1437 0.305113929129 0.305857820514
1434 2.70479092852 3.97844934514
3392 6.66061300998 6.66061300998
3395 2.23085571044 2.96677729095
1636 1.54629025829 1.54629025829
1430 2.14837925008 2.14837925008
3399 0.472248997359 0.472248997359
3398 4.9469466949 4.9469466949
1438 3.18610357776 3.68133204952
4260 3.16349907292 3.56957302775
5233 0.99585225275 1.0007561618
4265 1.21520718481 1.21520718481
4268 4.55306942296 4.55306942296
452 2.43292326524 2.47886728353
1345 1.48594092967 1.57313063053
456 1.21392086899 1.21392086899
1347 4.47750499504 4.47750499504
6921 1.43950129805 1.59099555393
5546 3.34036808471 3.34036808471
5545 1.0342326502 1.07446748692
652 4.21751398225 4.21751398225
650 1.26078985063 1.26098671611
1508 0.0901758623155 0.0901758623155
4461 1.57667287764 1.85454929939
3081 1.26618783989 1.26618783989
659 3.1147189776 3.45438376666
5890 0.122049266661 0.122049266661
5891 0.662093756234 0.662093756234
5892 4.12190334547 4.12190334547
5896 1.75385673022 1.96598406945
5897 2.72561291507 4.30052019444
5898 2.46290226385 4.07852151779
5899 3.34377010245 3.34377010245
948 0.180428160859 0.180428160859
3882 4.16276609191 5.24379285088
3889 2.47923382945 2.85666073121
4916 4.56753774681 4.56753774681
7404 0.054994738261 0.0549980443431
7407 1.57330539298 1.65118437988
4911 2.74865474646 2.74865474646
4008 5.22815929512 5.22815929512
4004 1.21980215334 1.46546548776
3970 3.25259025946 3.25259025946
3973 1.69338993316 1.7251708416
326 1.93496329396 1.93496329396
3974 4.30488675306 4.30488675306
324 1.29150037224 1.29150037224
328 1.19988338174 1.20015686531
3621 3.98326843237 3.98326843237
3070 2.09020967576 3.45323043705
2332 0.7023609245 0.854806314008
6136 2.64686030164 2.64686030164
6883 1.94375000132 2.63902482552
3713 1.92019368903 1.92019368903
3719 2.02066759432 3.60912126654
4479 1.67656337152 1.67656337152
4470 3.05719048038 3.09844320854
4475 2.615310909 2.80101307312
4474 0.275593122398 0.276074447973
5763 1.407619069 1.407619069
6007 1.40866194605 1.48575639176
6004 4.6087115413 5.25574937217
6000 7.50649765736 7.50649765736
2489 2.7732641812 2.7732641812
2950 4.34331734864 4.34331734864
2484 1.49980343498 1.85911520346
4673 5.49897191704 5.49897191704
4670 2.09399752405 2.09399752405
3252 0.928905505803 0.961356709396
2245 1.32839199307 1.52539320196
2246 0.953439211603 0.95379566596
2247 0.909419397235 0.909419397235
2240 2.40324488194 3.40231994507
5179 5.35395391847 5.35395391847
2242 1.94385654521 2.71650385901
7394 0.000368018359826 0.000368018359826
2466 2.15270541293 2.22479704792
996 3.81699824921 3.81699824921
7391 2.58277205905 2.58277205905
993 6.76787304934 6.76787304934
992 2.53337292966 2.76997451663
5144 1.58677564111 1.58677564111
2469 3.17957473551 3.85200194351
7535 3.23200143684 3.23200143684
122 2.63397659257 3.18236727808
124 0.812713781328 0.812713781328
3404 1.71379454884 1.71379454884
126 2.46532016296 2.51101283112
3409 6.32853610699 7.00344930482
3408 4.59038267568 4.59038267568
4875 0.362460303979 0.362460303979
4871 6.80410854093 6.87742647188
7438 5.22721552616 5.22721552616
4878 2.44981024644 2.44981024644
2069 3.76216778044 4.06880859229
7533 1.72834066904 1.72834066904
5424 1.61778981599 1.61985449662
2062 1.27450462874 1.35680346942
6319 4.49879764465 4.49879764465
3413 1.41482668396 1.41537876315
5423 1.15792980711 1.43889968293
7247 0.12976011654 0.12976011654
5099 1.43055837721 1.82987317406
3578 1.58220525252 1.69091585952
3571 1.5908423298 1.66794864624
3573 1.7974878527 1.7974878527
5097 0.00281232799031 0.00281232799031
2665 4.10218248371 4.10218248371
4492 0.163125700593 0.163125700593
4490 4.40558618146 4.40558618146
2669 1.46450637072 1.73777299967
6823 2.60059396047 3.29262567859
6824 1.35814737971 1.35814737971
2938 2.72664245506 2.72664245506
6829 1.46397565776 1.5387143469
2935 2.00940139008 2.17350176434
5326 0.66119251059 0.66119251059
5327 0.00188968895785 0.00188968895785
5325 6.02687399103 6.09419756922
5322 2.28098324776 2.28098324776
5320 1.19021358157 1.19021358157
5321 1.15909272059 1.25950566498
5328 1.26366856578 1.26366856578
1643 1.29357851458 1.29357851458
579 2.57800024823 3.00803933746
573 1.98054460633 2.32060699749
571 4.89333685301 4.89333685301
577 2.10390047014 2.10390047014
576 5.25363259465 5.25363259465
575 1.83132394505 1.94887531542
3169 2.94235052872 3.574597918
2803 1.60996020524 1.87629956807
2800 1.90276311847 2.10269130897
3165 1.40695372001 1.91004588803
2806 4.8871615725 5.48311223783
2805 4.0663047601 4.06724548935
1421 0.498395185342 0.498395185342
1420 0.994498286397 0.994501626871
7094 2.01494439319 2.67902862234
1422 2.55052352984 2.55052352984
3368 2.38491440309 3.12807087531
1424 3.45354327946 4.07796472085
1426 5.15859920308 5.15913951835
3366 3.69508957314 3.72945742978
2404 4.20393894613 4.20395666105
7098 6.59257699842 6.59257699842
7099 2.06935217273 2.14125038215
732 3.07248454693 3.07248454693
735 3.00705541611 3.00706483198
736 7.06463047324 7.06463047324
4272 3.19735406357 3.19735406357
4271 2.09460075048 3.0638645175
1358 0.418510528764 0.418510528764
4274 1.89318949073 2.60160419361
461 2.30667909767 2.30667932035
5555 1.86675900164 1.86675900164
5554 1.35942414643 1.67351737901
6488 3.30064622615 3.33871575214
5551 0.214616500845 0.214616500845
5550 1.53225147666 1.53225147666
7384 0.557138702973 0.739568220009
6955 1.81183816369 2.04835445581
6484 2.64018506333 3.06329401402
6285 3.62982662139 4.19161571449
6948 3.79228024274 3.79228024274
1518 1.18305592382 1.4145149433
1510 4.17770437132 4.17770437132
1513 1.59923932798 1.71979922596
1512 3.58399081538 4.20406005127
5885 2.05396517575 2.05396517575
5889 2.09604450462 2.09604450462
6559 3.99815854032 3.99815854032
7478 2.84034917267 2.84034917267
3186 1.91864367984 2.19292804384
3187 3.22495642035 4.66971449487
3182 1.48595828458 1.48595828458
3188 3.63855269776 3.63855269776
6863 2.6479361268 3.16087645364
1896 1.37422347866 1.66387403902
6631 2.72943903755 3.15891798048
4018 3.08012512076 3.08012512076
6281 4.66571951405 5.07418264621
357 0.636691980634 0.636691980634
351 2.45065790887 2.45309939516
350 5.61524636666 5.61524636666
3985 2.42400104567 2.46965497971
3983 2.50514901675 2.50514901675
4855 1.15545626441 1.41976322055
6126 6.83909861959 6.83909861959
6120 3.593727606 4.47755734899
4706 2.07959184029 2.07959184029
4705 1.27927446233 1.27927446233
2320 2.58660378237 3.96105473114
4703 1.26519472146 1.26521337833
2329 3.08203998422 3.08203998422
4709 2.11034365853 2.47023440417
288 6.58317656331 6.66122075827
3619 0.583326122251 0.583326122251
5 0.0923060298325 0.0923060298325
284 2.87585409906 2.87585409906
3760 5.88549485051 6.41077938642
3765 0.89231434777 0.89231434777
262 0.346169691123 0.346169691123
260 5.17357346178 5.17357346178
267 1.99745239883 1.99745239883
2499 1.82780154797 2.08080777692
2498 2.09731686613 2.217025678
6013 0.427916567529 0.427916567529
1296 1.54395735093 1.54395735093
7253 2.84490331189 2.84490331189
2495 0.601321264405 0.601321264405
2494 3.03442886427 3.39254348948
4644 4.78692214701 4.78692214701
2496 1.98160362029 2.76704574379
2259 2.54970910619 2.66826406106
2254 2.38064435744 2.90476452952
5060 6.47103897573 6.47103897573
2250 2.38030128074 2.99887231067
2477 1.46184470269 1.54740211124
988 4.02433453459 4.36862638592
5151 1.4250530366 1.82536145446
5150 2.43555401937 2.87924506858
986 1.59849326522 1.84767773542
5154 5.47859264102 5.47859264102
5157 1.52509048784 1.70068517991
2478 2.32374083851 2.52459582183
115 10.0234159759 10.0234159759
7313 3.55142944164 3.55142944164
119 4.28667830497 4.28667830497
2785 1.67019686192 1.67019686192
4801 1.3217181168 1.3217181168
2787 3.66164510575 3.66164510575
4803 0.556610787441 0.556610787441
4805 0.720172113489 0.72017356769
4806 1.95198192251 1.95280613313
4807 2.40358929215 2.76139039145
2788 0.854229673431 0.86331120196
2071 1.23685363296 1.23691674318
6306 4.19337501318 4.19337501318
6301 1.70766054912 1.70766054912
6303 3.53241879194 3.68419340778
2074 1.83590683342 1.83590683342
7272 9.65628548124 9.65628548124
7273 5.3358402262 5.3358402262
7275 3.54264644212 3.54264644212
3502 3.26966425132 3.29251728008
7279 5.28395333435 5.28395333435
5086 2.24440854782 2.46295005972
5085 2.79894034247 2.79894034247
5084 1.0742537022 1.0742537022
2672 1.87290764504 1.98485673613
2676 1.31552686906 1.46598651519
2679 0.884834679183 0.890221734331
6833 5.52087750609 5.52092420932
2928 2.33824947366 2.70871364643
6830 2.29963941437 2.57736943363
6854 3.18922874516 3.4805539796
2923 2.4585677129 2.4585677129
6838 5.29004434321 5.6498915566
2925 0.0465807721015 0.0465807721015
2926 3.6920732361 3.6920732361
5331 5.67440221046 5.67440221046
5330 5.2494819327 5.2494819327
5335 0.454117223129 0.454117223129
5336 1.81495303835 1.81495303835
2907 2.28425178445 2.28425178445
3215 1.84653547809 2.07144947499
1984 0.483255989195 0.61948686995
1985 0.0374933241117 0.0374933241117
1982 1.558067997 1.558067997
3212 1.4395657412 1.64002905839
1638 0.430490049442 0.430490049442
5371 4.55081105535 4.7980661582
3218 6.18140083007 6.18140083007
3219 2.02401956934 2.62446744889
1989 2.59777782114 2.66988326611
569 1.34820009649 1.695468056
560 3.45482697496 3.45482697496
564 4.22732239544 4.61441536856
566 1.78412697334 1.98591477162
6543 8.88063162063 8.88063162063
3173 0.460418801457 0.460418801457
7081 0.735586859915 0.736119484679
7030 2.56991743812 3.11381048358
7084 7.72336185085 7.72336185085
3376 1.33365124835 1.33365124835
3374 4.62179909281 4.62179909281
5421 1.02475423358 1.6079022533
3372 5.00324545632 6.42096825928
1180 6.06204662185 6.06204662185
1181 3.8777857471 3.87786198379
725 2.47748173717 3.17098352972
723 11.3126769344 11.3127032356
1746 3.24654219509 3.24654219509
1740 0.758795900583 0.758795900583
1742 8.83927894853 8.83927894853
5499 0.162713793747 0.162713793747
1165 1.24599027561 2.68905845974
1166 1.4344863803 1.4344863803
7587 4.61674880027 5.02716762579
7291 5.5502685873 5.5502685873
4247 1.75304279667 1.99183958513
4245 2.43134442209 2.43134442209
1168 1.63447077091 1.63447077091
1169 2.15158222637 2.15158222637
4240 1.62330578769 1.97713035475
5521 1.85222669015 2.08957724065
5523 3.77804267315 3.99501244038
5526 1.99150466024 1.99150466024
7130 2.13539189807 2.49927034804
6941 4.54447950805 4.54447950805
6940 1.371116953 1.37114615078
7132 1.5051826002 1.5051826002
47 6.85280856392 6.85280856392
7297 1.33455765871 1.33455765871
41 5.2257404556 5.2257404556
1569 2.49824970129 2.75091159295
1365 2.30006313674 3.43136947829
5492 4.42649044 4.70196657014
1292 1.75209226443 2.07653958032
1561 9.01003317205 9.01003317205
1563 2.57967697872 2.57967697872
1564 3.40068906131 3.40068906131
1565 0.671728624343 0.671728624343
1295 2.42942602693 2.42942602693
1712 1.86993412975 2.33621281351
475 0.0510721264663 0.0510721264663
5250 1.04563591998 1.14528575757
1789 1.60457473579 1.85947029658
4399 4.29908410129 4.52641755899
7460 3.38015225707 3.41955574282
5638 3.24334958005 3.24334958005
6541 2.65769328816 2.65769328816
6540 3.29572108945 3.29572108945
4391 2.29598566509 2.29598566509
4392 3.50925809275 3.81315038579
4395 1.65251888813 2.08602914581
6549 1.23131747358 1.96910117796
5633 11.2864905004 11.2864905004
473 1.57625316517 1.7767680644
3195 0.6183502623 0.6183502623
1862 0.321491718087 0.321491718087
3193 3.50869305101 4.25886984443
7465 2.34267309489 2.55882108904
3190 2.00716124409 2.35633133079
3728 6.02523661463 6.37593213616
3198 2.17481760444 2.22254093343
7466 1.85121207975 1.97820917779
1368 0.825433592272 0.825433592272
3729 1.09503946698 1.09503946698
2.35370443478 3.10995971486