4447 5.04759816245 5.26896116644
4023 1.51884245483 1.65244463235
5988 0.894286958704 0.894286958704
346 1.5925926263 1.74131231329
347 5.99986811154 5.99986811154
7513 1.06721795004 1.3236494275
7512 2.99843205396 2.99843205396
342 3.27551600632 3.52010392443
343 2.21039102391 2.31800298877
3996 1.72271556746 1.72271556746
3995 0.834628816564 1.07759134608
3994 1.36163409151 1.4530065447
348 0.82567527618 1.13276542656
7518 3.31538649486 4.13778593178
6150 1.22812103734 1.5336823987
6154 0.492811914642 0.597791529888
6159 0.585498504724 0.585498504724
6796 2.19307396116 2.90483278386
6797 8.36898825207 8.36898825207
4730 1.21161726194 1.21161726194
4736 1.88481318985 1.88481318985
2319 0.991146284116 0.993496937932
2313 6.02661163797 6.02691630194
2310 2.35910932318 2.35910932318
2311 2.62683498943 2.62683498943
5851 0.62199578224 0.803927252563
299 1.24926408221 1.48805459185
7627 2.47289739711 2.47289739711
291 3.43678705831 3.43678705831
4656 3.49762576599 4.25519761459
274 5.53438503203 5.53438503203
276 2.82052544996 3.6021550784
278 7.47300386523 7.47300386523
4836 0.994737352068 1.09120742242
6584 8.48931932584 8.48931932584
2262 1.19303511908 1.2815139751
6190 4.50781661311 4.50781661311
2266 5.08835721671 5.08835721671
2443 1.72610393875 1.72610393875
6055 0.235002615999 0.235002615999
108 1.59212004863 1.59212004863
109 0.153788284925 0.153788284925
107 4.03428222843 4.03428222843
4813 1.82910128509 1.8295527948
2047 9.71988201894 9.71988201894
2045 0.995960011403 1.04270025239
4817 3.0004243201 3.0004243201
4816 1.92785600743 1.92785600743
2040 2.35016099832 3.0563614209
4819 1.54220277221 1.76531496277
4818 9.96475782805 9.96475782805
1297 1.71812216057 1.90936042068
6378 4.41475439145 4.89887475091
6379 1.43290041861 1.76953196595
6053 0.646544859573 0.646544859573
5828 1.22334921317 1.22334921317
6372 0.920712315771 0.920712315771
6375 1.70855096357 1.70883195492
6377 1.86610940601 2.15319347342
2838 3.80849276127 3.9944801984
5363 3.75883450151 4.31746928815
3519 0.145878832137 0.145883071794
3510 1.42211703299 1.73314860473
3517 1.58926701525 2.24272678973
3516 1.78401002426 2.40607643506
7263 1.1772124292 1.1772124292
3514 6.01719690804 6.14271097326
6201 3.00493978429 3.00497177901
6202 1.51345546684 2.21174487609
2685 1.44326259756 1.62218738193
2687 5.15781682014 5.61562968932
2681 0.844021433415 0.982605754711
2683 0.976209164568 1.23866761205
5406 0.934035404788 0.934035404788
5119 0.244195389949 0.244563354282
6802 2.21770732146 2.21770732146
6800 0.766823965838 1.04631559538
5293 8.26688719781 8.26688719781
5404 0.974335851957 1.20031117389
91 8.14305048369 8.14305048369
93 0.430196778846 0.430196778846
95 2.16391077872 2.16391077872
97 2.09924705489 2.09924705489
5402 7.0749521089 7.2072995183
5182 4.16315162165 4.16315162165
1622 1.33026244652 1.62393803772
1992 1.57030685921 1.57030685921
1627 1.75783438789 1.8254607621
3993 2.25124454946 3.10893102205
1629 3.07109878801 3.07109878801
1628 3.26074901942 3.5068711273
3209 0.473155584461 0.473155584461
2860 0.165571217825 0.165571217825
2861 5.1259583395 5.35861027307
2863 6.70976626289 7.34794953991
2867 1.28826362821 1.71318277519
555 1.80162943675 2.05365941514
554 3.18519901963 3.18519901963
551 0.535073319363 0.535073319363
550 1.16272800829 1.54552334021
553 0.256803063672 0.256803063672
552 2.9967120914 3.16124108386
7142 2.23802982536 2.73941330242
1199 5.78258347999 5.9027391514
5459 0.994527407883 0.994527407883
7079 2.40492088982 2.40513794775
7074 0.703132384641 0.703132384641
5451 2.50209615348 2.50209615348
1193 2.79605212841 2.79633924711
3341 3.65865359833 4.1910929242
5454 3.10979843508 3.7376384532
3347 2.12672591485 2.20666278873
1197 4.63648494104 4.63648494104
3345 5.24327671834 5.28721986424
1754 4.13698914194 4.67356558405
1752 0.39946293292 0.39946293292
6976 3.1637862399 3.1637862399
6975 0.778515647629 0.917393835193
6971 2.19269812116 2.38995194959
4253 2.51391193157 3.3448576898
4252 2.08133173656 2.27931424287
5531 0.448848639354 0.448848639354
5538 0.0871776885589 0.0871776885589
1285 1.35692772877 1.6757083353
1284 3.3673778585 3.55868615401
1287 4.55262640761 4.75517380995
1280 4.57653471433 4.57653471433
1283 9.87843957457 9.87843957457
1289 1.0725938164 1.07788692129
7188 5.12258456004 5.51508988211
1579 3.26451169949 3.6339336591
689 3.39799197817 3.9846649518
684 2.14726477314 3.56406916784
687 2.21578485462 2.40909022109
7183 0.90816651392 0.90816651392
681 2.09053619196 2.09053619196
683 2.31511207483 3.39753849631
7187 0.180291824915 0.180291824915
458 2.5411084977 2.5411084977
6006 2.0042506346 2.39933835688
1222 8.63581956473 8.63581956473
4388 1.93092572059 3.05506215056
6576 1.65011289805 1.65011289805
625 2.46545401295 2.60042194617
6574 1.50409349053 1.80409424883
5627 0.955283153138 0.955283153138
4382 2.31159966216 2.88143162238
7459 0.874768608287 0.955736368594
1371 2.25110577982 2.25110577982
406 0.867000869235 0.867038083714
405 1.70514710454 2.30228728521
1374 1.56371334778 1.79498946762
3834 2.99049386739 2.99049386739
628 8.35187928546 8.35187928546
3831 0.511004571032 0.688485865132
3832 3.33110906384 4.50698072764
3838 3.60707762064 3.60808859985
6794 7.61154378608 7.61154378608
4844 1.09001703173 1.09001703173
5990 1.95571707957 1.95571707957
5992 6.52874519526 6.56502668664
379 5.05108349935 5.05108349935
7527 2.72882878636 2.72882878636
7525 3.00104000652 3.22077771531
370 4.81766751647 5.47552798569
373 0.503033836079 0.503099645869
2038 3.16019647183 3.16019647183
374 5.55288072451 5.55288072451
376 3.54946945224 3.54946945224
6530 0.665841107616 0.813113885128
393 1.39941491377 1.39941491377
391 1.09045985829 1.54835198955
394 1.27195292838 1.27195292838
6148 2.52934761905 3.21921613144
2309 5.51151525233 5.51151525233
6780 3.8585533399 4.59319380972
6782 1.21542978755 1.21542978755
4728 1.34153574538 1.34153574538
6787 1.73786007879 1.73786007879
2301 3.84110858362 3.84110858362
4724 3.37791631783 3.37791631783
4727 0.826355222807 0.826355222807
2307 6.44451756336 6.44451756336
5846 0.774937004185 0.835465432385
6538 3.31932308742 3.90385544775
5849 3.06668111269 3.52250498754
3748 2.63141708084 2.63159637389
3203 1.50870551986 1.89413228883
3745 1.16258548448 1.16258548448
3743 0.278891093088 0.2791510592
247 0.752543842679 0.752543842679
4623 2.36059556478 2.56282546965
4624 3.16764153298 3.31846200884
243 1.18383295659 1.18383295659
4629 2.49115329194 4.00385585257
2272 1.11846470178 1.11939967017
2278 2.73218344646 3.20034899245
2459 0.580325495753 0.580325495753
2454 1.28564884678 1.28564884678
2451 3.33596744983 3.33596744983
2450 2.47399696483 2.8012810588
172 0.153204533933 0.155106728886
171 2.16734359218 2.68824962702
2050 2.73199907366 2.77929081816
4538 0.707606560596 0.858427170971
4828 0.938680919207 1.16011506185
2059 4.01967552425 4.0491299131
2058 0.391383644886 0.488835930437
3692 1.59731511424 1.59731511424
3693 1.4097146797 1.4097146797
4530 2.6951284632 2.6951284632
3695 2.18289319304 2.18289319304
3696 2.14173516984 2.14173516984
4821 1.28792777804 1.5268995372
6369 2.32564161028 2.36355035757
4983 2.51666189972 3.35349756293
7337 3.00072954393 3.00072954393
1504 2.9484422359 2.9484422359
3522 3.44639989532 4.83809677265
3523 2.32656850962 2.73769445424
7043 1.1867247808 1.50542989698
7218 3.14187001075 3.14187001075
7215 1.30046870139 1.39636166643
1601 4.9341540656 4.9341540656
6215 0.598761062731 0.613093086395
6386 3.43403702779 3.50039285271
2699 1.07618392376 1.07618392376
4651 0.46657607056 0.530333365657
2693 1.26189119395 1.3363471486
2690 0.411941202543 0.529962479017
6819 2.09552233869 2.09552233869
1605 0.126541712683 0.126751395878
6814 0.463402459232 0.463402459232
6817 5.89096586962 5.89096586962
6816 1.2587237479 1.2587237479
7326 3.08256305131 3.68494996522
3231 2.17544524607 2.51225944273
3236 4.07964066201 4.07964066201
1969 7.32132327505 7.32132327505
3235 3.99314372503 4.1629266484
1965 3.87987351206 4.2540267969
1966 1.05166341787 1.65868223875
3239 2.6246470043 2.6246470043
5191 5.30246134407 5.45481591798
1962 1.36676026539 1.39334147559
2877 4.58009492907 4.58009492907
3355 1.54990967097 1.54990967097
3351 2.10263310721 2.33589864508
3353 0.0010995531869 0.0010995531869
3352 1.23904732636 1.35909478479
7063 0.577206333987 0.610771255051
5446 1.81555170937 2.20707373494
7060 2.04110461541 2.21598021327
1764 9.07966985739 9.07966985739
1788 0.478913109436 0.478913109436
1145 1.57100155106 1.72790121062
6968 1.42956357125 1.43824826884
1148 5.61217882428 5.68421436382
5509 0.190162242969 0.190162242969
5506 1.50130750363 1.50169423241
5507 2.32215599948 2.93000142282
5500 0.58335531212 0.58335531212
692 1.76142912844 1.76142912844
1547 2.24456757855 2.32165315383
1544 3.00504379098 3.13307764398
1545 2.00993171288 2.41205729778
1548 5.17627412754 5.17627412754
7199 2.07715029761 2.07715029761
546 3.12282587624 3.12282587624
544 1.28949248744 1.52739581163
545 1.14695530102 1.25631306134
549 2.11752905558 2.46058997645
7194 5.09233792928 5.09233792928
6886 1.65156173508 1.65156173508
7564 1.47856437242 1.59894467653
764 3.12893704435 4.35286059836
6406 2.47934509971 3.3420401623
5618 2.150415961 2.150415961
7442 1.94098170194 2.52713439238
6568 3.2055212593 3.2055212593
5477 1.97723211941 2.07215376752
5612 0.0609298016573 0.0609298016573
5613 0.87561300011 0.87561300011
6405 5.66181462746 5.66181462746
5617 7.40246599693 7.40246599693
6562 1.49671873432 1.72076142076
7398 2.8907008766 2.8907008766
5475 1.8987522493 1.8987522493
410 1.85557922564 2.3814951294
1389 2.24978547693 3.00571073051
412 0.649941620006 0.649941620006
1384 3.09366444547 3.83298680163
1387 3.2734151225 3.93768769202
419 0.909983908123 1.06055922185
5003 2.55286775304 2.84716661093
3823 6.77094332904 6.77094332904
3821 3.08581402442 3.08581402442
7114 2.91537024511 2.91537024511
3828 4.39599204165 4.39599204165
5000 0.872793933778 0.872793933778
7482 4.23216565916 4.23216565916
4282 1.96779835058 2.24441864557
4280 0.715300749648 0.872604844777
4286 2.24082950011 2.24082950011
7538 3.17173070579 3.17173070579
369 1.21665470829 1.6814936165
366 1.72100628689 1.72100628689
7534 1.6163390992 1.6163390992
364 0.0587718737893 0.0587718737893
365 2.09721041196 2.54770809125
362 1.08351604457 1.08354903668
5009 3.99102037474 4.55721914953
360 1.21154084746 1.21154084746
7532 0.641810358379 0.641810358379
380 1.55334158843 1.7770638358
381 1.69638966014 1.78146568525
383 1.61669580704 2.16476299478
384 2.59696245326 3.62985257134
6178 1.35997042116 1.35997042116
389 0.590474676843 0.59048948009
5271 0.344710188414 0.344710188414
6778 3.02047991853 3.90036066271
6779 0.623113328281 0.627709900848
1369 2.63375591492 2.96565173922
6774 3.090401627 3.12785408912
6775 0.477889908319 0.547855173005
6770 7.45558514495 7.45558514495
6772 0.831276775298 0.831276775298
4757 1.49782815662 1.49782815662
5870 1.6316053393 1.63164497153
5876 4.42783620094 4.67861440352
5374 0.663064325257 0.663064325257
5879 0.324914955957 0.324914955957
3758 1.48515094517 1.64147228524
3750 1.39274494023 1.39274494023
3753 0.175922928132 0.175922928132
3755 3.2561867444 3.82113584804
2192 1.4785689836 2.09856826145
259 6.03828361883 6.03828361883
4637 4.44852182972 4.44852182972
2195 1.89298412182 2.48066226368
2196 0.0570596326069 0.0570596326069
2197 1.76677172681 1.94405916024
4638 2.10356964048 2.46674135712
256 1.88905667338 1.88905951744
2200 7.21911483705 7.21911483705
2201 0.742043272255 0.742043272255
2202 0.922718064052 1.00663195348
2204 1.56231282276 1.84948895404
2205 2.98504540101 2.98504540101
2209 2.40395287213 2.95240290463
6689 5.96214444598 5.96214444598
6680 4.94728919161 4.94728919161
2428 3.98036237509 4.01062621545
4812 0.933149083471 0.933153414156
2422 1.63229496349 2.13715832175
2426 3.27403549891 3.27403549891
4810 2.1476382387 2.1476382387
169 2.8520007287 2.8520007287
164 2.1044628243 2.16766421353
160 1.81078665377 1.81078665377
161 2.46473940485 3.05514035131
162 3.13004824596 3.13004824596
3689 0.00386625396543 0.00386625396543
3683 0.691816280509 0.691816280509
4526 1.76373807504 1.76373807504
4525 5.97477528874 6.22730264234
4524 1.22226143139 1.38219250895
4523 2.22593075364 2.66279535274
3685 2.99343734135 3.0649096273
3684 5.15277691981 5.15277691981
6194 5.31626723192 6.04169508829
6981 1.67352623489 1.67352623489
2518 1.41796412235 1.41796412235
1842 2.27107295095 2.27107295095
2514 2.24279232185 2.24279232185
2516 3.43393776725 4.182477466
6198 5.51807153444 5.53966857519
908 3.80154309518 3.80154309518
6740 2.54376005547 2.54386751165
2730 0.0802989621344 0.0802989621344
2733 3.18343002647 3.18343002647
4426 1.05797563813 1.15787841995
5294 2.07593700811 2.3796696944
5295 2.078429129 2.96386284141
2738 2.73871018087 2.84556904821
2739 1.12766972693 1.36843759348
5291 2.93977340568 3.62284394709
1817 0.26948214287 0.26948214287
1811 1.79851796947 1.79851796947
7203 1.40211978442 1.49885596398
6227 4.12590499672 4.12590499672
6228 3.22254638322 3.22254638322
671 0.226341758829 0.226341758829
6993 0.94592759223 0.945939986888
1609 1.06525507253 1.48563560606
7336 2.0130998509 2.0130998509
7335 2.5189518926 2.5189518926
7334 4.56233555307 4.86168960425
3225 1.96257121024 2.69618731521
3224 3.4761348652 3.4761714437
3227 3.51747646748 3.51747646748
1602 1.81907062564 2.31758247935
1973 3.8615347032 3.8615347032
1972 1.28819982873 1.28819982873
7339 2.99639463294 3.32315350536
809 1.94456873152 2.1968368465
801 2.95581577135 3.30738320038
807 1.67353064295 2.04844676656
806 2.56650634664 2.95753456206
2849 6.46451942679 6.46451942679
2846 2.23608210083 2.23608210083
2843 0.956150942128 0.956150942128
3321 1.23456622085 1.43022150078
3323 1.85025618574 1.85025618574
3328 2.29842354298 2.29842354298
5478 0.551065708095 0.773438582509
5479 1.90671765226 1.90671765226
5274 0.0860825916796 0.0860825916796
7058 1.08991709173 1.08991709173
1776 1.00359506654 1.35441009648
1770 2.99008364731 2.99013660842
5272 3.39183538239 3.62936541647
323 5.29343341563 5.7712540545
7052 3.25333554622 5.30493155565
1778 0.582524405795 0.582524405795
7055 0.817221329867 0.817221329867
1154 3.86822415055 4.12788146576
1152 0.500588727314 0.500588727314
5519 2.49300990537 2.49300990537
5518 1.58499376997 1.66137958444
5513 2.71404941729 2.71404941729
5512 1.41663685555 1.72051204769
5515 1.39901831127 1.74802984762
5517 1.86540773748 2.01056531423
1551 9.23061852977 9.23061852977
2999 3.99178408427 3.99178408427
59 1.31729831175 1.31731081209
58 5.53899527795 5.62588316543
55 1.0004615958 1.01974962663
2991 1.31384044625 1.31384044625
57 2.16332430398 2.16332430398
2993 3.46584223528 3.46584223528
52 0.966849677461 0.966849677461
535 1.3055480948 1.38668073469
532 1.59261498641 1.61319548211
531 2.94610272483 3.69416146737
7342 6.50345199238 6.96935576042
538 0.702682564597 0.832943687986
5600 0.409076558774 0.409076558774
5609 4.43506722415 4.43506722415
5608 2.72650426191 3.29748442081
5134 1.1523400473 1.24437809788
1902 1.32334709401 1.646002098
6517 2.74309938819 2.74321790103
428 1.1440758174 1.1440758174
421 4.07172784468 4.07172784468
420 2.97232103574 3.28219940388
3293 0.120275415207 0.120275415207
1393 2.53302187426 2.53302187426
1391 0.794614816747 1.19835292289
3810 1.82290294835 1.89400526624
3816 1.68004330128 1.68004330128
3814 0.619218992328 0.619218992328
3457 4.47060596612 4.47060596612
6420 0.438080934488 0.438080934488
4298 6.0845317541 6.0845317541
4294 2.04352879373 2.04352879373
4297 1.73484661993 1.73484661993
853 6.64683254246 6.69143412397
6428 1.1857598778 1.1857598778
6429 2.78282545345 2.78282545345
6412 0.213888665076 0.213888665076
7543 0.696894875602 0.696894875602
7547 5.3188260547 5.45982049261
6168 1.91972392927 2.03373166456
6160 3.80530973947 3.80530973947
6162 0.0609276844564 0.0609276844564
4749 1.49652529013 1.52761564794
4748 3.50360698196 4.003067157
6767 2.3033537832 2.3033537832
6766 2.5056749445 2.84028095082
4740 3.8349354191 3.9405595533
4747 1.83752033287 1.83752033287
4744 1.00457313228 1.27946778553
5868 1.70809700528 1.70809700528
5865 2.49176910454 2.6534439413
4715 2.64503835949 2.64503835949
2183 2.49046932198 2.94282307672
7059 0.255644707946 0.255644707946
2181 0.627058295116 0.627058295116
2186 0.856187317308 0.856187317308
4606 5.4831610388 6.06272180062
2189 1.99711931468 1.99711931468
224 3.92166943874 3.93145459052
223 5.93077183552 5.93077183552
222 1.93430655814 2.49012999593
221 0.795732919333 0.795732919333
2212 1.77767637336 1.84655101239
2211 0.882820042647 1.14269250024
2210 1.51815235474 1.65330880353
2217 3.21334208343 3.21334208343
2216 2.26726292287 3.91223982736
2214 5.24915653732 5.24915653732
6699 0.728122507629 0.728122507629
7293 1.02722528858 1.12373129683
6697 1.15462128163 1.35607305227
6696 1.21602155637 1.36274237217
6694 0.918498538145 0.918498538145
151 0.798705634548 0.798705634548
155 1.46695596155 1.46695596155
156 3.33140175031 5.00397365496
2433 0.949945036782 0.949945036782
2431 3.10780391017 3.24759779035
2430 2.22692949173 2.22692949173
2437 4.33788699025 4.43183756073
2434 2.010966222 2.19434753936
6340 3.46247220122 3.46247220122
6343 1.95872569322 2.30527921681
6344 4.41224291419 4.41225032168
6346 1.22558736962 1.22558736962
6349 0.898839056959 0.899031352883
4510 1.45811398686 2.0247078977
6809 2.2172531233 2.2172531233
4514 1.00739650447 1.1459310616
4515 3.5261484991 3.5261484991
6186 1.77557570248 1.77557570248
6183 1.47909221147 1.63978434139
6182 2.53996190621 2.53996190621
2508 3.79787620446 3.93533063855
2507 2.1459605424 2.93721881187
2506 2.76848833167 2.82784918872
2505 3.2901237939 3.32760683855
2503 1.27115681959 1.27115681959
5289 2.2582061407 2.2582061407
5288 1.67075847275 1.67075847275
2721 1.86315058488 2.41958535768
5280 2.5226705734 2.86979460008
5282 1.23753103817 1.23753103817
5287 3.04147989536 3.04147989536
7234 0.330593418988 0.35790859146
7235 6.40403318415 6.40403318415
7233 1.14022341978 1.14022341978
5047 4.23985801101 4.23985801101
5046 2.95468557811 2.95468557811
5045 9.51237957194 9.51237957194
1807 2.36417491281 2.39797212472
3783 1.61067481372 1.61067481372
1804 2.49976969481 3.46357413219
1802 2.03947640542 2.45183535901
3789 2.0019910228 2.0019910228
1809 5.5077333394 6.07153762668
1808 0.928181596336 0.928181596336
4994 2.07633075344 2.07633075344
6239 1.02116122652 1.02116122652
4993 2.23118381122 2.57966197966
4991 3.27429003827 3.27429003827
6234 2.31111049682 2.31111049682
6237 0.181726143835 0.181743326644
4999 0.0725127207147 0.0725127207147
1948 0.618426726523 0.618426726523
7301 2.39063995974 2.39063995974
7307 6.51871576172 6.51871576172
7304 4.52559674833 4.85189554631
7305 0.0309384195007 0.0309384195007
1943 0.993556861687 0.993556861687
1940 1.77883874975 1.78037578806
1941 1.52215116605 1.80117362576
1946 1.02567309001 1.1288762691
810 2.22328407832 2.84662105011
1252 3.31589185946 3.31589185946
812 0.997740592124 0.997740592124
814 0.746931779527 0.746931779527
817 3.48741000304 4.02754656277
2859 0.745042178885 0.745042178885
5183 1.53226285173 2.23450638763
2850 3.31758702278 3.82723230297
2852 1.9941200067 2.27591359607
2855 1.495904298 1.495904298
2857 6.37447365959 6.41176395412
2856 2.43973665075 2.43973665075
7045 6.39662622078 6.39662622078
1491 2.88769919417 2.88773510003
5463 2.95159004063 2.95159004063
5462 2.51530712186 2.62661722208
1494 2.77453389328 2.77453389328
3336 2.26744991109 2.94556733709
1496 2.22835607021 2.2947640183
7042 3.30759508646 3.30759508646
1499 4.89468644557 4.92449935443
1702 0.747079576128 0.747079576128
7328 2.8363592512 3.63626838101
1705 1.39228955272 1.39228955272
427 1.8310070348 1.8311609271
4574 4.8563412929 4.8563412929
1129 2.48695163004 2.52463072447
1123 0.727713426662 0.727713426662
6983 3.81938052823 4.05282173557
6982 1.23271678491 1.23271678491
1126 0.180354811149 0.180354811149
6980 2.96621593039 3.05316438141
2982 2.60827551981 2.60827551981
2981 2.20209021414 2.98770182938
2987 0.430522551585 0.430522551585
3022 4.13267184706 4.13267184706
2985 1.9110396634 1.9110396634
524 1.3885208104 1.3885208104
520 1.75547898764 1.82625893642
521 5.49390701147 5.49390701147
523 2.28022802046 2.50675022854
1012 0.783041381624 0.783041381624
1013 0.386118566779 0.386118566779
1234 2.02433162047 2.50915031478
1235 5.8263840261 5.84174946539
1237 0.761760686145 0.761760686145
1230 9.07395775552 9.07395775552
1231 0.267719494191 0.267719494191
304 2.31517822955 2.7025812426
4195 0.23763020315 0.240596812838
4192 0.994187923544 1.10584207402
1239 1.80367471352 2.05745112092
5674 2.02314573727 2.61284659447
4355 5.21445399508 5.21445399508
4357 0.387399111627 0.387399111627
4353 2.98466405171 2.98466405171
6507 0.867436115584 0.867436115584
4900 0.245278134568 0.245278134568
437 3.91772989106 3.91772989106
435 0.179700752022 0.179700752022
433 1.87972590909 2.12193358482
431 4.62261639169 5.05999585835
7158 0.829396006277 0.829396006277
3808 6.25715049289 6.25715049289
3802 1.16245415011 1.23589182042
6437 0.512925969742 0.512925969742
6435 1.6593992657 1.6593992657
6432 3.68058281509 3.68058281509
6431 10.5316003937 10.5322437636
5707 1.27323190642 1.62572504167
5700 2.65302650893 3.07330515767
5702 8.11644272073 8.11644272073
6438 0.867770457452 1.0147314457
2868 3.69731419281 4.39434860878
2869 3.53108545296 3.53108545296
7553 1.0855192542 1.44080891007
7551 2.25496894763 2.25496894763
7550 1.64177962394 1.64177962394
7557 1.92235036471 1.92235036471
7578 0.483127739158 0.487083883096
4774 3.22286901426 3.39896871551
4770 6.3967929395 6.3967929395
4778 3.05125666868 3.05125666868
6421 0.111670075072 0.111670075095
4175 0.237034707123 0.269353967499
4172 2.09409558659 2.18155860405
6752 0.145961091001 0.145961091001
6756 2.73869110662 3.78890517321
4179 3.04938510034 4.95989780331
6755 3.60701459209 3.60701459209
7171 5.06989354367 5.47888814582
5815 1.63499227466 1.63499227466
5816 1.67418428628 1.82252960186
4296 1.95346634563 2.43434205692
7173 4.39199697484 4.58794741467
5064 0.661346517157 0.661346517157
4619 0.617347597225 0.932279827422
234 3.347103418 3.90019883945
4610 0.377221619545 0.377221619545
236 3.12352982348 3.12352982348
4615 1.12933033287 1.12933033287
231 3.36130462637 3.36130462637
4617 1.90311987512 1.90311987512
233 4.81985125212 4.81985125212
7392 3.16142158414 3.16142158414
2223 0.377171364194 0.377171364194
5924 3.0640628739 3.0640628739
5925 1.57913533127 2.05555899217
4881 0.265390839437 0.265390839437
146 0.596814112317 0.596814112317
5356 0.0799694734298 0.0799694734298
5143 0.216372524671 0.216372524671
4501 1.24804357263 1.24804587416
4503 0.916554286652 0.916554286652
4502 0.48966768495 0.48966768495
4508 2.19224723414 2.19224723414
2089 1.3710109034 1.3710109034
2080 2.47212885222 2.61390811874
3403 2.58664493265 2.58664493265
2538 2.69269735435 2.82326217399
2539 0.282160214108 0.284566268196
2530 2.11207157598 2.44781179634
2537 0.570876790229 0.571282273494
2713 0.983712227188 1.3992144768
5453 9.30688181965 9.30688181965
2716 2.69432677997 3.37273375454
2714 2.10440216724 2.18907189312
2715 3.99680187175 5.99021797053
5078 1.56782286275 1.97376805755
7222 1.42155742611 1.53979921756
5456 2.13451465197 2.19975682584
7227 1.82909281895 1.82909281895
7226 2.56410535289 3.31489357273
5072 1.60240916717 1.60240916717
5457 1.56939340082 1.56939340082
5076 0.340315791633 0.340315791633
5077 1.94185919133 2.10759316428
1832 3.293711194 3.33301844841
1833 0.907504420288 0.916467694101
1830 2.97104306827 3.0086316531
1831 3.0902782816 4.13459776343
1836 0.105561131846 0.105561131846
1837 3.56444407004 3.85000638636
1838 1.41503994815 1.41503994815
1839 1.19872486195 1.43640079276
2155 1.65400359215 1.84374985187
2156 2.85545469406 2.85545469406
2157 2.91173366794 2.91173366794
2402 7.93018480503 7.93018480503
2151 1.86895558641 2.06525908296
6240 0.86165138032 1.03278947511
4988 2.18144828397 2.18146723858
7446 0.430149942295 0.430149942295
2158 5.49658183136 5.67552740887
936 0.0387558410987 0.0387558410987
6246 0.891092589278 0.891092589278
2409 1.16588902758 1.64821455636
5381 4.90004562876 4.90004562876
5382 1.18198713098 1.57389899273
5383 2.48158765089 2.48158765089
5386 4.06754623245 4.06754623245
5387 0.0274732779217 0.0302198669584
5388 0.393250141519 0.393250141519
1691 4.84167946785 5.51098685448
1955 0.855607249767 0.855625239302
1957 1.90481511748 2.19757144048
1956 5.29684058475 5.29684058475
1959 3.20494184541 3.63448815955
3243 5.336136565 5.41454232546
3242 5.52060739536 7.26936588572
3247 0.895172095991 0.896190733299
7310 1.66763714978 1.93753380078
3245 0.797725583234 1.05694562463
3244 3.9909445017 4.10991308999
826 0.496654964604 0.496654964604
821 1.51436868407 1.66531630416
820 0.985775656841 1.04543114591
1483 0.717796996391 0.717796996391
1482 1.39989138358 1.97787074689
1480 1.57835375344 1.59109708063
1487 1.93816105336 2.00530027816
1486 2.27380743035 2.27380743035
1485 2.03252581137 2.21900331358
7037 1.56687276085 1.56687276085
5496 1.75136643303 2.01021550876
3300 0.858213368322 1.2986391829
5493 1.99619778233 2.34653050655
796 1.23710399346 1.23710399346
795 1.43336506634 1.43336506634
5251 2.90340202403 3.56503572296
5256 1.00208402198 1.23701264049
5257 1.80313184126 1.80313184126
5254 3.74556608427 4.69305498175
1719 0.571508881323 0.571508881323
1718 1.38683764362 1.87362540545
613 0.376660502697 0.376660502697
2414 2.00061476002 2.00061476002
1139 1.79869844855 1.79869844855
1273 5.82291539903 5.98340147808
1995 1.01104419949 1.38258523124
1275 0.0664574110418 0.0664574110418
5940 1.83269853476 1.83269853476
3011 1.81570819504 2.11527619453
3016 3.03023411415 3.03023411415
7141 2.91696242621 2.91696242621
3014 1.33169060327 1.33169060327
7143 0.691842190719 0.691842190719
926 3.12681711368 3.12681711368
1007 0.49213958371 0.561081083033
1005 2.27793591934 2.57719530481
512 6.82334455675 6.82334455675
515 1.10106901474 1.2576705312
517 2.09459103442 2.69387157478
516 0.324131898686 0.324754887559
1226 1.48675629528 1.50729931197
621 0.630159877725 0.630159877725
1223 0.636099977371 0.636099977371
626 5.23707545374 5.46838650635
1221 3.12881519458 3.12881519458
4182 0.0901866556893 0.0901866556893
4184 2.90688633706 2.90688633706
4186 1.52301619484 1.52301619484
5662 1.66224499449 1.97590084167
6533 1.31112351019 1.72158288071
4349 0.968331204363 0.991918420735
7562 5.40698729874 6.21987330334
5669 0.494558704535 0.548722818516
4341 0.989841134096 1.20814918263
2883 5.64729398309 5.64731501521
7498 1.33741136239 1.42652487256
2887 2.98484869292 2.98484869292
2884 0.716868802805 0.716868802805
7493 3.1863801595 3.81627290084
7490 4.869746261 4.869746261
7491 2.50261089719 2.5482081882
7497 2.68065218923 2.68065218923
7494 1.96781476679 2.03684889079
3878 4.41735073777 5.60830603546
3879 1.97807321221 2.00915146394
3874 2.41337654572 2.459130272
3876 6.44105109394 6.44105109394
6403 1.51386972114 1.51386972114
6400 2.62217827852 3.13770176521
15 1.83957077778 2.19294379016
14 2.19326606982 2.19326606982
6404 3.30697290016 3.30699012604
1921 2.43528951935 3.2195262798
19 2.50458293444 2.50637114966
7568 1.5956196925 1.82546703649
7561 0.151355784703 0.15141860783
7374 1.76381687522 1.76381687522
3907 0.468308341381 0.468308341381
3902 4.44313327088 4.44313327088
4761 3.05871402157 3.39935647157
4760 1.66930998346 1.91723837513
4763 0.230057389646 0.230057389646
4764 5.4606597897 5.4606597897
6748 1.91962297988 2.81178480553
4167 7.00295350989 7.00295350989
4162 1.34625064612 1.44844613112
4161 1.48845596934 1.89179834775
205 2.61143333495 2.79745839909
204 2.33803882015 2.7385083412
209 3.81864102364 3.81864102364
830 2.98644858874 2.98644858874
7181 0.341824204588 0.341879809998
2233 5.13779670857 5.13779670857
2232 1.17843845602 1.17843845602
5937 8.52821679632 8.53030271398
5936 0.728577284954 0.842661562214
5934 4.72712257152 4.98727023528
5933 3.67297346888 4.22449368633
5932 1.50659458275 2.06837022803
5931 1.85991093031 2.19021368518
5938 3.58618938334 3.58618938334
7140 1.74192127254 1.74192127254
3499 1.24732373649 1.48210957169
3495 2.03429839475 2.03429839475
3491 0.499564908219 0.499564908219
4570 2.51411887486 3.12076003583
4572 5.78547779445 5.98677641968
2096 2.89059432383 3.40391536006
2091 2.53627977245 2.58179271953
5096 7.92048212409 7.92048212409
4576 0.921266763495 0.921266763495
2092 2.13005411752 2.43508477207
3657 4.77269005455 6.17235548173
4604 4.7611360943 4.7611360943
2525 0.61489634406 0.61489634406
2524 0.671175839541 0.671175839541
2527 8.93799834132 8.93898344224
4602 3.00641499595 3.60673913993
6902 3.75990361333 5.12425633871
5065 0.786448797138 0.882434385737
4889 2.67378335556 2.67378335556
5067 1.48012068859 1.68291888286
5066 0.942012595425 1.06960989935
5061 0.183468934455 0.183468934455
2708 1.13176353204 1.13176353204
7262 1.82486313769 2.21850263606
5062 0.624379465346 0.624379465346
2704 1.28556229976 1.28557373137
5069 3.57016607144 3.84452307853
4885 0.60970062479 0.60970062479
2702 0.83356728963 0.83356728963
4193 1.84049457819 2.0581969261
1828 0.832261455506 0.832261455506
1825 1.77051000101 1.77051000101
7453 2.22248160274 2.89444788898
928 1.574371543 1.63179229892
2146 3.65573055476 3.77346650849
7072 3.16437643793 3.16437643793
2142 2.31423041207 2.53326041709
2140 1.16078905746 1.16078905746
921 1.53361443889 1.53361443889
4498 1.35753391172 1.42677997126
924 1.73720005618 1.80271389664
4971 0.0205607728054 0.0205607728054
2149 3.21670839626 3.21670839626
5745 1.04693645764 1.05362269772
5392 0.00670948346201 0.00670948346201
5395 3.85646129407 3.85646129407
3276 1.01882505432 1.01882505432
3277 1.72702946876 1.72702946876
1924 0.696384115459 0.696534645604
1926 0.655995219618 0.655995219618
5749 1.48222469788 1.48230532785
3278 1.57373820377 1.70131463755
7369 1.52645657892 1.52645657892
3476 0.80939273256 0.80939273256
831 3.38427092507 3.38427092507
837 1.0868387373 1.0868387373
7361 2.45450402419 2.51052180219
3478 1.50465240008 1.70331759139
5586 3.47338478431 3.47338478431
3332 0.170972518165 0.170972518165
3318 0.0832166875436 0.0832166875436
6571 6.00353006034 6.08425127003
5488 0.89509055657 1.08786758364
5484 2.09355517277 2.59154491724
5483 0.998960865581 0.998960865581
5482 1.87337940018 2.21662014679
5481 1.84171967436 2.10707168317
5480 5.2129283294 5.2129283294
785 0.672533333429 0.672533333429
786 2.94135644528 2.94135644528
7450 2.45007374909 2.45007374909
1728 3.27625609693 3.27625609693
783 0.492843939288 0.492843939288
6591 3.4781109718 3.4781109718
1727 1.58511292901 1.58511292901
5246 1.5698812809 1.64996899884
1722 1.60066581145 2.43988821293
789 5.40261476592 5.40261476592
1720 4.31586400062 4.31586400062
5242 1.99917123804 1.99917123804
7594 1.14745858314 1.14745858314
61 3.49442927188 3.57970494309
3006 1.49723714624 1.49723714624
3000 2.12149400169 2.43854458599
66 1.86663119661 1.86663119661
68 1.9300939748 2.15146486353
69 1.27808455145 2.02346430768
3008 1.03738267584 1.03738267584
7159 1.05470304867 1.37491048209
1370 4.96622545787 4.96622545787
7153 0.794372935343 0.794372935343
7152 2.17013760025 2.17013760025
1584 0.449696454306 0.449696454306
1585 0.997558989806 1.29976603795
6826 0.816406111132 1.02597515398
509 3.7386665908 3.9380150736
1032 1.63559793546 1.63559793546
505 1.35861765435 1.35861765435
502 4.11220520161 4.4502316873
1037 1.90348745816 1.90348745816
1212 0.760606553571 0.760606553571
1210 2.99230233933 3.02022380868
633 2.0420131973 2.0420131973
1216 1.54219412609 1.708821668
635 1.99955082679 1.99955082679
638 3.68485009921 3.68485009921
1218 1.10313583528 1.10313583528
1219 2.04708034853 2.77286105737
6521 2.06796683786 2.48172360934
7484 2.48398788344 2.88612091006
7487 3.82269534763 3.82269534763
4379 2.53111815688 2.53111815688
7483 1.18560540307 1.18560543209
5659 2.07920806587 2.87188415886
5655 1.08095380908 1.08096029135
5652 0.861702603207 0.861702603207
4377 5.39749176946 5.39749213232
2899 3.57316404334 5.45151461915
2895 0.576816477448 0.766673656869
2891 9.17521246575 9.17521246575
2890 3.48686964375 3.78722226898
1106 1.70160643825 2.25492050647
1455 4.75523841557 5.32907300067
1102 3.50033470132 4.94765199042
1103 1.3814128038 1.3814128038
1453 0.716572507314 0.830925313755
1458 2.0370265641 2.64359532066
1899 2.75422111848 4.07205600587
4082 1.40074683581 2.26521299695
3868 1.70410359143 1.88102788636
4088 3.53038314831 3.53038314831
5241 1.49350640896 1.49350640896
3738 1.24662824928 1.35063167953
3866 0.0808085561647 0.0808085561647
3864 10.9441317011 10.9441317011
7073 8.45150905796 8.45150905796
3735 3.92378814104 3.92378814104
5729 2.69190475342 4.07265460115
6419 1.02681073834 1.4559759071
6418 0.871385329388 1.04836171526
6415 1.91535556985 2.36660150818
5723 2.31475592686 2.31475592686
5720 2.12893514328 2.33239241739
5721 2.78252538737 3.24837193444
6411 4.56673406291 5.33239653735
5727 6.63384007981 6.63384007981
5724 1.72232752608 2.11703520233
5725 0.298408144814 0.298408144814
3913 1.44247534638 3.59585792092
3912 1.66910892507 1.72778996413
3918 1.69395013362 1.99813261374
6732 2.50708610434 2.50708610434
6734 0.665933441041 0.665933441041
6736 2.74808134493 3.74538841059
6737 2.61302736797 3.45403972032
6738 3.53413048798 3.53413048798
4796 1.65702080952 1.65702080952
4790 1.65801947431 1.8026874864
5836 3.08022257298 3.08022257298
4153 1.88543156036 1.88543156036
5834 3.6932074206 3.6932074206
5835 2.59308750261 2.63746121459
4154 1.32474390933 1.32474390933
5831 0.0410802581257 0.0590157228027
4159 4.51827726838 6.21782180097
4698 4.25393883487 6.3891144407
219 2.79365149351 2.90675142064
7464 0.553532618289 0.553532618289
6087 2.54741053114 2.54741053114
6084 3.16896644509 3.16896644509
6083 2.71594158553 2.71594158553
6644 1.11404108471 1.31725650898
6640 3.34953195152 3.5590414907
6642 1.75597794893 1.75597794893
5902 2.69243344515 2.69243344515
5904 1.28021320354 1.28021320354
5909 2.70718844438 2.70718844438
6497 0.226551588215 0.226566124863
3488 4.433409301 5.17148930175
3481 5.59083398526 5.80917582519
3480 7.58717228397 7.58717228397
3482 3.40840913014 3.40840913014
3487 4.9863675643 5.41119947017
3486 4.43376003766 4.43376003766
4566 2.50605372809 2.50605372809
4565 1.04994673808 1.16294338857
4569 2.09610928008 2.13807020537
7080 2.75144449797 3.32535782901
2551 2.50663600406 3.85717798778
2552 7.57688679837 7.57688679837
2554 1.50872125316 1.77828578941
2555 1.50009403968 1.50009403968
6396 1.06310514365 1.06310514365
6397 5.51277389975 5.51277389975
2397 9.99159828714 9.99159828714
2394 1.19680789612 1.6332130046
63 2.35356855102 2.35356855102
5013 2.38789498777 2.38789498777
5014 4.9267702276 4.9267702276
2771 1.85527313189 2.77874996468
2772 1.37419064753 1.70644905446
4897 1.49759371812 1.58038167529
2775 1.74063135139 1.79195531365
2777 1.48187628733 1.54052183358
1859 0.498541604533 0.666963550533
6260 4.80433400398 4.80433400398
4418 2.02707397161 2.87429104962
4417 5.00821178233 5.00821178233
4416 4.2393534337 4.2393534337
1852 4.42997635885 4.42997635885
1853 0.731803889902 0.832641436955
1855 0.463447469778 0.463447469778
6269 3.33797670352 4.03648478397
5168 1.40540349813 1.40540349813
2171 0.75005386417 0.75005386417
2176 3.04631664607 3.04631664607
918 0.666174011747 0.666174011747
6063 0.54723706379 0.6246460392
4967 2.48684111374 4.23233278136
914 5.64629854191 5.64629854191
917 2.27704925672 2.27704925672
2179 1.2384332275 1.2384332275
912 1.47618573103 1.73660638696
2603 1.55517967903 1.55517967903
2609 2.62908406312 2.62908406312
1930 7.06942915773 7.06942915773
1937 5.60435191569 5.60435191569
3269 1.50027589106 1.52475653095
1939 3.2203569211 3.2203569211
5127 2.05056005682 2.19529166173
5121 2.02180570925 2.6433598583
845 1.95862673357 1.9586270135
3464 1.62778453126 1.62778453126
3463 2.41007827096 2.41008114356
842 1.73997797146 1.98512637743
7091 3.21127592085 3.21127592085
7375 0.567136614253 0.567136614253
848 1.86115870049 2.20224124895
7012 1.02597786613 1.21062042517
7013 3.88205842533 3.88222079753
7011 0.850356672915 0.850356672915
1731 0.312228824012 0.312228824012
1732 1.96555963337 2.47054065985
5234 2.34922013705 2.34922013705
1806 5.40816437546 5.52215247967
758 2.9674510615 3.32012955822
7088 1.04506315135 1.04506315135
1595 0.725774722005 0.725774722005
6887 0.717379344274 0.719072902776
1597 4.9924802288 5.23786288969
3074 1.96263874609 2.56816184468
3075 2.11091265918 2.2076251376
1592 1.18862797135 1.29547825879
3078 0.289345858067 0.289345858067
3079 2.62035713768 3.50553783566
1599 3.9443133522 4.18525969489
1598 3.257413668 3.257413668
6889 1.98561536558 2.07208981353
5344 1.67266928964 1.74246086718
5345 0.368188663586 0.368188663586
7168 2.03287987714 3.14387087288
1021 2.5716710113 2.5716710113
1023 4.3842314627 4.3842314627
7163 0.994663727651 0.994744684681
7166 1.66482523016 1.82738789509
7164 1.59561155324 1.59561155324
7165 5.55493842633 5.55493842633
604 3.14362704157 3.14362704157
4367 2.4136828747 2.69955765595
4361 4.18877824787 4.18877824787
4363 6.94810878782 7.73713100386
4362 2.66194264988 2.66194264988
1203 3.93232800695 3.93232800695
5649 2.81829248025 3.50617823994
1211 1.9926590065 1.9926590065
5641 2.06078471446 2.06078471446
6041 1.20656331686 1.4006011414
5642 1.82459474801 2.17147131481
5646 0.404591772188 0.404591772188
6335 0.753027587798 0.753027587798
3105 2.93590295525 2.93590295525
3107 5.22098085955 5.22098104279
3102 1.25157936339 2.0144052331
3103 0.153130071697 0.153130071697
1112 2.6221939081 2.6221939081
1443 5.98979044487 7.4820565087
1114 6.22690510981 6.22690510981
1116 2.35952245936 2.35952245936
4093 6.94304581327 7.35552948959
4091 4.80742615534 5.61134622186
6332 9.16379281613 9.16379281613
5737 1.74723757244 1.77563749519
5736 0.756863996012 0.756863996012
489 2.56406164189 2.61518680953
488 2.14002962786 2.14002962786
487 0.467711165765 0.467711165765
485 1.94602342893 2.79427522435
4587 2.70840036863 2.70840036863
480 4.87243451836 4.87243451836
7585 2.85638236782 2.85638236782
6463 1.10026797914 1.20707212377
7580 4.94625989215 6.08041477988
4725 2.8878892069 2.8878892069
4851 1.32587399269 1.36504252787
5300 4.03529808204 5.28879547013
3926 1.09771974415 1.09771974415
3927 2.08913486284 2.67589871027
3924 2.23845182187 2.23845182187
6526 0.306257811245 0.306257811245
6722 1.00279002411 1.00279002411
4782 0.243960508733 0.243960508733
4781 2.84532734369 4.84475509688
4149 5.98801820156 5.98801820156
5827 1.18427544989 1.55220318102
5826 2.51148694555 2.92503714208
4144 2.06702219652 2.06702219652
4141 4.94032569454 5.55268736053
4143 1.21603519634 1.21603519634
3857 4.19335746546 5.29557239786
3855 1.34137044758 1.34137044758
3852 1.10319406451 1.11989658483
3859 4.05086710908 4.05086710908
6099 1.37028324542 1.69860562344
6098 0.248756489251 0.248756489251
6091 3.75303850857 3.8846798387
6094 1.32599754276 1.32599754276
6917 5.11877188368 5.30161292485
6657 6.83420130654 6.83420130654
6655 1.99452452182 2.0151905506
6048 1.4157788792 1.4157788792
6651 2.09605701122 2.09622637879
5915 1.86664924326 2.18322113903
5911 5.11698129614 5.7542975953
4820 2.4732127437 2.7566749642
199 0.897435998865 0.897435998865
195 2.5930831889 2.5930831889
196 5.98398723611 5.98799739608
190 0.914393849272 0.914393849272
6384 3.34425231211 4.31344760281
6387 2.41399595215 2.71415493938
3679 6.02602019654 6.29679183637
4558 1.66362434055 2.43883320979
3676 1.99433985615 2.62085875328
4553 2.50073768624 2.7903212441
4550 4.13902355933 4.42570196043
2541 1.06972298884 1.17011979457
2546 1.18610610391 1.18610610391
2380 1.91532130518 1.91532130518
2383 2.55075811337 2.55075811337
2386 1.2408156674 1.66973230383
3580 0.652760083528 0.74971527843
3583 3.7637174544 5.16424750872
3585 2.91398640362 2.91398640362
3587 3.60375892501 3.75740206778
2761 2.25027974981 2.60815518389
2767 1.73150806645 1.73150806645
2765 2.03258757881 3.05157529548
2764 2.00083685272 2.19845738958
6913 3.31929281331 3.31929281331
902 1.2534480598 1.2534480598
1849 2.21269009539 2.95836685804
6277 0.472788014917 0.486896644554
6276 5.99657678869 7.84473905783
1843 3.25244095488 3.25244095488
4423 1.96368495111 3.0953730779
4420 0.943743757159 1.0512986127
1847 3.7901857499 3.7901857499
6077 2.0471617837 2.79935607959
2168 1.07995085414 1.07995085414
6071 1.68905063227 2.2868618632
6070 6.10718593152 6.10718593152
4951 9.04456937377 9.04456937377
4956 1.28028456916 1.56302035133
2160 1.38264736689 1.38264736689
7309 0.138870426405 0.138870426405
2613 2.60806770545 2.60806792115
7095 0.226144144486 0.226144144486
2618 0.497667727638 0.499052431892
7347 3.10192902123 3.10192902123
7345 6.99800903604 6.99800903604
3298 0.421020148861 0.588381205102
5138 1.4965573247 1.4965573247
3294 0.0832509011014 0.0838202720792
1907 4.79545365824 5.81964403517
3296 4.31142812007 4.56482936546
3297 4.65956734953 4.7394859747
3290 0.367699274914 0.522153202029
5132 1.6044081597 2.55412103185
5131 5.83637005987 5.83637005987
1901 1.9837745663 2.46810578013
3452 1.68173261748 2.41702315765
3450 2.29112441965 2.50074235978
3456 2.67053958484 2.67053958484
851 2.04269007278 2.9268255378
3455 1.01948846601 1.01948846601
3863 1.48585529754 1.48585529754
6 0.757037978326 0.855647886727
7001 1.40558434556 1.71685719249
7005 0.517655770699 0.517655770699
7006 2.11380142524 2.53330391752
5229 1.68546309536 2.09262633015
5228 3.60446264319 3.92311232069
5223 2.84695163841 3.3398274822
5224 1.05941106362 1.05941106362
743 4.31523155201 4.31523155201
744 0.98408422934 0.98408422934
745 1.28436263303 1.68419155471
746 3.27511340782 3.27511340782
747 5.27163229912 5.27163229912
748 11.045457797 11.045457797
3062 1.93368347022 1.93368347022
7177 0.586103490978 0.777988845754
7176 4.53369870287 6.17637331466
6895 1.55459334022 2.38230597463
3065 5.26066069422 5.26066069422
3064 2.22450421598 3.0009351828
2947 4.55013224761 4.55013224761
3069 1.696884931 1.696884931
3068 0.998488924534 1.18958711078
7178 3.17584625195 3.40412646754
2941 3.47016106185 3.58224762654
1051 2.54810455578 2.72193661547
1053 3.44057624163 3.84401459442
1056 1.78224761994 2.15517272366
1057 3.47657725856 3.47657725856
1693 3.21431466326 3.21431466326
2919 0.98817877047 1.08658141095
1699 5.24156835919 5.24156835919
4311 1.69438776406 1.69438776406
618 3.43425098981 3.43425098981
4315 5.48495689511 5.59809119573
4317 2.33629035242 2.33629035242
1797 1.03248445814 1.22122275059
611 2.26745881933 2.99608550815
617 3.27002332924 4.11255677505
7574 0.157548448652 0.158480486645
3118 1.41417309845 1.41417309845
3116 2.89123089228 3.0699068795
3115 1.74592484919 1.83640457634
3110 1.8745904656 2.24447982445
7579 0.879361242189 0.879361242189
1470 2.89206184795 3.1637132285
1474 4.5521394583 4.59449305811
1475 8.15245749037 8.15245749037
7041 3.07447223458 3.07447223458
6143 0.515080970978 0.515080970978
1479 6.55157395892 6.59804585801
5464 1.10384283979 1.10384283979
1301 0.66188609498 0.66188609498
7129 2.21593602582 2.39294574311
1308 2.58589825219 3.58748497974
6410 1.71474404765 1.78419905867
5740 5.7667886714 5.7667886714
4229 1.00262402851 1.00262402851
3597 0.934070687188 0.934070687188
496 0.100340817935 0.100340817935
4227 5.9693822688 6.25809747859
490 4.85408893235 4.85445494384
4221 1.3972868567 1.64292497996
493 3.22361220959 3.47968651939
24 5.40295427781 5.48900579704
25 1.14299406164 1.2340948724
5584 1.40379909954 2.20702869767
22 3.16439100054 3.42332217586
23 3.4093140681 3.4093140681
7595 1.01407673918 1.25737641176
6470 2.58653048847 3.50589851485
6476 7.12607886184 7.12607886184
7591 0.746304134531 0.895853175601
5589 2.76084518036 2.76084518036
3938 7.35680078231 7.35680078231
3936 2.82041083886 2.8496020951
5265 1.72588984165 1.72588984165
6718 1.35748673923 1.35748673923
6716 4.44279456371 5.07669729439
6717 2.22233184173 2.22233184173
6710 1.88313212062 1.88313212062
4138 3.73766468014 3.73766468014
4130 2.82978013295 2.85238075593
7474 1.398590146 1.73957899374
5692 2.04260177251 2.66169168368
3840 1.30422715866 1.88795202767
3843 6.01331181969 6.09454573983
5691 3.37348274144 3.37348274144
5694 0.477247743064 0.477247743064
3849 1.55629097249 2.1585067733
1872 1.83560404332 1.83560404332
4046 1.75652509681 1.77345324012
4047 5.76453387203 6.34247176629
4048 7.18587605099 7.79468310979
5968 0.0691297828459 0.0691297828459
5969 1.3687092826 1.55096413677
5963 2.06822420403 2.06822420403
5964 1.49425551931 1.50095946724
2289 0.471262307743 0.471262307743
3667 1.2037458103 1.2037458103
3661 2.95153581488 3.98103030049
2280 2.70240628578 2.70240628578
2282 3.4574054914 3.4574054914
5433 5.47759243402 5.52728495527
2287 3.35741543575 4.67126528009
4543 6.6017730799 6.67450653247
4546 1.03009349393 1.03009349393
2579 0.0762501417879 0.0762501417879
2572 2.91068095663 3.1985857677
2570 2.539140072 2.539140072
4534 1.15535761566 1.62183185461
2378 4.74769241115 4.74769241115
4827 3.15233474192 3.50167685131
2376 0.840030419033 1.03101752088
2370 1.90756364734 1.90756364734
2373 0.0313460525724 0.0313460525724
3592 1.20117089221 1.20117740651
2596 0.97206854988 0.97206854988
2590 1.23258364347 1.23258364347
3595 1.55634328381 2.3932229525
3594 2.25284687693 2.45768102908
5036 3.91785323996 3.94389125273
6280 2.49413051991 2.66096553661
5030 0.499614644901 0.499614644901
4531 2.59184402239 3.17028078711
4434 0.16515808556 0.16515808556
4437 1.70564659412 1.75976533286
1084 4.32353357002 4.32384999751
4431 2.27781409436 2.27781409436
4430 0.738700895858 0.738700895858
4433 1.48330494315 1.48454446575
6283 1.67616186735 1.73259572443
4438 8.42779773331 8.42779773331
1878 0.623630549541 0.623630549541
6595 2.87313173246 3.85473554044
970 1.4451257395 1.4451257395
5581 2.91573817965 2.91573817965
6287 1.51823237053 1.51927682097
4949 2.99713809649 3.07960179233
4948 1.63338854443 1.63338854443
6282 2.21325168038 2.83542896189
978 0.984634946625 1.07057922549
6043 2.26016986894 2.60195771471
6040 7.54597361418 7.55917097781
181 4.82289871856 4.82289871856
186 1.40905925614 2.19003330081
6044 0.270923768726 0.270923768726
6045 3.2490197941 3.79046815068
2112 1.64302146429 1.64302146429
189 1.75024019219 2.11308538667
2114 2.88650234524 3.15167220975
2115 0.946862717363 1.05488394082
2117 1.61431362858 1.61431722278
2627 3.49668866947 4.06711888724
2624 4.14462827408 4.14462827408
5837 6.05045251184 6.12592167357
7351 3.4260210022 5.4140960403
1918 1.80973175044 1.80973175044
7355 1.91209412958 1.91209412958
4924 2.61072602236 2.61072602236
7357 3.56183010365 3.56183010365
7356 4.1980282087 5.600771208
3287 4.93506746514 5.80487532874
3286 2.33680677825 2.33680677825
3284 1.9103801986 2.04128359443
188 2.75485493935 2.75485493935
869 2.25854312596 2.48989832292
860 5.46448324178 7.33398355788
3440 3.28200912602 3.87795990615
3443 2.05682579879 2.05682579879
2027 2.70057963919 2.70057963919
2750 3.44945526948 3.44945526948
2023 2.33990169717 3.20121071141
2758 2.82696179667 2.97749985303
881 0.691667279387 0.691671575293
886 0.381107453351 0.382419788834
888 1.40638101807 1.55992663257
5217 2.18871643589 2.51783537966
5214 3.73230056288 3.73230056288
5210 1.8033699942 2.0218659676
5211 3.68095593018 3.70767081553
5218 2.50216933306 2.50217641288
5219 7.48727381886 7.48727381886
7504 4.99935252874 5.00004619092
5414 1.5563850675 1.99927808455
777 0.809718108696 1.13124989379
770 3.07402740268 3.30381992041
772 0.888352624095 0.888352624095
7503 1.00409128724 1.00409128724
779 4.36342108316 5.9262146567
7638 0.0481557380796 0.0481557380796
4675 3.42966458485 4.00598251418
76 1.40686562846 1.88135652743
2978 0.474942084217 0.474942084217
72 0.643319894168 0.643319894168
3058 6.03986800893 6.29106067758
2972 3.77312675032 3.77312675032
2973 4.64306952266 4.64306952266
3054 1.76873167149 1.76873167149
3052 1.17650332452 1.48715553423
2977 1.65308439376 2.11139725101
3050 9.68665043731 9.68665043731
2975 3.52874847446 3.52874847446
1042 1.52278735476 1.96266834735
1041 2.11623842083 2.34124495765
1040 0.637277729573 0.637277729573
1046 4.79051898814 6.05660799118
1049 2.50917169101 2.50917169101
1683 3.16434342788 3.16784886073
1685 4.60008634783 5.36265433516
1684 2.82905849207 3.12793671356
1687 2.46818406128 3.2861900451
4802 1.53578708705 1.62253588074
7354 2.96514074834 2.96514074834
4301 1.62227233006 1.7010170927
1268 1.83283766926 1.83283766926
1263 2.01527765106 2.21932178255
1261 2.91342992201 2.91342992201
4308 4.34050637979 4.34050637979
1267 1.58243915863 1.6655176025
1266 3.73371368672 4.52575269537
1264 3.7033247678 3.70355252669
7359 5.48948439099 5.48948439099
3021 1.17581999744 1.35728115948
5103 2.46750293421 2.50101848328
3128 0.883775489942 1.19486869706
3129 0.720722898894 0.85320104334
7619 0.921208481683 0.921208481683
3122 3.56053016069 3.56053016069
3121 0.994274740252 0.994274740252
3127 2.17635931202 2.17635931202
1914 2.54053886104 2.54053886104
1465 1.97889249795 2.1483979391
6065 3.46339818639 3.8066630655
1461 2.65095570694 2.65095570694
1313 1.98788374444 2.15216985568
1312 1.37409136072 1.68567626578
1310 5.97321938598 5.97321938598
1319 3.54221985957 3.54221985957
6914 3.75143264695 3.75143264695
6915 0.662756667497 0.662756667497
6444 2.03863978614 2.65438771457
5750 0.153861260155 0.153861260155
5757 1.58460933088 1.58460933088
6440 3.19815322113 3.61224830281
5754 0.433945988491 0.433945988491
4236 3.80024309708 3.80024309708
6919 4.25644992592 5.47470870675
6124 4.63691972584 4.63691972584
312 1.61102772585 1.61102772585
311 0.758259210326 0.758259210326
316 1.55594660667 1.75528849259
315 3.26477308047 3.26477308047
314 1.9924284902 1.9924284902
6701 1.00242761713 1.00242761713
6703 3.4857425629 3.48658536805
6702 0.925215026068 0.925215026068
6705 5.41978820877 5.41978820877
6704 4.14227775364 4.14227775364
6707 0.494455325153 0.669450955291
7435 2.42864079854 2.42864079854
7436 3.649799631 4.35136669584
7437 3.069614246 3.76172526684
7431 2.50413946697 3.4252820046
5685 0.905239562456 0.905239562456
5687 1.3614758634 1.72949414477
5681 1.69056547489 1.76507780012
5683 0.566485936922 0.584923175794
1330 1.7729313412 2.35038358835
6674 1.10717098444 1.10717098444
4704 1.85758781621 1.85758781621
6671 1.335805123 1.335805123
4054 2.50519239022 3.16778845013
4053 1.78808862717 1.78808862717
4052 3.56145946219 3.56145946219
4050 2.04431680289 2.29035433063
6218 0.822245051035 0.822245051035
5976 6.11177557389 6.16771878003
5974 0.93497841922 0.953201945702
2299 3.46514185946 4.02069296238
3613 3.63064302565 3.63064302565
3614 4.15100675937 5.193466796
3615 0.377798255058 0.377798255058
3616 0.146271362688 0.146271362688
2292 3.23727821864 3.23829084582
6939 4.23759206621 4.26883390126
2561 2.11094782438 2.62569278786
2562 3.1758031228 3.97722097122
2566 4.66862054466 4.66862054466
2368 2.50456699372 2.73993198085
2367 5.98962914311 6.42873646812
2366 0.41313199351 0.41313199351
2364 1.36673976232 1.42138092099
2587 4.00107128818 4.0037959558
2586 2.94987256626 4.40476630413
2585 3.79891322256 4.66212053854
2584 2.01331301877 2.44560384453
7294 2.47052495308 2.53738043275
7295 1.15976286556 1.15976286556
2580 4.30555302651 4.30555302651
5021 6.30087625711 6.32248432635
5024 2.5116152877 2.56364498638
5026 2.28411271204 2.48179600905
4441 2.37745500023 2.37767119127
4442 0.961471606871 0.961798390017
4443 3.24454999453 3.24454999453
4444 0.865217176386 1.01714403862
4445 8.5413123237 8.5413123237
1867 1.98794983238 2.00961877776
1866 0.439246823723 0.439246823723
4448 2.85431158196 2.85431158196
3721 3.44979856526 3.44979856526
3722 0.481421061397 0.481421061397
961 2.4613328152 2.90592089185
6299 2.05433994932 2.60898334873
963 0.362605629286 0.497798258572
6297 2.88128608275 3.0127650661
6293 1.47384131836 1.47384131836
4688 3.46379370904 3.96161573028
6290 2.16099023955 2.19336532947
2108 2.82548497889 3.53161823918
6059 1.84609645538 1.84609645538
2103 1.47255891916 1.94874513733
2102 1.15456244688 1.24603999206
2100 5.44066396873 6.37693409315
5575 1.61923123415 1.61923123415
2105 1.49842840869 1.49842840869
5117 0.606957911565 0.606957911565
5113 2.76351333406 4.00123903652
2634 4.33770580532 4.72913703953
2636 1.53795795138 1.53866521489
2631 2.83975808502 2.83975808502
2630 2.95135226291 2.95135226291
5571 3.00151155623 3.00151155623
5292 0.513787251295 0.663518449308
3438 0.908042653397 0.908042653397
3439 0.137778738678 0.137778738678
878 2.06553678397 2.06556917736
879 3.38317000966 3.38317000966
3431 6.51878023751 6.63139350439
872 0.750957073147 0.750957073147
873 0.377069376346 0.377069376346
4592 1.33886601274 1.88741308441
4593 2.3936270873 2.6892629692
2743 0.414853474552 0.414853474552
2033 1.21290595812 1.5969596356
2032 7.63825346686 7.63825346686
4595 1.27371596441 1.70871295032
9 2.18715436911 3.03108036257
4840 0.223412368078 0.223412368078
3097 3.19462705028 3.19462705028
890 0.00143146767872 0.00143146767872
5200 4.19180718476 4.19180718476
5203 3.81668387137 3.81668387137
5202 0.518921731782 0.530928585933
5204 1.10856509458 1.13317946577
7320 4.04565167392 4.87589552479
3545 1.36772472149 1.67783990553
3547 5.61457620008 5.61457620008
3543 1.59461640244 1.59461640244
7323 0.820461399106 0.820461399106
2965 0.190610042279 0.190642318637
2964 1.54821212583 1.96538736349
2966 0.638434517676 0.638434517676
2961 1.46409242364 1.93747625147
762 2.25036231854 2.25036231854
1781 4.18757330521 4.18757330521
767 1.99170366106 2.04531913452
1786 2.87582516253 2.87582516253
7113 3.61388953461 3.61431539724
7112 2.36675274967 2.36675274967
6878 1.89541034699 1.98748920001
7119 2.40961495822 2.80442084992
7118 1.39843081731 1.39843081731
3045 1.03194159474 1.15041595454
6872 5.49237782598 5.60910442701
3046 4.31598592862 4.31598592862
1079 4.00405798315 4.31770560818
1077 2.01402030544 2.01665520415
1074 2.37906687236 2.37906687236
1072 2.94808588451 2.94808588451
1073 1.40025615321 1.41303726059
1070 1.79674287951 2.15440332478
5372 4.98079231422 6.5714666415
7290 5.53155133838 6.69017525263
1678 2.72765368878 3.11306582138
1674 1.07722078376 1.63705251252
678 2.31961977679 2.31961977679
676 1.63181401319 2.2013672641
4333 1.80865120024 1.80865120024
4330 0.19432998508 0.19432998508
3131 4.87480841879 4.87480841879
3130 0.826618741924 0.826618741924
3139 3.20300829601 3.22914798523
3138 0.780953003665 0.780953003665
7608 1.92798296334 2.79245170759
7607 3.95854285207 3.99219981553
7604 4.14133625254 4.14133625254
7600 2.51582923593 2.56825096992
6018 2.57489291767 2.57489291767
1412 4.54122963525 4.54122963525
1413 6.14298490642 6.91293635545
1416 0.533460921105 0.533460921105
1327 2.82534763996 2.82534763996
1325 2.19182069791 2.38647720142
1328 3.01628312947 3.01628312947
6450 1.56198979919 2.07198527056
6455 3.49498466611 3.52574691645
6454 3.48543999567 4.35770779106
5768 4.48051152223 5.09887561965
6456 1.23980828211 1.66872323439
6458 4.70592320086 4.97372054539
4645 0.426255847435 0.567954019952
5762 0.147509385486 0.147509385486
4207 1.89587774911 1.94266877407
4636 4.58494044001 4.59447972969
5565 1.26822842219 1.5250180709
5562 0.976160371216 1.22083426529
1256 0.208958151227 0.208976127275
1526 3.8716183004 3.8716183004
1520 1.66577655387 1.66578070426
308 1.99682695549 2.51023482149
3953 1.84077865468 2.39225013093
303 1.55383513704 1.78371494719
3957 3.19919369117 3.19919369117
307 4.67562791462 5.43481642525
4113 3.99892180889 4.54208155788
7420 3.99421281104 5.50731211603
3340 4.18034014274 6.67728229911
5159 1.56754164053 1.56754164053
2475 2.48832945459 2.85926061177
6601 1.15695007567 1.15695007567
6602 2.17370086533 2.17370086533
6439 3.02264832847 3.05608269075
6606 1.25167952607 1.25167952607
7109 1.14885609718 1.16055837216
6608 1.28171072144 1.28171109982
5946 0.0874533506042 0.0874533506042
5945 0.624806968355 0.755014732964
4064 3.86202635146 4.42374463987
5941 0.955108374058 1.29459226086
2976 2.3870893432 2.73859573869
4068 4.77445850367 4.77445850367
4069 7.79127036167 7.79127036167
5948 3.44455627092 3.5058359559
5949 1.83022139796 1.8302216464
5785 0.8629333623 0.98842395233
5786 1.85466350891 2.24368139683
5782 4.85940087317 4.85940087317
5019 4.99881113662 4.99881113662
3051 2.78613276039 4.28645518983
3601 2.91339171263 2.91339171263
3600 1.34848108504 1.34848108504
3607 4.25473999654 4.30867448921
3604 3.21940340209 3.21940340209
3608 1.52485925092 1.52510755042
5361 1.12726396731 1.12726396731
4894 3.72878261313 4.86807814458
5367 1.77360223613 1.84389543444
6115 3.53863499552 3.57403158088
6117 1.31819091499 1.31819091499
6112 4.3955913635 5.60593737997
2358 1.67179468236 2.02904586255
2353 2.38882268254 2.38882268254
5368 1.47850416054 1.72196947376
2355 2.85608535482 3.35670638283
4450 5.37546524394 5.37546524394
4456 2.54483068856 3.08820779011
4455 8.1187565608 8.1187565608
4454 1.52427441428 1.52427441428
3736 2.81665365945 4.90500500939
4459 1.69710329304 1.69710329304
3733 5.33894562063 5.9929023011
476 1.06742063194 1.53054409943
3730 3.57067320352 3.87946337551
4922 4.07042519531 4.07042519531
4920 1.87110535378 2.25342650883
4695 3.25440745106 3.58069096929
4697 8.95787774695 8.95787774695
2131 2.97150244898 2.9776282464
950 2.31517199422 2.69037221478
4929 4.38978725427 4.94824890589
954 0.00752205711766 0.00752205711766
6022 1.49856505447 1.49856505447
6026 1.41835278766 1.69838055314
2649 2.46850364863 2.46850364863
5167 1.63219404554 2.00592178844
2640 1.7635533885 1.7635533885
2645 2.47336598368 2.63357069846
2647 10.7533839905 10.7533858937
3429 2.31326444926 2.74391255183
3423 1.40056567921 1.6521043774
3422 1.80929331094 1.80929331094
3421 1.15062173776 1.1972809861
3427 2.60642366407 2.60642366407
3426 2.36714425415 2.61125484858
3424 1.76630972513 1.76630972513
1850 0.140346888512 0.140346888512
2000 3.63847564831 3.66574400363
6337 1.46179817831 1.51648716035
2007 1.05755078783 1.15712293833
4859 6.00596398426 6.00596398426
2005 1.72157635285 2.05911404628
2008 0.785607899929 0.785607899929
4415 2.00446256149 2.46748588205
4583 5.29353032832 5.53452541578
4582 1.9896584372 2.19596541202
1269 3.17328515893 3.22180735511
3554 0.495214844538 0.502378617996
3550 3.81565149405 3.81565149405
6966 2.18632567746 2.18632567746
3558 2.60682337073 3.29728599264
6061 2.07172523496 2.39452853066
2911 0.870139031013 1.16572287428
1799 1.25502853395 1.25502853395
2913 1.25589238228 1.56194354994
1793 1.99645913689 2.15547299183
1792 2.46202552475 3.14033569728
715 0.720020171713 0.720020171713
714 3.16546542263 3.32124903326
713 1.23675430586 1.23675430586
712 3.96177941836 3.96177941836
4966 1.05823830807 1.37027145827
7127 3.03804316019 3.36648190613
6840 0.877591067484 0.877591067484
7125 1.98587164075 2.05584206832
7123 1.41323585283 1.41323585283
6844 1.79893465567 1.84806669525
7121 1.23516574463 1.52426580108
1069 1.05797639886 1.33619628946
1068 9.00007255377 9.00007255377
4964 2.10511458167 3.02898221935
1061 6.57459082601 6.57459082601
5301 2.16536030926 2.16536030926
1668 0.34136610399 0.34136610399
1665 3.52894185862 3.52894185862
4960 1.7014351779 1.7014351779
1662 2.63157725305 3.6218977049
591 2.38562852061 2.43972062591
590 2.32263588682 2.77229924012
592 9.16321288667 9.16321288667
594 2.49345180432 2.91116526639
6596 0.0568833707603 0.0568833707603
599 4.99400375357 4.99400595039
4323 3.5622175892 3.85424185276
4325 1.49507145951 1.49507145951
1088 7.72914718522 8.27040115071
3140 3.44436199249 3.44436199249
2821 0.725819851572 0.892562091468
3386 1.54442530886 1.54442530886
3384 1.28255924767 1.28255924767
3385 4.60340005255 5.27349973809
5412 3.08886794004 3.08886794004
3381 0.538179176282 0.538179176282
7632 1.84358262214 1.98627202896
3389 4.21342251718 5.69883570129
1408 2.57767655708 2.5784406467
1406 0.268729376919 0.268729376919
5792 0.533104124679 0.657055691524
1339 4.5365780551 4.5365780551
4210 0.836232005712 0.943936716588
4212 1.57716792564 1.8934307196
1337 3.0030835635 3.0030835635
5790 7.36392620766 7.36392620766
4219 4.49772112907 6.23846038105
446 3.98308865556 5.66601357
445 0.535263197004 0.548451125317
691 2.5555365344 3.24949228231
5772 3.39767526547 4.24577103693
7515 0.107710980356 0.107710980356
5578 1.37932437546 1.66298451024
32 0.769095659706 0.769095659706
31 2.04944842435 2.04944842435
5573 5.35729404992 5.50230964482
35 3.38490697929 4.1969435975
3092 2.29708669264 3.39906259085
3093 3.62556077374 3.62556077374
643 6.83095880271 6.83095880271
1244 1.45631856166 1.45631856166
1531 5.98996457945 6.43713205983
1530 1.67215493248 1.97055764847
649 3.19560884238 3.24254261257
3098 0.712524025262 0.712524025262
3099 3.39059282895 3.40680847106
1539 3.49828114092 3.53401169723
338 0.739274468044 0.739274468044
335 2.77732368339 2.83548631342
334 2.95496188978 3.62262263409
337 0.00460374652361 0.00460374652361
331 2.54437379495 2.99442454923
333 1.63892691417 1.63892691417
7611 2.11072985431 2.13932713926
5124 4.33014354906 4.33014354906
4105 0.504235262712 0.504235262712
4106 1.72120147264 2.09205146911
7412 2.10017876281 2.10017876281
7413 4.08655477489 4.08655477489
7410 0.601153289843 0.601153289843
7411 4.49137332758 4.55256567353
7414 1.83289423465 1.83289516537
3897 1.10634469624 1.10637591176
3895 1.7716623559 2.10555383878
7379 5.59168139685 5.59168139685
6611 1.06821285338 1.06821285338
6615 0.763823789967 0.910406689473
6614 3.20996198176 3.20996198176
6619 2.92922673466 2.92922673466
4078 4.14301963029 4.14301963029
5957 1.44590321934 1.67258761435
5956 4.79010592433 5.90219989491
4075 5.38224484187 5.51944348565
4070 2.92099854676 3.86669195203
4073 1.104512508 1.104512508
5797 2.76302571132 2.76302571132
3967 4.45587288035 4.90117944195
3965 2.45023220356 2.45023220356
3962 1.49163287123 1.49163287123
3963 2.41302548162 2.41302548162
3961 0.804439496786 1.03921363691
7278 3.57987915413 3.69645951536
5799 2.80749434965 3.38334955037
3636 2.51635214908 2.91430491955
3637 9.47836014534 9.47836014534
3632 0.872231157039 1.08957668341
3630 1.0191297086 1.0191297086
4611 3.07103290361 3.07103319008
3468 1.42544476534 1.64834014415
4613 1.33957730552 1.41541451678
2345 1.83167284252 1.83167284252
2346 0.261855441853 0.488200670811
2342 5.97294296085 5.97294296085
6107 4.53662634925 5.03122048385
6103 1.14170953047 1.14170953047
6102 0.764745619762 0.764745619762
4616 6.3711820362 6.37894912026
3709 1.7811970347 2.48105686745
1888 1.73778856238 1.78879976849
3700 1.44262289249 1.44262289249
4465 3.27036183448 3.27036183448
4462 0.628628076848 0.628628076848
1880 4.38728919508 4.41290812168
2127 5.82073293489 5.87738170588
2129 4.3274564232 4.7875976181
4665 5.98573351572 6.63425848153
4660 2.75675228793 3.68132242479
943 2.05199744991 2.50915294795
4910 4.10830449332 6.56032142481
4663 1.65859351301 1.65859351301
6038 2.02055709446 2.02055709446
6035 3.03201932263 3.03201932263
2653 1.63960928154 1.63960928154
2651 1.87690981962 1.87690981962
6441 0.09633376494 0.09633376494
2654 2.53550408978 2.69229885383
3414 0.597755361515 0.597755361515
7389 6.18163319321 6.49954045561
3412 5.30575060402 6.22193276001
136 2.07477392142 2.08287532683
3410 1.0052063073 1.03313295756
134 0.358797952592 0.470394370261
7382 3.92508509012 5.31298328753
7387 1.72219134668 2.04523138207
3418 0.0894083920691 0.0894083920691
7385 6.70953217803 8.29848338799
6326 0.588717616576 0.588717616576
6325 1.39220424609 1.50751021193
2018 0.000837017118979 0.000837017118979
6321 1.08746469052 1.08746469052
4863 3.01368308483 3.24486357473
2017 7.54983414058 7.54983414058
4861 3.78156323095 3.97119150195
2011 3.7099358932 5.22043937796
6839 2.29428070152 3.04842175414
6329 4.69823270669 4.69823270669
6328 0.768549349993 1.09176824663
7443 1.88018254975 1.88018254975
7444 1.98555617656 2.31644857689
7254 1.46059026596 1.46059026596
7255 4.22428078303 4.22428078303
7251 0.344615739648 0.561517627265
3565 2.1751219016 2.1751219016
3569 0.348224315441 0.348224315441
4485 0.646744797271 0.646744797271
6564 3.99129231848 4.09501010749
2903 2.07286318756 2.12905950981
2902 1.25752797737 1.25752797737
708 0.504158709753 0.504158709753
2906 0.993421279039 0.993421279039
6853 5.47304133344 5.47304133344
704 3.87071084347 3.87071084347
705 3.74960549027 4.36077523264
706 2.46166857329 2.46166857329
701 2.37047257447 2.37047257447
6560 1.35671071637 1.86156642927
7139 1.35687051788 1.35687051788
7138 1.14472891544 1.14472891544
89 8.46629097562 8.46629097562
83 5.7211023218 6.06533274691
81 1.25531094294 1.70971088746
7135 2.13396312041 2.7028917894
7134 2.27795621818 2.97836857954
7137 1.83160828165 1.83160828165
85 1.63749231882 1.95630579134
5311 1.80727863703 2.56966658859
5310 2.27253987345 2.27253987345
1658 1.8601499485 2.12672863145
1652 0.0514930994249 0.0514930994249
1653 0.869626546202 1.16606576174
1651 1.87766015271 2.44071709326
6583 1.0000884101 1.10674747109
1631 0.74276733521 0.969356550894
588 0.499470540052 0.499470540052
3151 4.09160614715 4.09160614715
3150 1.65338294869 2.02477350395
7621 2.07025194625 2.0703099743
3154 1.93393277342 1.93393277342
7629 5.51796117083 5.88819057637
1437 0.306233247247 0.307124895115
1434 2.70577442559 3.99432789471
3392 6.65105839729 6.65105839729
3395 2.21942745888 2.98610977028
1636 1.54608918699 1.54608918699
1430 2.15011282847 2.15011282847
3399 0.470402521372 0.470402521372
3398 4.95652595696 4.95652595696
1438 3.20687810134 3.70408788109
4260 3.11673170445 3.50905832102
5233 1.00081016007 1.00522188515
4265 1.22470160238 1.22470160238
4268 4.55236822582 4.55236822582
452 2.37105694055 2.42532429943
1345 1.50400643015 1.58669026031
456 1.21140462505 1.21140462505
1347 4.41761188015 4.41761188015
6921 1.44805677652 1.60101341007
5546 3.36040495907 3.36040495907
5545 0.985050209708 1.04102184244
652 4.19745385468 4.19745385468
650 1.20523401316 1.20752212123
1508 0.0873145972007 0.0873145972007
4461 1.57231146208 1.84032667978
3081 1.26920293203 1.26920293203
659 3.09005060615 3.44023836535
5890 0.121241457346 0.121241457346
5891 0.797877493176 0.797877493176
5892 4.14777921935 4.14777921935
5896 1.82192288579 2.05568719732
5897 2.70758981856 4.25052453639
5898 2.46223141609 4.07424968929
5899 3.34529621549 3.34529621549
948 0.1828095517 0.1828095517
3882 4.16584492603 5.24673133206
3889 2.49116374808 2.86132712461
4916 4.54748921073 4.54748921073
7404 0.0545100035021 0.0545166269044
7407 1.57134876522 1.68147534873
4911 2.74948779218 2.74948779218
4008 5.23021401324 5.23021401324
4004 1.26065226684 1.51240433736
3970 3.25276757649 3.25276757649
3973 1.68634689905 1.7137153325
326 1.95828685015 1.95828685015
3974 4.31720208494 4.31720208494
324 1.28374237934 1.28374237934
328 1.19175730461 1.19185673475
3621 3.98095702924 3.98095702924
3070 2.08235653808 3.46507362651
2332 0.698821746556 0.97235769995
6136 2.6501415221 2.6501415221
6883 1.95060138606 2.6370518577
3713 1.92009320935 1.92009320935
3719 2.08059203898 3.70390542615
4479 1.47961008774 1.47961008774
4470 3.11774559496 3.14914781552
4475 2.61416169824 2.79939062606
4474 0.302374809152 0.302486168106
5763 1.40027253895 1.40027253895
6007 1.44114348947 1.52730215457
6004 4.61551386544 5.26087008896
6000 7.49196667179 7.49196667179
2489 2.76347389159 2.76347389159
2950 4.39772896002 4.39772896002
2484 1.56187794752 1.92798206463
4673 5.43743486903 5.43743486903
4670 2.11607142522 2.11607142522
3252 0.93885435543 0.970344236808
2245 1.37028494275 1.58486116089
2246 0.999106930514 0.99912744146
2247 0.909287073576 0.909287073576
2240 2.39615877171 3.39938366728
5179 5.35899144916 5.35899144916
2242 1.95361453279 2.71455293947
7394 0.000816360123904 0.000816360123904
2466 2.21291123317 2.29816663166
996 3.81686065369 3.81686065369
7391 2.58440736045 2.58440736045
993 6.75618525453 6.75618525453
992 2.54241334093 2.77766015523
5144 1.57577786373 1.57577786373
2469 3.18173321196 3.85766007487
7535 3.2350262353 3.2350262353
122 2.64818221019 3.19440456641
124 0.84744921333 0.84744921333
3404 1.7064393809 1.7064393809
126 2.45168351696 2.49670118078
3409 6.33934439084 7.00833012558
3408 4.62846519235 4.62846519235
4875 0.36128772249 0.36128772249
4871 6.72628142323 6.79800822124
7438 5.2239188134 5.2239188134
4878 2.44881126517 2.44881126517
2069 3.59684454957 3.96213393227
7533 1.73109275503 1.73109275503
5424 1.54556686715 1.54563617924
2062 1.28818658246 1.36307763109
6319 4.49457366508 4.49457366508
3413 1.24891087456 1.27005209737
5423 1.15388980682 1.42011420295
7247 0.13326670689 0.13326670689
5099 1.41583215426 1.80101514254
3578 1.69957532825 1.7664644724
3571 1.58685259509 1.66614697536
3573 1.76854353579 1.76854353579
5097 0.00387766122898 0.00387766122898
2665 4.05662985632 4.05662985632
4492 0.120249060136 0.120249060136
4490 4.40413120517 4.40413120517
2669 1.51478806941 1.78327287227
6823 2.63055409994 3.28330713027
6824 1.35358861608 1.35358861608
2938 2.73120331953 2.73120331953
6829 1.54251215443 1.62030319763
2935 2.00294362314 2.16801092972
5326 0.644343759159 0.644343759159
5327 0.00988135326158 0.00988135326158
5325 5.95992184654 6.0170133658
5322 2.27999656883 2.27999656883
5320 1.1936569797 1.1936569797
5321 1.15831806905 1.25624776871
5328 1.27049764444 1.27049764444
1643 1.29640664879 1.29640664879
579 2.59117686119 3.02433275173
573 2.01332258922 2.36186088563
571 4.89485106456 4.89485106456
577 2.10418042949 2.10418042949
576 5.2505956883 5.2505956883
575 1.98401220027 2.04230436014
3169 2.80783695831 3.50040664921
2803 1.61908330709 1.87876794844
2800 1.88647925734 2.0887727663
3165 1.37436631513 1.87543432686
2806 4.89176931533 5.48752286959
2805 4.11680166476 4.11696328526
1421 0.498012183371 0.498012183371
1420 0.976181984015 0.976443306325
7094 2.04804535448 2.69361281566
1422 2.0947832346 2.0947832346
3368 2.36734910712 3.11280594705
1424 3.47901531751 4.12476975274
1426 5.22533974858 5.22593782778
3366 3.69074071311 3.72631015262
2404 4.19924570341 4.19928073858
7098 6.59261978142 6.59261978142
7099 2.04079567742 2.1143518595
732 3.13196096385 3.13196096385
735 3.00232032477 3.00232156626
736 7.06704741127 7.06704741127
4272 3.19358490172 3.19358490172
4271 2.09951627395 3.06822607347
1358 0.417893901535 0.417893901535
4274 1.90087536757 2.61757141171
461 2.30889535517 2.3088956686
5555 1.86562222398 1.86562222398
5554 1.42676724321 1.757514297
6488 3.30539843104 3.34161324657
5551 0.22069588427 0.22069588427
5550 1.53247761563 1.53247761563
7384 0.560000340392 0.753746980741
6955 1.83730096143 2.07245757727
6484 2.63315777008 3.09033237087
6285 3.72136190218 4.22090511642
6948 3.78179073302 3.78179073302
1518 1.18010113059 1.41712448292
1510 4.19374821644 4.19374821644
1513 1.55601068641 1.68716812001
1512 3.57658813097 4.22595755979
5885 2.04501397137 2.04501397137
5889 2.09428374888 2.09428374888
6559 3.99871355034 3.99871355034
7478 2.86394499586 2.86394499586
3186 1.99991836657 2.36311887299
3187 3.30747664634 4.8345817716
3182 1.63650591288 1.63650591288
3188 3.7244035145 3.7244035145
6863 2.66391710875 3.16928829136
1896 1.37263233273 1.66445311449
6631 2.69987083878 3.09117949371
4018 3.05973497229 3.05973497229
6281 4.72073836528 5.14289560167
357 0.66694677244 0.66694677244
351 2.55335358874 2.55641064253
350 5.62201842052 5.62201842052
3985 2.44060451345 2.48980862738
3983 2.48175876721 2.48175876721
4855 1.1685392609 1.43388936691
6126 6.83749759538 6.83749759538
6120 3.66295510495 4.52454624063
4706 2.07682050092 2.07682050092
4705 1.27623200769 1.27623200769
2320 2.59372064456 3.97464518631
4703 1.27052959482 1.27054993338
2329 3.06921718126 3.06921718126
4709 2.0729909932 2.45971739057
288 6.35384953948 6.47973860167
3619 0.572553886207 0.572553886207
5 0.0731486277262 0.0731486277262
284 2.87303087271 2.87303087271
3760 5.96607318389 6.44745587856
3765 0.891344482836 0.891344482836
262 0.344328365771 0.344328365771
260 5.17757311092 5.17757311092
267 1.99940378688 1.99940378688
2499 1.83784638955 2.09056657126
2498 2.11505327018 2.2396763612
6013 0.42900101755 0.42900101755
1296 1.54674371302 1.54674371302
7253 2.8444948263 2.8444948263
2495 0.602187926441 0.602187926441
2494 2.35732724358 2.87026915376
4644 4.79333148441 4.79333148441
2496 1.99963660797 2.75988323385
2259 2.62694263134 2.75108346177
2254 2.36092719951 2.91105850447
5060 6.44687127895 6.44687127895
2250 2.38349545321 3.00155088643
2477 1.43299882487 1.52442190855
988 3.99180460887 4.33224415871
5151 1.43855436952 1.84313149206
5150 2.4291232251 2.88779364606
986 1.60538552622 1.89043083934
5154 5.52508335717 5.52508335717
5157 1.52810459556 1.7045573136
2478 2.33344994549 2.53963771711
115 10.1145741389 10.1145741389
7313 3.569438652 3.569438652
119 4.3370483683 4.3370483683
2785 1.67145330384 1.67145330384
4801 1.16604423839 1.16604423839
2787 3.66180546098 3.66180546098
4803 0.557341814082 0.557341814082
4805 0.720366005946 0.72037048287
4806 1.95150397215 1.95175179807
4807 2.30068910845 2.67565843813
2788 0.925175616163 0.927220044621
2071 1.1863245997 1.18676000028
6306 4.19592815453 4.19592815453
6301 1.709416733 1.709416733
6303 3.51553985728 3.66273441937
2074 1.83041197448 1.83041197448
7272 9.09174085598 9.09174085598
7273 5.33465996944 5.33465996944
7275 3.09834568933 3.09834568933
3502 3.22461945472 3.24860103285
7279 5.28316535162 5.28316535162
5086 1.46222740131 1.76365314162
5085 2.78463274258 2.78463274258
5084 1.07370718732 1.07370718732
2672 1.84236440811 1.97009041559
2676 1.15515021737 1.25445256328
2679 1.00593106519 1.00615444954
6833 5.50536932023 5.50538044193
2928 2.33135694959 2.729727061
6830 2.31177206636 2.59301770533
6854 3.01828624963 3.35893021481
2923 2.46296455182 2.46296455182
6838 5.35274074595 5.70873871294
2925 0.049836493764 0.049836493764
2926 3.68799089631 3.68799089631
5331 5.67460919177 5.67460919177
5330 5.25077609073 5.25077609073
5335 0.459188592302 0.459188592302
5336 1.82757693489 1.82757693489
2907 1.65920624001 1.65920624001
3215 1.83043933855 2.04183456634
1984 0.403177127247 0.540997454189
1985 0.0363024258537 0.0363024258537
1982 1.55126857468 1.55126857468
3212 1.41807198806 1.64847499656
1638 0.539374940077 0.539374940077
5371 4.67655841498 5.00838985094
3218 6.18169218543 6.18169218543
3219 2.06457240701 2.67869028986
1989 2.48870721207 2.59472283871
569 1.35119263755 1.70145174373
560 3.36356762812 3.36356762812
564 4.2741665659 4.69191758846
566 1.75473181233 1.98295045975
6543 8.8804018095 8.8804018095
3173 0.465936338573 0.465936338573
7081 0.739501672249 0.740020874816
7030 2.66886489343 3.1139680883
7084 7.77660134949 7.77660134949
3376 1.33936884489 1.33936884489
3374 4.49837091556 4.49837091556
5421 0.9977688678 1.58707617518
3372 4.99991351961 6.41877060952
1180 6.06777316932 6.06777316932
1181 4.34872241424 4.37012991347
725 2.48177837473 3.17978817735
723 11.325686589 11.3257483397
1746 3.24282765576 3.24282765576
1740 0.755889673014 0.755889673014
1742 8.82095609194 8.82095609194
5499 0.168155048575 0.168155048575
1165 1.23932642732 2.68805676265
1166 1.45178708323 1.45178708323
7587 4.54225928441 4.96928251263
7291 5.5512113515 5.5512113515
4247 1.74395304229 1.99199325729
4245 2.42941396328 2.42941396328
1168 1.63809003979 1.63809003979
1169 2.1481321546 2.1481321546
4240 1.6494083475 1.99126453897
5521 1.84868953981 2.08558594301
5523 3.76367216248 3.97866565342
5526 2.00368458919 2.00368458919
7130 2.13518669861 2.49906470996
6941 4.53914923732 4.53914923732
6940 1.37123207328 1.3712607105
7132 1.50343487077 1.50343487077
47 6.85364432552 6.85364432552
7297 1.33001919247 1.33001919247
41 5.23084375299 5.23084375299
1569 2.50160121683 2.75230146195
1365 2.29787656081 3.43107209529
5492 4.40435601348 4.67817641743
1292 1.69547423351 2.03364070732
1561 9.00097634696 9.00097634696
1563 2.58261051065 2.58261051065
1564 3.40438696656 3.40438696656
1565 0.161086353636 0.161086353636
1295 2.89330606996 2.89330606996
1712 1.88505853673 2.33902878588
475 0.0734472902292 0.0734472902292
5250 0.982675208713 1.0620868854
1789 1.61074825432 1.85645698954
4399 4.26410437417 4.50728216155
7460 3.38588181774 3.42327892555
5638 3.24231952656 3.24231952656
6541 2.66541660327 2.66541660327
6540 3.36004442331 3.36004442331
4391 2.29767257368 2.29767257368
4392 3.51550836116 3.81817571286
4395 1.69081194022 2.14735672278
6549 1.29355082133 1.99772550011
5633 11.3095128667 11.3095128667
473 1.57447972491 1.77357833677
3195 0.618854032431 0.618854032431
1862 0.373777753728 0.373777753728
3193 3.50404574573 4.25066039232
7465 2.32322949844 2.53792189192
3190 2.00642859703 2.35360167713
3728 6.03906697226 6.33737334784
3198 2.20730225451 2.25917854152
7466 1.85324944762 1.97991977484
1368 0.827538463518 0.827538463518
3729 1.0981448474 1.0981448474
2.35418127153 3.11180065629