4447 5.05463019368 5.33482897533
4023 1.51219414616 1.63049407657
5988 0.852474963653 0.852474963653
346 1.60144967543 1.77187914107
347 5.95595915808 5.95595915808
7513 1.01879555088 1.25581855556
7512 3.0017732008 3.0017732008
342 3.17311723119 3.33102714953
343 2.3287937613 2.41282446341
3996 1.7228293233 1.7228293233
3995 0.79093783367 1.09225947253
3994 0.759487416578 0.767713865461
348 0.899429968935 1.19168751007
7518 3.30641031451 4.12424866795
6150 1.21707207218 1.52477357706
6154 0.497429003186 0.604532387505
6159 0.602868015147 0.602868015147
6796 2.12639562562 2.90313555371
6797 8.3613909233 8.3613909233
4730 0.941711569472 0.941711569472
4736 1.86138311445 1.86138311445
2319 0.989311343467 1.07130872442
2313 6.02167646828 6.02213327313
2310 2.36149167884 2.36149167884
2311 2.63803072888 2.63803072888
5851 0.624926343402 0.801949736285
299 1.24621060427 1.4949418493
7627 2.49447680454 2.49447680454
291 2.24352352934 2.24352352934
4656 3.90663247597 4.82666347515
274 6.09306701347 6.09306701347
276 2.86510506813 3.73852837467
278 7.46619019989 7.46619019989
4836 0.996567496475 1.09519357176
6584 8.51152026984 8.51152026984
2262 1.10902089713 1.18531697048
6190 4.5644095765 4.5644095765
2266 5.08679874422 5.08679874422
2443 1.73019721498 1.73019721498
6055 0.23140163792 0.23140163792
108 1.59625011589 1.59625011589
109 0.153825212049 0.153825212049
107 4.00175275542 4.00175275542
4813 1.79594931813 1.79642294611
2047 9.69554127157 9.69554127157
2045 0.671793979394 0.926662897186
4817 3.00069165047 3.00069165047
4816 1.94127198838 1.94127198838
2040 2.39907446503 3.0648864727
4819 1.55110508539 1.76059710526
4818 10.0093853742 10.0093853742
1297 1.86861417565 1.9965941984
6378 4.45166440212 4.9280239272
6379 1.44263408072 1.66903856925
6053 0.696729757866 0.696729757866
5828 1.25606868992 1.25606868992
6372 1.49459626913 1.49459626913
6375 1.78956484982 1.79253494929
6377 1.90964918263 2.17114648906
2838 3.75470088726 3.95947357522
5363 3.75055139171 4.25850780798
3519 0.132120129002 0.132135417102
3510 1.42044393635 1.73306984034
3517 1.57085219292 2.22730028749
3516 1.79919301041 2.41857115641
7263 1.16701575805 1.16701575805
3514 5.97531646913 6.10643888664
6201 2.97463400867 2.97463401761
6202 1.51703843133 2.35491809899
2685 1.40886501318 1.61469958618
2687 5.2366872208 5.66267530795
2681 0.854441585574 0.991066845393
2683 1.01994960843 1.28014136263
5406 0.908903284324 0.908903284324
5119 0.253100186601 0.253154521601
6802 2.21538336075 2.21538336075
6800 0.766281923821 1.04514151025
5293 8.30048363215 8.30048363215
5404 0.941919346401 1.23266576379
91 8.14299618629 8.14299618629
93 0.431358637222 0.431358637222
95 2.01407513646 2.01407513646
97 2.21918156592 2.21918156592
5402 7.06414234927 7.20306327786
5182 4.26079772424 4.26079772424
1622 1.28490623938 1.57699137777
1992 1.56058998204 1.56058998204
1627 1.77060889251 1.84239141215
3993 2.27233822093 3.1119955138
1629 3.20495433883 3.20495433883
1628 3.26406701127 3.50674504908
3209 0.475009444435 0.475009444435
2860 0.115084144057 0.115084144057
2861 5.40926641498 5.54942557355
2863 6.68938785979 7.34229305178
2867 1.25358378346 1.59221498716
555 1.71985608451 1.99304158873
554 3.15570791746 3.15570791746
551 0.478521100513 0.478521100513
550 1.14628910256 1.49318608617
553 0.258557004667 0.258557004667
552 2.98503200034 3.15111995442
7142 2.22232507557 2.71354764532
1199 6.05243847078 6.11989955873
5459 0.978648491257 0.978648491257
7079 2.58169841683 2.58948188596
7074 0.710803651503 0.710803651503
5451 2.50284734443 2.50284734443
1193 2.7803670023 2.78684913345
3341 3.60750173428 4.16483733447
5454 2.99659662687 3.71123739464
3347 2.14103539155 2.22224198534
1197 4.62699647568 4.62699647568
3345 5.24417784319 5.29984914168
1754 4.11195745317 4.75666812026
1752 0.408072315758 0.408072315758
6976 3.16577600872 3.16577600872
6975 0.79592953506 0.941694472452
6971 2.17229280152 2.36229738741
4253 2.42944273098 3.18491000635
4252 2.11360747243 2.31519044247
5531 0.46492702094 0.46492702094
5538 0.0946310239877 0.0946310239877
1285 1.40717898234 1.68720644827
1284 3.24726635803 3.4089132252
1287 4.5507013261 4.79583081787
1280 4.57238958359 4.57238958359
1283 9.78334078627 9.78334078627
1289 1.0594095751 1.06018826104
7188 5.08785212568 5.47181644983
1579 3.17641630548 3.56621760887
689 3.33067183277 3.93959542851
684 2.15296281597 3.58814213839
687 1.20094359856 1.20375232394
7183 0.885416103904 0.885416103904
681 2.05685651577 2.05685651577
683 2.30319163623 3.3803753793
7187 0.204888454198 0.204888454198
458 2.54206225317 2.54206225317
6006 1.99642695319 2.38425962621
1222 8.63629105864 8.63629105864
4388 2.03384389097 3.10184939607
6576 1.65157291913 1.65157291913
625 2.46814938464 2.59925830116
6574 1.51066245408 1.79292543604
5627 0.954128913114 0.954128913114
4382 2.31296696771 2.89294909941
7459 0.831546284626 0.959408031461
1371 2.25204078351 2.25204078351
406 0.861267399505 0.861267555613
405 1.68790246264 2.25887932646
1374 1.52892227783 1.76950281402
3834 2.99150285499 2.99150285499
628 8.34400799346 8.34400799346
3831 0.499354017599 0.665583906524
3832 3.37008242949 4.5115553107
3838 3.52386340014 3.52446959688
6794 7.64606056715 7.64606056715
4844 1.08556981117 1.08556981117
5990 1.94251768809 1.94251768809
5992 6.77656307431 6.82659474755
379 5.0568591873 5.0568591873
7527 2.71310552441 2.71310552441
7525 3.08073136544 3.26939392109
370 4.8658890018 5.53261621747
373 0.499786798024 0.499833453058
2038 3.1634162279 3.1634162279
374 5.56055852745 5.56055852745
376 3.52791026414 3.52791026414
6530 0.691596779864 0.8499406277
393 1.15264408342 1.15264408342
391 1.13558978913 1.63596533518
394 1.27869912423 1.27869912423
6148 2.60819895563 3.24628700564
2309 5.51504775013 5.51504775013
6780 3.8918035319 4.64004713492
6782 1.21701987256 1.21701987256
4728 1.34960520195 1.34960520195
6787 1.73860016817 1.73860016817
2301 4.00148397189 4.00148397189
4724 3.39195434814 3.39195434814
4727 0.833026431096 0.833026431096
2307 6.44265018106 6.44265018106
5846 0.705095952897 0.82087330205
6538 3.23275717646 3.83323056706
5849 3.13196821092 3.60057718941
3748 2.56349753661 2.56479075916
3203 1.41368041272 1.76749029777
3745 1.1541717512 1.1541717512
3743 0.320081926315 0.320146061442
247 0.749936679801 0.749936679801
4623 2.34506266743 2.54788311277
4624 3.23834303602 3.40666288351
243 1.10381142485 1.10381142485
4629 2.5006548338 4.00793576781
2272 1.13260727334 1.13264679803
2278 2.70460075224 3.17609886695
2459 0.466833533485 0.466833533485
2454 1.27577839256 1.27577839256
2451 3.35568028028 3.35568028028
2450 2.4595762733 2.77934528596
172 0.152073277253 0.153520879253
171 2.09069634391 2.568913151
2050 2.73009806242 2.77663122678
4538 0.717924603775 0.844349623753
4828 0.933695880098 1.15654148543
2059 3.99250515449 4.02120471236
2058 0.132770295075 0.133756564081
3692 1.60869181699 1.60869181699
3693 1.4858106741 1.4858106741
4530 2.67983295649 2.67983295649
3695 2.17249021778 2.17249021778
3696 2.12508651697 2.12508651697
4821 1.2398737167 1.57112209357
6369 2.32674465709 2.36546853784
4983 2.53518689273 3.35824827834
7337 3.00341570252 3.00341570252
1504 2.9824277362 2.9824277362
3522 2.96335874928 4.14547700854
3523 2.24880826817 2.66534833019
7043 1.17655930428 1.50247695873
7218 3.12705095487 3.12705095487
7215 1.06869123261 1.16171043155
1601 4.93388405714 4.93388405714
6215 0.710043011559 0.71061015421
6386 3.43921778814 3.50534347317
2699 1.09834356825 1.09834356825
4651 0.602361882169 0.71607300378
2693 1.34603260938 1.43219010605
2690 0.447457468364 0.551701499167
6819 2.07864390759 2.07864390759
1605 0.127451320114 0.127750431299
6814 0.12093750547 0.12093750547
6817 5.88257358642 5.88257358642
6816 1.06124988936 1.06124988936
7326 3.10800061257 3.69248603648
3231 2.17329767901 2.5085241782
3236 4.07370171732 4.07370171732
1969 7.32499603604 7.32499603604
3235 4.00769231781 4.17465883519
1965 3.91833531001 4.43585245587
1966 1.06317825223 1.64893334553
3239 2.62016906923 2.62016906923
5191 5.16783667783 5.31304483468
1962 1.3782807894 1.40447167644
2877 4.8645459628 4.8645459628
3355 1.5376236348 1.5376236348
3351 2.10008354567 2.33692763755
3353 0.00329361098544 0.00329361098544
3352 1.12955211439 1.21651460779
7063 0.581951286987 0.613417527093
5446 1.87994446416 2.32849651969
7060 2.23621312332 2.40425350977
1764 9.08193232286 9.08193232286
1788 0.479924070604 0.479924070604
1145 1.6285331054 1.83540051734
6968 1.4677444947 1.4677712292
1148 6.03706760065 6.11325078501
5509 0.180181584773 0.180181584773
5506 1.2480071113 1.30152574025
5507 2.35718412897 3.01545670803
5500 0.587345979593 0.587345979593
692 1.76228063486 1.76228063486
1547 2.24708712489 2.30336632489
1544 2.99449829018 3.10378483609
1545 1.97607013241 2.40302139149
1548 5.17325709761 5.17325709761
7199 2.25449598428 2.25449598428
546 3.12085476509 3.12085476509
544 1.29217675593 1.5285491875
545 1.14839188862 1.25733901097
549 2.17509435575 2.53437036974
7194 5.10869510692 5.10869510692
6886 1.64325715328 1.64325715328
7564 1.44833716812 1.56206903826
764 3.0410316865 4.32156460341
6406 2.50940709383 3.37846003916
5618 2.15865107892 2.15865107892
7442 1.94543728151 2.4709922827
6568 3.2826312566 3.2826312566
5477 1.98533021438 2.08027507247
5612 0.0586813065942 0.0586813065942
5613 0.87007455596 0.87007455596
6405 5.67134265553 5.67134265553
5617 7.13210421492 7.13210421492
6562 1.50126242414 1.71843698779
7398 3.00142476562 3.00142476562
5475 1.79109524353 1.79109524353
410 1.93345324859 2.53050167216
1389 2.22882804693 3.01168464995
412 0.626138216424 0.626138216424
1384 3.12859356752 3.95458268466
1387 3.16436866846 3.84318757953
419 0.91456583748 1.06151481143
5003 2.53870842715 2.81371314739
3823 6.7772298571 6.7772298571
3821 3.07630769276 3.07630769276
7114 2.91390936333 2.91390936333
3828 4.39197614697 4.39197614697
5000 0.868384377676 0.868384377676
7482 4.22422564869 4.22422564869
4282 1.93567725514 2.22367052389
4280 0.710670631334 0.870160799632
4286 2.24544678032 2.24544678032
7538 3.31369865553 3.31369865553
369 1.23261226947 1.6903321379
366 1.71820962773 1.71820962773
7534 1.62853187958 1.62853187958
364 0.0616094735614 0.0616094735614
365 2.25262029013 2.71711438479
362 0.956157776287 0.95647786355
5009 4.09868637653 4.6105935829
360 1.20244406585 1.20244406585
7532 0.644013589774 0.644013589774
380 1.5015505784 1.71951524455
381 1.68419770104 1.77223387248
383 1.76692541694 2.27364159458
384 2.61183816624 3.65921661785
6178 1.36079772866 1.36079772866
389 0.58127583806 0.581278644423
5271 0.343913066883 0.343913066883
6778 3.00089321788 3.88925757898
6779 0.668894627924 0.668934740217
1369 2.63353235024 2.96079571822
6774 3.06973867091 3.10437760363
6775 0.635107950654 0.762419623708
6770 7.33755140426 7.33755140426
6772 0.821185713508 0.821185713508
4757 1.5002515147 1.5002515147
5870 1.66571976828 1.66592289368
5876 4.4367116115 4.68932174494
5374 0.644235889133 0.644235889133
5879 0.331538754813 0.331538754813
3758 1.43203134154 1.56301270631
3750 1.55885367078 1.55885367078
3753 0.176955562339 0.176955562339
3755 3.50436117446 4.04488683264
2192 1.5127563794 2.11650984702
259 7.8729522779 7.8729522779
4637 4.04357423222 4.04357423222
2195 1.80918172198 2.43432427708
2196 0.0441416961832 0.0441416961832
2197 1.77570156185 1.95026135546
4638 2.10642180306 2.46655177302
256 1.88506018739 1.88506122764
2200 7.21567626362 7.21567626362
2201 0.739831822541 0.739831822541
2202 0.924930743997 1.00774599865
2204 1.49065350209 1.752490472
2205 2.85782433733 2.85782433733
2209 2.40110622396 2.94100139405
6689 5.6485606781 5.6485606781
6680 5.13093782553 5.13093782553
2428 3.60478850199 3.60689417388
4812 1.03464461095 1.03569757786
2422 1.67078024846 2.15327482686
2426 3.15206672076 3.15206672076
4810 1.83420486762 1.83420486762
169 2.84121593975 2.84121593975
164 2.0761189294 2.13390890465
160 1.81246383862 1.81246383862
161 2.37803799571 2.89687335377
162 3.13172496838 3.13172496838
3689 3.05472604385e-05 3.05472604385e-05
3683 1.52522322589 1.52522322589
4526 1.7099719944 1.7099719944
4525 5.98744852189 6.23673400906
4524 1.22370099512 1.38622835733
4523 2.28561212245 2.70203627204
3685 2.99778432481 3.06870027114
3684 5.13725766757 5.13725766757
6194 5.00200850415 5.7592742696
6981 1.73720774346 1.73720774346
2518 1.52226212837 1.52226212837
1842 2.26557335129 2.26557335129
2514 2.24159248923 2.24159248923
2516 3.47663932735 4.20744017079
6198 5.56584217706 5.58079272197
908 3.72394534346 3.72394534346
6740 2.26944484192 2.27124155865
2730 0.0785615128695 0.0785615128695
2733 3.17145328138 3.17145328138
4426 1.09617052348 1.21988869559
5294 2.07904261723 2.38853674302
5295 1.99777881332 2.93738979363
2738 2.66905953634 2.79735476287
2739 1.15680424969 1.43114246999
5291 2.93990254377 3.66077198984
1817 0.283444929121 0.283444929121
1811 1.80784022004 1.80784022004
7203 1.4243015171 1.51512796797
6227 4.12505403476 4.12505403476
6228 3.21102221615 3.21102221615
671 0.218707673785 0.218707673785
6993 0.890005094652 0.892623281745
1609 1.11360445844 1.49813634852
7336 2.01042135999 2.01042135999
7335 2.51181436586 2.51181436586
7334 4.6092231644 4.90924889406
3225 1.97030589992 2.70050832792
3224 2.90072338348 2.96078464328
3227 3.50466698768 3.50466698768
1602 1.81906813362 2.33082056202
1973 3.83115564679 3.83115564679
1972 1.33602862463 1.33602862463
7339 2.92114035679 3.21497991421
809 2.0287229205 2.30897368004
801 2.98368850018 3.31966727801
807 1.76147611876 2.05227646341
806 2.45490177919 2.81380195831
2849 6.45645726266 6.45645726266
2846 1.12771071968 1.12771071968
2843 0.973559558133 0.973559558133
3321 1.12093144057 1.28074287707
3323 1.80144236725 1.80144236725
3328 2.33321667924 2.33321667924
5478 0.556970005572 0.753181645011
5479 2.11112685969 2.11112685969
5274 0.0864539147776 0.0864539147776
7058 1.08637620388 1.08637620388
1776 1.01068871111 1.35775252164
1770 2.97738494467 2.97773474302
5272 3.41130709568 3.64232781912
323 5.19408005363 5.64142908033
7052 3.13371242956 5.18395755458
1778 0.926855540665 0.926855540665
7055 0.817659535937 0.817659535937
1154 3.74374390982 3.93574856282
1152 0.507374736322 0.507374736322
5519 2.370614981 2.370614981
5518 1.61482678028 1.69613076831
5513 2.71427312161 2.71427312161
5512 1.45817433743 1.77350666293
5515 1.37540387688 1.70874980434
5517 1.92033466772 2.07419407032
1551 9.23938693651 9.23938693651
2999 3.98986756158 3.98986756158
59 1.31296247244 1.31296316872
58 5.51263462923 5.59330872841
55 1.00436814881 1.02324774394
2991 1.3235179643 1.3235179643
57 2.01912958194 2.01912958194
2993 3.46068222128 3.46068222128
52 0.990423441365 0.990423441365
535 1.30210444033 1.38360356012
532 1.61684247798 1.63999381961
531 2.95181498774 3.57675896785
7342 6.44766992998 6.90263675864
538 0.700702463053 0.828371523357
5600 0.471468001361 0.471468001361
5609 4.44551806792 4.44551806792
5608 2.67035933124 3.21410187636
5134 1.09675188904 1.20177259272
1902 1.38651586887 1.58826452948
6517 2.63440687413 2.64059458561
428 1.13886120216 1.13886120216
421 4.11387066487 4.11387066487
420 2.93366308062 3.23059079081
3293 0.0556024270025 0.0556024270025
1393 2.53194438926 2.53194438926
1391 0.936259602485 1.33042118976
3810 1.65158999799 1.68540897906
3816 1.68713043764 1.68713043764
3814 0.759002866598 0.759002866598
3457 4.64954064317 4.64954064317
6420 0.43753691769 0.43753691769
4298 6.06494985649 6.06494985649
4294 2.01226608528 2.01226608528
4297 1.68326802747 1.68326802747
853 6.99950963317 7.08354314466
6428 1.18131221799 1.18131221799
6429 2.78480679662 2.78480679662
6412 0.213755450856 0.213755450856
7543 0.821584387255 0.821584387255
7547 5.35455908177 5.50243604504
6168 1.92313443663 2.10635065497
6160 3.82855963899 3.82855963899
6162 0.0711442517086 0.0711442517086
4749 1.53568982874 1.55950158509
4748 3.44462741033 3.88473733874
6767 2.3099882417 2.3099882417
6766 2.4154914688 2.84146749863
4740 3.83937626617 3.95941236676
4747 1.94390005822 1.94390005822
4744 0.938881486751 1.26978826524
5868 1.71764211976 1.71764211976
5865 2.18081890025 2.36479167076
4715 2.64288577667 2.64288577667
2183 2.4022032889 2.9057868392
7059 0.252796158747 0.252796158747
2181 0.637295694547 0.637295694547
2186 0.86926532672 0.86926532672
4606 5.15452203596 5.99327386925
2189 1.99944325176 1.99944325176
224 3.91168671624 3.91505223809
223 5.89913616894 5.89913616894
222 1.97696715441 2.49194487048
221 0.741003751298 0.741003751298
2212 1.79335496145 1.86286465515
2211 0.818085030083 1.05626545684
2210 1.4600723574 1.61151213996
2217 3.25105200909 3.25105200909
2216 2.2721332027 3.91677334392
2214 5.24742826492 5.24742826492
6699 0.720413778994 0.720413778994
7293 1.09397162579 1.14585068928
6697 1.07553744 1.20632190171
6696 1.16461835353 1.28968102727
6694 0.939416707421 0.939416707421
151 0.786869975896 0.786869975896
155 1.47787515905 1.47787515905
156 3.30837329629 4.90656898576
2433 0.949557810382 0.949557810382
2431 2.7685979206 2.95993267408
2430 1.60941926113 1.60941926113
2437 4.31251211891 4.40178687357
2434 1.9989078436 2.18461048276
6340 3.46974678507 3.46974678507
6343 1.92603929563 2.25472370541
6344 4.45817251288 4.45820263971
6346 1.22829319057 1.22829319057
6349 0.894535853533 0.894630745287
4510 1.3727451348 1.90913061803
6809 2.35350364331 2.35350364331
4514 1.00850487244 1.14822393194
4515 3.53546747715 3.53546747715
6186 1.78395273697 1.78395273697
6183 1.44810560403 1.6161047735
6182 2.5391329121 2.5391329121
2508 3.72452683067 3.81959085245
2507 2.09384009668 2.86533018163
2506 2.79812594028 2.82524724981
2505 2.74345847342 2.881344286
2503 1.27179280442 1.27179280442
5289 2.21899247311 2.21899247311
5288 1.67135677333 1.67135677333
2721 1.83044401497 2.40714394445
5280 2.28715175473 2.53247845276
5282 1.23174608299 1.23174608299
5287 3.0357447671 3.0357447671
7234 0.492361236759 0.578731172285
7235 6.39962232427 6.39962232427
7233 1.13928314375 1.13928314375
5047 4.04369451757 4.04369451757
5046 2.91283351826 2.91283351826
5045 9.05658904513 9.05658904513
1807 2.34982750381 2.38619128157
3783 1.64792775769 1.64792775769
1804 2.50315191399 3.47397746555
1802 1.96563218671 2.41937264163
3789 1.99895390896 1.99895390896
1809 5.5641466795 6.11288048009
1808 0.93304972716 0.93304972716
4994 2.07556519422 2.07556519422
6239 1.0150012848 1.0150012848
4993 2.23166573091 2.59217725055
4991 3.27863219815 3.27863219815
6234 2.37212571672 2.37212571672
6237 0.183314854022 0.183317135188
4999 0.0676211032448 0.0676211032448
1948 0.615468601425 0.615468601425
7301 2.38755849518 2.38755849518
7307 6.51552017191 6.51552017191
7304 4.70822962631 5.00882365282
7305 0.0284520777959 0.0284520777959
1943 0.999452021406 0.999452021406
1940 1.87665436701 1.87666172262
1941 1.54536144936 1.83585832165
1946 1.0429872983 1.14971265066
810 2.13837655046 2.74900974908
1252 3.32240756328 3.32240756328
812 1.00263730755 1.00263730755
814 0.690262539512 0.690262539512
817 3.66131600949 4.21560907715
2859 0.7486469452 0.7486469452
5183 1.53188761257 2.25442629438
2850 3.37694439377 3.98797140936
2852 2.09725235825 2.41676825758
2855 1.42487231869 1.42487231869
2857 6.86416864395 6.93004650632
2856 2.4379920619 2.4379920619
7045 6.37536809636 6.37536809636
1491 2.89928043356 2.89928260225
5463 2.95552949888 2.95552949888
5462 2.5123916245 2.61398567252
1494 2.82392824118 2.82392824118
3336 2.30519759219 2.97183661402
1496 2.19584929431 2.26370780366
7042 3.30545713614 3.30545713614
1499 4.67938407984 4.70187052646
1702 0.745118686921 0.745118686921
7328 2.75557901061 3.60646569164
1705 1.39671050827 1.39671050827
427 1.35182539316 1.35590191933
4574 4.7333630721 4.7333630721
1129 1.80974551988 2.12881196604
1123 0.726457154498 0.726457154498
6983 3.92964889598 4.16702921268
6982 1.22972775681 1.22972775681
1126 0.192387808949 0.192387808949
6980 2.92818870897 3.00467595105
2982 2.62805068122 2.62805068122
2981 2.18812279645 2.97155015907
2987 0.000633207051885 0.000633207051885
3022 4.10926732819 4.10926732819
2985 1.90924569222 1.90924569222
524 1.68652814471 1.68652814471
520 1.72916117296 1.78514278687
521 5.46260920314 5.46260920314
523 2.34333973991 2.53869050358
1012 0.786255969098 0.786255969098
1013 0.452438871042 0.452438871042
1234 2.03637288059 2.54527250536
1235 5.73787945952 5.75984521667
1237 0.898765986894 0.898765986894
1230 8.82592747198 8.82592747198
1231 0.262196019465 0.262196019465
304 2.25434894139 2.59499485078
4195 0.0384511550261 0.0542459495989
4192 0.983979801792 1.09235586019
1239 1.58175120471 1.98180272111
5674 1.94946093806 2.53111018712
4355 5.18530110982 5.18530110982
4357 0.260834110206 0.260834110206
4353 2.99144182129 2.99144182129
6507 0.85794573765 0.85794573765
4900 0.164916240561 0.164916240561
437 4.02520352535 4.02520352535
435 0.18217530637 0.18217530637
433 1.83498596879 2.11470161963
431 4.73376489194 5.19296075571
7158 0.832783784333 0.832783784333
3808 6.010799165 6.010799165
3802 1.24870120757 1.33347528663
6437 0.508471771751 0.508471771751
6435 1.56919053946 1.56919053946
6432 3.68369169908 3.68369169908
6431 10.221702539 10.2219522057
5707 1.26796887391 1.56820785854
5700 2.61019499585 3.0405732182
5702 8.30959028907 8.30959028907
6438 0.834091608745 0.978744522643
2868 3.73481746314 4.40826843323
2869 3.48905685224 3.48905685224
7553 1.3643958686 1.89273307486
7551 2.24887947778 2.24887947778
7550 1.64390692943 1.64390692943
7557 2.23767134376 2.23767134376
7578 0.51608474817 0.524885841451
4774 3.15981360214 3.34970672048
4770 6.37981608786 6.37981608786
4778 3.07595382373 3.07595382373
6421 0.106549267685 0.106639394126
4175 0.387100938191 0.387525257399
4172 2.14302895851 2.20207209062
6752 0.145987298256 0.145987298256
6756 2.75997092693 3.80314000831
4179 3.23613562189 4.98335146845
6755 3.6658850499 3.6658850499
7171 5.12657708105 5.55174547961
5815 1.58066574669 1.58066574669
5816 1.67751287834 1.82217315685
4296 1.94246261162 2.4319720238
7173 4.39372944425 4.5842628255
5064 0.663836316573 0.663836316573
4619 0.530341557867 0.795677754282
234 3.97316018851 4.20674995211
4610 0.391971372254 0.391971372254
236 3.12118129443 3.12118129443
4615 1.12704771492 1.12704771492
231 3.35901094009 3.35901094009
4617 1.87808945594 1.87808945594
233 4.82457244871 4.82457244871
7392 3.16630526124 3.16630526124
2223 0.374287916302 0.374287916302
5924 3.06581480897 3.06581480897
5925 1.43289089118 1.86136010745
4881 0.357047806634 0.357047806634
146 0.600064399748 0.600064399748
5356 1.57307631967 1.57307631967
5143 0.217474592507 0.217474592507
4501 1.24342796829 1.24556882307
4503 0.956213007671 0.956213007671
4502 0.48840939935 0.48840939935
4508 2.30848650252 2.30848650252
2089 1.44159350221 1.44159350221
2080 2.45694994949 2.60435396341
3403 2.58738626007 2.58738626007
2538 2.80523494511 2.94901920155
2539 0.536900732145 0.584322620993
2530 1.97308501484 2.30583305397
2537 0.683470581537 0.697410429377
2713 0.945164920609 1.36957153317
5453 9.30524483597 9.30524483597
2716 2.71513746419 3.36777745848
2714 2.20194835433 2.30023457787
2715 3.97383369971 5.90287921305
5078 1.60886081151 2.0102628217
7222 1.44513021894 1.55407868039
5456 2.30725085778 2.36508240566
7227 1.95358643538 1.95358643538
7226 2.66406484947 3.26936104468
5072 1.59857697898 1.59857697898
5457 1.56645536535 1.56645536535
5076 0.366171702213 0.366171702213
5077 1.95215547425 2.12060316383
1832 3.30597760724 3.3454421919
1833 0.883252834958 0.895952787179
1830 2.97037707832 3.02253404394
1831 3.07756140972 4.11845551113
1836 0.234004484182 0.234004484182
1837 3.25315702686 3.69485773719
1838 1.20831191138 1.20831191138
1839 1.23321357639 1.48287588192
2155 1.56596225728 1.77445661195
2156 2.89472123764 2.89472123764
2157 2.91530917882 2.91530917882
2402 8.65512242347 8.65512242347
2151 1.86130740186 2.05858959738
6240 0.839570826355 1.01322480162
4988 2.16964849738 2.17008304681
7446 0.315048792635 0.315048792635
2158 5.49363703866 5.67276511355
936 0.0399412027446 0.0399412027446
6246 0.871583130844 0.871583130844
2409 1.22823915813 1.65666431661
5381 4.93125306839 4.93125306839
5382 1.21930309778 1.57591965505
5383 2.47240037498 2.47240037498
5386 4.05009672319 4.05009672319
5387 0.0869067759441 0.0968993579238
5388 0.387173484056 0.387173484056
1691 4.37858733044 5.21207106454
1955 0.930448797068 0.933523110791
1957 2.00537873418 2.33767597198
1956 5.29485971729 5.29485971729
1959 3.14279531381 3.52950568024
3243 6.18229499522 6.18288301123
3242 5.5248891339 7.29703635604
3247 0.926585379582 0.926611193323
7310 1.73774545341 1.9893062265
3245 0.797565475941 1.06560092849
3244 3.71409804445 3.78589006972
826 0.497775790193 0.497775790193
821 1.50677784649 1.65715441944
820 0.995154247461 1.05811081368
1483 0.511507033397 0.511507033397
1482 1.54971119646 2.18805127449
1480 1.59033044305 1.63040137079
1487 1.94102058524 2.00949743375
1486 2.22576006349 2.22576006349
1485 2.02924078201 2.21451658012
7037 1.57209173074 1.57209173074
5496 1.69939485773 1.98905973127
3300 0.865551366354 1.2998626176
5493 1.89356199063 2.2704020175
796 1.23136432595 1.23136432595
795 1.57976078062 1.57976078062
5251 2.85939836236 3.52173349963
5256 0.999900700724 1.23649509819
5257 1.84184962693 1.84184962693
5254 3.76950092224 4.71523792651
1719 0.593302713673 0.593302713673
1718 1.3643725238 1.88252017547
613 0.352480329658 0.352480329658
2414 1.97951425292 1.97951425292
1139 1.78980985721 1.78980985721
1273 5.93881237352 6.10464853013
1995 0.992667306734 1.35273530641
1275 0.31904403579 0.31904403579
5940 1.83027459591 1.83027459591
3011 1.8448499957 2.1544181637
3016 3.08224036567 3.08224036567
7141 2.91884830612 2.91884830612
3014 1.22600316526 1.22600316526
7143 0.695780593559 0.695780593559
926 3.14354595208 3.14354595208
1007 0.538544422772 0.575556210884
1005 2.24108429129 2.56023971331
512 6.75807836354 6.75807836354
515 1.03648920153 1.1917998046
517 1.940638179 2.59440044505
516 0.308128116738 0.308223295539
1226 1.43243976837 1.46298850611
621 0.291968047232 0.291968047232
1223 0.642175924166 0.642175924166
626 5.25018838125 5.48495646864
1221 3.09857259214 3.09857259214
4182 0.0991127530998 0.0991127530998
4184 2.85677984589 2.85677984589
4186 1.57277656534 1.57277656534
5662 1.56995652714 1.87697366275
6533 1.34372545093 1.75721308228
4349 1.0084546245 1.02826206144
7562 5.39772422476 6.2177814458
5669 0.457785950632 0.489227698855
4341 0.954720478398 1.18156983064
2883 5.66790413869 5.66800546938
7498 1.31763866693 1.41234821794
2887 2.99363405446 2.99363405446
2884 0.715411328955 0.715411328955
7493 3.2094116941 3.84432691454
7490 4.87208705276 4.87208705276
7491 2.40400662054 2.47325652152
7497 2.43792279006 2.43792279006
7494 1.95534852226 2.02136465274
3878 4.45633777909 5.66533456286
3879 1.98666009253 2.01919593618
3874 2.43633626531 2.48353503792
3876 4.74468444492 4.74468444492
6403 1.44938530694 1.44938530694
6400 3.40489685196 3.85444092128
15 1.54569737502 1.81050636094
14 2.1853630343 2.1853630343
6404 3.27364563592 3.27383945471
1921 2.3997846218 3.20476220327
19 2.57693707471 2.58279064096
7568 1.41955726612 1.5795635169
7561 0.152055124156 0.152071470018
7374 1.76530873677 1.76530873677
3907 0.46663426848 0.46663426848
3902 4.84189634877 4.84189634877
4761 3.08229178479 3.42406423157
4760 1.76651190117 1.89334271456
4763 0.230140107617 0.230140107617
4764 5.45136077397 5.45136077397
6748 1.97979465115 2.83992252258
4167 7.02025817309 7.02025817309
4162 1.35597479701 1.45657754746
4161 1.50488122721 1.8882065351
205 2.56131169554 2.73910565436
204 2.29980990196 2.70656279403
209 3.8188164873 3.8188164873
830 2.99249116047 2.99249116047
7181 0.349544290937 0.349930890637
2233 5.13105075437 5.13105075437
2232 1.1859278577 1.1859278577
5937 8.335406546 8.33541950437
5936 0.705326139623 0.843862678688
5934 4.71941600332 5.0127807945
5933 3.75230924738 4.26752208645
5932 1.50172823272 2.05184974553
5931 1.95745098303 2.32760179716
5938 3.62245878277 3.62245878277
7140 1.81934067347 1.81934067347
3499 1.242279482 1.45100069175
3495 2.23813400487 2.23813400487
3491 0.50151219659 0.50151219659
4570 2.4492778192 3.06869983996
4572 5.82195348888 6.00834388358
2096 2.79087422403 3.259765702
2091 2.49494579131 2.54197616515
5096 7.9023684557 7.9023684557
4576 0.957113295422 0.957113295422
2092 2.50462380279 2.85759981809
3657 4.78569169181 6.155908456
4604 4.76142480999 4.76142480999
2525 0.624279513001 0.624279513001
2524 0.668885613471 0.668885613471
2527 9.01356461019 9.01358366847
4602 3.00548271346 3.61506519707
6902 3.7657914855 5.14335016423
5065 0.785658935137 0.888969693968
4889 2.62448585594 2.62448585594
5067 1.44819199747 1.62326117577
5066 1.00041353118 1.10691661354
5061 0.182402021231 0.182402021231
2708 1.13058704489 1.13058704489
7262 1.81728714323 2.19982053694
5062 0.606272750207 0.606272750207
2704 1.28902457184 1.28903441495
5069 3.53910579607 3.81134127747
4885 0.639822596619 0.639822596619
2702 0.832290856415 0.832290856415
4193 1.78895581269 2.01720630715
1828 0.803864354919 0.803864354919
1825 1.19607736678 1.19607736678
7453 2.08806657915 2.67998548051
928 1.57546961913 1.63296848295
2146 3.13312155266 3.37797417952
7072 3.1696591374 3.1696591374
2142 2.42597656865 2.57403846192
2140 1.16658493215 1.16658493215
921 1.50223550828 1.50223550828
4498 1.36173257007 1.4448905884
924 1.9364310716 2.0653027456
4971 0.0211492513926 0.0211492513926
2149 3.72905399087 3.72905399087
5745 1.06010147039 1.06737575843
5392 0.00478875308573 0.00478875308573
5395 3.85526106769 3.85526106769
3276 1.13304261556 1.13304261556
3277 1.24704553521 1.24704553521
1924 0.694850497797 0.694889587422
1926 0.653256953108 0.653256953108
5749 1.47173147923 1.47173858789
3278 1.55742723982 1.69265899777
7369 1.50589292855 1.50589292855
3476 0.80738341266 0.80738341266
831 3.23116737778 3.23116737778
837 1.08782950252 1.08782950252
7361 2.52378585536 2.56547873094
3478 1.53142212654 1.75173938626
5586 3.46782431328 3.46782431328
3332 0.166550297582 0.166550297582
3318 0.0837793319089 0.0837793319089
6571 5.96377554806 6.05586969423
5488 0.915484505159 1.15717165336
5484 1.80221377996 2.33943289307
5483 0.998905882432 0.998905882432
5482 1.81912308593 2.16012762502
5481 1.81753675695 2.0750953616
5480 5.20419989981 5.20419989981
785 0.67074349154 0.67074349154
786 2.93783969451 2.93783969451
7450 2.09781342749 2.09781342749
1728 3.28435274941 3.28435274941
783 0.482162571926 0.482162571926
6591 3.38973474496 3.38973474496
1727 1.58309195226 1.58309195226
5246 1.74561965246 1.77708116969
1722 1.63418351255 2.50704311286
789 5.39957957028 5.39957957028
1720 4.31464982685 4.31464982685
5242 2.00165230449 2.00165230449
7594 1.46823002298 1.46823002298
61 3.50101646986 3.58479071648
3006 1.45783226648 1.45783226648
3000 2.06620112885 2.35924171826
66 1.89105652065 1.89105652065
68 2.04779219877 2.30085630509
69 1.60649495013 2.28436522786
3008 1.00480197272 1.00480197272
7159 1.00611978923 1.35543881647
1370 4.9690834603 4.9690834603
7153 0.795409498962 0.795409498962
7152 2.20184711175 2.20184711175
1584 0.359837559753 0.359837559753
1585 1.07184286989 1.34249498984
6826 1.01368207756 1.1032382666
509 3.65074411385 3.86742649162
1032 1.62944646511 1.62944646511
505 1.36524502863 1.36524502863
502 4.10993318629 4.44162461092
1037 2.05915770575 2.05915770575
1212 0.753033155713 0.753033155713
1210 2.99532614378 3.02334570535
633 2.03502981433 2.03502981433
1216 1.45956075224 1.65850978983
635 2.00950883448 2.00950883448
638 3.58504566754 3.58504566754
1218 1.14409275642 1.14409275642
1219 2.11526572818 2.82909898495
6521 2.06611861699 2.46503839677
7484 2.50531903971 2.89507973478
7487 3.8466074419 3.8466074419
4379 2.48886289875 2.48886289875
7483 1.18689826328 1.18693255991
5659 2.06799427124 2.84792064483
5655 0.67659936367 0.786155960622
5652 1.89278462882 1.89278462882
4377 5.41160403562 5.41160719692
2899 3.61586176371 5.26498646814
2895 0.603595899527 0.773772610906
2891 9.16171160791 9.16171160791
2890 3.48091085396 3.78687924661
1106 1.69282220339 2.2443448555
1455 4.76268354292 5.32927538912
1102 3.50906853993 4.95560892039
1103 1.31132234669 1.31132234669
1453 0.711351116696 0.826927748731
1458 1.99357589457 2.55949831345
1899 2.74876235338 4.0699050858
4082 1.32757445513 2.21578606608
3868 1.66331884821 1.91400536638
4088 3.60568700025 3.60568700025
5241 1.49638905454 1.49638905454
3738 1.33020591994 1.44603581801
3866 0.0796182949705 0.0796182949705
3864 11.1993773018 11.1993773018
7073 8.42898852515 8.42898852515
3735 3.8190908979 3.8190908979
5729 2.57731886 4.03430150338
6419 1.05781431806 1.59239333589
6418 0.999290238787 1.05129414785
6415 1.90698406738 2.37400752803
5723 2.30564364317 2.30564364317
5720 2.16796534158 2.3876429939
5721 3.04183561058 3.42827654454
6411 4.39242840167 5.2152090226
5727 6.6403315031 6.6403315031
5724 1.98131422375 2.35261955003
5725 0.327089203302 0.327089203302
3913 1.44671019572 3.59559489697
3912 1.77559209561 1.82587025491
3918 1.69204485084 1.99727647877
6732 2.06521567609 2.06521567609
6734 0.659051843558 0.659051843558
6736 2.52409746328 3.5755204507
6737 2.66836649024 3.43420901649
6738 3.25452825465 3.25452825465
4796 1.66802102834 1.66802102834
4790 1.54880324249 1.71337255354
5836 3.08022763693 3.08022763693
4153 1.91533856821 1.91533856821
5834 3.70371992834 3.70371992834
5835 2.44536867787 2.52704839255
4154 1.3669474587 1.3669474587
5831 0.123709329054 0.198235790284
4159 4.48197567123 6.2177721087
4698 4.29816981295 6.34785874641
219 2.73260557008 2.84966370972
7464 0.59187058206 0.59187058206
6087 2.52753934275 2.52753934275
6084 3.14735714993 3.14735714993
6083 2.71427771837 2.71427771837
6644 1.27624472808 1.57815103755
6640 3.36137288003 3.57372926485
6642 1.75976517523 1.75976517523
5902 2.71774928667 2.71774928667
5904 1.26325081789 1.26325081789
5909 2.713797636 2.713797636
6497 0.220220749593 0.22041327002
3488 4.49714453173 5.25701982253
3481 4.89498268508 5.32084470897
3480 7.59445832594 7.59445832594
3482 3.36703387033 3.36703387033
3487 5.0037019313 5.4409780634
3486 1.14467844592 1.14467844592
4566 2.51195301818 2.51195301818
4565 1.06646802128 1.17305331699
4569 2.11880470448 2.16833290024
7080 2.90620871791 3.44487893942
2551 2.52726736427 3.86332722728
2552 7.57663272071 7.57663272071
2554 1.49742740942 1.76997388383
2555 1.49068070247 1.49068070247
6396 1.05785552552 1.05785552552
6397 5.68535998236 5.68535998236
2397 9.99611717276 9.99611717276
2394 1.11788685862 1.54230986824
63 2.36457058042 2.36457058042
5013 2.37587374071 2.37587374071
5014 4.93541933255 4.93541933255
2771 1.80133105832 2.74926420211
2772 1.80782990181 2.27725983796
4897 1.49199900372 1.57676640391
2775 1.69318508537 1.74367903492
2777 1.42447877558 1.46419606752
1859 0.496344923596 0.663865183085
6260 4.7979445914 4.7979445914
4418 2.01435112836 2.86389855586
4417 4.96703411172 4.96703411172
4416 4.3301006318 4.3301006318
1852 4.43088195564 4.43088195564
1853 0.705360538665 0.980120487523
1855 0.460859773924 0.460859773924
6269 3.3811228595 3.99604130923
5168 1.41145339031 1.41145339031
2171 0.750002529802 0.750002529802
2176 3.04502995108 3.04502995108
918 0.687315609439 0.687315609439
6063 0.782102470099 0.787199788857
4967 2.51099431702 4.23845656217
914 5.63548685273 5.63548685273
917 2.27646251723 2.27646251723
2179 1.23767118821 1.23767118821
912 1.4889582925 1.74086805197
2603 1.54683291177 1.54683291177
2609 2.6463668134 2.6463668134
1930 7.09359825984 7.09359825984
1937 5.6095858066 5.6095858066
3269 1.49818924763 1.5244271674
1939 3.29303533893 3.29303533893
5127 2.03155705336 2.1796172021
5121 2.12038990835 3.06680997729
845 1.6118397207 1.64796069522
3464 1.60650112391 1.60650112391
3463 2.40892627663 2.40893801881
842 1.76191345537 2.00326578619
7091 3.21911419055 3.21911419055
7375 0.570247280279 0.570247280279
848 1.827653477 2.17249992992
7012 1.08362476055 1.22988073
7013 3.80720513408 3.80821280167
7011 0.682077825654 0.682077825654
1731 0.300608628052 0.300608628052
1732 1.98396002897 2.47520310686
5234 2.35229244633 2.35229244633
1806 5.37906783084 5.49407250128
758 3.07191399943 3.36701722284
7088 1.06695310212 1.06695310212
1595 0.726510817681 0.726510817681
6887 0.537883694118 0.558597327339
1597 4.97648671374 5.21589490433
3074 2.05889260589 2.67039869624
3075 2.12399452849 2.24130039736
1592 1.14670384397 1.24190908417
3078 0.287760390284 0.287760390284
3079 2.42599850172 3.34868867004
1599 3.87104624563 4.12738899898
1598 3.27172839084 3.27172839084
6889 1.89667903851 2.00430053448
5344 1.67213136494 1.74480439812
5345 0.367582511312 0.367582511312
7168 1.88825731766 3.05414773046
1021 2.5613040544 2.5613040544
1023 4.55752341125 4.55752341125
7163 1.06092358668 1.06461267258
7166 1.57630748361 1.73010231066
7164 1.5731433947 1.5731433947
7165 5.55907069474 5.55907069474
604 3.14604134309 3.14604134309
4367 2.4182283596 2.69965768918
4361 4.18741666817 4.18741666817
4363 6.95703420017 7.74558929955
4362 2.47088580052 2.47088580052
1203 3.93651369211 3.93651369211
5649 3.02459806486 3.64986271222
1211 1.59376008081 1.59376008081
5641 2.0636963557 2.0636963557
6041 1.23603037883 1.42479338985
5642 1.82479851745 2.17119614769
5646 0.136721792308 0.136721792308
6335 0.754900151012 0.754900151012
3105 2.93896422921 2.93896422921
3107 5.5947473151 5.60690914718
3102 1.23154489024 1.98985289234
3103 0.15683431431 0.15683431431
1112 2.57264303916 2.57264303916
1443 6.00147446982 7.48098635928
1114 6.23146476039 6.23146476039
1116 2.31952881104 2.31952881104
4093 7.10799657581 7.52347641642
4091 4.73082347143 5.54246113233
6332 9.1791386297 9.1791386297
5737 1.73392734012 1.77111896083
5736 0.603825636535 0.603825636535
489 2.59275250045 2.63862732044
488 1.90113579977 1.90113579977
487 0.467191065339 0.467191065339
485 2.00034928325 2.78296512268
4587 2.70590884308 2.70590884308
480 4.08481594342 4.08481594342
7585 2.87075975875 2.87075975875
6463 0.844467715488 1.00385709581
7580 4.8869826724 6.05661113314
4725 2.89014145371 2.89014145371
4851 1.45987231575 1.53093620021
5300 4.03352565132 5.34275864639
3926 1.07543345064 1.07543345064
3927 2.05351991683 2.66260975405
3924 2.22652666845 2.22652666845
6526 0.224352442308 0.224352442308
6722 1.00029411346 1.00029411346
4782 0.317753252039 0.317753252039
4781 2.86150626448 4.90323801231
4149 5.96900005368 5.96900005368
5827 1.12760593553 1.54677766023
5826 2.50367471958 2.92201077263
4144 2.31549712724 2.31549712724
4141 4.87180522649 5.46280525891
4143 1.21553528243 1.21553528243
3857 4.2480353036 5.32887620994
3855 1.35882236115 1.35882236115
3852 1.33070058617 1.3308464536
3859 4.01597524399 4.01597524399
6099 1.32768501175 1.60757137258
6098 0.249255337817 0.249255337817
6091 3.94231597522 4.12168135738
6094 1.38404734683 1.38404734683
6917 5.28589210902 5.45511786646
6657 6.67635189168 6.67635189168
6655 1.99937385486 2.01554099313
6048 1.40732000011 1.40732000011
6651 2.12086847078 2.12099188739
5915 1.87904473974 2.19050154319
5911 5.11284086568 5.75325478103
4820 2.48353941213 2.79077409825
199 0.874338727134 0.874338727134
195 2.61619218962 2.61619218962
196 5.95542136687 5.95659027515
190 0.912590049452 0.912590049452
6384 3.31435519946 4.24255072879
6387 2.40239399496 2.70256884959
3679 6.03282755702 6.30262990858
4558 1.46518728975 2.08429220587
3676 2.00364228329 2.63006043268
4553 2.51808520533 2.79437196235
4550 4.14061310032 4.43167369682
2541 1.07228490259 1.17174155748
2546 1.18236213089 1.18236213089
2380 1.65854689277 1.65854689277
2383 2.57231193489 2.57231193489
2386 1.36665288671 1.73841065128
3580 0.645049269677 0.827659603904
3583 3.79936712509 5.17515572863
3585 2.91217323577 2.91217323577
3587 3.60464369231 3.74134802079
2761 2.25067793618 2.60478642682
2767 1.73495642863 1.73495642863
2765 1.99784017068 3.04085195228
2764 2.17702166959 2.31761882498
6913 3.28135955496 3.28135955496
902 1.25542706925 1.25542706925
1849 1.87333665294 2.88252760358
6277 0.51466175459 0.519729103269
6276 6.00014032064 7.8475471098
1843 3.39302105797 3.39302105797
4423 1.9609594314 3.09554854135
4420 0.942944608594 1.05286132616
1847 3.631494993 3.631494993
6077 2.28687769126 2.83151425385
2168 1.07717976614 1.07717976614
6071 2.01481825213 2.74928881225
6070 6.10393291706 6.10393291706
4951 9.05182324446 9.05182324446
4956 1.27444861907 1.54590887702
2160 1.38073060693 1.38073060693
7309 0.12831151327 0.12831151327
2613 2.62201788616 2.62201979158
7095 0.405101212768 0.405101212768
2618 0.527134970291 0.528508505634
7347 3.10454813058 3.10454813058
7345 6.99983687487 6.99983687487
3298 0.55021759036 0.619235293412
5138 1.48062828492 1.48062828492
3294 0.0838692887386 0.0841287568709
1907 4.65484845282 5.74675983737
3296 4.32650079691 4.57364397504
3297 4.66800137977 4.74659243266
3290 0.367929869785 0.514277758692
5132 1.56303783683 2.42969493231
5131 5.75454486716 5.75454486716
1901 1.96456679079 2.49539663275
3452 1.71908864411 2.43789451243
3450 2.33936069615 2.54251158346
3456 2.67252150567 2.67252150567
851 2.04396033071 2.92779482241
3455 1.00281741931 1.00281741931
3863 1.48318905506 1.48318905506
6 0.815152952085 0.895334975059
7001 1.30229554926 1.67384222415
7005 0.794759800089 0.794759800089
7006 2.06782731981 2.48623122733
5229 1.72086784394 2.12716139541
5228 3.5950608575 3.91912240352
5223 2.84771258207 3.33899416043
5224 1.05274547562 1.05274547562
743 4.34302659568 4.34302659568
744 0.982026576973 0.982026576973
745 1.22855667558 1.53893241646
746 3.27741895971 3.27741895971
747 5.26952234056 5.26952234056
748 11.0458757234 11.0458757234
3062 1.9205152597 1.9205152597
7177 0.585202277178 0.771045377798
7176 4.54287577923 6.17901166831
6895 1.54963372683 2.37950256508
3065 5.29813993342 5.29813993342
3064 2.22481370964 2.99990683639
2947 4.55190496802 4.55190496802
3069 1.69242388339 1.69242388339
3068 0.998042164998 1.19053099619
7178 3.13783562772 3.37104495169
2941 3.46365464027 3.57737577697
1051 2.66239886146 2.803203605
1053 3.52934398415 3.81315092209
1056 1.70122050865 2.0932900195
1057 3.48857532992 3.48857532992
1693 3.16332181534 3.16332181534
2919 1.00442450278 1.09022209643
1699 5.23105184356 5.23105184356
4311 1.68783429635 1.68783429635
618 3.44861573538 3.44861573538
4315 5.11002517105 5.48436030411
4317 2.05784935238 2.05784935238
1797 1.01196218717 1.16121777621
611 2.21906121421 2.97370776025
617 2.69506055304 3.30165773071
7574 0.153192275345 0.153248954687
3118 1.64052723161 1.64052723161
3116 2.82294626584 3.02926896122
3115 1.89965017927 1.96435388111
3110 1.89806061341 2.26767266067
7579 0.88791745268 0.88791745268
1470 2.93480936733 3.21854256694
1474 4.43857711888 4.46761700803
1475 7.76417212625 7.76417212625
7041 3.25210957782 3.25210957782
6143 0.523185654021 0.523185654021
1479 6.93650554289 7.01099751118
5464 1.10663065825 1.10663065825
1301 0.666931208242 0.666931208242
7129 2.11393813526 2.40025690825
1308 2.57999816266 3.58791327774
6410 1.6976830104 1.7707737131
5740 5.75519385168 5.75519385168
4229 0.997828090256 0.997828090256
3597 1.01705235497 1.01705235497
496 0.0983688709993 0.0983688709993
4227 5.95304518581 6.26842241351
490 4.78403871041 4.7856501606
4221 1.38679616709 1.61406762719
493 3.21868009955 3.47090088746
24 5.57194980333 5.68261149949
25 1.37221489815 1.45412902124
5584 1.41463934159 2.22235228048
22 3.15600378379 3.44021189015
23 3.40273839334 3.40273839334
7595 0.967996254596 1.21749651976
6470 2.58044901051 3.51383022259
6476 7.38064306442 7.38064306442
7591 0.754806163874 0.908496815941
5589 2.76834712018 2.76834712018
3938 7.43486921365 7.43486921365
3936 2.65777912564 2.66994579177
5265 1.73046238809 1.73046238809
6718 1.35678945997 1.35678945997
6716 4.330469761 5.03260255233
6717 2.22974900211 2.22974900211
6710 1.87915470102 1.87915470102
4138 3.74019980684 3.74019980684
4130 2.75935613419 2.78951776718
7474 1.39719253282 1.76773237502
5692 2.04445419832 2.6488854557
3840 1.28881808361 1.86707942828
3843 6.02734492692 6.10919293116
5691 3.3686600301 3.3686600301
5694 0.468367378939 0.468367378939
3849 1.55092129602 2.15611023957
1872 1.84351193593 1.84351193593
4046 1.8984859234 1.96784055147
4047 5.7609908935 6.31576441681
4048 7.1121462359 7.70518838636
5968 0.291705945193 0.291705945193
5969 1.25539529383 1.44582609409
5963 1.76388021949 1.76388021949
5964 1.48666099031 1.49208986284
2289 0.499005450827 0.499005450827
3667 1.20340091829 1.20340091829
3661 3.02221787195 4.0279640027
2280 2.70647095264 2.70647095264
2282 3.4718637886 3.4718637886
5433 5.52328637466 5.56768400695
2287 3.35844096982 4.67820026971
4543 6.62690139458 6.69847095392
4546 0.93229113591 0.93229113591
2579 0.082500428667 0.082500428667
2572 2.88570465729 3.17544766537
2570 2.53571002438 2.53571002438
4534 1.33024028586 1.63027275267
2378 4.83852792456 4.83852792456
4827 3.00043903712 3.3774158784
2376 0.88540120666 1.0540118051
2370 1.90045975964 1.90045975964
2373 0.0308785580945 0.0308785580945
3592 1.19497896872 1.19498512458
2596 0.963528414016 0.963528414016
2590 1.1677156876 1.1677156876
3595 1.52716743331 2.39110633534
3594 1.99638364214 2.16774424006
5036 4.10170197432 4.14632095586
6280 2.50248974702 2.77746112892
5030 0.504721352379 0.504721352379
4531 2.5996002695 3.18108409232
4434 0.200738330465 0.200738330465
4437 1.76381759989 1.79727658435
1084 4.43115863397 4.43149437728
4431 2.23693938808 2.23693938808
4430 0.726511191034 0.726511191034
4433 1.63682057579 1.63886609175
6283 1.89948960134 1.94616927133
4438 8.42697522159 8.42697522159
1878 0.615514719771 0.615514719771
6595 3.00310080962 3.86050343319
970 1.45463374139 1.45463374139
5581 3.01825944629 3.01825944629
6287 1.49301392645 1.4930594166
4949 3.00014664733 3.08263030248
4948 1.64096277999 1.64096277999
6282 2.25236567266 2.92892099464
978 1.07871173507 1.1948096455
6043 2.2641623849 2.6014586917
6040 7.69133020572 7.70240744905
181 4.8404539506 4.8404539506
186 1.39992814498 2.18877496749
6044 0.271833586406 0.271833586406
6045 3.24010203006 3.78365013988
2112 1.64120098024 1.64120098024
189 1.75199344194 2.11214778313
2114 2.86966697319 3.13024596552
2115 0.907248089689 1.02620795297
2117 1.36386056871 1.38741383226
2627 3.44265106036 3.99902145133
2624 4.158387843 4.158387843
5837 5.7233075021 5.8009245598
7351 3.38904531677 5.34367194264
1918 1.75922052333 1.75922052333
7355 1.53619890676 1.53619890676
4924 2.61250436524 2.61250436524
7357 3.78088577346 3.78088577346
7356 4.19893017161 5.59490485382
3287 4.8219945621 5.62456392904
3286 2.52422270169 2.52422270169
3284 1.90263098504 2.02343536279
188 2.84508933467 2.84508933467
869 2.26299703752 2.44705825955
860 5.3498773007 7.14267894161
3440 3.32635554693 3.99839326654
3443 2.15366353502 2.15366353502
2027 2.69617674507 2.69617674507
2750 3.50320708805 3.50320708805
2023 2.26733081036 2.94520505223
2758 2.97145550052 3.15510054841
881 0.712535417178 0.71295464301
886 0.414454556057 0.416681263384
888 1.55596344013 1.64020003564
5217 2.19047758529 2.52763062779
5214 3.69345352412 3.69345352412
5210 1.82029284542 2.04257983777
5211 3.6931078591 3.7202473059
5218 2.52674349987 2.52680363398
5219 7.35210418178 7.35210418178
7504 5.00007096336 5.00076741929
5414 1.49907224659 1.97329478849
777 0.820561007598 1.11875405406
770 3.06422871688 3.29746381932
772 0.88916270003 0.88916270003
7503 1.00005604804 1.00005604804
779 4.50968576728 5.95424362526
7638 0.0487652902517 0.0487652902517
4675 3.50184373469 4.01890171015
76 1.42482236765 1.90371037931
2978 0.478826863698 0.478826863698
72 0.641965434448 0.641965434448
3058 5.97278229499 6.24500800188
2972 3.76218058383 3.76218058383
2973 4.6573670537 4.6573670537
3054 1.76882104978 1.76882104978
3052 1.13423101172 1.46401190864
2977 1.66149029518 2.0879707743
3050 8.96474964176 8.96474964176
2975 3.50365801079 3.50365801079
1042 1.54630060443 1.92296535557
1041 2.08668764783 2.32378276969
1040 0.820154191714 0.820154191714
1046 5.0075909737 6.36345743528
1049 2.55674063169 2.55674063169
1683 3.18109553794 3.18113198226
1685 4.59007765146 5.35776471276
1684 2.73866778669 3.02116785843
1687 2.66293043834 3.31359738721
4802 1.67814649552 1.75782648601
7354 2.98472076488 2.98472076488
4301 1.63526442322 1.71009016125
1268 1.83057788015 1.83057788015
1263 1.97479388858 2.03249672646
1261 2.92222497248 2.92222497248
4308 3.89828573193 3.89828573193
1267 1.64089475345 1.71969297398
1266 3.74901179001 4.54596620871
1264 3.45619866113 3.46870774666
7359 5.4990267008 5.4990267008
3021 1.05127067806 1.31449861558
5103 2.48683271168 2.52335881479
3128 0.980445708555 1.36702824028
3129 0.7069562446 0.83979900228
7619 0.922817547063 0.922817547063
3122 3.59363630255 3.59363630255
3121 1.00145830474 1.00145830474
3127 2.30426533399 2.30426533399
1914 2.54906438068 2.54906438068
1465 2.00798961445 2.16548805521
6065 3.52042623626 3.84605247199
1461 2.68752823027 2.68752823027
1313 1.98397557167 2.190805235
1312 1.26811755995 1.55993873989
1310 5.98342281861 5.98342281861
1319 3.53959413028 3.53959413028
6914 3.75403047507 3.75403047507
6915 0.668089395436 0.668089395436
6444 2.05063358317 2.63558613609
5750 0.157800405566 0.157800405566
5757 1.58757568134 1.58757568134
6440 3.13174978152 3.58229801637
5754 0.436615376642 0.436615376642
4236 3.80858116166 3.80858116166
6919 4.26950671117 5.5011525496
6124 4.64367943499 4.64367943499
312 1.61182679698 1.61182679698
311 0.75076568743 0.75076568743
316 1.57889999957 1.79256422513
315 3.26570767324 3.26570767324
314 1.99135165927 1.99135165927
6701 0.999351457447 0.999351457447
6703 3.46013005413 3.4602803329
6702 0.931003785334 0.931003785334
6705 5.4192247495 5.4192247495
6704 4.01056673912 4.01056673912
6707 0.504450207999 0.670331791073
7435 2.41861523931 2.41861523931
7436 3.66776466811 4.35937500616
7437 3.06561063665 3.76880305304
7431 2.52121259402 3.43721869691
5685 0.871728961556 0.871728961556
5687 1.5429983155 1.81008131293
5681 1.67818957359 1.75098381032
5683 0.575236398806 0.588728894596
1330 1.76967621738 2.35488028737
6674 1.10353008008 1.10353008008
4704 1.85155615943 1.85155615943
6671 1.33746277401 1.33746277401
4054 2.50159459404 3.15853231295
4053 2.08392050207 2.08392050207
4052 3.56333705233 3.56333705233
4050 1.97149327223 2.19625803075
6218 0.816828472224 0.816828472224
5976 6.0069322179 6.05690189555
5974 0.847667516718 0.86967359576
2299 3.27334304193 3.83199783355
3613 3.60639333647 3.60639333647
3614 4.06382500622 5.1516799517
3615 0.303179690633 0.303179690633
3616 0.144616447284 0.144616447284
2292 3.20987730572 3.21128999012
6939 4.23322671342 4.26330277993
2561 1.96654255561 2.54702252671
2562 3.10580436575 3.95762358988
2566 4.67101050995 4.67101050995
2368 2.50143400608 2.7356580972
2367 6.00999711317 6.43838154435
2366 0.443228550309 0.443228550309
2364 1.37274396028 1.42632328901
2587 3.95728126202 3.95868153734
2586 2.84221894662 4.31874501134
2585 3.61767230431 4.5380484154
2584 1.99921277113 2.4326723625
7294 2.47553244565 2.5419882193
7295 1.15685629085 1.15685629085
2580 4.41630700562 4.41630700562
5021 6.30857496536 6.32990567464
5024 2.50753193114 2.55902529063
5026 2.27145851995 2.49157821213
4441 2.3750745908 2.37533098903
4442 0.960454644189 0.960824221265
4443 3.23018156641 3.23018156641
4444 0.863674563707 1.01130863765
4445 8.55875028336 8.55875028336
1867 1.90874714628 1.94383937826
1866 0.434223650759 0.434223650759
4448 2.83535099321 2.83535099321
3721 3.44481302867 3.44481302867
3722 0.890692586682 0.890692586682
961 2.44051916638 2.88642799119
6299 2.4027059167 2.97198963949
963 0.441584483771 0.514254303776
6297 2.66731322433 2.7713941759
6293 1.4857926453 1.4857926453
4688 3.45272735441 4.00153974597
6290 2.02975391377 2.03438438512
2108 2.81314889633 3.53314150726
6059 1.84093530194 1.84093530194
2103 1.46527666854 1.8821548833
2102 1.14674056102 1.2464564785
2100 5.43736062706 6.32825284416
5575 1.79587923378 1.79587923378
2105 1.50285281255 1.50285281255
5117 0.611713534338 0.611713534338
5113 2.7761873868 4.01023944822
2634 4.32223031591 4.72011037481
2636 1.56971593674 1.56971785666
2631 2.8337868627 2.8337868627
2630 2.92873096401 2.92873096401
5571 3.00319944971 3.00319944971
5292 0.509043570587 0.661662023516
3438 0.912877857622 0.912877857622
3439 0.144155714194 0.144155714194
878 2.08111980472 2.08114885195
879 3.37250570865 3.37250570865
3431 6.32009343168 6.40260761682
872 0.749965749576 0.749965749576
873 0.375891094081 0.375891094081
4592 1.32028291701 1.86305128431
4593 2.43966127099 2.72481817687
2743 0.436766136034 0.436766136034
2033 1.14607578515 1.58829191645
2032 7.63911351156 7.63911351156
4595 1.1688803858 1.55216028416
9 2.31788988404 3.17432419757
4840 0.224308081998 0.224308081998
3097 3.30637661959 3.30637661959
890 0.0179150065645 0.0179150065645
5200 4.20547160374 4.20547160374
5203 3.81539988889 3.81539988889
5202 0.593478442237 0.594994781627
5204 1.26462794702 1.31882515425
7320 4.13532170056 4.89473728434
3545 1.25002770593 1.59750393551
3547 5.61665852292 5.61665852292
3543 1.53137943197 1.53137943197
7323 0.816176278701 0.816176278701
2965 0.182079836676 0.182091662393
2964 1.47504946858 1.7791281921
2966 0.633777284526 0.633777284526
2961 1.54583721536 1.99684353034
762 2.25341707024 2.25341707024
1781 4.19233018377 4.19233018377
767 2.01110076498 2.06858003844
1786 2.89290336103 2.89290336103
7113 3.53155862224 3.59475771058
7112 2.31147885339 2.31147885339
6878 2.00325442083 2.09508259301
7119 2.37713638441 2.79531247478
7118 1.39558272246 1.39558272246
3045 0.955371687921 1.13856969882
6872 5.48952533152 5.64275517976
3046 4.60523865038 4.60523865038
1079 4.03537790974 4.33124292631
1077 2.06638710951 2.066964889
1074 2.33330731531 2.33330731531
1072 2.94708780331 2.94708780331
1073 1.45745006109 1.46318466377
1070 1.66645505538 1.99891661568
5372 4.9584315016 6.53061815144
7290 5.45054532634 6.67292295037
1678 2.67075316575 3.0893213943
1674 1.15804113388 1.65427512239
678 2.3122846647 2.3122846647
676 1.66309362037 2.27895897711
4333 1.81712806599 1.81712806599
4330 0.197162137458 0.197162137458
3131 4.87052181958 4.87052181958
3130 0.82680202703 0.82680202703
3139 3.21584263754 3.24892178886
3138 0.804573449215 0.804573449215
7608 1.93612996128 2.80410324086
7607 3.95182899904 3.9848620598
7604 4.14173127816 4.14173127816
7600 2.4801127458 2.61068869262
6018 2.40292762068 2.40292762068
1412 4.54561274618 4.54561274618
1413 5.98954913547 6.64531807979
1416 0.530609929551 0.530609929551
1327 2.82667855459 2.82667855459
1325 1.98086250227 2.29068562333
1328 3.01111858166 3.01111858166
6450 1.54562040483 2.04979626722
6455 3.3857054784 3.40209755481
6454 2.78352969173 3.42840502832
5768 4.04454450916 4.429549553
6456 1.26137252009 1.70928161216
6458 4.6293552103 4.89760648048
4645 0.71696461256 0.91500189788
5762 0.127030986822 0.127030986822
4207 1.74331972882 1.78794666962
4636 4.50826721475 4.51272400662
5565 1.31915603644 1.54853435581
5562 0.977215617498 1.21735233125
1256 0.222567875562 0.222875973347
1526 3.85463498815 3.85463498815
1520 1.67073649368 1.67075330295
308 1.77586579047 2.48537401619
3953 1.88087268141 2.30948475224
303 1.59200000799 1.79444399801
3957 3.20071472147 3.20071472147
307 4.66672927871 5.43091221658
4113 3.99432065532 4.53516817765
7420 4.02155435381 5.55095202103
3340 4.17765846543 6.67635608402
5159 1.57180903023 1.57180903023
2475 2.59324894811 2.97187843684
6601 1.15869126136 1.15869126136
6602 2.1744019156 2.1744019156
6439 2.92111495771 2.95834629976
6606 1.25551478434 1.25551478434
7109 1.14352004709 1.18616576409
6608 1.28045605302 1.2804561107
5946 0.0845642920396 0.0845642920396
5945 0.619680209261 0.75555331903
4064 3.87387956366 4.44307582853
5941 0.979392655814 1.29396301768
2976 2.20175515227 2.52152587409
4068 4.77388957301 4.77388957301
4069 7.94024424717 7.94024424717
5948 3.46379250088 3.52666447121
5949 1.83146135647 1.83146288415
5785 0.859952826018 0.986854234448
5786 1.70474981495 2.14073867889
5782 4.85217237133 4.85217237133
5019 4.99607077152 4.99607077152
3051 2.75351685482 4.28841001468
3601 2.91514156186 2.91514156186
3600 1.34464613452 1.34464613452
3607 4.3768139662 4.42581601004
3604 3.18284211556 3.18284211556
3608 1.35801155418 1.36211700744
5361 1.08528461078 1.08528461078
4894 3.73945373492 4.85398722233
5367 1.74546022197 1.81001408813
6115 3.60456025516 3.63492847975
6117 1.28594308576 1.28594308576
6112 4.40574778969 5.62103915366
2358 1.69773312325 2.06198207099
2353 2.38747427914 2.38747427914
5368 1.49841195284 1.73251679482
2355 3.07474870621 3.41198422839
4450 5.35976198437 5.35976198437
4456 2.56306043874 3.17434658968
4455 8.11877204924 8.11877204924
4454 1.514912678 1.514912678
3736 2.82137243849 4.9047072148
4459 1.61798020457 1.61798020457
3733 4.9858570187 5.74531261422
476 1.05728539567 1.51325931837
3730 3.34712856785 3.58453887072
4922 4.07825707909 4.07825707909
4920 1.89302433168 2.35844586192
4695 3.24439554801 3.57739847522
4697 8.95474105409 8.95474105409
2131 2.99062079301 2.9969175748
950 2.17703041583 2.55342868734
4929 4.41629174747 4.9720432115
954 0.0824606573595 0.0824606573595
6022 0.914206871543 0.914206871543
6026 1.41031224803 1.75627869552
2649 2.53950650751 2.53950650751
5167 1.59299091795 1.9700817755
2640 1.76106953424 1.76106953424
2645 2.10512128494 2.34122374343
2647 10.7685106027 10.7685167653
3429 2.32476171159 2.77205381197
3423 1.30975523186 1.58783440174
3422 1.81759125392 1.81759125392
3421 1.12475421082 1.16822299439
3427 2.6084420949 2.6084420949
3426 2.31445786194 2.57151899768
3424 1.76343587446 1.76343587446
1850 0.13937134415 0.13937134415
2000 3.58872680061 3.6106971808
6337 1.55520005029 1.57686737084
2007 1.10533534379 1.22468546525
4859 5.9998298712 5.9998298712
2005 1.5972111088 1.957535748
2008 0.785621334278 0.785621334278
4415 1.98446523533 2.47996305693
4583 5.07386847852 5.27177391998
4582 1.99149804158 2.18111052178
1269 3.15400676082 3.1988053586
3554 0.480308177794 0.485202870534
3550 3.81537376477 3.81537376477
6966 2.19757140897 2.19757140897
3558 2.59457002418 3.27959856523
6061 1.9963668837 2.32082187506
2911 0.868822776509 1.16604949785
1799 1.26720561795 1.26720561795
2913 1.37022260181 1.66960743105
1793 2.102561761 2.29589938143
1792 2.45789792728 3.11507213368
715 0.717170476943 0.717170476943
714 3.13599848739 3.2979029519
713 1.23702542881 1.23702542881
712 3.84029445273 3.84029445273
4966 1.17387981358 1.48420190808
7127 2.99827590545 3.37290852166
6840 0.866337726172 0.866337726172
7125 2.02017953764 2.0538272386
7123 1.11983503779 1.11983503779
6844 1.82970055366 1.88558151944
7121 1.23743101777 1.5107603576
1069 1.17737829437 1.38631957887
1068 9.00503496046 9.00503496046
4964 2.04914419816 3.00443845249
1061 6.58190222426 6.58190222426
5301 2.16499941662 2.16499941662
1668 0.360406160073 0.360406160073
1665 3.52693426435 3.52693426435
4960 1.79710509458 1.79710509458
1662 2.61983079724 3.60390347037
591 2.23791480565 2.3379979788
590 2.30166423158 2.76286108285
592 9.15832337618 9.15832337618
594 2.51242881765 2.9287481891
6596 0.0557463356728 0.0557463356728
599 5.0841822998 5.08516332857
4323 3.59190741306 3.89275253855
4325 1.46268234944 1.46268234944
1088 7.37361289879 7.87309250513
3140 3.44337904887 3.44337904887
2821 0.727396333622 0.885370117238
3386 1.54111323545 1.54111323545
3384 1.29334486866 1.29334486866
3385 4.95199769227 5.72288642248
5412 3.09039576532 3.09039576532
3381 0.648981579762 0.648981579762
7632 1.86595113545 2.00868933309
3389 4.14473185494 5.66288435887
1408 2.5561195457 2.55637176459
1406 0.335404867552 0.335404867552
5792 0.558121546833 0.664033640725
1339 4.54173330676 4.54173330676
4210 0.572181103733 0.703151056279
4212 1.47188010467 1.82658373178
1337 3.23785106964 3.23785106964
5790 7.51222445964 7.51222445964
4219 4.48341205027 6.21362686107
446 3.9834558173 5.66662668121
445 0.540050737129 0.551138292184
691 2.62142521431 3.3430348177
5772 3.4371962256 4.25792339469
7515 0.0314739858145 0.0314739858145
5578 1.35144077131 1.6508728352
32 0.765922843202 0.765922843202
31 2.09642926112 2.09642926112
5573 5.40178997145 5.54525862773
35 3.2848334803 4.10558225419
3092 2.29626455077 3.39872440897
3093 3.62478874486 3.62478874486
643 6.9813561873 6.9813561873
1244 1.44165357862 1.44165357862
1531 5.96558055271 6.39925794966
1530 1.64774766795 1.8473935252
649 3.28904188845 3.3299767981
3098 0.669495071899 0.669495071899
3099 3.40547121199 3.42046044224
1539 3.49998060267 3.53561561399
338 0.729062660892 0.729062660892
335 2.77533382705 2.83447626637
334 2.94698194855 3.64090340922
337 0.00259254543436 0.00259254543436
331 2.25177187134 2.55026852303
333 1.64002104623 1.64002104623
7611 1.97939256323 2.02782015564
5124 4.90053925208 4.90053925208
4105 0.656293942936 0.656293942936
4106 1.71416852482 2.06139107669
7412 2.08767348955 2.08767348955
7413 4.13159379811 4.13159379811
7410 0.595471606282 0.595471606282
7411 4.48436991705 4.54530346639
7414 1.91372412619 1.91584465064
3897 1.11383839576 1.11384595225
3895 1.73496147119 2.0855767083
7379 5.56839216596 5.56839216596
6611 1.06130514026 1.06130514026
6615 0.642718554746 0.745553693735
6614 3.00457764269 3.00457764269
6619 2.9240709057 2.9240709057
4078 4.14557512142 4.14557512142
5957 1.1438967411 1.39247494145
5956 4.73534862335 5.87128599532
4075 5.34303172448 5.47047368581
4070 3.22305872798 3.8037992318
4073 1.10712618096 1.10712618096
5797 2.65457077737 2.65457077737
3967 4.46069273213 4.90298566101
3965 2.45829326953 2.45829326953
3962 1.57212688144 1.57212688144
3963 2.45745359094 2.45745359094
3961 0.809298869275 1.03024625963
7278 3.57456749751 3.65397229181
5799 2.77501465425 3.37122268757
3636 2.26667305684 2.53363022695
3637 9.47015617144 9.47015617144
3632 0.960665138478 1.2087737174
3630 1.07131322753 1.07131322753
4611 3.07273886342 3.07274326273
3468 1.47598108334 1.65386924122
4613 1.32915054243 1.40267540499
2345 1.83560397559 1.83560397559
2346 0.261372879637 0.487953285321
2342 5.98511299997 5.98511299997
6107 4.68577875498 5.19529939643
6103 1.92620741796 1.92620741796
6102 0.770681015645 0.770681015645
4616 6.18291052341 6.18521858578
3709 1.71578469923 2.42582525229
1888 1.83336866848 1.87017247864
3700 1.45523985008 1.45523985008
4465 3.26140244449 3.26140244449
4462 0.551743708773 0.551743708773
1880 4.41921534847 4.44377069555
2127 6.80705424163 6.80705875833
2129 4.35133653802 4.79621258259
4665 5.91926803591 6.62413022285
4660 2.81205341329 3.72661347545
943 2.03592027191 2.50390067922
4910 4.11854502545 6.56693688003
4663 1.65963013386 1.65963013386
6038 2.11650578033 2.11650578033
6035 3.03215739737 3.03215739737
2653 1.6355650473 1.6355650473
2651 1.87419414965 1.87419414965
6441 0.110689215331 0.110689215331
2654 2.48785782934 2.63088313819
3414 0.60207153947 0.60207153947
7389 6.14302652787 6.4769106826
3412 5.32151835919 6.18839905212
136 2.0320463899 2.05483976022
3410 1.01730760507 1.04658746666
134 0.352883684755 0.45631341066
7382 3.88441613836 5.29214850595
7387 1.65430935276 1.94576329379
3418 0.0903561254366 0.0903561254366
7385 6.69838584897 8.27861195679
6326 0.573408695432 0.573408695432
6325 1.40776989873 1.522409073
2018 0.00305401446661 0.00305401446661
6321 1.09194822485 1.09194822485
4863 3.09088343173 3.31097222679
2017 7.54706304614 7.54706304614
4861 3.80605362133 3.99412476089
2011 3.70799697857 5.21762051896
6839 2.32167673056 3.10733003939
6329 4.69555510761 4.69555510761
6328 0.793246523271 1.10030183475
7443 1.88950557939 1.88950557939
7444 1.78385820663 2.04022665447
7254 1.4627835391 1.4627835391
7255 4.23113818988 4.23113818988
7251 0.43641674138 0.586549028239
3565 2.20451287995 2.20451287995
3569 0.378737302662 0.378737302662
4485 0.649284001609 0.649284001609
6564 3.99969988989 4.10440968502
2903 1.77001781196 1.78011332298
2902 1.26075061678 1.26075061678
708 0.51209403269 0.51209403269
2906 0.998425812977 0.998425812977
6853 5.46860865094 5.46860865094
704 3.87921874914 3.87921874914
705 3.69767842621 4.27473342218
706 2.46167929045 2.46167929045
701 2.37337442032 2.37337442032
6560 1.41904652571 1.96443161755
7139 1.37111289215 1.37111289215
7138 1.19156296051 1.19156296051
89 7.79301027547 7.79301027547
83 5.35875821555 5.56990693408
81 1.22538295136 1.69975709709
7135 2.00023220932 2.61189624058
7134 2.15673189058 2.81641239126
7137 1.92303626237 1.92303626237
85 1.62043579351 1.93706698095
5311 1.63896312148 2.32458055058
5310 2.16353271666 2.16353271666
1658 1.83957315289 2.09486907242
1652 0.0480425104938 0.0480425104938
1653 0.916970781973 1.21848439702
1651 1.79355949448 2.3589106508
6583 1.05241508066 1.17763190912
1631 0.76831857702 0.978426961177
588 0.506310823311 0.506310823311
3151 4.0831380751 4.0831380751
3150 1.66311722331 2.02454489079
7621 2.20667772468 2.21202672899
3154 1.94668160015 1.94668160015
7629 5.49675942705 5.86399807965
1437 0.289227118986 0.292099054577
1434 2.84045035802 3.96952026576
3392 6.65957655499 6.65957655499
3395 2.25769248047 3.00464800229
1636 1.54739789974 1.54739789974
1430 2.15045374393 2.15045374393
3399 0.169703434688 0.169703434688
3398 4.80403312223 4.80403312223
1438 3.21582765124 3.71682433631
4260 3.2658241658 3.66692434975
5233 0.98708454333 0.992785434235
4265 1.20903756165 1.20903756165
4268 4.54512412951 4.54512412951
452 2.17861650536 2.2659549998
1345 1.53349343332 1.60150755557
456 1.21076287741 1.21076287741
1347 4.50013790318 4.50013790318
6921 1.42275679236 1.58108619445
5546 3.20162800855 3.20162800855
5545 0.998817425836 1.0510316344
652 4.21441502841 4.21441502841
650 1.26000481986 1.26029195257
1508 0.0912044116705 0.0912044116705
4461 1.57875727334 1.85844984916
3081 1.2665968139 1.2665968139
659 3.07008689678 3.45934300345
5890 0.136767705436 0.136767705436
5891 0.533509001897 0.533509001897
5892 3.66561422719 3.66561422719
5896 1.60014385709 1.89144409302
5897 2.87812063747 4.55078593205
5898 2.44465309266 4.07102456176
5899 3.33558147239 3.33558147239
948 0.175088935735 0.175088935735
3882 4.16433327076 5.24457005747
3889 2.4979625544 2.87656008785
4916 4.72238903874 4.72238903874
7404 0.0549110931746 0.0549186352017
7407 1.4768060494 1.55567611934
4911 2.75287367355 2.75287367355
4008 5.22791546154 5.22791546154
4004 1.18840239418 1.46664518314
3970 3.25488677444 3.25488677444
3973 1.67858520267 1.70540630394
326 2.06821459691 2.06821459691
3974 4.31234861551 4.31234861551
324 1.29428514424 1.29428514424
328 1.09092597644 1.09323753
3621 3.98116587356 3.98116587356
3070 2.12488121 3.46505597136
2332 0.776810790551 0.984448356186
6136 2.64864905123 2.64864905123
6883 1.93947998177 2.63994788346
3713 1.91896291435 1.91896291435
3719 2.10855894653 3.70924981448
4479 1.65743882088 1.65743882088
4470 3.08831242399 3.12391600382
4475 2.58026519502 2.75807378068
4474 0.296765370391 0.296781544796
5763 1.6727837001 1.6727837001
6007 1.45009634287 1.53841917365
6004 4.60995838273 5.25708776755
6000 7.47513741908 7.47513741908
2489 2.76935531852 2.76935531852
2950 4.3432931626 4.3432931626
2484 1.56260039834 1.90893406215
4673 5.47859011601 5.47859011601
4670 2.08672030682 2.08672030682
3252 0.92782135634 0.958083060005
2245 1.34205873736 1.55277297838
2246 0.947299013455 0.949677127431
2247 0.90960531453 0.90960531453
2240 2.40157453823 3.40036291222
5179 5.37145975678 5.37145975678
2242 1.96705038404 2.73786672502
7394 0.000541092701518 0.000541092701518
2466 2.1010467323 2.16052363842
996 3.8086795234 3.8086795234
7391 2.57937620345 2.57937620345
993 7.06381894035 7.06381894035
992 2.47453910957 2.74018966692
5144 1.58178446207 1.58178446207
2469 3.17543459402 3.84809833718
7535 3.22807865403 3.22807865403
122 2.66378035991 3.24085144246
124 0.814309836485 0.814309836485
3404 1.71831172325 1.71831172325
126 2.6936346842 2.71856110654
3409 6.39173591885 7.03426836817
3408 4.47206516842 4.47206516842
4875 0.360742095114 0.360742095114
4871 6.95888436914 7.04923470953
7438 5.2368622237 5.2368622237
4878 2.45272337497 2.45272337497
2069 3.72520612352 4.02010422345
7533 1.72914635262 1.72914635262
5424 1.50348626564 1.50385006737
2062 1.27778257951 1.36928241031
6319 4.49868617705 4.49868617705
3413 1.25997430767 1.26578486464
5423 1.13655946366 1.37055208679
7247 0.13888075225 0.13888075225
5099 1.42698099244 1.82394428819
3578 1.48375654093 1.63786873584
3571 1.68279900093 1.73207279925
3573 1.67823753715 1.67823753715
5097 0.00174178595628 0.00174178595628
2665 3.88734854847 3.88734854847
4492 0.197055418378 0.197055418378
4490 4.41675466573 4.41675466573
2669 1.43859376489 1.74563713719
6823 2.57092741332 3.22545620064
6824 1.36643391215 1.36643391215
2938 2.73370403773 2.73370403773
6829 1.36474059622 1.54436305138
2935 1.98261647909 2.15667855276
5326 0.63027732009 0.63027732009
5327 0.00102701367709 0.00102701367709
5325 6.20853253294 6.30223465223
5322 1.98372750754 1.98372750754
5320 1.19730104622 1.19730104622
5321 1.12128087904 1.20978399097
5328 1.27091386553 1.27091386553
1643 1.29535631062 1.29535631062
579 2.66109325394 3.08891719297
573 1.99277654114 2.33842979281
571 4.88765745998 4.88765745998
577 2.10374564076 2.10374564076
576 5.25495560882 5.25495560882
575 1.87997082307 1.92085594545
3169 2.70485308559 3.4782592151
2803 1.61833686041 1.89844118807
2800 1.82257445253 2.05685655866
3165 1.45374576106 1.95836588941
2806 4.89152668398 5.49522791368
2805 3.87630373974 3.88645028068
1421 0.501713678117 0.501713678117
1420 0.990597662843 0.990979861071
7094 1.96384396268 2.66521384247
1422 2.81521335962 2.81521335962
3368 2.34237715079 3.13251633541
1424 3.60434801843 4.23751102939
1426 5.16646109753 5.16676714335
3366 3.34287948857 3.45308773051
2404 4.16599329647 4.16632543935
7098 6.58250666795 6.58250666795
7099 2.54724829139 2.73840295467
732 3.00257384032 3.00257384032
735 2.99861521128 2.99861522023
736 7.06556839527 7.06556839527
4272 3.19661469726 3.19661469726
4271 2.1072368416 3.08306743732
1358 0.418598479376 0.418598479376
4274 1.82343521294 2.55635314203
461 2.30349621357 2.30350003533
5555 1.86247580998 1.86247580998
5554 1.304669135 1.73399323982
6488 3.2425483759 3.28941330311
5551 0.208572570703 0.208572570703
5550 1.54022599812 1.54022599812
7384 0.601808076514 0.76471658624
6955 1.83928110479 2.05015719933
6484 2.6260332148 3.07157527275
6285 3.76802256172 4.25202242802
6948 3.65267176303 3.65267176303
1518 1.18857475111 1.4148075643
1510 4.16485932523 4.16485932523
1513 1.66776419275 1.79100222691
1512 3.64035054088 4.2162976372
5885 2.04867495742 2.04867495742
5889 2.09651527502 2.09651527502
6559 3.9982679519 3.9982679519
7478 2.84194772742 2.84194772742
3186 1.91253387715 2.11792129915
3187 3.08968967276 4.62111145525
3182 1.65475331219 1.65475331219
3188 4.38087577868 4.38087577868
6863 2.70252183753 3.18342815187
1896 1.50394697501 1.70877196952
6631 2.74201721868 3.16081484018
4018 3.07531972391 3.07531972391
6281 4.73311425225 5.1480869808
357 0.633505248702 0.633505248702
351 2.48830393666 2.48989439767
350 5.59897506085 5.59897506085
3985 2.48324066922 2.53919808531
3983 2.66708119069 2.66708119069
4855 1.17139155991 1.45662540292
6126 6.83877091157 6.83877091157
6120 3.6570793614 4.52825564416
4706 2.08055189131 2.08055189131
4705 1.27920173727 1.27920173727
2320 2.59042691372 3.90327263759
4703 0.965388039199 0.965455053514
2329 3.07910771312 3.07910771312
4709 2.05765826527 2.54978962936
288 6.55771121244 6.63199741302
3619 0.537224420594 0.537224420594
5 0.514326217782 0.514326217782
284 2.86620820664 2.86620820664
3760 5.78699592534 6.36262390006
3765 0.916293937596 0.916293937596
262 0.358470638027 0.358470638027
260 5.17435316938 5.17435316938
267 1.9978576174 1.9978576174
2499 1.03130473857 1.04997363624
2498 2.0990671322 2.22071480529
6013 0.714601514561 0.714601514561
1296 1.55471787528 1.55471787528
7253 2.83819503121 2.83819503121
2495 0.603526288747 0.603526288747
2494 3.13297013667 3.43322255536
4644 4.86544333633 4.86544333633
2496 1.96602678298 2.72920110249
2259 2.55986481918 2.67710251916
2254 2.36189124787 2.89854020776
5060 6.47063341023 6.47063341023
2250 2.38279457864 2.99871474627
2477 1.41041821818 1.48579197131
988 4.07521402502 4.44049408015
5151 1.43769982965 1.83265852433
5150 2.48171194845 2.89440034782
986 1.53983268536 1.82394720561
5154 5.71065222826 5.71065222826
5157 1.54721207415 1.7358094035
2478 2.33590701752 2.53084726413
115 10.1592118889 10.1592118889
7313 3.53946808233 3.53946808233
119 4.29254933079 4.29254933079
2785 1.65885705159 1.65885705159
4801 1.17767562891 1.17767562891
2787 3.66239940354 3.66239940354
4803 0.549689804543 0.549689804543
4805 0.720474794386 0.72047680571
4806 2.00982273159 2.01028256049
4807 2.33861089759 2.70872558919
2788 0.561344196875 0.687221012194
2071 1.22295486588 1.22309449114
6306 4.1777791972 4.1777791972
6301 1.70682403788 1.70682403788
6303 3.46592562302 3.60011860479
2074 1.83276272397 1.83276272397
7272 8.89904956042 8.89904956042
7273 5.33646664261 5.33646664261
7275 3.52491242586 3.52491242586
3502 2.85877374584 2.95273389288
7279 5.2770393784 5.2770393784
5086 1.50491731958 1.72643287821
5085 2.89699087589 2.89699087589
5084 1.07977080665 1.07977080665
2672 1.92141068726 2.0123528295
2676 1.19895126166 1.31266180973
2679 1.11536437492 1.12364679312
6833 5.48932139395 5.48932826774
2928 2.37709698042 2.78421980373
6830 2.29361710622 2.57357832759
6854 3.37612821805 3.73898013274
2923 2.46772436863 2.46772436863
6838 5.27311993779 5.62608606639
2925 0.044281167096 0.044281167096
2926 3.69945041873 3.69945041873
5331 5.67518166605 5.67518166605
5330 5.24866328026 5.24866328026
5335 0.452098846316 0.452098846316
5336 1.82818418244 1.82818418244
2907 1.9273199192 1.9273199192
3215 1.88056591126 2.01049030293
1984 0.491109845307 0.611949660935
1985 0.0389945725982 0.0389945725982
1982 1.56308138114 1.56308138114
3212 1.54816753144 1.68541420893
1638 0.687512140327 0.687512140327
5371 5.05997531406 5.43646180992
3218 6.18523524045 6.18523524045
3219 2.14521523581 2.63127916278
1989 2.51421900444 2.59276942622
569 1.3143158903 1.63291394809
560 3.49264300203 3.49264300203
564 4.11106143744 4.52123870223
566 1.7673434705 1.99894374953
6543 8.88324025401 8.88324025401
3173 0.455773182281 0.455773182281
7081 0.751341613518 0.752166947508
7030 2.36736518452 3.20427508928
7084 7.75745820306 7.75745820306
3376 1.332856002 1.332856002
3374 4.63845414992 4.63845414992
5421 1.04731600412 1.61797148242
3372 5.00120347341 6.41766862651
1180 6.05843311618 6.05843311618
1181 3.77287625882 3.77419693841
725 2.50309722597 3.19953303451
723 11.2898072154 11.2898073733
1746 3.24637844082 3.24637844082
1740 0.757083820827 0.757083820827
1742 8.83829873229 8.83829873229
5499 0.158464945889 0.158464945889
1165 1.24153327289 2.68149428748
1166 0.851722182235 0.851722182235
7587 4.54782906734 4.98697007269
7291 5.54984995238 5.54984995238
4247 1.75570239243 1.99122530718
4245 2.46153030443 2.46153030443
1168 1.63592767244 1.63592767244
1169 2.15976518693 2.15976518693
4240 1.62925024989 1.97371760157
5521 1.85455092529 2.09465923766
5523 3.77864176314 4.0069521191
5526 2.0116149116 2.0116149116
7130 2.12511818727 2.4936735207
6941 4.54575032854 4.54575032854
6940 1.37558809635 1.37565009908
7132 1.50159756715 1.50159756715
47 6.85478686594 6.85478686594
7297 1.25402836773 1.25402836773
41 5.2048593189 5.2048593189
1569 2.48206153772 2.74000494957
1365 2.29414272582 3.42793257437
5492 4.43210245172 4.70918760872
1292 1.77703985351 2.13488337337
1561 9.00842991814 9.00842991814
1563 2.58558688441 2.58558688441
1564 3.39624382885 3.39624382885
1565 0.198204625052 0.198204625052
1295 2.54150610888 2.54150610888
1712 1.7976567239 2.30651884945
475 0.114925207718 0.114925207718
5250 0.998245307288 1.08007657724
1789 1.50963760322 1.7869101941
4399 4.4869910044 4.6509819676
7460 3.36599523234 3.40668692027
5638 3.23906658048 3.23906658048
6541 2.65959387624 2.65959387624
6540 3.30910694463 3.30910694463
4391 2.31177589552 2.31177589552
4392 3.50453320521 3.81104977902
4395 1.60553779436 2.02823726519
6549 1.26663849124 1.96254971994
5633 11.3020760993 11.3020760993
473 1.58613358046 1.80105222524
3195 0.621061254408 0.621061254408
1862 0.272401394105 0.272401394105
3193 3.49443006588 4.23817379499
7465 2.25624028354 2.57888465088
3190 2.0122231812 2.3618701284
3728 5.92291954901 6.2667943902
3198 2.18895064528 2.23819333636
7466 1.8536894603 1.97790436645
1368 0.813798043698 0.813798043698
3729 1.039390579 1.039390579
2.35098897152 3.11181828327