4447 5.23118126906 5.5361172201
4023 1.48545123973 1.63038804676
5988 0.860789883679 0.860789883679
346 1.57460769169 1.72571956884
347 6.12990702696 6.12990702696
7513 1.00410414895 1.24348532509
7512 2.99977064724 2.99977064724
342 3.15644020479 3.29790826794
343 2.27429677502 2.36840549302
3996 1.72316107362 1.72316107362
3995 0.750467618668 0.985863679897
3994 1.33130670904 1.39959078944
348 0.937088513717 1.2153503369
7518 3.31901004771 4.11800541926
6150 1.25071527067 1.54680193646
6154 0.499803919993 0.60784676605
6159 0.614087519143 0.614087519143
6796 2.15816480873 2.91022108595
6797 8.3597665333 8.3597665333
4730 0.926389740488 0.926389740488
4736 1.86876337411 1.86876337411
2319 0.988287175015 0.993870446611
2313 6.01482308996 6.01528101867
2310 2.36011174705 2.36011174705
2311 2.6400139762 2.6400139762
5851 0.626581455337 0.802776621664
299 1.19778005297 1.42159617795
7627 2.49433551038 2.49433551038
291 2.38377637321 2.38377637321
4656 3.87566583996 4.78360003689
274 6.09180858735 6.09180858735
276 2.92552030139 3.80559124921
278 7.47770196201 7.47770196201
4836 0.999532811655 1.09860031291
6584 8.50583903935 8.50583903935
2262 1.07580776783 1.13661045991
6190 4.56855368508 4.56855368508
2266 5.08543842282 5.08543842282
2443 1.72851792878 1.72851792878
6055 0.205636961744 0.205636961744
108 1.59387131955 1.59387131955
109 0.153845345922 0.153845345922
107 4.00274557564 4.00274557564
4813 1.81043954905 1.81127361166
2047 9.6929680743 9.6929680743
2045 1.01653560588 1.05697075179
4817 2.99473059386 2.99473059386
4816 1.94160255092 1.94160255092
2040 2.39928008793 3.0644123787
4819 1.62256257369 1.8008815848
4818 10.0091296732 10.0091296732
1297 1.84959007357 1.96685245766
6378 4.28117743864 4.70881049978
6379 1.43506779623 1.66149263732
6053 0.687776742661 0.687776742661
5828 1.25133715146 1.25133715146
6372 1.26369011919 1.26369011919
6375 1.70741171093 1.70753890761
6377 1.84676023205 2.12602430347
2838 3.78905302825 3.98023762736
5363 4.01890231177 4.6048970066
3519 0.135308123293 0.135314714801
3510 1.46045575138 1.74420848027
3517 1.57884099827 2.23317516117
3516 1.86313258851 2.4777410851
7263 1.23171435365 1.23171435365
3514 5.9158575165 6.06336874231
6201 3.1507665766 3.15476524547
6202 1.50912958504 2.24349726955
2685 1.37488816051 1.59077884436
2687 5.2595158236 5.67677160944
2681 0.852298591333 0.988867692423
2683 1.06757106419 1.31927001946
5406 0.931131423815 0.931131423815
5119 0.252499162163 0.252549640387
6802 2.21416006863 2.21416006863
6800 0.807870707104 1.08629914697
5293 8.56922595843 8.56922595843
5404 1.25409581656 1.51501449683
91 8.14292800598 8.14292800598
93 0.431250280944 0.431250280944
95 1.99432818999 1.99432818999
97 2.05760943603 2.05760943603
5402 7.04541909403 7.1889210055
5182 4.27420584153 4.27420584153
1622 1.29733007955 1.58132651563
1992 1.55917993879 1.55917993879
1627 1.76827512464 1.83918162328
3993 2.23171613343 3.08615675584
1629 3.19947157028 3.19947157028
1628 3.46633779398 3.6901067955
3209 0.461746418884 0.461746418884
2860 0.359474208967 0.359474208967
2861 4.83206837797 5.16428756417
2863 6.65108681468 7.26495292739
2867 1.25069880084 1.6061601137
555 1.60665731123 1.82164990628
554 3.15228308921 3.15228308921
551 0.532886184269 0.532886184269
550 1.14991704573 1.4832618615
553 0.26029100147 0.26029100147
552 2.97740845813 3.14689655289
7142 2.17663441279 2.68416585525
1199 5.99130845788 6.06816452921
5459 0.978163881126 0.978163881126
7079 2.19462224225 2.20244893302
7074 0.711100528605 0.711100528605
5451 2.50064568501 2.50064568501
1193 2.73559805725 2.73887211304
3341 3.63299290733 4.19420654899
5454 2.97877858374 3.70664791043
3347 2.07864210278 2.16980463128
1197 4.6304108353 4.6304108353
3345 5.17683165907 5.23838647862
1754 4.0609542234 4.62751195166
1752 0.39949381098 0.39949381098
6976 3.16874300764 3.16874300764
6975 0.775699642861 0.921214198582
6971 2.22013227241 2.41693053125
4253 2.51066095833 3.25921696897
4252 2.10976528474 2.31093958461
5531 0.464434963997 0.464434963997
5538 0.0998634944906 0.0998634944906
1285 1.31382284122 1.66470903872
1284 3.25436541498 3.41837206897
1287 4.5771070042 4.82041208603
1280 4.58612787229 4.58612787229
1283 9.75757666053 9.75757666053
1289 1.04256966998 1.04300490566
7188 5.0607795365 5.43481908896
1579 3.28885181796 3.61519031367
689 3.38035823961 3.99548978645
684 2.13432343861 3.56544485589
687 1.72600911358 1.77974333599
7183 0.880203806523 0.880203806523
681 2.0697871236 2.0697871236
683 2.299840887 3.3759304931
7187 0.199386224868 0.199386224868
458 2.53242159188 2.53242159188
6006 1.98781598174 2.38194100768
1222 8.63652454754 8.63652454754
4388 1.91815571033 3.03910310983
6576 1.64908393163 1.64908393163
625 2.51366739451 2.65302931885
6574 1.50023839701 1.74932018093
5627 0.956838716941 0.956838716941
4382 2.23865011573 2.84785270234
7459 0.841149322682 0.962609138167
1371 2.25110691578 2.25110691578
406 0.862216095743 0.862216113432
405 1.67415120996 2.24109069868
1374 1.55983920408 1.77301447701
3834 2.99706679881 2.99706679881
628 8.34626742486 8.34626742486
3831 0.504189900036 0.669044251022
3832 3.36884957375 4.50915531126
3838 3.57881108485 3.57918163958
6794 7.63833241618 7.63833241618
4844 1.08234111043 1.08234111043
5990 1.94168297127 1.94168297127
5992 6.35388483578 6.39534484151
379 5.059241864 5.059241864
7527 2.71949277408 2.71949277408
7525 3.08804408076 3.27799512783
370 4.96516765451 5.67278158709
373 0.506855344689 0.506967646674
2038 3.16256766447 3.16256766447
374 5.56073074655 5.56073074655
376 3.48013042724 3.48013042724
6530 0.676588171266 0.828498229321
393 1.84881976131 1.84881976131
391 1.13896786131 1.64240365932
394 1.27965755413 1.27965755413
6148 2.59562262593 3.24063220688
2309 5.51436448149 5.51436448149
6780 3.89916421115 4.65002323875
6782 1.21977141361 1.21977141361
4728 1.35014400103 1.35014400103
6787 1.73871916829 1.73871916829
2301 4.02063072647 4.02063072647
4724 3.40469486514 3.40469486514
4727 0.832055058046 0.832055058046
2307 6.44272433344 6.44272433344
5846 0.702146633205 0.82055544797
6538 3.28303156316 3.8780785217
5849 3.13225511948 3.61329627959
3748 2.59020067727 2.59048192533
3203 1.46752527712 1.83815580833
3745 1.1540609864 1.1540609864
3743 0.274102871782 0.277958508295
247 0.747371100232 0.747371100232
4623 2.35538631659 2.56283073638
4624 3.2018782444 3.36125019463
243 1.1853782386 1.1853782386
4629 2.52084945927 4.06420919361
2272 1.14307266057 1.14307280075
2278 2.70864361694 3.17844457432
2459 0.49836630472 0.49836630472
2454 1.2661572499 1.2661572499
2451 3.35578893118 3.35578893118
2450 2.40592493224 2.75483780064
172 0.149520964881 0.150139403653
171 2.09585971324 2.52069384656
2050 2.72497122933 2.77076818913
4538 0.781397163149 0.880349504341
4828 0.793681947398 1.07405182678
2059 3.98197785725 4.01227994787
2058 0.133611162988 0.13545503717
3692 1.6125811205 1.6125811205
3693 1.45641075078 1.45641075078
4530 2.68206919518 2.68206919518
3695 2.17178988277 2.17178988277
3696 2.12490148092 2.12490148092
4821 1.21920985686 1.50675405327
6369 2.33355667397 2.37336418347
4983 2.54398988019 3.36601568216
7337 3.00353764749 3.00353764749
1504 3.04526387373 3.04526387373
3522 3.38638988889 4.74729738123
3523 2.24515817485 2.67820217819
7043 1.1699706817 1.50173255914
7218 3.13741542218 3.13741542218
7215 1.36220105109 1.44024083633
1601 4.93335323212 4.93335323212
6215 0.735281567613 0.735294523419
6386 3.45124833592 3.51776193649
2699 0.935320980952 0.935320980952
4651 0.582281326515 0.685752559647
2693 1.3105652343 1.36602595761
2690 0.4688635634 0.573997104339
6819 2.07668756683 2.07668756683
1605 0.126466057735 0.12655520767
6814 0.12848192611 0.12848192611
6817 5.88739615384 5.88739615384
6816 1.10300680713 1.10300680713
7326 3.04638525061 3.6688251292
3231 2.14821776331 2.47599821193
3236 4.07335340603 4.07335340603
1969 7.32009982271 7.32009982271
3235 4.00027533672 4.16802618496
1965 3.7505791463 4.11255558888
1966 1.0692793587 1.62191072301
3239 2.61830916023 2.61830916023
5191 5.62980755938 5.83967550909
1962 1.47263201339 1.49581844437
2877 4.55000046078 4.55000046078
3355 1.53870124807 1.53870124807
3351 2.11100313819 2.35671674649
3353 0.0117822500965 0.0117822500965
3352 1.1471912792 1.23907652033
7063 0.567398975907 0.596943237886
5446 1.81994884763 2.30323703548
7060 2.26583056561 2.43885683045
1764 9.09609401945 9.09609401945
1788 0.483306086093 0.483306086093
1145 1.62035063277 1.81324569451
6968 1.46783652751 1.46787126128
1148 6.02856261836 6.10200885884
5509 0.19786578964 0.19786578964
5506 1.3009580118 1.3339487917
5507 2.36350050151 3.01931960233
5500 0.586094645386 0.586094645386
692 1.76491182515 1.76491182515
1547 2.1335840631 2.17274739787
1544 2.98517429098 3.09999758962
1545 1.98118224016 2.40053099766
1548 5.17503553705 5.17503553705
7199 2.18552285831 2.18552285831
546 3.12227291526 3.12227291526
544 1.2948798109 1.52983170965
545 1.12951207368 1.23247842136
549 2.18325259784 2.54015584134
7194 5.14525680624 5.14525680624
6886 1.64524219561 1.64524219561
7564 1.43866456688 1.53095208305
764 3.14421884534 4.35568303762
6406 2.50340060221 3.3683584881
5618 2.16071949852 2.16071949852
7442 1.88502978478 2.43073756652
6568 3.27941255576 3.27941255576
5477 1.99695606644 2.08841255217
5612 0.052821533059 0.052821533059
5613 0.868331595033 0.868331595033
6405 5.6709156544 5.6709156544
5617 7.48369906597 7.48369906597
6562 1.50965851144 1.73196402038
7398 2.99205648904 2.99205648904
5475 1.9412254104 1.9412254104
410 1.77252880647 2.29733655747
1389 2.19051737505 2.98367979399
412 0.63432646089 0.63432646089
1384 3.14530096068 3.94524861135
1387 3.23706915313 3.93051866586
419 0.919556400286 1.06478669941
5003 2.42736070139 2.73765832453
3823 6.77565807759 6.77565807759
3821 3.07408045811 3.07408045811
7114 2.91179651211 2.91179651211
3828 4.26057600061 4.26057600061
5000 0.869373278847 0.869373278847
7482 4.20632712577 4.20632712577
4282 1.96805079862 2.22586793502
4280 0.713717463589 0.871097692333
4286 2.24943139836 2.24943139836
7538 3.28430843068 3.28430843068
369 1.27047681031 1.69864121536
366 1.72292002599 1.72292002599
7534 1.62986921004 1.62986921004
364 0.0621784175082 0.0621784175082
365 2.19079833542 2.65551363442
362 1.01635510282 1.01641286953
5009 4.09531002343 4.61805586599
360 1.20042149761 1.20042149761
7532 0.639927861503 0.639927861503
380 1.47130856228 1.70722883432
381 1.68776461632 1.77689610838
383 1.82495908442 2.3241396495
384 2.6342100959 3.64791069094
6178 1.36291743271 1.36291743271
389 0.574376424335 0.574376530727
5271 0.343817792174 0.343817792174
6778 2.99427646917 3.88953418905
6779 0.679590840259 0.67960629814
1369 2.63376564774 2.96009886139
6774 3.08318952334 3.11995029952
6775 0.615145466503 0.735627128489
6770 7.52280433761 7.52280433761
6772 0.824489754118 0.824489754118
4757 1.49432937208 1.49432937208
5870 1.65509440783 1.65510766145
5876 4.43840538992 4.68975583147
5374 0.752859286033 0.752859286033
5879 0.333099772243 0.333099772243
3758 1.35476383294 1.48031150036
3750 1.50843040828 1.50843040828
3753 0.179649237231 0.179649237231
3755 3.49996689695 4.04318677306
2192 1.48254998076 2.11037774058
259 6.43022361766 6.43022361766
4637 4.47356927849 4.47356927849
2195 1.78468791498 2.42832017053
2196 0.0352835960163 0.0352835960163
2197 1.77306300251 1.95185429155
4638 2.11022080034 2.46554717499
256 1.89081704502 1.89082867753
2200 7.21403901267 7.21403901267
2201 0.741282935456 0.741282935456
2202 0.924970068695 1.00775296804
2204 1.57152012154 1.85954424329
2205 2.83376168392 2.83376168392
2209 2.40615658277 2.95232734602
6689 5.34731848351 5.34731848351
6680 4.98849669679 4.98849669679
2428 4.08854233245 4.13370871114
4812 0.994162408107 0.994345256145
2422 1.67357611695 2.15420807408
2426 3.26516591097 3.26516591097
4810 1.81345516414 1.81345516414
169 2.83948902698 2.83948902698
164 2.06286529904 2.1067451419
160 1.81148025132 1.81148025132
161 2.46534834676 2.93986665604
162 3.13477078825 3.13477078825
3689 0.00125058498736 0.00125058498736
3683 1.4453209496 1.4453209496
4526 1.8428545469 1.8428545469
4525 5.98328450763 6.23393616796
4524 1.22384085758 1.38649199882
4523 2.32181772234 2.75274783226
3685 2.99670297265 3.067450112
3684 5.11385481496 5.11385481496
6194 5.33265867255 5.98208893892
6981 1.74498376913 1.74498376913
2518 1.49626931666 1.49626931666
1842 2.26674274997 2.26674274997
2514 2.24094816459 2.24094816459
2516 3.49071409992 4.2176711298
6198 5.56440949612 5.58484633605
908 3.71296244732 3.71296244732
6740 2.23319259571 2.23333209903
2730 0.0782025178825 0.0782025178825
2733 3.1520380484 3.1520380484
4426 1.05632214687 1.15243532424
5294 2.07858782682 2.38976881574
5295 1.96378068951 2.87361959537
2738 2.66456295948 2.79402005292
2739 1.15901237843 1.42190002388
5291 2.95626312899 3.66438610289
1817 0.276525456212 0.276525456212
1811 1.89737588016 1.89737588016
7203 1.39127311883 1.49122435947
6227 4.12671785532 4.12671785532
6228 3.25590811487 3.25590811487
671 0.224030187161 0.224030187161
6993 0.54813683582 0.692368801692
1609 1.12422051869 1.49189621411
7336 2.00489512288 2.00489512288
7335 2.5299734727 2.5299734727
7334 4.6067308305 4.90917105989
3225 1.94759756791 2.68563547729
3224 3.43211279562 3.43292311054
3227 3.50719948895 3.50719948895
1602 1.83379959146 2.34735544758
1973 3.83204230231 3.83204230231
1972 1.39630287211 1.39630287211
7339 3.05155169163 3.36044219925
809 2.00422796925 2.27852613724
801 2.99359087311 3.32485913427
807 1.75525973571 2.04817412875
806 2.50750919388 2.88300009421
2849 6.44188254594 6.44188254594
2846 1.47712798578 1.47712798578
2843 1.01612260428 1.01612260428
3321 1.06913365793 1.20477217663
3323 1.85081659294 1.85081659294
3328 2.33431488518 2.33431488518
5478 0.56149431063 0.754335824219
5479 2.09119864653 2.09119864653
5274 0.0838134755998 0.0838134755998
7058 1.0900368941 1.0900368941
1776 1.00369392284 1.35310065261
1770 2.96500543567 2.96608439502
5272 3.3554090822 3.60004707816
323 5.28303858984 5.67072086451
7052 3.34932476559 5.28460820171
1778 0.572202381181 0.572202381181
7055 0.816881104269 0.816881104269
1154 3.70233987865 3.92096798
1152 0.499097351156 0.499097351156
5519 2.14921024433 2.14921024433
5518 1.60406898856 1.67809586525
5513 2.71426943906 2.71426943906
5512 1.46280040773 1.78113761202
5515 1.39409822083 1.73016735501
5517 1.95555091899 2.12151937065
1551 9.23337555127 9.23337555127
2999 3.99159782677 3.99159782677
59 1.31867077962 1.31869248358
58 5.52240066056 5.59912318719
55 1.00369344909 1.02269076369
2991 1.32228667722 1.32228667722
57 1.80528809398 1.80528809398
2993 3.45888467124 3.45888467124
52 0.987014393801 0.987014393801
535 1.30431246238 1.38580637566
532 1.65054060125 1.65993551065
531 3.00260032046 3.62350989654
7342 6.1818207237 6.55723833188
538 0.690135840717 0.818357146071
5600 0.424104240007 0.424104240007
5609 4.44544264861 4.44544264861
5608 2.73537027606 3.30600210889
5134 1.07938254793 1.1892907724
1902 1.2726786092 1.44765317878
6517 2.54371184516 2.5630655111
428 1.14109988724 1.14109988724
421 4.11553215498 4.11553215498
420 2.94083149342 3.25468602602
3293 0.0147903125283 0.0147903125283
1393 2.53659947601 2.53659947601
1391 0.761874329449 1.2433340938
3810 1.72730770364 1.77464473293
3816 1.69277341485 1.69277341485
3814 0.263738620717 0.263738620717
3457 4.52036150838 4.52036150838
6420 0.43705707491 0.43705707491
4298 6.05699133377 6.05699133377
4294 2.02827446818 2.02827446818
4297 1.67700729363 1.67700729363
853 6.51244207267 6.56324202979
6428 1.17993986407 1.17993986407
6429 2.80170720818 2.80170720818
6412 0.212597600023 0.212597600023
7543 0.185516384793 0.185516384793
7547 5.35253289431 5.49374335381
6168 1.99997440528 2.1064446468
6160 3.81867360204 3.81867360204
6162 0.0682567950633 0.0682567950633
4749 1.53893377948 1.5626750024
4748 3.39624054973 3.81578003104
6767 2.30957275027 2.30957275027
6766 2.48603315668 2.84292844704
4740 3.83831823027 3.97632138611
4747 1.88287630681 1.88287630681
4744 0.921208140441 1.26741905084
5868 1.72506199754 1.72506199754
5865 2.20655210644 2.40562471796
4715 2.64274116778 2.64274116778
2183 2.43029530267 2.91436019725
7059 0.251071903439 0.251071903439
2181 0.636236985874 0.636236985874
2186 0.866135060117 0.866135060117
4606 5.00555062021 5.9275608635
2189 2.00434948067 2.00434948067
224 3.93404406897 3.93745283031
223 5.91073643893 5.91073643893
222 1.99066469382 2.49381270713
221 0.813961967092 0.813961967092
2212 1.76296344895 1.82766765978
2211 0.797505877107 1.11089485003
2210 1.43382802499 1.58258164884
2217 3.26377567847 3.26377567847
2216 2.27266615455 3.91433685438
2214 5.26221349155 5.26221349155
6699 0.721323192852 0.721323192852
7293 1.05196095239 1.12997542592
6697 1.17427000645 1.34877293985
6696 1.14118558131 1.25884689511
6694 0.940715213727 0.940715213727
151 0.713440042515 0.713440042515
155 1.48099545329 1.48099545329
156 3.26886644796 4.93695792094
2433 0.950330273768 0.950330273768
2431 2.9011472981 3.06118884243
2430 1.90420886093 1.90420886093
2437 4.31574397128 4.40572866916
2434 1.99112772513 2.17612383982
6340 3.47191217311 3.47191217311
6343 1.9191800486 2.26931297771
6344 4.43333254689 4.43333506966
6346 1.23494613932 1.23494613932
6349 0.902295771408 0.90237564072
4510 1.46056670912 2.0320104172
6809 2.33880231556 2.33880231556
4514 1.00817931252 1.14781813269
4515 3.53914979847 3.53914979847
6186 1.78065641897 1.78065641897
6183 1.46356448045 1.63016931176
6182 2.53541490372 2.53541490372
2508 3.8430822784 3.95007634791
2507 2.17160654302 2.96862399733
2506 2.65318679427 2.75202974249
2505 3.26357878183 3.31534880008
2503 1.27151571801 1.27151571801
5289 2.31860537568 2.31860537568
5288 1.66915497227 1.66915497227
2721 1.92190073146 2.43131952669
5280 2.48485441132 2.83026515036
5282 1.23236889246 1.23236889246
5287 3.03697825779 3.03697825779
7234 0.507614461061 0.600245199445
7235 6.41572484675 6.41572484675
7233 1.14143912976 1.14143912976
5047 4.04761064821 4.04761064821
5046 2.91708022658 2.91708022658
5045 9.35394346318 9.35394346318
1807 2.31719624462 2.36851471529
3783 1.65030147263 1.65030147263
1804 2.50194877158 3.47348505218
1802 1.87775614046 2.36400893688
3789 1.99598976305 1.99598976305
1809 5.57741678553 6.12539511406
1808 0.933020747624 0.933020747624
4994 2.07664031122 2.07664031122
6239 1.00332994151 1.00332994151
4993 2.20648305604 2.56415522958
4991 3.27889671833 3.27889671833
6234 2.37335338512 2.37335338512
6237 0.18251280908 0.182513765376
4999 0.0664420032906 0.0664420032906
1948 0.615891040671 0.615891040671
7301 2.39803196414 2.39803196414
7307 6.54505941225 6.54505941225
7304 4.55142234765 4.81218823948
7305 0.0280030022591 0.0280030022591
1943 0.999925541419 0.999925541419
1940 1.88210558285 1.88210609223
1941 1.49470865324 1.7733632601
1946 1.02471979754 1.11925890933
810 2.08134175708 2.71601665744
1252 3.28566050293 3.28566050293
812 1.00194080623 1.00194080623
814 0.605449743699 0.605449743699
817 3.41047057247 3.89917513985
2859 0.749846587912 0.749846587912
5183 1.5340493391 2.24651309008
2850 3.20828748416 3.70141488823
2852 2.02750000994 2.31961928715
2855 1.40473681728 1.40473681728
2857 6.53860674151 6.59216215802
2856 2.43801051874 2.43801051874
7045 6.28478908922 6.28478908922
1491 2.89115504337 2.89120025407
5463 2.95051755635 2.95051755635
5462 2.5115102467 2.61327213944
1494 2.83126337753 2.83126337753
3336 2.30854474714 2.9745720148
1496 2.18477341802 2.2542464797
7042 3.30505523812 3.30505523812
1499 4.74644057512 4.77888952938
1702 0.738892375018 0.738892375018
7328 2.79793300565 3.62167513717
1705 1.39948536003 1.39948536003
427 1.59270531707 1.60865568167
4574 4.82538803394 4.82538803394
1129 2.36228821443 2.42953548557
1123 0.73155442417 0.73155442417
6983 3.99583576501 4.21386892477
6982 1.22819351779 1.22819351779
1126 0.189545477677 0.189545477677
6980 2.89007569457 2.97666903425
2982 2.63443687142 2.63443687142
2981 2.19125988569 2.98890845917
2987 0.278101267277 0.278101267277
3022 4.11440742526 4.11440742526
2985 1.91358060859 1.91358060859
524 1.5979221004 1.5979221004
520 1.70461337762 1.76345710482
521 5.46629584584 5.46629584584
523 2.42891447723 2.67606317844
1012 0.785433572072 0.785433572072
1013 0.468561502451 0.468561502451
1234 2.06153958391 2.54272536137
1235 5.77987284144 5.79756416298
1237 0.895222225053 0.895222225053
1230 8.90784746705 8.90784746705
1231 0.243548406498 0.243548406498
304 2.3191422244 2.65029573191
4195 0.189323596057 0.192094244411
4192 0.98391891097 1.09264413023
1239 1.41413647219 1.95811384767
5674 1.93099237753 2.49873084402
4355 5.18032961501 5.18032961501
4357 0.132639109169 0.132639109169
4353 3.01235027879 3.01235027879
6507 0.857781266014 0.857781266014
4900 0.207781636692 0.207781636692
437 4.02248333342 4.02248333342
435 0.182043497377 0.182043497377
433 1.8664457082 2.04275233171
431 4.62144317154 5.06830642279
7158 1.04223484185 1.04223484185
3808 6.1548673375 6.1548673375
3802 1.28966762245 1.36024555413
6437 0.516591178158 0.516591178158
6435 1.66338739377 1.66338739377
6432 3.68226906722 3.68226906722
6431 9.68972361881 9.71158173665
5707 1.25275358042 1.60250912275
5700 2.59584646214 3.03660688541
5702 7.99754939703 7.99754939703
6438 0.845922818787 0.988362610052
2868 3.6836667173 4.40515793957
2869 3.48880534965 3.48880534965
7553 1.08879955722 1.44065066101
7551 2.24635157283 2.24635157283
7550 1.63568689694 1.63568689694
7557 1.56099169983 1.56099169983
7578 0.460395329231 0.462182355775
4774 3.11405687419 3.32418556555
4770 6.37607051556 6.37607051556
4778 3.07824422925 3.07824422925
6421 0.104236341153 0.10446381258
4175 0.38829905814 0.388769689477
4172 2.13933141048 2.19878749117
6752 0.147792277543 0.147792277543
6756 2.74729049718 3.79536164584
4179 3.05709540338 4.9660030028
6755 3.59237847867 3.59237847867
7171 5.10174810262 5.51805422376
5815 1.38860629001 1.38860629001
5816 1.69834313888 1.84375637905
4296 1.93988470386 2.4195333889
7173 4.41732519257 4.60851945882
5064 0.667100354788 0.667100354788
4619 0.547492155889 0.808951100165
234 3.49144005133 3.9682062956
4610 0.379562030936 0.379562030936
236 3.1249334279 3.1249334279
4615 1.12934245989 1.12934245989
231 3.35626417676 3.35626417676
4617 1.88348894857 1.88348894857
233 4.82441001657 4.82441001657
7392 3.16257598736 3.16257598736
2223 0.371599239168 0.371599239168
5924 3.06055149006 3.06055149006
5925 1.38483998026 1.79020739041
4881 0.371204808491 0.371204808491
146 0.597511675882 0.597511675882
5356 0.243249257679 0.243249257679
5143 0.217384016511 0.217384016511
4501 1.09206879675 1.09420017492
4503 0.960492892788 0.960492892788
4502 0.489418093656 0.489418093656
4508 2.28414646416 2.28414646416
2089 1.42166554531 1.42166554531
2080 2.48329450977 2.62068731026
3403 2.58961189477 2.58961189477
2538 2.84544118978 2.99427628211
2539 0.427957465261 0.531821156901
2530 2.13813718145 2.46586042347
2537 0.670483577521 0.681503210129
2713 0.942924030899 1.37007434322
5453 9.29945387903 9.29945387903
2716 2.68917593851 3.35323809343
2714 2.19196273238 2.28979252667
2715 3.91546843004 5.92622160192
5078 1.6100642893 2.00423382119
7222 1.50430506042 1.63062793301
5456 2.29803802425 2.35405278083
7227 1.98751018107 1.98751018107
7226 2.56619166818 3.24425180845
5072 1.59814786648 1.59814786648
5457 1.55859747755 1.55859747755
5076 0.368183114358 0.368183114358
5077 1.93240869499 2.10479325652
1832 3.07877624469 3.09155632852
1833 0.947399428234 0.951583936115
1830 2.93383707674 2.97971765151
1831 3.09039679732 4.1392575034
1836 0.0638153111878 0.0638153111878
1837 3.35998765601 3.73862934744
1838 1.20206050194 1.20206050194
1839 1.22582333309 1.47586110146
2155 1.61064285303 1.80910434088
2156 2.86775211502 2.86775211502
2157 2.91223663457 2.91223663457
2402 8.48784414291 8.48784414291
2151 1.8925954143 2.04724767867
6240 0.829130093918 1.00415837201
4988 2.18321959963 2.1832328374
7446 0.309661485072 0.309661485072
2158 5.49450569455 5.67352991774
936 0.0357531047083 0.0357531047083
6246 0.871940650259 0.871940650259
2409 1.33743979425 1.74852944466
5381 4.94333129192 4.94333129192
5382 1.21904246909 1.57599218026
5383 2.47579708929 2.47579708929
5386 4.05072586518 4.05072586518
5387 0.0728024045381 0.076298949202
5388 0.386667605351 0.386667605351
1691 4.17272978154 5.08966091356
1955 0.904801654545 0.906252279324
1957 1.93029619721 2.28125476715
1956 5.29409759411 5.29409759411
1959 3.1128568312 3.53983119676
3243 6.29282571544 6.29286781138
3242 5.69300598373 7.45950766794
3247 0.913098999857 0.913225869725
7310 1.72935147926 1.97462777653
3245 0.777592045688 1.02164531902
3244 3.53743373507 3.60712579005
826 0.500519630289 0.500519630289
821 1.50742863803 1.65769294103
820 0.997017018317 1.06012169838
1483 1.07020905931 1.07020905931
1482 1.53725376787 2.16994158851
1480 1.54489953337 1.56783188464
1487 1.98098428094 2.04305105718
1486 2.22082700797 2.22082700797
1485 2.03008178375 2.21704571019
7037 1.56976988539 1.56976988539
5496 1.62845830901 1.90223148886
3300 0.970714627015 1.49842101218
5493 1.96288800848 2.33638305801
796 1.22572691868 1.22572691868
795 1.5790342374 1.5790342374
5251 2.87961946962 3.54452670887
5256 1.00126761657 1.23680593594
5257 1.84060475616 1.84060475616
5254 3.8060759468 4.79378040044
1719 0.594753698706 0.594753698706
1718 1.38715483533 1.93590290215
613 0.360637426105 0.360637426105
2414 1.9000767825 1.9000767825
1139 1.7883772695 1.7883772695
1273 5.94242307771 6.10029177874
1995 0.999948460397 1.36716088328
1275 0.0148218741167 0.0148218741167
5940 1.83186924405 1.83186924405
3011 1.80687415739 2.10478948771
3016 3.11845910217 3.11845910217
7141 2.91710360862 2.91710360862
3014 1.401429981 1.401429981
7143 0.693442682092 0.693442682092
926 3.14357565244 3.14357565244
1007 0.533885337225 0.571690580677
1005 2.21993411181 2.53213251285
512 6.71469131096 6.71469131096
515 1.07164884013 1.21613761062
517 1.90092558189 2.57416231569
516 0.300969494765 0.300975432405
1226 1.29396739738 1.37050213542
621 1.09925983369 1.09925983369
1223 0.644868303296 0.644868303296
626 5.31604627569 5.54294822378
1221 3.44639124612 3.44639124612
4182 0.0941118699919 0.0941118699919
4184 2.87729150557 2.87729150557
4186 1.55916392969 1.55916392969
5662 1.53363775131 1.82496540826
6533 1.35108519398 1.75613585323
4349 1.00472341897 1.02364535713
7562 5.39762659764 6.21870980431
5669 0.374101925715 0.385027111084
4341 1.02089897956 1.14114498354
2883 5.6168237787 5.61687578363
7498 1.32030086634 1.41585364798
2887 2.99571022425 2.99571022425
2884 0.70529633785 0.70529633785
7493 3.19115428808 3.82717585667
7490 4.87211502248 4.87211502248
7491 2.48585611092 2.53972370626
7497 2.51239913133 2.51239913133
7494 1.96298291686 2.0272948099
3878 4.45647928829 5.66417885754
3879 2.00714405588 2.04243586869
3874 2.41465323217 2.45844272946
3876 6.14790269294 6.14790269294
6403 1.52171242888 1.52171242888
6400 3.37022102983 3.82001828755
15 1.7555000602 2.03618060647
14 2.17316164246 2.17316164246
6404 3.24292661884 3.24394711875
1921 2.41983721476 3.22614891723
19 2.54458451048 2.54822646417
7568 1.28564251367 1.35361577599
7561 0.15295288833 0.152954806414
7374 1.76486486044 1.76486486044
3907 0.465906812222 0.465906812222
3902 3.94033626889 3.94033626889
4761 3.10061508617 3.44447140801
4760 1.59905053119 1.8764142268
4763 0.2374090187 0.2374090187
4764 5.43481285817 5.43481285817
6748 1.985938424 2.84086155282
4167 7.00440275281 7.00440275281
4162 1.36826169257 1.464481783
4161 1.49981455934 1.88595054782
205 2.59814450994 2.78705457287
204 2.27727893375 2.71232053683
209 3.81825900887 3.81825900887
830 2.99039722075 2.99039722075
7181 0.359942911135 0.362001651642
2233 5.12278474008 5.12278474008
2232 1.19961995021 1.19961995021
5937 8.33148500689 8.33150300046
5936 0.742425800981 0.815749864228
5934 4.73038052873 5.02264808079
5933 3.6800319431 4.19696740986
5932 1.50149487758 2.0564391362
5931 1.881286299 2.19827890997
5938 3.63709279833 3.63709279833
7140 1.81872901876 1.81872901876
3499 1.24098094566 1.44511573179
3495 2.21737857128 2.21737857128
3491 0.509508155042 0.509508155042
4570 2.43940981646 3.05662213988
4572 5.80549337694 5.99609564451
2096 2.74688248344 3.26132641196
2091 2.50046236927 2.54725564258
5096 7.90029525891 7.90029525891
4576 1.00942938278 1.00942938278
2092 2.20543013592 2.52105787955
3657 4.71403439296 6.11938008135
4604 4.76249611791 4.76249611791
2525 0.626406602804 0.626406602804
2524 0.668171030116 0.668171030116
2527 9.0040716406 9.00409699376
4602 3.05955779289 3.65478518536
6902 3.74884815978 5.11419151965
5065 0.787255748479 0.89849822266
4889 2.55904532919 2.55904532919
5067 1.45547483837 1.63548105681
5066 0.965239264911 1.0449650841
5061 0.180695691327 0.180695691327
2708 1.13246459252 1.13246459252
7262 1.81463112272 2.19869355841
5062 0.626687819939 0.626687819939
2704 1.28371864216 1.28376001381
5069 3.43431271869 3.68203064967
4885 0.711545602885 0.711545602885
2702 0.82983411948 0.82983411948
4193 1.82350982797 2.03954596506
1828 0.730760701299 0.730760701299
1825 1.58274006323 1.58274006323
7453 2.21090473422 2.86603752232
928 1.56132787488 1.61337064133
2146 3.64722658059 3.76540716608
7072 3.17015662358 3.17015662358
2142 2.30554259355 2.49555348639
2140 1.16691487873 1.16691487873
921 1.50118860696 1.50118860696
4498 1.40215080044 1.49911322928
924 1.96367507003 2.08945546094
4971 0.0325227105129 0.0325227105129
2149 3.11409909871 3.11409909871
5745 1.06444167986 1.07161541864
5392 0.00476681473458 0.00476681473458
5395 3.85789721784 3.85789721784
3276 1.10431613681 1.10431613681
3277 1.27506097727 1.27506097727
1924 0.704341052545 0.704463485716
1926 0.683959573377 0.683959573377
5749 1.50487818038 1.50487993844
3278 1.56196308187 1.69676529942
7369 1.5066073654 1.5066073654
3476 0.807209260379 0.807209260379
831 3.40099129755 3.40099129755
837 1.08646385277 1.08646385277
7361 2.49324217273 2.54261303717
3478 1.54466176212 1.74977414335
5586 3.47346141823 3.47346141823
3332 0.166550382873 0.166550382873
3318 0.0836108434802 0.0836108434802
6571 5.98178013843 6.06786065857
5488 0.840304460445 1.08753123487
5484 2.03374062536 2.50441875893
5483 0.998596527393 0.998596527393
5482 1.83958917096 2.17680624544
5481 1.81986299528 2.07607203508
5480 5.1996716837 5.1996716837
785 0.667398870354 0.667398870354
786 2.95371593888 2.95371593888
7450 2.55945829177 2.55945829177
1728 3.27557616938 3.27557616938
783 0.462600226045 0.462600226045
6591 3.38247678824 3.38247678824
1727 1.58491605263 1.58491605263
5246 1.55156254027 1.637379291
1722 1.68285643094 2.55233761685
789 5.39410619086 5.39410619086
1720 4.31862173446 4.31862173446
5242 2.00060445451 2.00060445451
7594 1.2617662826 1.2617662826
61 3.50363226623 3.58731535764
3006 1.4668799847 1.4668799847
3000 2.02261912831 2.30151638211
66 1.89168137164 1.89168137164
68 1.88098092739 2.09693685631
69 1.30376190294 1.86512131982
3008 1.00322566173 1.00322566173
7159 0.995935045176 1.3422893204
1370 4.96420114271 4.96420114271
7153 0.795668257288 0.795668257288
7152 2.20797817337 2.20797817337
1584 0.329004969377 0.329004969377
1585 0.977702834683 1.27266381194
6826 1.00529434136 1.09948520527
509 3.65616187377 3.87112461735
1032 1.62329421725 1.62329421725
505 1.35769890109 1.35769890109
502 4.10760869268 4.44056016675
1037 1.91227307607 1.91227307607
1212 0.766966231236 0.766966231236
1210 2.99800974437 3.02592543061
633 2.05122463328 2.05122463328
1216 1.51521711556 1.69112149234
635 1.97903467564 1.97903467564
638 3.54446759625 3.54446759625
1218 1.11808660484 1.11808660484
1219 2.11374227039 2.82614174824
6521 2.09077832309 2.4879142537
7484 2.54234002497 2.91277634372
7487 3.84609865808 3.84609865808
4379 2.49362647543 2.49362647543
7483 1.19360590661 1.19370482376
5659 2.0569368708 2.82175216668
5655 1.09910185517 1.0993261624
5652 0.994349377439 0.994349377439
4377 5.37242077009 5.37253892262
2899 3.39989835725 5.28241212922
2895 0.563507136954 0.758367378931
2891 9.17693986332 9.17693986332
2890 3.49195686684 3.79795284604
1106 1.70406608448 2.2668035214
1455 4.75592213804 5.31239381596
1102 3.50325894351 4.95073410989
1103 1.37998390238 1.37998390238
1453 0.710688505657 0.826227127987
1458 1.91396704603 2.48480185308
1899 2.75398834399 4.07190751853
4082 1.35077270263 2.23074633444
3868 1.6221138732 1.87298391242
4088 3.61246119624 3.61246119624
5241 1.49503722321 1.49503722321
3738 1.32031188853 1.43369736581
3866 0.0807310590478 0.0807310590478
3864 11.0072215684 11.0072215684
7073 8.41262061178 8.41262061178
3735 3.52778873223 3.52778873223
5729 2.60144020707 3.95269362136
6419 1.05991686171 1.5907718166
6418 1.09807641679 1.26567290536
6415 1.95227104987 2.38542987246
5723 2.28233398541 2.28233398541
5720 2.16575934687 2.38486802681
5721 2.73539577086 3.15834736524
6411 4.47282929158 5.28507832139
5727 6.64412060347 6.64412060347
5724 1.70152843719 2.1413004202
5725 0.337969387534 0.337969387534
3913 1.45972081916 3.59878150306
3912 1.47626687064 1.52330987333
3918 1.69498685184 1.9984981096
6732 2.80202821407 2.80202821407
6734 0.65976361132 0.65976361132
6736 2.29991839157 3.24262842931
6737 2.66174890479 3.4521845067
6738 3.51496324934 3.51496324934
4796 1.66743476165 1.66743476165
4790 1.6386823227 1.77354074551
5836 3.07928702548 3.07928702548
4153 1.91605870692 1.91605870692
5834 3.6868309515 3.6868309515
5835 2.51001607841 2.57533957411
4154 1.36895172971 1.36895172971
5831 0.070963719779 0.111923172048
4159 4.73874521222 6.23938070463
4698 4.3026443168 6.35177217271
219 2.68983855383 2.83536034684
7464 0.585168551949 0.585168551949
6087 2.53931149483 2.53931149483
6084 3.15700839164 3.15700839164
6083 2.71414666755 2.71414666755
6644 1.14851304098 1.33805032603
6640 3.38896214844 3.60759062381
6642 1.74601357975 1.74601357975
5902 2.7235189959 2.7235189959
5904 1.24923778066 1.24923778066
5909 2.72127651274 2.72127651274
6497 0.225839493209 0.225876540389
3488 4.44811065342 5.18957686785
3481 5.34418866474 5.61522866486
3480 7.59611651827 7.59611651827
3482 3.37259303546 3.37259303546
3487 4.99476825542 5.4355733507
3486 3.78617896053 3.78617896053
4566 2.49852112632 2.49852112632
4565 0.98195825389 1.13645639514
4569 2.11848256751 2.16359481867
7080 2.80668287185 3.36471820908
2551 2.54425101345 3.87744098049
2552 7.57768513063 7.57768513063
2554 1.50412676744 1.77385574819
2555 1.49433337355 1.49433337355
6396 1.05967460644 1.05967460644
6397 5.4138697687 5.4138697687
2397 10.0000717029 10.0000717029
2394 1.10476283154 1.53423551293
63 2.36143235192 2.36143235192
5013 2.37974783121 2.37974783121
5014 4.93240776619 4.93240776619
2771 1.74229703195 2.6852327616
2772 1.852992314 2.30777872336
4897 1.49111962783 1.57661036484
2775 1.7269966303 1.7757701637
2777 1.53757367603 1.76525856154
1859 0.497766464766 0.665836817402
6260 4.80163757954 4.80163757954
4418 2.0109178298 2.86455147664
4417 5.26178788597 5.26178788597
4416 4.37792948029 4.37792948029
1852 4.43021510348 4.43021510348
1853 0.746530874884 0.862020174267
1855 0.462329766048 0.462329766048
6269 3.33501378034 3.98326643188
5168 1.41928489386 1.41928489386
2171 0.749990544687 0.749990544687
2176 3.05765991412 3.05765991412
918 0.681695080096 0.681695080096
6063 0.728884010715 0.743150372708
4967 2.5109935045 4.23844366242
914 5.6352549379 5.6352549379
917 2.27440641828 2.27440641828
2179 1.23864320469 1.23864320469
912 1.49740985091 1.74279319539
2603 1.54602287524 1.54602287524
2609 2.61936937601 2.61936937601
1930 7.09321811753 7.09321811753
1937 5.61525104798 5.61525104798
3269 1.49800588036 1.52551908254
1939 3.29816552744 3.29816552744
5127 2.03868134005 2.18241308277
5121 2.04046276576 2.68228395136
845 1.68791777026 1.71004890517
3464 1.58633711672 1.58633711672
3463 2.41580003621 2.41580012057
842 1.7710771071 2.01689963232
7091 3.20303197883 3.20303197883
7375 0.572301781729 0.572301781729
848 1.87729518335 2.17739589343
7012 0.863574469373 1.03489914264
7013 3.78917583723 3.79054984849
7011 0.748771618734 0.748771618734
1731 0.258802819426 0.258802819426
1732 1.98563416405 2.47639251507
5234 2.34579249697 2.34579249697
1806 5.33395275815 5.46716660488
758 2.89018969896 3.28932222933
7088 1.02642885416 1.02642885416
1595 0.726335356539 0.726335356539
6887 0.554337747301 0.571068842104
1597 4.96231459078 5.19994218523
3074 2.01633019125 2.59383544035
3075 2.13570216001 2.25761001932
1592 1.15527318397 1.25439488606
3078 0.284914965833 0.284914965833
3079 2.31514472459 3.32322078949
1599 3.83708209112 4.0848735102
1598 2.94064167375 2.94064167375
6889 1.58119571608 1.85924393498
5344 1.67261853762 1.74538951311
5345 0.3689039553 0.3689039553
7168 1.93002534154 3.07552931062
1021 2.56208077088 2.56208077088
1023 4.49346792508 4.49346792508
7163 1.03648197048 1.04052311584
7166 1.66283593062 1.80525511752
7164 1.57762029251 1.57762029251
7165 5.54848932398 5.54848932398
604 3.14156794378 3.14156794378
4367 2.41534813104 2.70149948695
4361 4.18074713709 4.18074713709
4363 6.95293820441 7.735623621
4362 1.94257282273 1.94257282273
1203 3.91666197236 3.91666197236
5649 3.03735674738 3.60120132164
1211 1.99552512984 1.99552512984
5641 2.06578898629 2.06578898629
6041 1.22075472876 1.40689598325
5642 1.82366410534 2.16919172598
5646 0.142101494092 0.142101494092
6335 0.752239621442 0.752239621442
3105 2.93014750947 2.93014750947
3107 4.56115093392 4.608962417
3102 1.28545151197 2.06537428536
3103 0.14364105082 0.14364105082
1112 2.57340902042 2.57340902042
1443 6.00250050873 7.48174275076
1114 6.23845565687 6.23845565687
1116 2.31800041102 2.31800041102
4093 6.65304631344 7.07072060738
4091 4.92358031673 5.68421813272
6332 9.15670438645 9.15670438645
5737 1.77735249193 1.81392334947
5736 0.700383940763 0.700383940763
489 2.58151039319 2.62855830793
488 1.75459644501 1.75459644501
487 0.466732217448 0.466732217448
485 1.9991475064 2.79075016819
4587 2.70569231067 2.70569231067
480 4.39984217849 4.39984217849
7585 2.85251679972 2.85251679972
6463 0.853419911649 0.999540624216
7580 4.9495308947 6.08025331132
4725 2.89218367775 2.89218367775
4851 1.47691100901 1.55248909203
5300 3.99542887484 5.27394720072
3926 1.08243025372 1.08243025372
3927 1.99881217507 2.60993090984
3924 2.23518891448 2.23518891448
6526 0.199623478796 0.199623478796
6722 1.00037724835 1.00037724835
4782 0.254160756794 0.254160756794
4781 2.84210547768 4.83831540789
4149 5.98231333021 5.98231333021
5827 1.16664176897 1.54935728342
5826 2.52763290775 2.93716374856
4144 2.32167630719 2.32167630719
4141 4.84960749411 5.43334173015
4143 1.21532083331 1.21532083331
3857 4.2015666576 5.3700826322
3855 1.36206571023 1.36206571023
3852 1.31770518576 1.31783991597
3859 3.993708577 3.993708577
6099 1.28527128909 1.57934147271
6098 0.250000492265 0.250000492265
6091 3.79978327765 3.93081235883
6094 1.37253474672 1.37253474672
6917 5.38906807957 5.58836085947
6657 6.62916556928 6.62916556928
6655 2.00122909378 2.01681310628
6048 1.41026483137 1.41026483137
6651 2.06211788325 2.06272434626
5915 1.88225397574 2.19135418834
5911 5.0864473447 5.72205523271
4820 2.44418219893 2.74178189722
199 0.873429116792 0.873429116792
195 2.61676692588 2.61676692588
196 5.94410733974 5.94529084679
190 0.911968172771 0.911968172771
6384 3.21380872512 4.17134599397
6387 2.41636065774 2.72298924115
3679 6.01633732205 6.28042719196
4558 1.47686285238 2.1009169218
3676 2.00920419224 2.63593674326
4553 2.42759590817 2.69518110932
4550 4.18001143088 4.46637159125
2541 1.07338003557 1.17208873636
2546 1.17507714162 1.17507714162
2380 1.67982913725 1.67982913725
2383 2.58104152297 2.58104152297
2386 1.31164823429 1.59197982639
3580 0.639808088978 0.790986762458
3583 3.80516135362 5.17591964904
3585 2.91486108115 2.91486108115
3587 3.62720444574 3.76192759759
2761 2.22961537168 2.60871775703
2767 1.73172551036 1.73172551036
2765 2.00750192796 3.04312191514
2764 2.15609794272 2.30087974999
6913 3.27724111365 3.27724111365
902 1.25337935633 1.25337935633
1849 1.9225166163 2.8850532185
6277 0.521019659511 0.526399714622
6276 5.99966628518 7.84786214874
1843 3.3576852373 3.3576852373
4423 1.9611863253 3.09622308645
4420 0.950870733325 1.06457120242
1847 3.64507539822 3.64507539822
6077 2.03415155943 2.79879778378
2168 1.07898791982 1.07898791982
6071 1.60666384793 2.15927220997
6070 6.10283710285 6.10283710285
4951 9.05180230719 9.05180230719
4956 1.26021925453 1.53525027065
2160 1.3724291886 1.3724291886
7309 0.130622123185 0.130622123185
2613 2.60877637924 2.60877859829
7095 0.448286875294 0.448286875294
2618 0.51702693281 0.518471027252
7347 3.10905236302 3.10905236302
7345 6.99995777772 6.99995777772
3298 0.529703244346 0.61128418943
5138 1.47888343939 1.47888343939
3294 0.083203912955 0.0835022824041
1907 4.69795314657 5.77148074886
3296 4.32281565476 4.57181826298
3297 4.67012167644 4.74852756622
3290 0.396118285451 0.530527061671
5132 1.61061795526 2.54607349492
5131 5.80754113457 5.80754113457
1901 2.02708137435 2.55250384551
3452 1.79322566917 2.47238920911
3450 2.3514014203 2.55598448128
3456 2.67161325814 2.67161325814
851 2.04212759328 2.9270355824
3455 0.993783170176 0.993783170176
3863 1.47886666238 1.47886666238
6 0.820910812557 0.913054794945
7001 1.48948263244 1.99660155303
7005 0.659608423144 0.659608423144
7006 2.07654858135 2.49272131095
5229 1.6835883215 2.08833019503
5228 3.60645767405 3.92367309832
5223 2.84811960466 3.33949949822
5224 1.05948348212 1.05948348212
743 4.34069572294 4.34069572294
744 0.982040771635 0.982040771635
745 1.24826432434 1.54272918959
746 3.27120882064 3.27120882064
747 5.30125906214 5.30125906214
748 11.0442738942 11.0442738942
3062 1.88118393561 1.88118393561
7177 0.579407829502 0.762672831617
7176 4.54758279231 6.18595745913
6895 1.54268905339 2.3755992502
3065 5.25400346921 5.25400346921
3064 2.22159241192 3.0001368235
2947 4.54966661312 4.54966661312
3069 1.69140637213 1.69140637213
3068 0.999156910109 1.19338151791
7178 2.95057023321 3.18440222594
2941 3.40243380298 3.49861066805
1051 2.77840685926 2.93393562066
1053 3.41176154573 3.72844907873
1056 1.63258284084 2.05727757773
1057 3.48233372778 3.48233372778
1693 3.20520132781 3.20520132781
2919 1.00305064201 1.08939634092
1699 5.23626482222 5.23626482222
4311 1.69371115964 1.69371115964
618 3.24279296439 3.24279296439
4315 5.6599193804 5.79279279069
4317 2.11690664562 2.11690664562
1797 0.89435497404 1.13747075301
611 2.21932638343 2.97661084737
617 3.28611394906 4.12092754395
7574 0.163626764902 0.163656660109
3118 1.6949470183 1.6949470183
3116 2.93444641921 3.09614303046
3115 1.84636920667 1.92092012242
3110 1.90301040128 2.2709869637
7579 0.881682834697 0.881682834697
1470 2.92168623705 3.20317205526
1474 4.42958168603 4.45888191053
1475 7.78217940527 7.78217940527
7041 3.21815676229 3.21815676229
6143 0.523545049737 0.523545049737
1479 6.60427804002 6.667258897
5464 1.10285822652 1.10285822652
1301 0.666448717229 0.666448717229
7129 2.20732845572 2.41515649761
1308 2.55926818807 3.58623506931
6410 1.71970338635 1.78611492294
5740 5.43854751701 5.43854751701
4229 0.996474816165 0.996474816165
3597 1.00115694475 1.00115694475
496 0.100804480642 0.100804480642
4227 5.98783577424 6.28980260401
490 4.85156999077 4.8517011792
4221 1.40777818806 1.60393432207
493 3.21621196105 3.46867333944
24 5.39815173919 5.48041631066
25 1.32630902455 1.4282840697
5584 1.41797961388 2.20008669304
22 3.14627834278 3.41185167046
23 3.40401598203 3.40401598203
7595 0.946912516861 1.20129785273
6470 2.64715489771 3.57680848229
6476 7.29052173105 7.29052173105
7591 0.730332664538 0.872679354008
5589 2.77293511171 2.77293511171
3938 7.39428108365 7.39428108365
3936 2.70190029862 2.71909829588
5265 1.73095590048 1.73095590048
6718 1.3565273867 1.3565273867
6716 4.40877969384 5.08958759937
6717 2.23479946333 2.23479946333
6710 1.87932341106 1.87932341106
4138 3.7396482479 3.7396482479
4130 2.71909629351 2.74865825166
7474 1.43967364491 1.78679475141
5692 2.05737616848 2.65924626895
3840 1.29088377239 1.8610317772
3843 5.80470534042 5.85826916223
5691 3.35791779186 3.35791779186
5694 0.467736311033 0.467736311033
3849 1.55424042349 2.15739097838
1872 1.83422442444 1.83422442444
4046 1.88038432259 1.9369224549
4047 5.76296815038 6.31507723949
4048 7.03848320855 7.61951663878
5968 0.261298377767 0.261298377767
5969 1.26569416042 1.45574045658
5963 1.81852947449 1.81852947449
5964 1.48504027708 1.49033881777
2289 0.499751062725 0.499751062725
3667 1.20245662639 1.20245662639
3661 3.07230209308 4.05851669817
2280 2.74411577772 2.74411577772
2282 3.46924437143 3.46924437143
5433 5.51528105877 5.55837807823
2287 3.38210642108 4.68968294287
4543 6.64627071658 6.72114366778
4546 0.925034483542 0.925034483542
2579 0.0846454939681 0.0846454939681
2572 2.81637043369 3.12213723398
2570 2.53512514448 2.53512514448
4534 1.33846404319 1.6377944276
2378 4.62528636417 4.62528636417
4827 2.96542338246 3.31334314996
2376 0.884334884676 1.05403413531
2370 1.9120958998 1.9120958998
2373 0.0307946893768 0.0307946893768
3592 1.19408273055 1.19409188767
2596 0.965798192694 0.965798192694
2590 1.23972105105 1.23972105105
3595 1.55427523135 2.40947686804
3594 1.9995240644 2.19097802929
5036 3.98195349663 4.01384969468
6280 2.51559314682 2.70395043106
5030 0.500447835898 0.500447835898
4531 2.60696663704 3.1840537144
4434 0.203815199027 0.203815199027
4437 1.72498225642 1.75986971708
1084 4.39347496031 4.39351333013
4431 2.28414478685 2.28414478685
4430 0.723737479305 0.723737479305
4433 1.60652049881 1.60735333669
6283 1.73328135587 1.79936780186
4438 8.42672632778 8.42672632778
1878 0.619780139243 0.619780139243
6595 2.78207828219 3.80000886304
970 1.45458436447 1.45458436447
5581 3.00924430752 3.00924430752
6287 1.49235840951 1.49236345511
4949 2.99992142179 3.08240809117
4948 1.64077203129 1.64077203129
6282 2.23756642677 2.91672621989
978 0.736549016691 0.753924754638
6043 2.24720457648 2.57108576571
6040 7.41545048516 7.43507171746
181 4.84090981253 4.84090981253
186 1.40770131615 2.19306593701
6044 0.276655553083 0.276655553083
6045 3.24183226377 3.78617922802
2112 1.63958479765 1.63958479765
189 1.74894351869 2.10910496178
2114 2.86964259289 3.13464186199
2115 1.01926111693 1.13312447791
2117 1.50353439172 1.50764431803
2627 3.43007225574 4.01353005316
2624 4.17129089378 4.17129089378
5837 5.81714336246 5.88084031006
7351 3.50533258441 5.56383018458
1918 1.78916976873 1.78916976873
7355 1.55269994383 1.55269994383
4924 2.61421739846 2.61421739846
7357 3.92398566378 3.92398566378
7356 4.23169962921 5.62539915992
3287 4.96959150651 5.83081128688
3286 2.65511816624 2.65511816624
3284 1.93617284851 2.06765891905
188 2.83728485772 2.83728485772
869 2.26225368411 2.44854415486
860 5.51850423936 7.3799215456
3440 3.53827320475 3.92533240364
3443 2.17327835035 2.17327835035
2027 2.68712535736 2.68712535736
2750 3.88620168344 3.88620168344
2023 2.33596981141 3.015542646
2758 2.71607996986 2.85427553085
881 0.674652767573 0.675078890885
886 0.368510976031 0.368524997123
888 1.60713738502 1.67297274606
5217 2.18571037829 2.53693637494
5214 3.69973208824 3.69973208824
5210 1.82234576824 2.04351498391
5211 3.68308235493 3.7094881978
5218 2.52744398265 2.52758424734
5219 7.60173327777 7.60173327777
7504 4.99999372939 5.00068842476
5414 1.48483784775 1.96811670858
777 0.841132960569 1.13630180756
770 3.06967768033 3.29948061688
772 0.888924577523 0.888924577523
7503 0.999716550555 0.999716550555
779 4.46909015064 5.95009579414
7638 0.0493787772669 0.0493787772669
4675 3.37729936755 3.94214634419
76 1.42336425083 1.89824720949
2978 0.475263171767 0.475263171767
72 0.643830982614 0.643830982614
3058 6.00351257851 6.26579620463
2972 3.76176264787 3.76176264787
2973 4.65232138741 4.65232138741
3054 1.76939074986 1.76939074986
3052 1.10950643508 1.45405850724
2977 1.66506145026 2.09829095439
3050 8.87421707579 8.87421707579
2975 3.51005251507 3.51005251507
1042 1.50070585552 1.91163383089
1041 1.96818567761 2.30719421798
1040 0.795510770076 0.795510770076
1046 5.032112693 6.40149391373
1049 2.56106323658 2.56106323658
1683 3.19532500821 3.19533830099
1685 4.59000244191 5.35817785573
1684 2.80902326471 3.0343886847
1687 2.68328609131 3.31369742324
4802 1.67658117197 1.75452780751
7354 3.0079982998 3.0079982998
4301 1.63426141061 1.70911459549
1268 1.8328066922 1.8328066922
1263 2.06238853476 2.1412757259
1261 3.05948873507 3.05948873507
4308 3.87531613858 3.87531613858
1267 1.66220431456 1.73549757234
1266 3.52360339383 4.34620626191
1264 3.52546907066 3.53238183093
7359 5.53063158424 5.53063158424
3021 1.0527090811 1.31441445327
5103 2.45538717788 2.48675680814
3128 0.930778900297 1.27528022319
3129 0.766191874484 0.908264407265
7619 0.923471053941 0.923471053941
3122 3.62930013023 3.62930013023
3121 0.998738270191 0.998738270191
3127 1.83170785165 1.83170785165
1914 2.53861928532 2.53861928532
1465 1.9969297164 2.15479774734
6065 3.50142457115 3.83474014757
1461 2.77364300274 2.77364300274
1313 2.06258590809 2.26962016744
1312 1.23435061967 1.47733228704
1310 5.99616192085 5.99616192085
1319 3.54045218143 3.54045218143
6914 3.7500063362 3.7500063362
6915 0.667365447324 0.667365447324
6444 2.10481822187 2.65045850038
5750 0.15592110471 0.15592110471
5757 1.58177410594 1.58177410594
6440 2.89919231722 3.51644818929
5754 0.433160501803 0.433160501803
4236 3.80351492466 3.80351492466
6919 4.25770698759 5.501521632
6124 4.67014806153 4.67014806153
312 1.6118365885 1.6118365885
311 0.752264208827 0.752264208827
316 1.51520974622 1.72159903061
315 3.26821163836 3.26821163836
314 2.00015926317 2.00015926317
6701 0.996230039655 0.996230039655
6703 3.45312404391 3.45326271233
6702 0.926224011452 0.926224011452
6705 5.43197390893 5.43197390893
6704 3.9917160902 3.9917160902
6707 0.498444004144 0.667165905543
7435 2.41751190022 2.41751190022
7436 3.66883880528 4.35992203097
7437 3.10415286173 3.80692313374
7431 2.57535374142 3.5028080905
5685 0.887616760474 0.887616760474
5687 1.52552040002 1.85300539091
5681 1.67588806051 1.74854921969
5683 0.562810142232 0.58140429785
1330 1.75071173533 2.32701395598
6674 1.1040039607 1.1040039607
4704 1.84601308565 1.84601308565
6671 1.33547876259 1.33547876259
4054 2.50201089759 3.1576224081
4053 2.01156772177 2.01156772177
4052 3.56212377314 3.56212377314
4050 1.9837856476 2.21529619098
6218 0.817380148644 0.817380148644
5976 6.03396528063 6.08307080794
5974 0.852359413841 0.875331428616
2299 3.33552936279 3.90656177778
3613 3.60630537753 3.60630537753
3614 4.02504876579 5.14797293378
3615 0.302747963027 0.302747963027
3616 0.143170523893 0.143170523893
2292 3.18881940672 3.18916506513
6939 4.23597358878 4.267016194
2561 2.12627840452 2.64340039895
2562 3.10339653693 3.99106965615
2566 4.66394769476 4.66394769476
2368 2.50079422402 2.74197383284
2367 6.03396096668 6.45002688198
2366 0.365386526979 0.365386526979
2364 1.37059474062 1.42426326532
2587 3.98022652561 3.98195721904
2586 3.02257270002 4.50142403776
2585 3.61763910242 4.54910118005
2584 2.00860092884 2.44421152633
7294 2.51017407756 2.56941180792
7295 1.15398629556 1.15398629556
2580 4.4045280399 4.4045280399
5021 6.28168979893 6.30621025653
5024 2.51090172313 2.56380863786
5026 2.24002744335 2.42632410714
4441 2.40003610195 2.40009127644
4442 0.945544299184 0.94594099457
4443 3.22880207209 3.22880207209
4444 0.853603886936 1.00425284143
4445 8.55120570358 8.55120570358
1867 1.97923545316 2.00139735697
1866 0.433495631876 0.433495631876
4448 2.84907443802 2.84907443802
3721 3.44448489455 3.44448489455
3722 0.847865905637 0.847865905637
961 2.44907747736 2.89519513935
6299 2.17188254845 2.58788718919
963 0.489417088187 0.531159961215
6297 2.71283301395 2.82014531993
6293 1.48362517243 1.48362517243
4688 3.46628891928 3.93604146677
6290 2.12864661217 2.12916822005
2108 2.80479307632 3.52706406176
6059 1.84030384631 1.84030384631
2103 1.50701615095 1.93942541623
2102 1.14732156384 1.24545339991
2100 5.30911134402 6.22829727883
5575 1.87826370482 1.87826370482
2105 1.49657376187 1.49657376187
5117 0.610167088481 0.610167088481
5113 2.81037975525 4.03351162495
2634 4.33183622534 4.73438619189
2636 1.58115369019 1.58121044277
2631 2.81835567662 2.81835567662
2630 2.9347577939 2.9347577939
5571 3.00194065429 3.00194065429
5292 0.50574577523 0.659160385883
3438 0.91162472953 0.91162472953
3439 0.155270208567 0.155270208567
878 2.07459939771 2.07463164506
879 3.37899977728 3.37899977728
3431 6.27545787994 6.35305292902
872 0.749715662344 0.749715662344
873 0.373750479831 0.373750479831
4592 1.42167283378 2.00232581914
4593 2.36212640845 2.65976573
2743 0.41419028433 0.41419028433
2033 1.30832184032 1.60603314516
2032 7.63656188419 7.63656188419
4595 1.16694600569 1.55376717408
9 2.27629131545 3.1419925988
4840 0.224517400388 0.224517400388
3097 3.58039770502 3.58039770502
890 0.027448373733 0.027448373733
5200 4.21409354916 4.21409354916
5203 3.81031039664 3.81031039664
5202 0.42691383793 0.436626872367
5204 1.26311453928 1.31909963145
7320 4.10418107239 4.90634184959
3545 1.24795492041 1.5877731988
3547 5.61706482806 5.61706482806
3543 1.52001078514 1.52001078514
7323 0.832280800139 0.832280800139
2965 0.182709431715 0.182710055338
2964 1.46697258907 1.77073981508
2966 0.637259420132 0.637259420132
2961 1.55656414962 1.99919973489
762 2.25976800283 2.25976800283
1781 4.19097713336 4.19097713336
767 2.04742703624 2.11300966872
1786 2.89147922774 2.89147922774
7113 2.92056942695 3.11719652053
7112 2.3356196913 2.3356196913
6878 1.98034822514 2.07602573876
7119 2.39226669592 2.80743767225
7118 1.39576691638 1.39576691638
3045 1.05960407415 1.17333033325
6872 5.47108914771 5.62120660029
3046 4.6053789152 4.6053789152
1079 4.00855484293 4.31161869226
1077 1.82621542389 1.8495789047
1074 2.30879958105 2.30879958105
1072 2.94565894969 2.94565894969
1073 1.43180730914 1.43771209587
1070 1.61967841794 1.99138834124
5372 4.94542278143 6.51273424886
7290 5.48780445189 6.71276033359
1678 2.60499264947 3.06521648958
1674 1.07475196552 1.63920280412
678 2.31267443154 2.31267443154
676 1.61669846463 2.17000322748
4333 1.81729514289 1.81729514289
4330 0.193769875414 0.193769875414
3131 4.87459748697 4.87459748697
3130 0.834750185787 0.834750185787
3139 3.0563238318 3.10290966535
3138 0.711184811699 0.711184811699
7608 1.84444261832 2.78332894383
7607 3.97236773914 4.00791904068
7604 4.13572887553 4.13572887553
7600 2.49429082889 2.6138635594
6018 2.5209298806 2.5209298806
1412 4.56885566979 4.56885566979
1413 6.00317057243 6.64803214363
1416 0.534340441115 0.534340441115
1327 2.81766674766 2.81766674766
1325 2.05503215591 2.31887765179
1328 3.01757995761 3.01757995761
6450 1.55069166508 2.05577519504
6455 3.39892612228 3.43412754409
6454 2.9559125651 3.64195321088
5768 4.30761242657 4.7347895922
6456 1.25513004289 1.70295038638
6458 4.5491520535 4.8407807086
4645 0.576146306939 0.693167041197
5762 0.129846008616 0.129846008616
4207 1.65656197608 1.69431398856
4636 4.51166770677 4.51642607846
5565 1.19620647504 1.43831581636
5562 0.97425049145 1.21616381182
1256 0.203169954126 0.203483947395
1526 3.87623232249 3.87623232249
1520 1.67063821466 1.67067781441
308 1.92168137686 2.45606119056
3953 1.88962135801 2.31893864383
303 1.55214410129 1.77141668765
3957 3.18108483874 3.18108483874
307 4.66479153208 5.43058776724
4113 3.98872038665 4.53524601557
7420 3.99273715892 5.50107766672
3340 4.17348536265 6.67571174881
5159 1.59299033361 1.59299033361
2475 2.65011815985 3.02429623632
6601 1.15671152029 1.15671152029
6602 2.17458107592 2.17458107592
6439 2.98264112437 3.02314416058
6606 1.25527230575 1.25527230575
7109 1.04049760712 1.07471677137
6608 1.28076226682 1.28076226684
5946 0.0706155076106 0.0706155076106
5945 0.590066811064 0.745992147341
4064 3.87267651263 4.44107568887
5941 0.860529306307 1.24479476436
2976 2.19492680321 2.46669732018
4068 4.77409433663 4.77409433663
4069 7.93846032145 7.93846032145
5948 3.5292148878 3.57535898175
5949 1.83320579182 1.83320591497
5785 0.861448788442 0.988397180859
5786 1.82100316423 2.2453257813
5782 4.85219420579 4.85219420579
5019 4.99648915335 4.99648915335
3051 2.40484203363 3.54320336831
3601 2.90034705343 2.90034705343
3600 1.33136230121 1.33136230121
3607 4.43892705082 4.48003384287
3604 3.17654925909 3.17654925909
3608 1.43503391205 1.43525763211
5361 1.16156672184 1.16156672184
4894 3.74664688609 4.93808256387
5367 1.73536066129 1.80001526986
6115 3.58807091981 3.6200842343
6117 1.32171707321 1.32171707321
6112 4.40827427314 5.62813603583
2358 1.75869109153 2.14471349309
2353 2.38932813094 2.38932813094
5368 1.51188717745 1.74899081121
2355 2.80598458955 3.07113701348
4450 5.35783580447 5.35783580447
4456 2.35556659429 2.84781068031
4455 8.11889372352 8.11889372352
4454 1.51622135905 1.51622135905
3736 2.82070110875 4.90226688045
4459 1.60803787012 1.60803787012
3733 5.13760696758 5.77643558228
476 1.06875045467 1.52341409382
3730 3.62800957931 3.94615452778
4922 4.07308587459 4.07308587459
4920 1.88389333495 2.35583828479
4695 3.24521645921 3.57775664261
4697 8.94617619019 8.94617619019
2131 2.99877937251 3.00499251071
950 2.15990894716 2.52930226065
4929 4.4163343536 4.9722502357
954 0.72561882965 0.72561882965
6022 1.91465535065 1.91465535065
6026 1.39418089071 1.74097983957
2649 2.33910065363 2.33910065363
5167 1.59607795866 1.96859281999
2640 1.76196874086 1.76196874086
2645 2.33152490442 2.55302478681
2647 10.7696654451 10.7696697828
3429 2.33262086886 2.77409593549
3423 1.2861908268 1.55736434228
3422 1.81683751011 1.81683751011
3421 1.16006537389 1.19641298197
3427 2.61208730274 2.61208730274
3426 2.37501159004 2.63441993347
3424 1.76397889346 1.76397889346
1850 0.142169206693 0.142169206693
2000 3.51253964934 3.52842222767
6337 1.55287804043 1.5741802969
2007 1.12462471376 1.25489137251
4859 6.00108458679 6.00108458679
2005 1.55080075732 1.94166798491
2008 0.78377995742 0.78377995742
4415 1.98756477734 2.47263884644
4583 5.11362704292 5.30595246773
4582 1.98946644338 2.17842644236
1269 3.11925244455 3.159126547
3554 0.485648904243 0.490455471615
3550 3.81237870564 3.81237870564
6966 2.20417176337 2.20417176337
3558 2.59407825621 3.27567824866
6061 1.95119202862 2.27856873489
2911 0.865459884713 1.15726139249
1799 1.25722931296 1.25722931296
2913 1.38856161313 1.68997253056
1793 2.18900403731 2.41174182435
1792 2.45664192874 3.1164502253
715 0.716003716871 0.716003716871
714 3.14023364165 3.31062299545
713 1.23908092834 1.23908092834
712 3.86004110278 3.86004110278
4966 1.05704159913 1.30119313447
7127 2.99832239483 3.3731431318
6840 0.858727085746 0.858727085746
7125 1.95909527879 2.02599065941
7123 1.01008747786 1.01008747786
6844 1.82660529115 1.88615176883
7121 1.21752914144 1.54227622136
1069 1.10136096301 1.37786192131
1068 9.00087351271 9.00087351271
4964 2.08100838371 2.9892349163
1061 6.58726953684 6.58726953684
5301 2.16982023633 2.16982023633
1668 0.345683692783 0.345683692783
1665 3.52674497634 3.52674497634
4960 1.68360488501 1.68360488501
1662 2.59508828232 3.56896977723
591 2.44223341992 2.48302995132
590 2.32603009431 2.77222651055
592 9.15573238774 9.15573238774
594 2.67293500963 3.15136517114
6596 0.0530548101371 0.0530548101371
599 5.06942970584 5.06998482367
4323 3.59286910524 3.89403919972
4325 1.46891557238 1.46891557238
1088 7.79701490468 8.34903770138
3140 3.44110915923 3.44110915923
2821 0.729535669281 0.885047834073
3386 1.53571084917 1.53571084917
3384 1.29627458353 1.29627458353
3385 5.08027838373 5.78496203418
5412 3.0979470808 3.0979470808
3381 0.628093131035 0.628093131035
7632 1.85731390403 1.99226515988
3389 4.1052474602 5.65519620092
1408 2.53718296332 2.53720587524
1406 0.349526604588 0.349526604588
5792 0.489077600233 0.647881640046
1339 4.54296182982 4.54296182982
4210 0.739797842175 0.862521567341
4212 1.47382534018 1.82782988116
1337 2.75526729986 2.75526729986
5790 7.52627385196 7.52627385196
4219 4.56877862195 6.33677780733
446 3.9832215469 5.66619738337
445 0.492138608328 0.508928740787
691 2.51351764849 3.18953234368
5772 3.54984163358 4.44031009067
7515 0.0290346841472 0.0290346841472
5578 1.34359520541 1.64782354719
32 0.764514880779 0.764514880779
31 2.05943562586 2.05943562586
5573 5.30331373329 5.42959476292
35 3.22197708725 4.07415113193
3092 2.29642773072 3.39876171042
3093 3.6249221923 3.6249221923
643 6.67997567233 6.67997567233
1244 1.46301887328 1.46301887328
1531 5.98194116168 6.40835285555
1530 1.44321932619 1.63110706139
649 3.16525873565 3.18668253583
3098 0.679863517024 0.679863517024
3099 3.38057937854 3.39749864334
1539 3.50089378905 3.53640179622
338 0.734030745664 0.734030745664
335 2.774170674 2.83356549323
334 2.9278234126 3.61101271601
337 0.00264233823147 0.00264233823147
331 2.41512118147 2.77457127647
333 1.63965954873 1.63965954873
7611 2.10166406621 2.1285850857
5124 4.90211757219 4.90211757219
4105 0.624062237449 0.624062237449
4106 1.75443332855 2.07878987169
7412 2.09180809446 2.09180809446
7413 3.96427999774 3.96427999774
7410 0.598005020467 0.598005020467
7411 4.47448101169 4.5325052985
7414 1.84305907451 1.84309064091
3897 1.11701513239 1.11701517658
3895 1.7335626895 2.09030215092
7379 5.56642525811 5.56642525811
6611 1.0640198439 1.0640198439
6615 0.773550444934 0.927366879389
6614 3.10255970961 3.10255970961
6619 2.99827112731 2.99827112731
4078 4.14609659043 4.14609659043
5957 1.52285083711 1.7339589444
5956 4.82489905425 5.90980716414
4075 4.97980264227 5.09160901303
4070 2.97231085872 3.78356237362
4073 1.10916256253 1.10916256253
5797 2.6719721397 2.6719721397
3967 4.4693580008 4.91518451433
3965 2.45322269491 2.45322269491
3962 1.57765984162 1.57765984162
3963 2.43430252907 2.43430252907
3961 0.806327925085 1.03202212002
7278 3.60358396458 3.6839897623
5799 2.79921536098 3.37884696277
3636 2.31957435864 2.60220427037
3637 9.44258495203 9.44258495203
3632 0.941071765383 1.21295854511
3630 1.07954776636 1.07954776636
4611 3.06857226333 3.06857318204
3468 1.38253073205 1.62991161455
4613 1.37881059904 1.45169525783
2345 1.8408021546 1.8408021546
2346 0.263206709397 0.48803185309
2342 5.98077807096 5.98077807096
6107 4.38465380481 4.88702731336
6103 1.54702141371 1.54702141371
6102 0.764700903729 0.764700903729
4616 6.20415241018 6.2043450252
3709 1.77870555623 2.33169591808
1888 1.82818447771 1.86486789431
3700 1.46057390969 1.46057390969
4465 3.26248297485 3.26248297485
4462 0.427959818199 0.427959818199
1880 4.44590609153 4.47242483896
2127 6.80386785906 6.80394979056
2129 4.35058875266 4.79454539571
4665 5.87378825661 6.51886874606
4660 2.78835579512 3.70520134428
943 2.04842659692 2.50452777844
4910 4.11739328742 6.56903404641
4663 1.66618648866 1.66618648866
6038 2.11641772604 2.11641772604
6035 3.01961999735 3.01961999735
2653 1.6341385942 1.6341385942
2651 1.87686342987 1.87686342987
6441 0.113191760853 0.113191760853
2654 2.48059850356 2.6231670207
3414 0.601097490895 0.601097490895
7389 6.20495492119 6.55066256453
3412 5.21978594471 6.17164076204
136 2.04026927948 2.05530911719
3410 1.00768296967 1.03624330395
134 0.361546803706 0.465753167784
7382 3.94584029071 5.29909800003
7387 1.66415117505 1.96726732923
3418 0.0886482134242 0.0886482134242
7385 6.70145017767 8.28195636304
6326 0.575889014897 0.575889014897
6325 1.40738879762 1.52198086323
2018 0.00679883592592 0.00679883592592
6321 1.08069663326 1.08069663326
4863 2.96342814057 3.19310395465
2017 7.56620005925 7.56620005925
4861 3.80781062889 3.99587349571
2011 3.70451784241 5.21450031672
6839 2.32586174496 3.10878464372
6329 4.68719426485 4.68719426485
6328 0.780864702767 1.20441434928
7443 1.8802557016 1.8802557016
7444 1.90380285055 2.20082138135
7254 1.46417914236 1.46417914236
7255 4.24403084738 4.24403084738
7251 0.45089630173 0.593753277465
3565 2.2080716419 2.2080716419
3569 0.368065059637 0.368065059637
4485 0.648723904108 0.648723904108
6564 4.01410026136 4.12141139397
2903 1.88594783756 1.91060086657
2902 1.26226495886 1.26226495886
708 0.504840799325 0.504840799325
2906 1.00111117997 1.00111117997
6853 5.46802847482 5.46802847482
704 3.88481434118 3.88481434118
705 3.68688796205 4.27650571341
706 2.46161453511 2.46161453511
701 2.37326715543 2.37326715543
6560 1.34039914697 1.83223385906
7139 1.37708340274 1.37708340274
7138 1.19513736972 1.19513736972
89 8.50208488626 8.50208488626
83 5.24036417588 5.61511735894
81 1.19444280195 1.67585475134
7135 2.00218336523 2.61219225668
7134 2.17694309676 2.8448364628
7137 1.83791103406 1.83791103406
85 1.72871330129 2.05864536327
5311 1.76615876571 2.52102313889
5310 2.24240882222 2.24240882222
1658 1.8307242693 2.08260393981
1652 0.0517850699925 0.0517850699925
1653 0.920097522481 1.21829868841
1651 1.69225892279 2.3365718243
6583 0.814533021415 0.864323087775
1631 0.776740123224 0.985568840613
588 0.485375650477 0.485375650477
3151 4.08874640296 4.08874640296
3150 1.61096886304 1.96891327347
7621 1.96340112354 1.96558982496
3154 1.95244719785 1.95244719785
7629 5.49621542859 5.8646272715
1437 0.206432051933 0.231534493796
1434 2.66996416321 3.98042092458
3392 6.65819775206 6.65819775206
3395 2.24772929746 2.994489339
1636 1.54374153882 1.54374153882
1430 2.125472567 2.125472567
3399 0.478969357879 0.478969357879
3398 4.72611134693 4.72611134693
1438 3.21693623448 3.71756715746
4260 3.21312957473 3.61257833088
5233 0.949803212277 0.960769436812
4265 1.20981274798 1.20981274798
4268 4.5378720879 4.5378720879
452 2.1896904116 2.27233517323
1345 1.50162638716 1.58269883389
456 1.20721195885 1.20721195885
1347 4.50235687686 4.50235687686
6921 1.54224060039 1.73740201201
5546 3.34019823956 3.34019823956
5545 1.02578009553 1.06771467016
652 3.41412997025 3.41412997025
650 1.26424568534 1.26427747772
1508 0.0897150754491 0.0897150754491
4461 1.56508906923 1.84964555788
3081 1.26299660971 1.26299660971
659 3.21969479671 3.5469367332
5890 0.141921380796 0.141921380796
5891 0.512837584803 0.512837584803
5892 3.4386899524 3.4386899524
5896 1.45621449243 1.64602146064
5897 2.61878983052 4.12824894669
5898 2.49905722819 4.07251462807
5899 3.33408560173 3.33408560173
948 0.174837211178 0.174837211178
3882 4.16522890958 5.24560362739
3889 2.47812932732 2.87353453544
4916 4.6492984583 4.6492984583
7404 0.0551646453671 0.0551662235446
7407 1.43094280843 1.50137379533
4911 2.74403822265 2.74403822265
4008 5.22544864278 5.22544864278
4004 1.14787483479 1.43208020212
3970 3.25217104389 3.25217104389
3973 1.67300770747 1.70084668309
326 2.0508076093 2.0508076093
3974 4.3128301924 4.3128301924
324 1.29340836456 1.29340836456
328 1.13639612959 1.13720328203
3621 3.98446939753 3.98446939753
3070 2.01214889076 3.45817152487
2332 0.499047964133 0.669970979785
6136 2.6444639828 2.6444639828
6883 1.94676388978 2.59647298368
3713 1.95324491674 1.95324491674
3719 2.07510386774 3.71020009328
4479 1.64975535317 1.64975535317
4470 2.97706299337 3.03347922636
4475 2.4942570988 2.64743161829
4474 0.294647175197 0.294650009287
5763 1.33392908359 1.33392908359
6007 1.49291583463 1.59256651188
6004 4.72051599803 5.31483562724
6000 7.45289472923 7.45289472923
2489 2.76477372365 2.76477372365
2950 4.352550529 4.352550529
2484 1.51436870574 1.84286252851
4673 5.53023235457 5.53023235457
4670 2.06651974976 2.06651974976
3252 0.902873843643 0.948923588877
2245 1.35546214128 1.57444254656
2246 0.842484232284 0.842484315766
2247 0.906710462848 0.906710462848
2240 2.41424440789 3.41135803509
5179 5.36614185703 5.36614185703
2242 1.96940738028 2.7467435378
7394 0.0119392909141 0.0119392909141
2466 2.12006923182 2.18131482756
996 3.81082986332 3.81082986332
7391 2.58240597428 2.58240597428
993 6.57804850463 6.57804850463
992 2.49686346184 2.74271974503
5144 1.57993656273 1.57993656273
2469 3.18060993553 3.85316370691
7535 3.23240661423 3.23240661423
122 2.70247395128 3.23587542756
124 0.808418076168 0.808418076168
3404 1.71934578753 1.71934578753
126 2.87867930076 2.92306592347
3409 6.36186965911 7.02080879825
3408 4.65445353245 4.65445353245
4875 0.357680325127 0.357680325127
4871 6.54524035416 6.62206179942
7438 5.23695652071 5.23695652071
4878 2.45332965346 2.45332965346
2069 3.72626281897 4.01820456295
7533 1.72847250161 1.72847250161
5424 1.52905655753 1.52906945551
2062 1.27803085947 1.3697131357
6319 4.49947251402 4.49947251402
3413 1.19178211805 1.20027063872
5423 1.22568306685 1.51181705982
7247 0.133184677658 0.133184677658
5099 1.47035545207 1.89658338148
3578 1.4558390374 1.62518631699
3571 1.68284689677 1.73156713082
3573 0.838454037865 0.838454037865
5097 0.00329626373056 0.00329626373056
2665 4.34028929983 4.34028929983
4492 0.182704647638 0.182704647638
4490 4.41317026842 4.41317026842
2669 1.46668199179 1.7560619192
6823 2.5551581678 3.16975077766
6824 1.3693000864 1.3693000864
2938 2.73875180902 2.73875180902
6829 1.55770747162 1.63446987757
2935 1.96889277009 2.1493917356
5326 0.642810291148 0.642810291148
5327 1.75409936602e-05 1.75409936602e-05
5325 6.0607968452 6.14514203405
5322 2.3012990285 2.3012990285
5320 1.19764598781 1.19764598781
5321 1.12681004736 1.2179912724
5328 1.26801883042 1.26801883042
1643 1.29582574361 1.29582574361
579 2.65995674121 3.08724902142
573 1.99799827752 2.34557381015
571 4.89580547871 4.89580547871
577 2.09293535089 2.09293535089
576 5.2470985001 5.2470985001
575 1.67198133414 1.67900151515
3169 2.85193430455 3.64290405709
2803 1.63711247302 1.90891354946
2800 1.84312648754 2.05138735206
3165 1.50936541368 1.96815619401
2806 4.98888410924 5.6273692618
2805 3.78126482193 3.80003978841
1421 0.499579919973 0.499579919973
1420 1.00272285422 1.00308905693
7094 1.91121173261 2.62899856533
1422 2.81233455571 2.81233455571
3368 2.34449022765 3.13228905749
1424 3.20746841794 3.90059791001
1426 5.10994514817 5.109972889
3366 3.71633234808 3.74688238905
2404 4.11063710892 4.11139650686
7098 6.58380440248 6.58380440248
7099 2.20407122896 2.28203550222
732 3.06223940615 3.06223940615
735 2.99903496487 2.99903724314
736 7.06325582916 7.06325582916
4272 3.19698456246 3.19698456246
4271 2.10108918151 3.07332740601
1358 0.419116840088 0.419116840088
4274 1.84211681969 2.57327507915
461 2.30514660566 2.30514801155
5555 1.85383141552 1.85383141552
5554 1.49403590698 1.88598220107
6488 3.33979739918 3.37081227577
5551 0.208540393891 0.208540393891
5550 1.54365701197 1.54365701197
7384 0.568988268436 0.733004450028
6955 1.86271322416 2.10089501051
6484 2.47952059642 3.00214372156
6285 3.8819435612 4.30577909249
6948 4.29652204314 4.29652204314
1518 1.18828022707 1.41472889265
1510 4.16028623258 4.16028623258
1513 1.72625883939 1.83507687544
1512 3.66545563971 4.2365063033
5885 2.05654137217 2.05654137217
5889 2.10159067272 2.10159067272
6559 3.99906920442 3.99906920442
7478 2.83254382579 2.83254382579
3186 1.8982105933 2.10421912851
3187 3.08322785754 4.62524521972
3182 1.68870170197 1.68870170197
3188 3.16978386022 3.16978386022
6863 2.67611975379 3.16060506179
1896 1.43369619425 1.68275720902
6631 2.73876795502 3.18941027306
4018 3.06517148174 3.06517148174
6281 4.72095670125 5.12877289679
357 0.630625523066 0.630625523066
351 2.45890012778 2.46122373058
350 5.58691479383 5.58691479383
3985 2.48129944674 2.53394850837
3983 2.27221539251 2.27221539251
4855 1.12357853178 1.40662063169
6126 6.81936394274 6.81936394274
6120 3.64186954394 4.5006620432
4706 2.07916627586 2.07916627586
4705 1.2811394558 1.2811394558
2320 2.63408747121 4.04217020659
4703 1.23835443022 1.24032987784
2329 3.18248883155 3.18248883155
4709 2.1543680677 2.55713884076
288 6.55307799946 6.62968844085
3619 0.44999382601 0.44999382601
5 0.0256860270781 0.0256860270781
284 2.86989456388 2.86989456388
3760 5.77931380924 6.36127905756
3765 0.917430406799 0.917430406799
262 0.357462372123 0.357462372123
260 5.17587886085 5.17587886085
267 2.00013254019 2.00013254019
2499 1.91022850825 2.19454458709
2498 2.09239821153 2.21797309321
6013 0.430967486888 0.430967486888
1296 1.55054799508 1.55054799508
7253 2.83911570631 2.83911570631
2495 0.598743178746 0.598743178746
2494 2.95855233403 3.34571484215
4644 4.32266431544 4.32266431544
2496 1.97193393886 2.73629366144
2259 2.47233160422 2.58440215141
2254 2.3934234976 2.92898375564
5060 6.46573019107 6.46573019107
2250 2.3725867676 2.99560517089
2477 1.41514844586 1.49053655247
988 3.81638904248 4.11189241642
5151 1.43802307007 1.83308272383
5150 2.87246790592 3.49428452297
986 1.51904046298 1.81633619772
5154 5.17032338586 5.17032338586
5157 1.52827707958 1.71020917849
2478 2.33604580013 2.52702321911
115 10.0676561828 10.0676561828
7313 3.52635394276 3.52635394276
119 4.33841758088 4.33841758088
2785 1.66969964162 1.66969964162
4801 1.11098870281 1.11098870281
2787 3.66468817042 3.66468817042
4803 0.550553441735 0.550553441735
4805 0.721872772874 0.721873325998
4806 1.93817993421 1.94188279883
4807 2.27953949151 2.66711337446
2788 0.877736666435 0.880887004528
2071 1.22940117992 1.22940370071
6306 4.17671920037 4.17671920037
6301 1.69697328022 1.69697328022
6303 3.43047429739 3.55621315601
2074 1.83475558655 1.83475558655
7272 9.12960259201 9.12960259201
7273 5.33144670685 5.33144670685
7275 3.43930545025 3.43930545025
3502 2.96639693486 3.04047182817
7279 5.27698003825 5.27698003825
5086 1.45177552027 1.7041202241
5085 2.87176528894 2.87176528894
5084 1.0806542476 1.0806542476
2672 1.99142437673 2.06075656968
2676 1.19410644833 1.30348729931
2679 1.05626853329 1.05904025587
6833 5.38235228604 5.38339619277
2928 2.37188644877 2.77856315699
6830 2.29877393088 2.57781896764
6854 3.02873773294 3.23036607759
2923 2.44728864934 2.44728864934
6838 5.27573786727 5.62459759676
2925 0.0436951297873 0.0436951297873
2926 3.690429232 3.690429232
5331 5.6755375265 5.6755375265
5330 5.24994161982 5.24994161982
5335 0.456231793417 0.456231793417
5336 1.86187956136 1.86187956136
2907 1.94112371906 1.94112371906
3215 1.88452487552 1.99770664251
1984 0.593027106995 0.710967793207
1985 0.0394249213221 0.0394249213221
1982 1.55891309735 1.55891309735
3212 1.44883043037 1.55849296757
1638 0.64769718813 0.64769718813
5371 4.8022080116 5.10731267086
3218 6.18225680882 6.18225680882
3219 2.1170325202 2.6524252589
1989 2.43647932794 2.51463326717
569 1.33216283808 1.66515853383
560 3.47344825377 3.47344825377
564 4.17339250612 4.57255257024
566 1.78221056025 2.01072569028
6543 8.88591218766 8.88591218766
3173 0.455751313399 0.455751313399
7081 0.766095551748 0.767369753431
7030 2.30051036572 3.02777547423
7084 7.80851763352 7.80851763352
3376 1.33370573438 1.33370573438
3374 4.63437022909 4.63437022909
5421 1.05193757582 1.61932188068
3372 5.00040135581 6.41578913896
1180 6.05137667403 6.05137667403
1181 3.81996745062 3.82037436113
725 2.51143953235 3.20718814784
723 11.2839491284 11.2839702725
1746 3.24848775544 3.24848775544
1740 0.767710621091 0.767710621091
1742 8.8310829234 8.8310829234
5499 0.192340628054 0.192340628054
1165 1.23749757782 2.69167273354
1166 1.3087361497 1.3087361497
7587 4.50475510654 4.95878674851
7291 5.55257411108 5.55257411108
4247 1.75070734875 1.98950434994
4245 2.46189158607 2.46189158607
1168 1.63741358868 1.63741358868
1169 2.15128299743 2.15128299743
4240 1.63581599817 1.9851747607
5521 1.86829848012 2.11060181859
5523 3.77081995098 3.98072879958
5526 2.00125875229 2.00125875229
7130 2.12100923534 2.49141185729
6941 4.54513084209 4.54513084209
6940 1.30996145593 1.31379318308
7132 1.49918846195 1.49918846195
47 6.85491945249 6.85491945249
7297 1.28962136181 1.28962136181
41 5.19762412936 5.19762412936
1569 2.50774485387 2.75255761833
1365 2.29189283216 3.41963582436
5492 4.43420393336 4.71192328588
1292 1.71204481516 2.07696961251
1561 9.01174885617 9.01174885617
1563 2.58597094077 2.58597094077
1564 3.4003145053 3.4003145053
1565 0.0965434945699 0.0965434945699
1295 2.77638619019 2.77638619019
1712 1.7558407635 2.30516764605
475 0.0829702223805 0.0829702223805
5250 0.975966628781 1.05357813717
1789 1.54042692282 1.7933590198
4399 4.1269536532 4.42489799028
7460 3.34855588311 3.39264848734
5638 3.24038836905 3.24038836905
6541 2.6609374756 2.6609374756
6540 3.30557159111 3.30557159111
4391 2.30436992273 2.30436992273
4392 3.50823124504 3.81439281181
4395 1.63395454969 2.06759951534
6549 1.30860747863 1.99439521571
5633 11.3190516881 11.3190516881
473 1.58267973436 1.79129535564
3195 0.621641049207 0.621641049207
1862 0.253864237386 0.253864237386
3193 3.51833699045 4.2558146291
7465 2.1485737169 2.4142840179
3190 1.99857742994 2.35784185682
3728 5.85562139128 6.20580197254
3198 2.18480079409 2.23347277508
7466 1.85582279428 1.98045926169
1368 0.823869463177 0.823869463177
3729 1.11782860227 1.11782860227
2.34689799181 3.10360062213