4447 5.09586965261 5.33861632624
4023 1.50466610364 1.65769848505
5988 0.74670602116 0.74670602116
346 1.60967385788 1.7546140183
347 6.04099154494 6.04099154494
7513 1.03777227951 1.32454152334
7512 2.99037587176 2.99037587176
342 3.1011978046 3.34284886636
343 2.35319165755 2.44613758318
3996 1.72211689798 1.72211689798
3995 0.800325197287 1.04330202904
3994 1.3664044566 1.45447668862
348 0.856796992756 1.09710769888
7518 3.34333235538 4.15796672587
6150 1.27224815798 1.54187973469
6154 0.462956218169 0.55710217007
6159 0.578171704077 0.578171704077
6796 2.17284151912 2.94674529476
6797 8.37476738633 8.37476738633
4730 0.900795260243 0.900795260243
4736 1.87963783927 1.87963783927
2319 0.980203370568 0.98329031075
2313 6.0084175821 6.00914219347
2310 2.35757833268 2.35757833268
2311 2.63122790265 2.63122790265
5851 0.634069699148 0.81095512198
299 1.2504313311 1.4896736687
7627 2.4810804604 2.4810804604
291 3.45703858449 3.45703858449
4656 3.50211496671 4.26312905592
274 5.96164690177 5.96164690177
276 2.86689185733 3.77319933918
278 7.49320791 7.49320791
4836 1.00229573964 1.11347102449
6584 8.49221510115 8.49221510115
2262 1.19949857304 1.28057752347
6190 4.52062562389 4.52062562389
2266 5.08849879736 5.08849879736
2443 1.72545931555 1.72545931555
6055 0.237996305411 0.237996305411
108 1.59036293941 1.59036293941
109 0.154160708652 0.154160708652
107 4.03471947692 4.03471947692
4813 1.78158046398 1.78280120868
2047 9.70341460462 9.70341460462
2045 0.994663589777 1.04025828594
4817 2.99134382132 2.99134382132
4816 1.93868868985 1.93868868985
2040 2.3901812462 3.06687663936
4819 1.56818440653 1.79579172848
4818 10.040358043 10.040358043
1297 1.60550178474 1.87967752913
6378 4.35809981574 4.83919272697
6379 1.49541238526 1.79917629462
6053 0.65686679477 0.65686679477
5828 1.22999361445 1.22999361445
6372 0.910401930076 0.910401930076
6375 1.67362888132 1.67364539728
6377 1.82884900305 2.12880002297
2838 3.81419094589 3.9944815591
5363 3.77013046234 4.32823977649
3519 0.142042639303 0.143739835894
3510 1.40096852224 1.71476272174
3517 1.49420017147 2.16849500832
3516 1.78064617665 2.40423049277
7263 1.13259183698 1.13259183698
3514 6.00337597915 6.1303240056
6201 3.01614442199 3.01620289773
6202 1.49260160509 2.21225137295
2685 1.53075447569 1.70364040433
2687 5.24300015779 5.66016158074
2681 0.840218372507 0.974716529518
2683 1.01256596366 1.24923602979
5406 0.955936445211 0.955936445211
5119 0.193578570624 0.195615431891
6802 2.18377750603 2.18377750603
6800 0.773425205422 1.0525074885
5293 8.2709059856 8.2709059856
5404 0.957628717753 1.23147916036
91 8.14971150612 8.14971150612
93 0.430648076535 0.430648076535
95 2.01876321557 2.01876321557
97 2.0723702786 2.0723702786
5402 7.07041119131 7.2160987458
5182 4.30656739963 4.30656739963
1622 1.2895509723 1.58585314282
1992 1.57686500581 1.57686500581
1627 1.77543234941 1.83779618304
3993 2.23979753278 3.11415420522
1629 3.06548925751 3.06548925751
1628 3.24674153065 3.53494572037
3209 0.480673657061 0.480673657061
2860 0.201070069518 0.201070069518
2861 5.19489636035 5.40799680458
2863 6.70990390978 7.34872561188
2867 1.2674911699 1.62343878202
555 1.68861106617 1.99780999275
554 3.16960696097 3.16960696097
551 0.5625083476 0.5625083476
550 0.983082772324 1.29268554139
553 0.268323779312 0.268323779312
552 2.99015903715 3.15928876442
7142 2.26848263379 2.76758572209
1199 5.91055978259 5.9922530317
5459 0.991521936833 0.991521936833
7079 2.39097282791 2.39100252854
7074 0.668149853776 0.668149853776
5451 2.50222266345 2.50222266345
1193 2.77692363307 2.77725528578
3341 3.66580043077 4.20353472206
5454 3.06658914703 3.73521136987
3347 2.12450867122 2.20782926999
1197 4.6136507916 4.6136507916
3345 5.2579013844 5.32192080592
1754 3.99461602652 4.57038081381
1752 0.379622614244 0.379622614244
6976 3.17329459103 3.17329459103
6975 0.778147508072 0.919488334692
6971 2.20262258626 2.40000957398
4253 2.52738790959 3.33935240601
4252 2.10713209541 2.30762400629
5531 0.456164744601 0.456164744601
5538 0.0838057845281 0.0838057845281
1285 1.33897897598 1.67251588174
1284 3.21828327912 3.37064644583
1287 4.55970582153 4.77800214492
1280 4.56607424978 4.56607424978
1283 9.65846542254 9.65846542254
1289 1.01532058642 1.01599751053
7188 5.10574405344 5.49383174081
1579 3.27639956961 3.65744810742
689 3.41454274167 3.99894799663
684 2.14771067822 3.57237708232
687 2.25174958374 2.4595855687
7183 1.10637738897 1.10637738897
681 2.11515742004 2.11515742004
683 2.31897392371 3.40487959841
7187 0.172362999668 0.172362999668
458 2.53947621978 2.53947621978
6006 1.99155491584 2.3870656984
1222 8.63530606069 8.63530606069
4388 2.02035949219 3.05811436961
6576 1.6496693495 1.6496693495
625 2.48470385536 2.6247567056
6574 1.49909264304 1.80708117015
5627 0.950613518555 0.950613518555
4382 2.23850322113 2.82833491743
7459 0.734276309235 0.877040804515
1371 2.2504269398 2.2504269398
406 0.85832647392 0.858327328026
405 1.62694086579 2.1443464811
1374 1.56739176135 1.78758692893
3834 2.98788313542 2.98788313542
628 8.34752493619 8.34752493619
3831 0.521031639848 0.67178042002
3832 3.36127131031 4.51033248913
3838 3.86671797203 3.86683503776
6794 7.60903053047 7.60903053047
4844 1.08811941046 1.08811941046
5990 1.95822483735 1.95822483735
5992 6.51387749967 6.54756756189
379 5.05013133657 5.05013133657
7527 2.73154075201 2.73154075201
7525 3.00221782831 3.21891052861
370 4.81317362144 5.4808887475
373 0.493050359646 0.493102931384
2038 3.1630677594 3.1630677594
374 5.54651414012 5.54651414012
376 3.55582412471 3.55582412471
6530 0.667867272632 0.815722081126
393 1.70406563709 1.70406563709
391 1.12210908012 1.62062009434
394 1.28415999027 1.28415999027
6148 2.51279232792 3.21897097405
2309 5.51890016407 5.51890016407
6780 3.86437383285 4.60387938899
6782 1.21591275148 1.21591275148
4728 1.34428017996 1.34428017996
6787 1.73306344009 1.73306344009
2301 3.93873780283 3.93873780283
4724 3.37852554277 3.37852554277
4727 0.828984341564 0.828984341564
2307 6.44244276164 6.44244276164
5846 0.733402159533 0.831232295811
6538 3.29854579746 3.88532844535
5849 3.14907794632 3.66201108483
3748 2.5533893081 2.5555590908
3203 1.50154565511 1.88249139235
3745 1.16269204033 1.16269204033
3743 0.285713296727 0.286029152113
247 0.751475484439 0.751475484439
4623 2.34480054944 2.54588122413
4624 3.18219754666 3.33509813985
243 1.16996096567 1.16996096567
4629 2.47357890026 4.0482092216
2272 1.09890011001 1.09918163381
2278 2.7834914975 3.23656374675
2459 0.407317151961 0.407317151961
2454 1.26311371824 1.26311371824
2451 3.20916718842 3.20916718842
2450 2.46462428039 2.78823377997
172 0.13368955267 0.136886978543
171 2.22266853342 2.68699519983
2050 2.71466888163 2.7590077222
4538 0.737089152993 0.858607467917
4828 0.888389157018 1.08643885651
2059 3.91381365035 3.9412772132
2058 0.216953833343 0.241172975269
3692 1.53563737124 1.53563737124
3693 1.36055725596 1.36055725596
4530 2.70440885713 2.70440885713
3695 2.16763818373 2.16763818373
3696 2.12793121252 2.12793121252
4821 1.23566405253 1.48126632363
6369 2.3246334881 2.36525015498
4983 2.50147307369 3.347250652
7337 3.00159971834 3.00159971834
1504 3.02441993257 3.02441993257
3522 3.4844591945 4.89298912377
3523 2.2772211809 2.72694872359
7043 1.14251713166 1.46306137847
7218 3.14370832349 3.14370832349
7215 1.33406615779 1.4204830661
1601 4.93023456935 4.93023456935
6215 0.720581656176 0.72061979698
6386 3.41007688819 3.46880295844
2699 1.110253568 1.110253568
4651 0.497567150719 0.570286228238
2693 1.30659010917 1.38467131201
2690 0.418932277891 0.508018803362
6819 2.09222045466 2.09222045466
1605 0.125064204882 0.126606462015
6814 0.0935065249736 0.0935065249736
6817 5.89306301244 5.89306301244
6816 1.25594131789 1.25594131789
7326 3.09404000223 3.68604472444
3231 2.1546246939 2.48891232397
3236 4.0738185481 4.0738185481
1969 7.31752948559 7.31752948559
3235 4.00633206269 4.1790229521
1965 3.939914181 4.30971463901
1966 1.11178111595 1.65417093449
3239 2.61770259852 2.61770259852
5191 5.27281803258 5.45818607166
1962 1.39284981309 1.42641094917
2877 4.63088589203 4.63088589203
3355 1.56405956489 1.56405956489
3351 2.09711889619 2.33343419765
3353 0.000557930713915 0.000557930713915
3352 1.08097543687 1.16293898872
7063 0.566373758827 0.59493607671
5446 1.82213668248 2.26853393562
7060 2.29182502148 2.53522641602
1764 9.08363113225 9.08363113225
1788 0.479296167407 0.479296167407
1145 1.48991103443 1.69443113677
6968 1.44183003373 1.44199810637
1148 6.06769855632 6.13240844552
5509 0.181675094437 0.181675094437
5506 1.50788703999 1.50817608132
5507 2.36098834032 3.037375691
5500 0.587782020966 0.587782020966
692 1.7476758333 1.7476758333
1547 2.09836873487 2.19085207544
1544 2.95144633625 3.068282867
1545 2.04585418807 2.45951701163
1548 5.1931158718 5.1931158718
7199 2.18998817172 2.18998817172
546 3.12510534751 3.12510534751
544 1.27894406681 1.52323118493
545 1.15496918471 1.26531359466
549 2.24731089789 2.56906701731
7194 5.10460083204 5.10460083204
6886 1.64282123399 1.64282123399
7564 1.49020761754 1.61623821976
764 3.12745612704 4.35218998487
6406 2.40430942862 3.22374925397
5618 2.15350275242 2.15350275242
7442 1.94353905215 2.52004363711
6568 3.22229018955 3.22229018955
5477 2.00282119974 2.09003327449
5612 0.0424282508464 0.0424282508464
5613 0.868748910326 0.868748910326
6405 5.48561861144 5.48561861144
5617 7.40033630112 7.40033630112
6562 1.46288064495 1.68911144594
7398 2.77575695343 2.77575695343
5475 1.89223567819 1.89223567819
410 1.74500143334 2.34941762374
1389 2.29846226786 3.07486728304
412 0.655514716508 0.655514716508
1384 3.14534140625 3.89954410774
1387 3.28411716467 3.94690373988
419 0.921607475691 1.07145400928
5003 2.46702780203 2.74591677525
3823 6.77405578725 6.77405578725
3821 3.10882426687 3.10882426687
7114 2.91320224076 2.91320224076
3828 4.13469313649 4.13469313649
5000 0.871669125581 0.871669125581
7482 4.17642847666 4.17642847666
4282 2.04088187773 2.30698674768
4280 0.721472202975 0.871457652899
4286 2.27626117189 2.27626117189
7538 3.39650299451 3.39650299451
369 1.22560103454 1.65260027135
366 1.71466582168 1.71466582168
7534 1.62531319003 1.62531319003
364 0.0638328358113 0.0638328358113
365 2.37892965611 2.9030442231
362 1.07542458631 1.07542615653
5009 4.0075391808 4.56842627521
360 1.21643462586 1.21643462586
7532 0.642108104941 0.642108104941
380 1.4776064561 1.73426953803
381 1.70531885836 1.79126477009
383 1.82360337365 2.32826673478
384 2.61520443337 3.69051044929
6178 1.3602824994 1.3602824994
389 0.586339020566 0.586390600567
5271 0.308745767891 0.308745767891
6778 3.00762095044 3.89349536622
6779 0.658125410537 0.659420210355
1369 2.61878066768 2.94774367731
6774 3.08109363432 3.11920746051
6775 0.564604065624 0.66303431456
6770 7.4514326513 7.4514326513
6772 0.834201682267 0.834201682267
4757 1.50002450995 1.50002450995
5870 1.63793200457 1.63805158445
5876 4.42024550446 4.68472774471
5374 0.758502304066 0.758502304066
5879 0.32524757664 0.32524757664
3758 1.46273177584 1.62699332792
3750 1.42066545173 1.42066545173
3753 0.177515995985 0.177515995985
3755 3.50615316679 4.0492772302
2192 1.50530533165 2.13488561448
259 6.16240532843 6.16240532843
4637 4.40045289623 4.40045289623
2195 1.9073869994 2.49441221336
2196 0.0300117742313 0.0300117742313
2197 1.76412183408 1.94204339717
4638 2.09772040137 2.46854570878
256 1.90419897078 1.90423997821
2200 7.22498062969 7.22498062969
2201 0.735492108863 0.735492108863
2202 0.921398367918 1.00471101579
2204 1.58055488703 1.8663830574
2205 2.9132500223 2.9132500223
2209 2.39917854932 2.94779033583
6689 5.92868796026 5.92868796026
6680 5.01799164111 5.01799164111
2428 3.97085978412 4.00082869988
4812 1.03688991086 1.03700735754
2422 1.69505430045 2.18919075841
2426 3.33188223984 3.33188223984
4810 1.64437798862 1.64437798862
169 2.85602085828 2.85602085828
164 2.09665354767 2.1558762772
160 1.81412535303 1.81412535303
161 2.39422642943 2.93027288066
162 3.13220910755 3.13220910755
3689 0.00195497099048 0.00195497099048
3683 0.917540876944 0.917540876944
4526 2.11607999519 2.11607999519
4525 6.00056259833 6.25070601824
4524 1.21959116734 1.37666161997
4523 2.43368184262 2.76415425458
3685 2.99645392283 3.06633894419
3684 5.08850536718 5.08850536718
6194 5.3213334125 5.98935085226
6981 1.71626289571 1.71626289571
2518 1.64998750922 1.64998750922
1842 2.27462243739 2.27462243739
2514 2.24653503396 2.24653503396
2516 3.47683777464 4.1892266261
6198 5.57219354252 5.59200714279
908 3.74745968377 3.74745968377
6740 2.14720865559 2.1526313814
2730 0.0824496690718 0.0824496690718
2733 3.16824214408 3.16824214408
4426 1.05867107292 1.15911555889
5294 2.06408733094 2.39586629937
5295 2.03726476957 2.96981223011
2738 2.71923801267 2.83782410669
2739 1.2148884 1.51374697017
5291 2.95646628015 3.68981761365
1817 0.273502520943 0.273502520943
1811 1.80453390503 1.80453390503
7203 1.41445481975 1.50962967521
6227 4.10062350365 4.10062350365
6228 3.20256344992 3.20256344992
671 0.226986586753 0.226986586753
6993 0.948536839079 0.948579421573
1609 1.28342907971 1.63188252692
7336 2.01056050056 2.01056050056
7335 2.72293948805 2.72293948805
7334 4.70805707947 5.02571462205
3225 1.92383388474 2.66571318518
3224 3.5054631392 3.50556180557
3227 3.51475053434 3.51475053434
1602 1.85571325494 2.33903423051
1973 3.84736589574 3.84736589574
1972 1.32689607253 1.32689607253
7339 2.96967156648 3.29915294915
809 1.97477427709 2.22410696483
801 2.99253824575 3.32688386632
807 1.76267434276 2.06163804928
806 2.43379341847 2.77806178141
2849 6.46213364503 6.46213364503
2846 2.78355262911 2.78355262911
2843 1.09418104788 1.09418104788
3321 1.40515679834 1.58476366465
3323 1.91379857611 1.91379857611
3328 2.33269591779 2.33269591779
5478 0.573969597976 0.799836094383
5479 1.99174201091 1.99174201091
5274 0.0866588116345 0.0866588116345
7058 1.09755081192 1.09755081192
1776 0.987648968196 1.33305578178
1770 2.98395609964 2.98410822631
5272 3.39562027046 3.64154655095
323 5.11518539879 5.58639291793
7052 3.27613270467 5.2841658251
1778 0.555295200064 0.555295200064
7055 0.812796633235 0.812796633235
1154 3.85546683733 4.12254589524
1152 0.465794610845 0.465794610845
5519 2.07516593243 2.07516593243
5518 1.66070029676 1.72765418915
5513 2.71526794105 2.71526794105
5512 1.43436414836 1.77155859178
5515 1.4350172769 1.77983251839
5517 1.99919153609 2.16615596124
1551 9.17714312382 9.17714312382
2999 3.99390413711 3.99390413711
59 1.30848645374 1.30848660505
58 5.57184643011 5.65303386524
55 0.987241812922 1.00640178503
2991 1.32098725623 1.32098725623
57 2.18275877546 2.18275877546
2993 3.45980088618 3.45980088618
52 0.945626449536 0.945626449536
535 1.30031430567 1.38343428587
532 1.59131211538 1.61181415865
531 3.03434351819 3.64713592445
7342 6.49696686596 6.96328296878
538 0.701095100992 0.829423660589
5600 0.534238665447 0.534238665447
5609 4.42736435875 4.42736435875
5608 2.74386411776 3.31668470232
5134 1.09920386261 1.22429211249
1902 1.58880206333 1.93821668094
6517 2.76553222408 2.76553281418
428 1.17232038168 1.17232038168
421 4.07964607554 4.07964607554
420 2.97576514558 3.29847353522
3293 0.150330479573 0.150330479573
1393 2.53976039827 2.53976039827
1391 0.792128168951 1.21725595149
3810 1.81820478109 1.88749595259
3816 1.68065380935 1.68065380935
3814 0.491214078008 0.491214078008
3457 4.50498305525 4.50498305525
6420 0.438130059593 0.438130059593
4298 6.11538251897 6.11538251897
4294 2.04605985268 2.04605985268
4297 1.69080594808 1.69080594808
853 6.52342453683 6.5616076282
6428 1.18345182203 1.18345182203
6429 2.78742375672 2.78742375672
6412 0.21062237105 0.21062237105
7543 0.72927203986 0.72927203986
7547 5.28734987151 5.44160549838
6168 1.98668608941 2.12026594557
6160 3.93556098488 3.93556098488
6162 0.0630155811751 0.0630155811751
4749 1.56968168561 1.59706802546
4748 3.50258138371 3.99431340481
6767 2.30107472246 2.30107472246
6766 2.50527508393 2.84485087209
4740 3.79236609288 3.90208319236
4747 1.82245054249 1.82245054249
4744 0.992558766147 1.27716114058
5868 1.69479104048 1.69479104048
5865 2.49233936831 2.64282527135
4715 2.63670339058 2.63670339058
2183 2.46741080913 2.93090306005
7059 0.259344054145 0.259344054145
2181 0.626384599342 0.626384599342
2186 0.866135171543 0.866135171543
4606 5.16243797764 5.73055213529
2189 2.00036755878 2.00036755878
224 4.01947103921 4.02700802884
223 5.92258363275 5.92258363275
222 1.85029405884 2.4247892884
221 0.804943689494 0.804943689494
2212 1.78272591162 1.85301000706
2211 0.85466901343 1.13327818204
2210 1.41824693189 1.56596224776
2217 3.19251110276 3.19251110276
2216 2.27192152353 3.88905013748
2214 5.24975028172 5.24975028172
6699 0.72052113171 0.72052113171
7293 1.00366393343 1.09529013629
6697 1.11307330241 1.30713921744
6696 1.11716673323 1.23154734074
6694 0.921423010727 0.921423010727
151 0.808281705544 0.808281705544
155 1.52470917577 1.52470917577
156 3.32697035333 5.01802824049
2433 0.940091171212 0.940091171212
2431 3.10755344864 3.24624373416
2430 2.19733405668 2.19733405668
2437 4.32727626178 4.41644590166
2434 2.03903817939 2.2335162531
6340 3.46873595367 3.46873595367
6343 1.96038309435 2.30802165112
6344 4.32911313746 4.32936206938
6346 1.24066380242 1.24066380242
6349 0.903661889831 0.903806972811
4510 1.55192233747 2.15174318928
6809 2.22663111215 2.22663111215
4514 1.00726943979 1.14593917926
4515 3.5361272881 3.5361272881
6186 1.79003770275 1.79003770275
6183 1.42586524317 1.59049928043
6182 2.59563767281 2.59563767281
2508 3.81937324878 3.92792909655
2507 2.156021065 2.93135106031
2506 2.82287440711 2.86034798111
2505 3.31632524037 3.35836104735
2503 1.2733563102 1.2733563102
5289 2.2507350652 2.2507350652
5288 1.66708571105 1.66708571105
2721 1.82830963838 2.37944625056
5280 2.51567157074 2.86373217041
5282 1.24344428144 1.24344428144
5287 3.05056577971 3.05056577971
7234 0.543942441303 0.64348667713
7235 6.4033560964 6.4033560964
7233 1.13483402487 1.13483402487
5047 4.15095929976 4.15095929976
5046 2.94956287082 2.94956287082
5045 9.53004707295 9.53004707295
1807 2.349313789 2.38327517611
3783 1.59721173506 1.59721173506
1804 2.5306699578 3.47190783813
1802 2.04011465717 2.45413173888
3789 2.00710130934 2.00710130934
1809 5.49779725075 6.06862100219
1808 0.930263504556 0.930263504556
4994 2.07683171754 2.07683171754
6239 1.02048923286 1.02048923286
4993 2.20510838212 2.55498363334
4991 3.27221465296 3.27221465296
6234 2.49616052679 2.49616052679
6237 0.179947603964 0.180704155283
4999 0.0802362945628 0.0802362945628
1948 0.611540564729 0.611540564729
7301 2.37619384394 2.37619384394
7307 6.53092696624 6.53092696624
7304 4.58138226731 4.89060289634
7305 0.0298732543307 0.0298732543307
1943 1.02215893039 1.02215893039
1940 1.77576345837 1.77619793143
1941 1.37281360665 1.61028583637
1946 1.00067362167 1.09775955797
810 2.17781352081 2.77231417878
1252 3.33495514418 3.33495514418
812 0.998709732568 0.998709732568
814 0.633901213929 0.633901213929
817 3.63028793988 4.21218390173
2859 0.747311740381 0.747311740381
5183 1.55355861512 2.24153931334
2850 3.32396403836 3.84527923648
2852 1.9990321832 2.28067789462
2855 1.4176235885 1.4176235885
2857 6.55088905412 6.59476206213
2856 2.43362449075 2.43362449075
7045 6.38143394338 6.38143394338
1491 2.87825639732 2.87850989811
5463 2.95427853617 2.95427853617
5462 2.43855889115 2.52993315553
1494 2.71128071768 2.71128071768
3336 2.30355068299 2.97738099914
1496 2.2532688741 2.31376987619
7042 3.29045533276 3.29045533276
1499 4.8645292337 4.88447487535
1702 0.745589154505 0.745589154505
7328 2.86597228177 3.65254566235
1705 1.39498783047 1.39498783047
427 1.85266684111 1.85266829827
4574 4.83320160049 4.83320160049
1129 2.49548272556 2.53177018935
1123 0.725623054986 0.725623054986
6983 3.99486008168 4.22350948213
6982 1.23281586435 1.23281586435
1126 0.166966615571 0.166966615571
6980 2.95330373854 3.03509641668
2982 2.6335962586 2.6335962586
2981 2.1689105018 2.96299799497
2987 0.32319906044 0.32319906044
3022 4.22164766102 4.22164766102
2985 1.91335124881 1.91335124881
524 1.5002440643 1.5002440643
520 1.75219341699 1.80949048512
521 5.49549066308 5.49549066308
523 2.52670771163 2.83910252456
1012 0.787162196712 0.787162196712
1013 0.505517816874 0.505517816874
1234 2.06649530331 2.55059120089
1235 5.89306044528 5.90588251033
1237 0.884149018899 0.884149018899
1230 8.93908607231 8.93908607231
1231 0.271644556306 0.271644556306
304 2.34998218015 2.66951427157
4195 0.160668583809 0.160759172542
4192 1.00250342576 1.11182066104
1239 1.76518155892 2.04208090793
5674 2.02979314498 2.63353481012
4355 5.25798661613 5.25798661613
4357 0.379839443509 0.379839443509
4353 2.98083450829 2.98083450829
6507 0.855411295121 0.855411295121
4900 0.259623267097 0.259623267097
437 3.989070079 3.989070079
435 0.186991375797 0.186991375797
433 1.94732984507 2.18775626234
431 4.72663987614 5.15119376214
7158 1.2423340251 1.2423340251
3808 6.1021686031 6.1021686031
3802 1.21835399432 1.30854801441
6437 0.516822278938 0.516822278938
6435 1.66994016781 1.66994016781
6432 3.68084489755 3.68084489755
6431 10.3752035053 10.3752264238
5707 1.24226774567 1.61260416033
5700 2.59985919291 3.02945467378
5702 8.08925233738 8.08925233738
6438 0.839801700434 1.01674571269
2868 3.72906346611 4.4296598238
2869 3.47775251677 3.47775251677
7553 1.14123163639 1.44735947729
7551 2.24717303433 2.24717303433
7550 1.64143112588 1.64143112588
7557 1.92165224411 1.92165224411
7578 0.496819000588 0.500892248388
4774 3.15475665529 3.3368190273
4770 6.29596374089 6.29596374089
4778 3.06180865981 3.06180865981
6421 0.11015298829 0.110153063377
4175 0.358849900767 0.358924676284
4172 2.15095510822 2.20559779546
6752 0.152664129848 0.152664129848
6756 2.71881266733 3.77362838495
4179 3.12384793267 4.96160474357
6755 3.62928646865 3.62928646865
7171 5.03853989257 5.42269804796
5815 1.61086097325 1.61086097325
5816 1.6796755892 1.82746754239
4296 1.9546288312 2.4327841269
7173 4.39946844777 4.59233036795
5064 0.661777465059 0.661777465059
4619 0.542679549383 0.771647932419
234 3.40601315698 3.93758633074
4610 0.347615227299 0.347615227299
236 3.11901122581 3.11901122581
4615 1.13137967898 1.13137967898
231 3.36182476024 3.36182476024
4617 1.90389827095 1.90389827095
233 4.8210695468 4.8210695468
7392 3.15126163402 3.15126163402
2223 0.369026075002 0.369026075002
5924 3.03678663154 3.03678663154
5925 1.46444716184 1.90370813914
4881 0.362125954946 0.362125954946
146 0.58902740025 0.58902740025
5356 0.132489704257 0.132489704257
5143 0.22761252634 0.22761252634
4501 1.24575401681 1.2457545057
4503 1.0050233071 1.0050233071
4502 0.486871131641 0.486871131641
4508 2.17208194078 2.17208194078
2089 1.37645495699 1.37645495699
2080 2.48792591388 2.622740281
3403 2.58555778299 2.58555778299
2538 2.81357836615 2.96144503669
2539 0.239880743904 0.240225796943
2530 2.14536894342 2.49994970903
2537 0.546249691635 0.546306037394
2713 0.961571889223 1.37604802093
5453 9.30087319584 9.30087319584
2716 2.6779828729 3.30578087295
2714 2.1716798465 2.26756343353
2715 4.00175348725 5.99674220792
5078 1.58942475567 1.97714701836
7222 1.41559108867 1.57035925689
5456 2.31962370665 2.39397197509
7227 2.00742946153 2.00742946153
7226 2.54784629192 3.26169284628
5072 1.59682052869 1.59682052869
5457 1.57241721902 1.57241721902
5076 0.337497581909 0.337497581909
5077 1.92379886556 2.09138742054
1832 3.29423340846 3.33316398291
1833 1.0485912557 1.04866163671
1830 2.96977535013 3.00733802078
1831 3.08331417435 4.13394058583
1836 0.11264648016 0.11264648016
1837 3.49952064997 3.81214462107
1838 1.21740146139 1.21740146139
1839 1.1989751774 1.44647642457
2155 1.63787709872 1.84555407785
2156 2.82874932601 2.82874932601
2157 2.91013829317 2.91013829317
2402 7.94978548063 7.94978548063
2151 1.89143665279 2.07752056422
6240 0.858910095121 1.03329067494
4988 2.18046055106 2.18063865263
7446 0.319101213416 0.319101213416
2158 5.49747498183 5.67331558037
936 0.0397208585891 0.0397208585891
6246 0.847421202766 0.847421202766
2409 1.16987429954 1.63047379608
5381 4.64733576592 4.64733576592
5382 1.36443482539 1.64417004539
5383 2.48162506164 2.48162506164
5386 4.06648009228 4.06648009228
5387 0.0289563812002 0.0295379393874
5388 0.395186985115 0.395186985115
1691 4.36085771509 5.18921744294
1955 0.860517555136 0.860518157345
1957 1.98405720665 2.26037219584
1956 5.29957909096 5.29957909096
1959 3.13725439509 3.55925718759
3243 6.20766005434 6.207728378
3242 5.49574554601 7.23439106586
3247 0.904118529114 0.905072044111
7310 1.66437882136 1.95592645381
3245 0.813587503436 1.08550632835
3244 3.78728939469 3.87754336812
826 0.498989284527 0.498989284527
821 1.53152104233 1.68008708913
820 0.986132417565 1.04307777078
1483 0.715781953184 0.715781953184
1482 1.50636396279 2.12744419815
1480 1.53892077265 1.55142712941
1487 1.82116308103 1.90556277157
1486 2.27610205356 2.27610205356
1485 2.029711945 2.21722186453
7037 1.54529636588 1.54529636588
5496 1.7582249998 2.03428432159
3300 0.849523249426 1.26589489504
5493 1.99992782575 2.35596642983
796 1.23210192898 1.23210192898
795 1.53823592254 1.53823592254
5251 2.91621775285 3.58996931432
5256 1.00179507399 1.23658532233
5257 1.78715827973 1.78715827973
5254 3.6127092756 4.64988222326
1719 0.576788642533 0.576788642533
1718 1.39531708996 1.89153911257
613 0.374673595961 0.374673595961
2414 1.99392591625 1.99392591625
1139 1.79797533163 1.79797533163
1273 6.02977361535 6.16652348352
1995 1.00465754186 1.3768991597
1275 0.0749442830097 0.0749442830097
5940 1.82500921498 1.82500921498
3011 1.80897344214 2.11101503857
3016 3.01622462957 3.01622462957
7141 2.9143386672 2.9143386672
3014 1.27567216887 1.27567216887
7143 0.686139765511 0.686139765511
926 3.13831049537 3.13831049537
1007 0.517231521838 0.570745963246
1005 2.28831408672 2.58876483043
512 6.81679450464 6.81679450464
515 1.11315886883 1.26371869905
517 1.94310268951 2.58333634672
516 0.318007655847 0.318058771187
1226 1.49829527275 1.51928225903
621 0.634157512944 0.634157512944
1223 0.59780803146 0.59780803146
626 5.25143053634 5.47848535457
1221 3.15118774847 3.15118774847
4182 0.0695249292143 0.0695249292143
4184 2.92773138725 2.92773138725
4186 1.57526476279 1.57526476279
5662 1.68538003927 1.97923409857
6533 1.33267398771 1.7360760052
4349 1.00086780776 1.02146808555
7562 5.45113289034 6.23059349968
5669 0.501816442188 0.551779166259
4341 0.995984312346 1.18922019605
2883 5.62359653376 5.62367020058
7498 1.40596009845 1.47938737829
2887 2.99377661632 2.99377661632
2884 0.712288563012 0.712288563012
7493 3.16950982685 3.83541166015
7490 4.86836059806 4.86836059806
7491 2.50875442931 2.55308136966
7497 2.67847664152 2.67847664152
7494 2.04536027564 2.10551051011
3878 4.28452838632 5.5018191944
3879 2.05763340991 2.09769252291
3874 2.3217343948 2.37614015483
3876 6.41735395176 6.41735395176
6403 1.50673375688 1.50673375688
6400 3.32632806846 3.86713421799
15 1.83332248187 2.20131374178
14 2.3082483348 2.3082483348
6404 3.33052463507 3.33066040025
1921 2.44777873067 3.24199124026
19 2.4590356134 2.45969003477
7568 1.59422035257 1.82129525422
7561 0.149785625847 0.149947472484
7374 1.7709666943 1.7709666943
3907 0.467549977682 0.467549977682
3902 4.4370967924 4.4370967924
4761 3.04532190754 3.37731913197
4760 1.65888963997 1.92021685927
4763 0.231686618036 0.231686618036
4764 5.45858438706 5.45858438706
6748 2.03250571959 2.88019098952
4167 7.0062419665 7.0062419665
4162 1.41997206312 1.49822697496
4161 1.47704474869 1.87981393681
205 2.55406030814 2.7503480119
204 2.3199602186 2.76013642665
209 3.81974494854 3.81974494854
830 3.00270032962 3.00270032962
7181 0.304775896923 0.307689754441
2233 5.04473174933 5.04473174933
2232 1.17207045885 1.17207045885
5937 8.36781489267 8.36785706658
5936 0.727071825368 0.840207008993
5934 4.70117434451 4.99618395328
5933 3.68133214993 4.22748247005
5932 1.49819770326 2.04448977295
5931 1.86669176735 2.19454934784
5938 3.681463687 3.681463687
7140 1.75534628986 1.75534628986
3499 1.29841720326 1.49393606818
3495 2.26980026178 2.26980026178
3491 0.51094974881 0.51094974881
4570 2.48735402393 3.11642115526
4572 5.86391182962 6.05053817936
2096 2.8760404577 3.38639580235
2091 2.51175473586 2.56539817309
5096 7.91895100653 7.91895100653
4576 0.983561859799 0.983561859799
2092 2.17826716966 2.50877261428
3657 4.75353311093 6.16330348691
4604 4.75699891802 4.75699891802
2525 0.595342568247 0.595342568247
2524 0.670552824136 0.670552824136
2527 9.03670656617 9.03752163787
4602 2.97066118089 3.57814506683
6902 3.76993387333 5.10643308974
5065 0.79320046566 0.887126150653
4889 2.53914015511 2.53914015511
5067 1.43812917593 1.64457147971
5066 0.92580396145 1.06185363939
5061 0.180665421117 0.180665421117
2708 1.13126191227 1.13126191227
7262 1.80826729013 2.20679556027
5062 0.604490955244 0.604490955244
2704 1.28644316021 1.28645541461
5069 3.51844736541 3.85380929797
4885 0.652140709704 0.652140709704
2702 0.830963326195 0.830963326195
4193 1.6710288504 1.8467171387
1828 0.763302921706 0.763302921706
1825 1.56197179915 1.56197179915
7453 2.23103746015 2.91068926884
928 1.57862736262 1.63697400831
2146 3.65382636549 3.77240060689
7072 3.18118041552 3.18118041552
2142 2.29224721811 2.52833018278
2140 1.1312096881 1.1312096881
921 1.52438328276 1.52438328276
4498 1.3841921045 1.46087842241
924 1.99328557694 2.11774081232
4971 0.0983975323854 0.0983975323854
2149 3.26830140213 3.26830140213
5745 1.07618204713 1.08366975997
5392 0.00772369024431 0.00772369024431
5395 3.8569097397 3.8569097397
3276 1.0040879805 1.0040879805
3277 1.28299129392 1.28299129392
1924 0.689144767921 0.689158815958
1926 0.619711296961 0.619711296961
5749 1.52697112091 1.52714258595
3278 1.5703386164 1.69970725765
7369 1.51850703012 1.51850703012
3476 0.811117622488 0.811117622488
831 3.47716254496 3.47716254496
837 1.08287991492 1.08287991492
7361 2.46941146966 2.52326540544
3478 1.5638009656 1.78119400157
5586 3.47507638287 3.47507638287
3332 0.169037290831 0.169037290831
3318 0.0842007509767 0.0842007509767
6571 6.01568113214 6.11506927612
5488 0.910421028702 1.10086254318
5484 2.14804174842 2.63489489474
5483 0.998125380123 0.998125380123
5482 1.87253345048 2.21514227494
5481 1.78368947293 2.03162051905
5480 5.17969062246 5.17969062246
785 0.670964230538 0.670964230538
786 2.93777111649 2.93777111649
7450 2.51337585412 2.51337585412
1728 3.25187609934 3.25187609934
783 0.491827058763 0.491827058763
6591 3.49164694535 3.49164694535
1727 1.57924881647 1.57924881647
5246 1.57698207317 1.65554932866
1722 1.73190895303 2.67655094959
789 5.37345653103 5.37345653103
1720 4.3137592827 4.3137592827
5242 2.00122780442 2.00122780442
7594 1.20106049097 1.20106049097
61 3.49475774746 3.57965203927
3006 1.49234835413 1.49234835413
3000 2.12230446181 2.44718678223
66 1.87372386609 1.87372386609
68 1.91959415775 2.13908256336
69 1.21124208277 1.97829932184
3008 1.0164461871 1.0164461871
7159 1.12179639026 1.44943552094
1370 4.97528350153 4.97528350153
7153 0.790819161673 0.790819161673
7152 2.17689650659 2.17689650659
1584 0.507010943206 0.507010943206
1585 1.02364322303 1.31404505061
6826 0.991524123568 1.08359858982
509 3.97881220116 4.11733164195
1032 1.62976300037 1.62976300037
505 1.34761596497 1.34761596497
502 4.15841237869 4.48294616222
1037 1.90223673681 1.90223673681
1212 0.759755428361 0.759755428361
1210 3.04308625414 3.08089604966
633 2.08496578311 2.08496578311
1216 1.52095125822 1.67661432838
635 1.97101898382 1.97101898382
638 3.65925950778 3.65925950778
1218 1.14290966704 1.14290966704
1219 2.20159301881 2.90784138115
6521 2.06391095914 2.44716587908
7484 2.45980956359 2.87831892875
7487 3.8252331939 3.8252331939
4379 2.57075773506 2.57075773506
7483 1.19215788086 1.19215789555
5659 2.00312541704 2.80726821155
5655 1.0722814378 1.07229031631
5652 0.877863487178 0.877863487178
4377 5.41506093182 5.41506825479
2899 3.50799089152 5.30600087279
2895 0.568443297329 0.765738944866
2891 9.14907272828 9.14907272828
2890 3.47989466189 3.78620765955
1106 1.75892119304 2.33348689842
1455 4.63201670522 5.22971949027
1102 3.49992445065 4.94845181622
1103 1.3482510523 1.3482510523
1453 0.724437205868 0.790778192053
1458 2.03727283872 2.64665761635
1899 2.76383474711 4.07234711604
4082 1.41855611736 2.25039537288
3868 1.69062731508 1.99183610087
4088 3.63020950659 3.63020950659
5241 1.49531308299 1.49531308299
3738 1.24624776854 1.35899738444
3866 0.0750452835564 0.0750452835564
3864 10.9356230114 10.9356230114
7073 8.46674906297 8.46674906297
3735 3.93903378235 3.93903378235
5729 2.71138746669 4.07756409879
6419 0.94117884776 1.24600448101
6418 0.755801730813 0.876898030586
6415 1.94406277471 2.37865141931
5723 2.2750270094 2.2750270094
5720 2.19246539432 2.40300382646
5721 2.78995197187 3.26008553174
6411 4.43226847753 5.31307762037
5727 6.63043336754 6.63043336754
5724 1.74050917894 2.13860280881
5725 0.338693416999 0.338693416999
3913 1.51658721715 3.60601880018
3912 1.692650546 1.75309204813
3918 1.68625299077 1.98661151026
6732 2.49909712909 2.49909712909
6734 0.656220690052 0.656220690052
6736 2.651608164 3.70071855743
6737 2.61523050437 3.45569526935
6738 3.48545424989 3.48545424989
4796 1.66943739419 1.66943739419
4790 1.66309649014 1.80690301699
5836 3.08362680906 3.08362680906
4153 1.88855000323 1.88855000323
5834 3.685046282 3.685046282
5835 2.51993324676 2.58284686967
4154 1.24740086902 1.24740086902
5831 0.0064034588039 0.00798230189544
4159 4.49803905619 6.2177100072
4698 4.27650466452 6.34530631304
219 2.75735824164 2.8759022253
7464 0.51088653481 0.51088653481
6087 2.47020713433 2.47020713433
6084 3.16100305291 3.16100305291
6083 2.74656428291 2.74656428291
6644 1.14589288296 1.33471861157
6640 3.47400228293 3.70542186632
6642 1.7573412935 1.7573412935
5902 2.68087938954 2.68087938954
5904 1.2774512184 1.2774512184
5909 2.814325385 2.814325385
6497 0.230736352451 0.230739677705
3488 4.50922657131 5.22020555866
3481 5.66065785672 5.90117567821
3480 7.5804705914 7.5804705914
3482 3.41107821689 3.41107821689
3487 4.72129844253 5.07993576707
3486 4.38028515775 4.38028515775
4566 2.50600947046 2.50600947046
4565 1.05521913972 1.16292533352
4569 2.12385224823 2.1737962459
7080 2.82015272275 3.3874709223
2551 2.50970155498 3.82805769674
2552 7.57482079899 7.57482079899
2554 1.52481494463 1.79200783237
2555 1.49222102369 1.49222102369
6396 1.06202542422 1.06202542422
6397 5.45707028268 5.45707028268
2397 9.9842056768 9.9842056768
2394 1.11892680693 1.56976664917
63 2.38243383609 2.38243383609
5013 2.38554945617 2.38554945617
5014 4.91973010531 4.91973010531
2771 1.86209525558 2.7862842167
2772 1.73476487068 2.2840640524
4897 1.50417867659 1.58447319436
2775 1.74410519993 1.79815754319
2777 1.49973875438 1.55444189287
1859 0.499342940039 0.667916829411
6260 4.80045709418 4.80045709418
4418 1.99882461074 2.86027346265
4417 5.00249744353 5.00249744353
4416 4.56193230462 4.56193230462
1852 4.42126098865 4.42126098865
1853 0.731270520643 0.825320635912
1855 0.467612198829 0.467612198829
6269 3.33656541234 4.03618578327
5168 1.4164357124 1.4164357124
2171 0.748109563224 0.748109563224
2176 3.0792203791 3.0792203791
918 0.680855045763 0.680855045763
6063 0.47669343766 0.599464991134
4967 2.50236686692 4.24107848281
914 5.64025501598 5.64025501598
917 2.27854264631 2.27854264631
2179 1.23725230297 1.23725230297
912 1.4634795983 1.73524876395
2603 1.55838787089 1.55838787089
2609 2.58835983107 2.58835983107
1930 7.09237087969 7.09237087969
1937 5.60864922663 5.60864922663
3269 1.50017171243 1.5260061627
1939 3.21124496686 3.21124496686
5127 2.04686793613 2.19216998518
5121 2.02349713036 2.63967632147
845 1.96572330011 1.9657233006
3464 1.48263474072 1.48263474072
3463 2.40123692611 2.40127492824
842 1.83830303512 2.08145760131
7091 3.21897081155 3.21897081155
7375 0.569603062641 0.569603062641
848 1.84293287072 2.18299708877
7012 1.02508841925 1.20950163761
7013 3.90495201464 3.90495587936
7011 0.924515363144 0.924515363144
1731 0.306757997363 0.306757997363
1732 1.95913073003 2.47224166707
5234 2.36371793312 2.36371793312
1806 5.36410918231 5.46735276658
758 2.956579601 3.31109960554
7088 1.06673995928 1.06673995928
1595 0.724923843665 0.724923843665
6887 0.722945162815 0.722986267362
1597 4.9735582816 5.22411732428
3074 1.9228273789 2.54076547656
3075 2.05186872081 2.27658194233
1592 1.24673897122 1.37010950993
3078 0.278732007168 0.278732007168
3079 2.53252628097 3.38043606423
1599 3.93640270974 4.17556646736
1598 3.26330082132 3.26330082132
6889 2.00890643047 2.09534157794
5344 1.66953174289 1.73951975648
5345 0.375352054285 0.375352054285
7168 2.07593147929 3.07313605928
1021 2.55411160204 2.55411160204
1023 4.52805699593 4.52805699593
7163 0.997585623706 0.997609848413
7166 1.72905541336 1.86894528613
7164 1.57876954914 1.57876954914
7165 5.55442046611 5.55442046611
604 3.15029638691 3.15029638691
4367 2.41910402769 2.70702119302
4361 4.1908046511 4.1908046511
4363 6.9537148423 7.73344279742
4362 2.61671719103 2.61671719103
1203 3.93382534563 3.93382534563
5649 2.89831782909 3.58837021786
1211 2.08284769742 2.08284769742
5641 2.02731787081 2.02731787081
6041 1.15661768183 1.37625526175
5642 1.83286001613 2.18177751715
5646 0.413707622711 0.413707622711
6335 0.739757267629 0.739757267629
3105 2.92393516277 2.92393516277
3107 5.22081660769 5.2208169303
3102 1.25004494037 2.0125390319
3103 0.150035604824 0.150035604824
1112 2.59281595472 2.59281595472
1443 5.98468736667 7.48030669321
1114 6.23280477084 6.23280477084
1116 2.271441338 2.271441338
4093 6.76680458593 7.16124927554
4091 4.83776965973 5.61366611121
6332 9.15427113621 9.15427113621
5737 1.81045932327 1.84021214131
5736 0.753982879977 0.753982879977
489 2.5788296223 2.6267479412
488 2.1570260537 2.1570260537
487 0.466077797897 0.466077797897
485 2.00062577038 2.80537704187
4587 2.70992578359 2.70992578359
480 4.83430441925 4.83430441925
7585 2.89686954862 2.89686954862
6463 1.04912283847 1.17871079731
7580 4.91782085485 6.06681344157
4725 2.86725545191 2.86725545191
4851 1.4574692037 1.5273437497
5300 4.00482168966 5.29200723094
3926 1.09551243915 1.09551243915
3927 2.08782737462 2.68603881412
3924 2.27051870056 2.27051870056
6526 0.264612708084 0.264612708084
6722 0.989159399308 0.989159399308
4782 0.264868450691 0.264868450691
4781 2.84396427778 4.8287989709
4149 5.97953070337 5.97953070337
5827 1.18537850756 1.55190455062
5826 2.4974379702 2.91258951278
4144 2.36574063123 2.36574063123
4141 4.90750918998 5.5092383425
4143 1.22145735367 1.22145735367
3857 4.29879263881 5.37062900994
3855 1.35503642595 1.35503642595
3852 1.29906998602 1.29913884327
3859 3.91876451808 3.91876451808
6099 1.45544241108 1.74784726062
6098 0.24729502703 0.24729502703
6091 3.77183813381 3.89319619374
6094 1.3296782048 1.3296782048
6917 5.16153952263 5.3201654786
6657 6.83636336969 6.83636336969
6655 2.02556058954 2.05141436668
6048 1.42075007084 1.42075007084
6651 2.08684502868 2.0870551025
5915 1.88176065661 2.18638645898
5911 5.09416705636 5.71218671128
4820 2.46718457225 2.75589262448
199 0.886856960289 0.886856960289
195 2.5978098247 2.5978098247
196 5.96025254693 5.96075628184
190 0.922847102267 0.922847102267
6384 3.19691567869 4.18865073095
6387 2.40236985541 2.69947998686
3679 5.92439156046 6.16945674107
4558 1.52871807665 2.21857916993
3676 1.98097001511 2.61311899624
4553 2.49640425296 2.77986413075
4550 4.13822896441 4.4204871063
2541 1.06247078962 1.16945614639
2546 1.15789290493 1.15789290493
2380 1.82926777839 1.82926777839
2383 2.55262635849 2.55262635849
2386 1.28321063626 1.59272231085
3580 0.61194554591 0.743761341721
3583 3.81593015436 5.18030162651
3585 2.91110024279 2.91110024279
3587 3.59833555088 3.72634858162
2761 2.25274452658 2.63509187143
2767 1.73226168829 1.73226168829
2765 2.04507642313 3.05822942745
2764 2.07586131699 2.22433117918
6913 3.3110149949 3.3110149949
902 1.24682710042 1.24682710042
1849 1.68190923252 2.85610889566
6277 0.465253185391 0.481693272768
6276 6.00269770948 7.84952145006
1843 3.55347503195 3.55347503195
4423 1.94385462553 3.059131698
4420 0.9472970581 1.06014832916
1847 3.80536249884 3.80536249884
6077 1.99920728308 2.7977025776
2168 1.0791923407 1.0791923407
6071 1.66393983031 2.24892836683
6070 6.10229128676 6.10229128676
4951 9.04990908673 9.04990908673
4956 1.30174318468 1.60263503924
2160 1.37620741703 1.37620741703
7309 0.176160270506 0.176160270506
2613 2.61327406109 2.6132802647
7095 0.471679169184 0.471679169184
2618 0.505351170442 0.506550092786
7347 3.10677252846 3.10677252846
7345 7.00114375328 7.00114375328
3298 0.518625283856 0.609754534143
5138 1.49700039738 1.49700039738
3294 0.0851411711528 0.0852160458351
1907 4.84481944092 5.84355139775
3296 4.3069620995 4.5584847343
3297 4.66208246195 4.74164019992
3290 0.375510304999 0.530392921589
5132 1.56999498435 2.56579801489
5131 5.76349712361 5.76349712361
1901 2.02610538327 2.52833989375
3452 1.67919507777 2.40073275918
3450 2.24668845625 2.50393893362
3456 2.67112942507 2.67112942507
851 2.052757713 2.93577129164
3455 1.04778087132 1.04778087132
3863 1.48738469532 1.48738469532
6 0.86889750024 0.996604996841
7001 1.44803538244 1.76397211632
7005 0.50030442765 0.50030442765
7006 2.12234918843 2.52237434661
5229 1.67222179503 2.08470773597
5228 3.60185948436 3.92613107702
5223 2.85234246357 3.34466007022
5224 1.05257045808 1.05257045808
743 4.33689073102 4.33689073102
744 0.973212233869 0.973212233869
745 1.22153893869 1.53124103918
746 3.26623613352 3.26623613352
747 5.30407137164 5.30407137164
748 11.0220979016 11.0220979016
3062 1.88061269021 1.88061269021
7177 0.580987401995 0.769300397727
7176 4.46430448401 6.1456256322
6895 1.54888411634 2.38221412506
3065 5.34724022803 5.34724022803
3064 2.22300226118 2.9997750049
2947 4.54591961344 4.54591961344
3069 1.68817645736 1.68817645736
3068 0.99741163796 1.18742390466
7178 3.16101907181 3.39694513161
2941 3.47287911247 3.59062393989
1051 2.6466683393 2.7877725321
1053 3.42164302362 3.7435020113
1056 1.76561659723 2.16538531952
1057 3.45779411916 3.45779411916
1693 3.09604551696 3.09604551696
2919 0.996548968305 1.08767125305
1699 5.22588988841 5.22588988841
4311 1.69732137114 1.69732137114
618 3.45877321995 3.45877321995
4315 5.78684287044 5.92728303847
4317 2.20802898265 2.20802898265
1797 0.958259264916 1.15511824134
611 2.22437084594 2.9954405709
617 3.27043532646 4.1155298769
7574 0.145482494035 0.146227850808
3118 1.426199834 1.426199834
3116 2.92610637777 3.0910983706
3115 1.76956315442 1.88315498113
3110 1.87492196918 2.27696139243
7579 0.875441127451 0.875441127451
1470 2.88233020046 3.15363525228
1474 4.51165371979 4.5502243091
1475 8.32678459781 8.32678459781
7041 3.38186070881 3.38186070881
6143 0.511928754293 0.511928754293
1479 6.56724745342 6.61640167234
5464 1.11325564854 1.11325564854
1301 0.664340146583 0.664340146583
7129 2.23828705798 2.42494205365
1308 2.54498248685 3.58507261407
6410 1.773124612 1.83673509873
5740 5.76691381457 5.76691381457
4229 1.00558909799 1.00558909799
3597 0.986773118007 0.986773118007
496 0.0764873630863 0.0764873630863
4227 5.98139473308 6.28995978932
490 4.79625205947 4.79682226888
4221 1.42303946482 1.64336671484
493 3.26539646077 3.50731139673
24 5.47818860539 5.57414397287
25 1.45888203832 1.53617486771
5584 1.49854347479 2.24025286986
22 3.19200864934 3.4609490858
23 3.41164546688 3.41164546688
7595 1.00669845602 1.25526951535
6470 2.50086715166 3.4757551232
6476 7.47166446431 7.47166446431
7591 0.718466016406 0.855217508396
5589 2.77471442471 2.77471442471
3938 7.35932850791 7.35932850791
3936 2.77377103868 2.8051960579
5265 1.72511586678 1.72511586678
6718 1.35771705987 1.35771705987
6716 4.39286800171 5.05063672898
6717 2.23680226042 2.23680226042
6710 1.87147395839 1.87147395839
4138 3.74644061476 3.74644061476
4130 2.80419396372 2.83517582136
7474 1.41764756229 1.72608354464
5692 1.98395576804 2.54699062596
3840 1.30435796886 1.89066363019
3843 6.0086394479 6.0888789032
5691 3.37561181313 3.37561181313
5694 0.397812555259 0.397812555259
3849 1.54677356661 2.14743672023
1872 1.8267828471 1.8267828471
4046 1.8530851743 1.9076696589
4047 5.66254143054 6.24426814254
4048 7.01705143274 7.59199103374
5968 0.0641634909185 0.0641634909185
5969 1.29475287261 1.51208224359
5963 2.07719359191 2.07719359191
5964 1.47047247309 1.47589252557
2289 0.471558510558 0.471558510558
3667 1.1966594142 1.1966594142
3661 3.01052125287 4.01373311757
2280 2.68106689447 2.68106689447
2282 3.45077394608 3.45077394608
5433 5.49773900116 5.5446610505
2287 3.38919740414 4.70723690628
4543 6.6080166509 6.66654649638
4546 0.918113151978 0.918113151978
2579 0.0961243362843 0.0961243362843
2572 2.90755829502 3.19669716249
2570 2.54707470134 2.54707470134
4534 1.19721440388 1.50419631792
2378 4.69126592381 4.69126592381
4827 3.03347028168 3.40093491067
2376 0.90708143361 1.05345732581
2370 1.8437723775 1.8437723775
2373 0.0310031797083 0.0310031797083
3592 1.3006676203 1.30088882507
2596 0.954124489335 0.954124489335
2590 1.23861746404 1.23861746404
3595 1.57029810862 2.42008591154
3594 2.04773389143 2.22646193439
5036 4.03976011779 4.05933750795
6280 2.49848024317 2.67012143754
5030 0.498326639521 0.498326639521
4531 2.57406525986 3.1130456728
4434 0.167170277844 0.167170277844
4437 1.73172026518 1.77953511521
1084 4.34097067514 4.34097360568
4431 2.33479858282 2.33479858282
4430 0.74215219646 0.74215219646
4433 1.54108861506 1.54112999677
6283 1.7569025684 1.83138993433
4438 8.41755173272 8.41755173272
1878 0.585949600806 0.585949600806
6595 2.81938160497 3.83192606471
970 1.44904552017 1.44904552017
5581 2.96193007898 2.96193007898
6287 1.49430914891 1.49792771224
4949 3.0090443026 3.0923688158
4948 1.63497269594 1.63497269594
6282 2.2455382383 2.93859461311
978 0.997316381481 1.08033319251
6043 2.25075145465 2.58995081332
6040 7.55705668312 7.57080893648
181 4.84508437394 4.84508437394
186 1.40839835484 2.18480807573
6044 0.272498149459 0.272498149459
6045 3.23777582661 3.77233044902
2112 1.644737168 1.644737168
189 1.76412784763 2.12888785944
2114 2.87394839844 3.13860079128
2115 0.953182701676 1.05741946446
2117 1.6154137734 1.61541384383
2627 3.53322830393 4.13986067292
2624 4.1518402193 4.1518402193
5837 6.31233823145 6.3302335418
7351 3.44931989088 5.45418148072
1918 1.8142674076 1.8142674076
7355 1.58189179181 1.58189179181
4924 2.61451618768 2.61451618768
7357 3.79507472558 3.79507472558
7356 4.19225392075 5.58061499783
3287 4.9825001651 5.85106335558
3286 2.48540561508 2.48540561508
3284 1.95103796129 2.08068832201
188 2.87339433393 2.87339433393
869 2.26327809299 2.45001858565
860 5.48954536173 7.35376406892
3440 3.31079041634 3.89372414985
3443 2.23957118162 2.23957118162
2027 2.69895617011 2.69895617011
2750 3.92083229196 3.92083229196
2023 2.34990649598 3.15754828475
2758 2.81246643437 2.96284251939
881 0.690348940314 0.690390898281
886 0.346805387547 0.348553780598
888 1.55339432474 1.64201779452
5217 2.1807359035 2.51060743203
5214 3.91387157505 3.91387157505
5210 1.80343649304 2.02059818633
5211 3.69278911823 3.72203832655
5218 2.55229355755 2.55247814269
5219 7.4975371669 7.4975371669
7504 4.99632073716 4.99700179505
5414 1.50314654904 1.97877268394
777 0.840432001404 1.14875939044
770 3.0898850119 3.31937624411
772 0.887822078641 0.887822078641
7503 1.00196132454 1.00196132454
779 4.4986424442 5.93352709568
7638 0.0495391600519 0.0495391600519
4675 3.4546565399 4.03855619903
76 1.48930225855 1.96816749976
2978 0.47687586301 0.47687586301
72 0.647727824009 0.647727824009
3058 6.04154802568 6.28830378985
2972 3.72685476781 3.72685476781
2973 4.6233109807 4.6233109807
3054 1.76944300557 1.76944300557
3052 1.1436584843 1.46483240009
2977 1.64549195814 2.09225625668
3050 9.14979784855 9.14979784855
2975 3.53627567207 3.53627567207
1042 1.51227822834 1.90767150626
1041 2.11526756383 2.34257914069
1040 0.86897089677 0.86897089677
1046 5.02518321329 6.41492092997
1049 2.53030631625 2.53030631625
1683 3.20268103335 3.20369818197
1685 4.59242094051 5.35900673138
1684 2.80890244885 3.07096693442
1687 2.6321332558 3.30387495124
4802 1.66921054523 1.7416187058
7354 2.9480704293 2.9480704293
4301 1.60969133591 1.69882846779
1268 1.8282217477 1.8282217477
1263 1.99836175837 2.20130197607
1261 3.09564631448 3.09564631448
4308 4.3592041881 4.3592041881
1267 1.36219634688 1.47495215144
1266 3.70951214054 4.50910251603
1264 3.75302225284 3.75302621669
7359 5.58933482194 5.58933482194
3021 1.01043324241 1.31752602801
5103 2.48728540331 2.52309425746
3128 0.907874528805 1.22573784757
3129 0.711936823801 0.853892421796
7619 0.921570235575 0.921570235575
3122 3.59108571552 3.59108571552
3121 0.995442634673 0.995442634673
3127 2.17035740466 2.17035740466
1914 2.56428345191 2.56428345191
1465 2.01502685618 2.17587607613
6065 3.48618389369 3.81955521992
1461 2.66180369699 2.66180369699
1313 2.00990248979 2.18787149802
1312 1.4036815042 1.7179377704
1310 5.96369334231 5.96369334231
1319 3.54280016082 3.54280016082
6914 3.75668290165 3.75668290165
6915 0.64021697804 0.64021697804
6444 2.03830483409 2.64451811152
5750 0.150719691261 0.150719691261
5757 1.58374108648 1.58374108648
6440 3.16709152861 3.5961356155
5754 0.421982950738 0.421982950738
4236 3.80323161637 3.80323161637
6919 4.20974330378 5.43002216775
6124 4.65775694866 4.65775694866
312 1.6071651284 1.6071651284
311 0.755937342252 0.755937342252
316 1.56896511568 1.77155079534
315 3.2613501959 3.2613501959
314 1.98471639268 1.98471639268
6701 1.00187831095 1.00187831095
6703 3.4950031046 3.49715060682
6702 0.917982923435 0.917982923435
6705 5.41936229909 5.41936229909
6704 3.97560865559 3.97560865559
6707 0.503263615158 0.671330871891
7435 2.42992950151 2.42992950151
7436 3.65985835574 4.35600881881
7437 3.15253376932 3.84974114129
7431 2.58460985272 3.49436791541
5685 0.771297606954 0.771297606954
5687 1.44942245307 1.76087045279
5681 1.70118075425 1.77801247469
5683 0.560295348776 0.581476166373
1330 1.76664594787 2.35290828377
6674 1.11113964393 1.11113964393
4704 1.85264878441 1.85264878441
6671 1.30415690173 1.30415690173
4054 2.41341588524 3.14216117454
4053 1.77133794031 1.77133794031
4052 3.53082331663 3.53082331663
4050 2.01060573902 2.25126627234
6218 0.821984967622 0.821984967622
5976 6.0518281211 6.10700429439
5974 0.872348933068 0.889170205468
2299 3.37691088609 3.96347663176
3613 3.61538824003 3.61538824003
3614 4.16289840853 5.21429343723
3615 0.31094117135 0.31094117135
3616 0.148625583177 0.148625583177
2292 3.2114902395 3.21275764838
6939 4.22782211662 4.25758770976
2561 2.10938021224 2.62922909914
2562 3.12304666715 3.95291445239
2566 4.6651829745 4.6651829745
2368 2.5088592518 2.73692542148
2367 6.00271665186 6.43487043629
2366 0.42143197786 0.42143197786
2364 1.37343737877 1.42842822113
2587 4.06027117735 4.06380264809
2586 2.95042822706 4.40279621838
2585 3.58881128104 4.43898747405
2584 2.09994071147 2.55798727514
7294 2.54504409026 2.59624999906
7295 1.15199200921 1.15199200921
2580 4.36810486356 4.36810486356
5021 6.15555587332 6.20057595784
5024 2.49784562367 2.54793249481
5026 2.27786234746 2.47953720863
4441 2.50284769469 2.50493308743
4442 0.956401101253 0.957598155483
4443 3.24503501621 3.24503501621
4444 0.855877348038 1.01333593432
4445 8.57816738407 8.57816738407
1867 2.00092941132 2.01986586004
1866 0.44190133934 0.44190133934
4448 2.85930756599 2.85930756599
3721 3.46077740288 3.46077740288
3722 0.481613016504 0.481613016504
961 2.43336753212 2.87698242378
6299 2.19951344921 2.70365070497
963 0.479787226203 0.53026813434
6297 2.87374693862 3.00343620996
6293 1.45040088455 1.45040088455
4688 3.50793045636 3.97544717056
6290 2.02974155086 2.03663391647
2108 2.88562580745 3.58003315516
6059 1.84299452756 1.84299452756
2103 1.47418946121 1.94243075674
2102 1.14475895114 1.26155528586
2100 5.4423325915 6.39530390558
5575 2.22953204182 2.22953204182
2105 1.49123823247 1.49123823247
5117 0.612177680394 0.612177680394
5113 2.75972600686 4.00021945576
2634 4.33122523273 4.72532161497
2636 1.53596930542 1.53612771687
2631 2.85883509744 2.85883509744
2630 2.94930905006 2.94930905006
5571 2.99973552418 2.99973552418
5292 0.501007700432 0.658815585091
3438 0.910581413426 0.910581413426
3439 0.139345645133 0.139345645133
878 2.02732462831 2.027687033
879 3.39055280126 3.39055280126
3431 6.24363644705 6.32747704246
872 0.745147766221 0.745147766221
873 0.376232836533 0.376232836533
4592 1.50409931947 2.11761522764
4593 2.37304215774 2.67004720195
2743 0.400867292473 0.400867292473
2033 1.22706905543 1.59431508279
2032 7.63612215063 7.63612215063
4595 1.22187309916 1.60417153222
9 2.27380951743 3.12187691045
4840 0.221363219382 0.221363219382
3097 3.22218197308 3.22218197308
890 0.0508403938212 0.0508403938212
5200 4.19987558803 4.19987558803
5203 3.79228193228 3.79228193228
5202 0.503599644293 0.511277992802
5204 1.2299734763 1.28511204574
7320 4.06703212916 4.89738810074
3545 1.34330434656 1.63330168969
3547 5.59810030477 5.59810030477
3543 1.57701504178 1.57701504178
7323 0.836511174195 0.836511174195
2965 0.183327994087 0.183524804359
2964 1.49032674659 1.84453662425
2966 0.618025155019 0.618025155019
2961 1.51850366323 1.97234547207
762 2.24263033005 2.24263033005
1781 4.18714681177 4.18714681177
767 1.99761972835 2.05302439246
1786 2.86825792516 2.86825792516
7113 3.62461076542 3.62473755553
7112 2.36429006038 2.36429006038
6878 1.83418642247 1.91245991466
7119 2.4117936015 2.82708087402
7118 1.40451672539 1.40451672539
3045 1.01125972259 1.13425353351
6872 5.42662345868 5.5751072388
3046 4.38812090552 4.38812090552
1079 4.02502017036 4.32800290016
1077 1.99672757142 2.0001391341
1074 2.23323985947 2.23323985947
1072 2.93956521757 2.93956521757
1073 1.43437127668 1.44031924384
1070 1.99827334467 2.36216834835
5372 4.97706115394 6.57319289321
7290 5.47992411926 6.63660581684
1678 2.723753159 3.1102949668
1674 1.10085528784 1.65847144252
678 2.33051073942 2.33051073942
676 1.62637175075 2.19040809232
4333 1.80734928323 1.80734928323
4330 0.19327420981 0.19327420981
3131 4.86417489813 4.86417489813
3130 0.824641028743 0.824641028743
3139 3.17501579823 3.20437436995
3138 0.709605164648 0.709605164648
7608 1.93272119093 2.79233967961
7607 3.91470478491 3.93981153711
7604 4.13926472213 4.13926472213
7600 2.51265365481 2.62263052179
6018 2.55152316763 2.55152316763
1412 4.54868614472 4.54868614472
1413 6.06478969154 6.6785377057
1416 0.539725887281 0.539725887281
1327 2.82353293536 2.82353293536
1325 2.13301517624 2.35465267289
1328 3.02460660641 3.02460660641
6450 1.55254555541 2.06379096504
6455 3.44280472676 3.47622261539
6454 3.45950682992 4.30732541208
5768 4.49031347843 5.13464108265
6456 1.26359841238 1.69481477303
6458 4.68883436637 4.96074110675
4645 0.557572548147 0.591624725907
5762 0.129270476265 0.129270476265
4207 1.86696999152 1.92651039396
4636 4.45777641982 4.4618394354
5565 1.20650438181 1.4258456527
5562 0.978941674401 1.22710466065
1256 0.208496198031 0.208505041076
1526 3.84032904677 3.84032904677
1520 1.66819749299 1.66819870483
308 1.96078481551 2.46893722954
3953 2.0348422534 2.47205255924
303 1.55106925426 1.78135015156
3957 3.02906492789 3.02906492789
307 4.64609376321 5.39774648902
4113 4.01620955347 4.55460004382
7420 4.01135155019 5.50775178787
3340 4.17973594357 6.67788198282
5159 1.62222261752 1.62222261752
2475 2.61788358895 2.93182685724
6601 1.16188342226 1.16188342226
6602 2.18097126606 2.18097126606
6439 3.20003269366 3.26646175405
6606 1.24917799939 1.24917799939
7109 1.14374543121 1.15884801272
6608 1.29860254171 1.29861567524
5946 0.0868086336919 0.0868086336919
5945 0.629555569071 0.752752085091
4064 3.85316405471 4.41306284824
5941 0.99937111104 1.32226840321
2976 2.35378922186 2.62852717371
4068 4.77384212202 4.77384212202
4069 7.88082981844 7.88082981844
5948 3.45602527375 3.5266197566
5949 1.83005221772 1.8300534436
5785 0.85749583006 0.985965230589
5786 1.85791629098 2.24571506173
5782 4.87104748529 4.87104748529
5019 5.00486329667 5.00486329667
3051 2.74281272105 4.27760718278
3601 2.91307366324 2.91307366324
3600 1.43396544858 1.43396544858
3607 4.41809993556 4.45701161246
3604 3.25613053361 3.25613053361
3608 1.53128660205 1.53129160324
5361 1.09111392358 1.09111392358
4894 3.73332185087 4.86769718728
5367 1.76893439158 1.83655293492
6115 3.51409908833 3.55264244806
6117 1.20885016152 1.20885016152
6112 4.40867003985 5.62511094083
2358 1.7423368752 2.12176451517
2353 2.39685363217 2.39685363217
5368 1.48632567859 1.72919376878
2355 3.14608328987 3.47837138521
4450 5.3699216793 5.3699216793
4456 2.54165273344 3.08457113218
4455 8.1167038094 8.1167038094
4454 1.51747820543 1.51747820543
3736 2.82718836663 4.90724749935
4459 1.59737075089 1.59737075089
3733 5.47818274201 6.1413801931
476 1.07281056794 1.52278576456
3730 3.56323224255 3.87112336934
4922 4.06377458012 4.06377458012
4920 1.98611361699 2.47143443772
4695 3.24198705677 3.57520447573
4697 8.95042274632 8.95042274632
2131 2.98159075829 2.98804741777
950 2.30409502618 2.62503990377
4929 4.41651491014 4.97366841653
954 0.00724058255455 0.00724058255455
6022 1.54985776432 1.54985776432
6026 1.32221314067 1.6773784567
2649 2.50496753472 2.50496753472
5167 1.60928475916 1.98179523747
2640 1.76102771758 1.76102771758
2645 2.45465148642 2.58569782629
2647 10.905803531 10.9068029696
3429 2.33687207718 2.76988263682
3423 1.41071708187 1.65631664133
3422 1.80744156692 1.80744156692
3421 1.19073553792 1.22567511282
3427 2.60095962189 2.60095962189
3426 2.36742798527 2.61869980475
3424 1.76754264535 1.76754264535
1850 0.141678316478 0.141678316478
2000 3.67627897781 3.70980209419
6337 1.62708205885 1.65787063647
2007 1.08810514416 1.18688875332
4859 6.01027213207 6.01027213207
2005 1.54018296041 1.87032398463
2008 0.789723496894 0.789723496894
4415 2.015335986 2.49973407688
4583 5.27592674293 5.47842535529
4582 2.00740633765 2.17644825053
1269 3.24976787657 3.28730456215
3554 0.494412860915 0.501510336172
3550 3.81492572007 3.81492572007
6966 2.1843152057 2.1843152057
3558 2.58412391383 3.26218526377
6061 1.9756952023 2.33213138431
2911 0.86986959892 1.15756071585
1799 1.23718840792 1.23718840792
2913 1.28760776186 1.64111900398
1793 2.00454719473 2.16664471461
1792 2.49417362941 3.14448631097
715 0.720709145814 0.720709145814
714 3.24645604336 3.41385374835
713 1.23533708278 1.23533708278
712 3.91575341107 3.91575341107
4966 1.0503643299 1.34624526751
7127 2.99642404878 3.36755888153
6840 0.862153827057 0.862153827057
7125 1.97908145909 2.04655847312
7123 1.06183345628 1.06183345628
6844 1.99443993956 2.08573350148
7121 1.22234139688 1.51995475701
1069 1.05770469735 1.3374329018
1068 8.99762288376 8.99762288376
4964 2.10138770519 3.03227498074
1061 6.57799909941 6.57799909941
5301 2.16568934302 2.16568934302
1668 0.415465596428 0.415465596428
1665 3.5292586937 3.5292586937
4960 1.70290710875 1.70290710875
1662 2.64348056554 3.63715236153
591 2.3739069755 2.41439255208
590 2.33386794077 2.80485898273
592 9.17477179103 9.17477179103
594 2.49426956597 2.91303084942
6596 0.0622558268784 0.0622558268784
599 4.99350134014 4.99350505673
4323 3.55898116484 3.84987791411
4325 1.49095052691 1.49095052691
1088 7.67756498054 8.21114773009
3140 3.44216295871 3.44216295871
2821 0.739608731721 0.90139447253
3386 1.54669369458 1.54669369458
3384 1.28611881305 1.28611881305
3385 4.88180107963 5.57692526527
5412 3.1651791476 3.1651791476
3381 0.62779788379 0.62779788379
7632 1.85483198217 1.99351725893
3389 4.23210946594 5.72959659858
1408 2.54044399051 2.54050351999
1406 0.231837039263 0.231837039263
5792 0.509459784087 0.650074387186
1339 4.54249796459 4.54249796459
4210 0.845438390055 0.954331548303
4212 1.54392024795 1.87269376388
1337 2.99728346675 2.99728346675
5790 7.72014199214 7.72014199214
4219 4.49071013756 6.23584889069
446 3.9801943333 5.66204548699
445 0.509416299637 0.519204502339
691 2.54549220224 3.23828631798
5772 3.40872019852 4.24149530993
7515 0.0767262621724 0.0767262621724
5578 1.35751784953 1.65338789508
32 0.770340284406 0.770340284406
31 2.29071174406 2.29071174406
5573 5.43446598259 5.55615358105
35 3.39059888272 4.20002724734
3092 2.29753853454 3.3988277254
3093 3.61499350925 3.61499350925
643 6.83319677782 6.83319677782
1244 1.46341641254 1.46341641254
1531 6.0412566008 6.46116940994
1530 1.64917425699 1.93987734742
649 3.31176882902 3.3463706765
3098 0.709412782063 0.709412782063
3099 3.38888544221 3.40522213051
1539 3.48224610215 3.51573199314
338 0.735387455457 0.735387455457
335 2.77615454279 2.83691840451
334 2.94391771475 3.6215825888
337 0.00489483860188 0.00489483860188
331 2.51457951746 2.94723785849
333 1.64135562288 1.64135562288
7611 2.09286133481 2.10842296306
5124 4.82654906532 4.82654906532
4105 0.567850211608 0.567850211608
4106 1.70823471105 2.05980213655
7412 2.09657770148 2.09657770148
7413 4.05444909286 4.05444909286
7410 0.595433118004 0.595433118004
7411 4.49623315864 4.55819167862
7414 1.83532047638 1.83532094986
3897 1.13030549998 1.13058438012
3895 1.74333751447 2.08556020088
7379 5.57609736147 5.57609736147
6611 1.07232226957 1.07232226957
6615 0.795364843217 0.971925761553
6614 3.19325105937 3.19325105937
6619 3.0749133662 3.0749133662
4078 4.1347105637 4.1347105637
5957 1.4884252985 1.71646036787
5956 4.79381272833 5.89223516776
4075 5.37044703496 5.50692429119
4070 2.80918763795 3.74269399848
4073 1.10710277661 1.10710277661
5797 2.72423266631 2.72423266631
3967 4.49855261086 4.95772074919
3965 2.45205998531 2.45205998531
3962 1.50981112077 1.50981112077
3963 2.41665043968 2.41665043968
3961 0.806684753712 1.04119842666
7278 3.72153523155 3.80006226294
5799 2.81850193686 3.38977642988
3636 2.53244595672 2.92256714947
3637 9.50933160663 9.50933160663
3632 0.899674385098 1.166815214
3630 1.02758443401 1.02758443401
4611 3.10512760293 3.10513315254
3468 1.44641282445 1.70453521767
4613 1.35499335703 1.41948991635
2345 1.84016023817 1.84016023817
2346 0.261204660312 0.488135965491
2342 5.97691744837 5.97691744837
6107 4.55423398359 5.04225769169
6103 1.09818243266 1.09818243266
6102 0.762027440771 0.762027440771
4616 6.18604721619 6.18605947709
3709 1.77245998662 2.47814863449
1888 1.79850471452 1.82595900638
3700 1.44512047791 1.44512047791
4465 3.2739256654 3.2739256654
4462 0.63360055195 0.63360055195
1880 4.39207396233 4.41942479108
2127 6.09372729183 6.10730921982
2129 4.33044802024 4.7816656119
4665 6.00259062638 6.67091505708
4660 2.7704415709 3.70611111968
943 2.04715474906 2.48767307423
4910 4.13775954191 6.59840464857
4663 1.66222593975 1.66222593975
6038 2.03746483195 2.03746483195
6035 2.98037157426 2.98037157426
2653 1.64312186223 1.64312186223
2651 1.87625969195 1.87625969195
6441 0.113116248556 0.113116248556
2654 2.49967308298 2.6466601114
3414 0.596861279553 0.596861279553
7389 6.3267649443 6.6372296076
3412 5.3331361548 6.26137272812
136 2.11134475604 2.12085131077
3410 1.00884354392 1.02902230007
134 0.365444906502 0.476688481816
7382 3.9531920735 5.33453234522
7387 1.74680216703 2.062787776
3418 0.0911973311117 0.0911973311117
7385 6.70734306077 8.29674126612
6326 0.575480918996 0.575480918996
6325 1.41638201522 1.52790477401
2018 0.00182997394252 0.00182997394252
6321 1.09094639137 1.09094639137
4863 3.07787203926 3.33923916039
2017 7.56363966142 7.56363966142
4861 3.76479349639 3.95235966114
2011 3.7259943771 5.22622188614
6839 2.27227085339 2.96311916074
6329 4.66917456384 4.66917456384
6328 0.772092517393 1.09627594557
7443 1.88843393124 1.88843393124
7444 1.95280998486 2.28030956272
7254 1.45986492531 1.45986492531
7255 4.22311891611 4.22311891611
7251 0.345036563025 0.558228345696
3565 2.13085655566 2.13085655566
3569 0.368946712475 0.368946712475
4485 0.64593047057 0.64593047057
6564 3.98880303927 4.09034610764
2903 2.08009456223 2.1372230098
2902 1.28596562125 1.28596562125
708 0.484581196752 0.484581196752
2906 1.00117896814 1.00117896814
6853 5.48027762504 5.48027762504
704 3.8744793272 3.8744793272
705 3.70297774002 4.25411996168
706 2.46135960815 2.46135960815
701 2.37468017624 2.37468017624
6560 1.3389662088 1.83107239293
7139 1.32729147203 1.32729147203
7138 1.15290348799 1.15290348799
89 8.54027010156 8.54027010156
83 5.70224701996 6.04324370206
81 1.25944015623 1.70635573973
7135 2.19969117057 2.75297676283
7134 2.32876837578 3.09626867153
7137 1.82312283341 1.82312283341
85 1.60117104002 1.94970420941
5311 1.81895545684 2.62824019156
5310 2.27217839563 2.27217839563
1658 1.83734154761 2.09467744003
1652 0.0309165868509 0.0309165868509
1653 0.964715299409 1.28719301394
1651 1.83364380627 2.43197276236
6583 0.996865726691 1.10038969884
1631 0.755014703424 0.969905211071
588 0.525551905907 0.525551905907
3151 4.09011704556 4.09011704556
3150 1.66375693736 2.01901794582
7621 2.05599099618 2.05599100461
3154 1.94057309062 1.94057309062
7629 5.51812440997 5.88453143522
1437 0.307865768933 0.308328718107
1434 2.71279367826 4.00291146584
3392 6.64563777799 6.64563777799
3395 2.33148944129 3.0840945134
1636 1.54562428359 1.54562428359
1430 2.15004067816 2.15004067816
3399 0.479477403356 0.479477403356
3398 4.99418924001 4.99418924001
1438 3.26284546393 3.76078980988
4260 3.18410711703 3.60338516273
5233 1.00371334727 1.00795546292
4265 1.19938888789 1.19938888789
4268 4.54345394823 4.54345394823
452 2.36577717016 2.42149468797
1345 1.48163360096 1.56765563863
456 1.21206123204 1.21206123204
1347 4.40858650591 4.40858650591
6921 1.4618107029 1.61915686927
5546 3.34357722205 3.34357722205
5545 0.993209316045 1.04723871526
652 4.22453229988 4.22453229988
650 1.27024369996 1.27025977967
1508 0.0878416735584 0.0878416735584
4461 1.61218321037 1.89189178558
3081 1.26462910561 1.26462910561
659 3.08741255698 3.43657261834
5890 0.116372427331 0.116372427331
5891 0.52866255801 0.52866255801
5892 4.13690227579 4.13690227579
5896 1.77561933126 2.08434613951
5897 2.72937885318 4.22059089825
5898 2.46391262862 4.0761530901
5899 3.34777321012 3.34777321012
948 0.179348189765 0.179348189765
3882 4.18127228635 5.26236338164
3889 2.49758069347 2.86505684051
4916 4.60348661036 4.60348661036
7404 0.0519444361152 0.0522291271144
7407 1.50482392985 1.58532552715
4911 2.7506926064 2.7506926064
4008 5.23232995641 5.23232995641
4004 1.19795242941 1.47798196036
3970 3.24773219152 3.24773219152
3973 1.6689847055 1.69721538448
326 2.18350941617 2.18350941617
3974 4.32514577656 4.32514577656
324 1.2873080126 1.2873080126
328 1.17673608017 1.17673944722
3621 3.99238138563 3.99238138563
3070 2.06740923955 3.54824246821
2332 0.501163141716 0.677908336845
6136 2.65738880618 2.65738880618
6883 1.95128914563 2.63107278672
3713 1.94302981805 1.94302981805
3719 2.08182871262 3.71859130879
4479 1.60588327076 1.60588327076
4470 3.0486496282 3.09054545753
4475 2.61452123499 2.79900137381
4474 0.29529712185 0.295315967178
5763 1.3906091798 1.3906091798
6007 1.53737881166 1.64727918272
6004 4.61783782133 5.26123206956
6000 7.46967434049 7.46967434049
2489 2.78324863337 2.78324863337
2950 4.42282455913 4.42282455913
2484 1.60701115431 1.95964600161
4673 5.40773657091 5.40773657091
4670 2.10558439002 2.10558439002
3252 0.93141720827 0.964538609505
2245 1.3650564444 1.59132192646
2246 1.03102050178 1.0310260476
2247 0.908899137202 0.908899137202
2240 2.37997848078 3.39269293757
5179 5.38208162122 5.38208162122
2242 1.99033092417 2.77436225733
7394 0.00206678720805 0.00206678720805
2466 2.05317292854 2.10461861133
996 3.81445289621 3.81445289621
7391 2.5843952512 2.5843952512
993 6.73876142802 6.73876142802
992 2.51811140583 2.76295850681
5144 1.52938249015 1.52938249015
2469 3.15360552495 3.83870722018
7535 3.22876357153 3.22876357153
122 2.63213641183 3.17946381976
124 0.848766181766 0.848766181766
3404 1.71953265859 1.71953265859
126 2.42946592557 2.47614044349
3409 6.33052059377 7.00417349099
3408 4.68145430115 4.68145430115
4875 0.359882960137 0.359882960137
4871 6.74263771795 6.80951597591
7438 5.20431633747 5.20431633747
4878 2.45102996374 2.45102996374
2069 3.73740676566 4.06614200642
7533 1.73754261894 1.73754261894
5424 1.50592307803 1.5060198592
2062 1.30091243918 1.390067263
6319 4.50487781684 4.50487781684
3413 1.47152848993 1.48348322538
5423 1.16972123472 1.42834427096
7247 0.128928136701 0.128928136701
5099 1.43663155367 1.79478263033
3578 1.51320309565 1.65023586038
3571 1.59365306009 1.67137455273
3573 1.7836470627 1.7836470627
5097 0.00850564978951 0.00850564978951
2665 4.00623854378 4.00623854378
4492 0.176877373628 0.176877373628
4490 4.43804336217 4.43804336217
2669 1.53085962509 1.79042121006
6823 2.53824917795 3.21456689838
6824 1.35324580461 1.35324580461
2938 2.72896535138 2.72896535138
6829 1.69737955969 1.73898863093
2935 1.99950368078 2.16687681284
5326 0.668011234004 0.668011234004
5327 0.00656637579052 0.00656637579052
5325 6.01093761097 6.06185313709
5322 2.327424069 2.327424069
5320 1.186658331 1.186658331
5321 1.16702039173 1.26824601312
5328 1.27611348144 1.27611348144
1643 1.29587257951 1.29587257951
579 2.58310496274 3.00944234963
573 2.12156407251 2.51883286382
571 4.88471185674 4.88471185674
577 2.10513136842 2.10513136842
576 5.24889027946 5.24889027946
575 1.92104981389 1.98626400526
3169 2.8326855834 3.52579748516
2803 1.62931599343 1.90002635551
2800 1.96530969535 2.18778763442
3165 1.40558771515 1.91101406136
2806 4.89108646801 5.49101595984
2805 4.16229791676 4.16229833604
1421 0.498644873849 0.498644873849
1420 0.999050157356 0.999056445501
7094 2.02237862319 2.72869706138
1422 2.85231235215 2.85231235215
3368 2.4136801178 3.13574674695
1424 3.4945093737 4.14712731522
1426 5.3716618844 5.37438638133
3366 3.7026321762 3.73719025782
2404 4.17648722872 4.17669969186
7098 6.59780524162 6.59780524162
7099 2.10706402311 2.16249409098
732 3.11389469851 3.11389469851
735 2.98999062762 2.9899907054
736 7.06645572957 7.06645572957
4272 3.17220126307 3.17220126307
4271 2.10593984516 3.07536409952
1358 0.417485047207 0.417485047207
4274 1.85138485498 2.57368477176
461 2.31050674023 2.31050845608
5555 1.85674714066 1.85674714066
5554 1.36135011483 1.7771640636
6488 3.25488629399 3.29101502946
5551 0.210511815479 0.210511815479
5550 1.52864010066 1.52864010066
7384 0.53838635664 0.708497857455
6955 1.83954914193 2.08052846319
6484 2.63480364562 3.13170753783
6285 3.7472827489 4.24836666679
6948 3.78267145143 3.78267145143
1518 1.14894316097 1.39645557012
1510 4.09664116421 4.09664116421
1513 1.70725683378 1.82324499225
1512 3.6015011535 4.22551869418
5885 2.05293723163 2.05293723163
5889 2.09596088089 2.09596088089
6559 3.99768234925 3.99768234925
7478 2.64223149671 2.64223149671
3186 1.81196683292 2.00717650561
3187 3.25994862491 4.67807164927
3182 1.83727075634 1.83727075634
3188 3.73142056835 3.73142056835
6863 2.68192232516 3.18475894856
1896 1.33154909882 1.65045806235
6631 2.7384531291 3.16424866627
4018 3.07325289021 3.07325289021
6281 4.7397764804 5.14909748628
357 0.60258029415 0.60258029415
351 2.41646685089 2.41920486567
350 5.61469422562 5.61469422562
3985 2.45226311253 2.50354331035
3983 2.47705651296 2.47705651296
4855 1.16806521556 1.43710693022
6126 6.86050455254 6.86050455254
6120 3.66288718166 4.50097697218
4706 2.08711112377 2.08711112377
4705 1.27911905352 1.27911905352
2320 2.61263196758 4.10161837905
4703 1.27153931372 1.27153937923
2329 3.15978593482 3.15978593482
4709 2.1019008514 2.48315143569
288 6.62573653049 6.70374322662
3619 0.564391626481 0.564391626481
5 0.0872131662195 0.0872131662195
284 2.86274017305 2.86274017305
3760 5.9685729326 6.46494086661
3765 0.936052180013 0.936052180013
262 0.345415657577 0.345415657577
260 5.18505170632 5.18505170632
267 1.99508984238 1.99508984238
2499 1.83170990236 2.07765505011
2498 2.13043169691 2.25251955776
6013 0.433525557539 0.433525557539
1296 1.59011491797 1.59011491797
7253 2.8531515031 2.8531515031
2495 0.600650677186 0.600650677186
2494 2.9181989206 3.25096610699
4644 4.80643611631 4.80643611631
2496 1.9990519028 2.76382788863
2259 2.59790469617 2.72227511461
2254 2.3102505325 2.84620905623
5060 6.4598920583 6.4598920583
2250 2.39762356305 3.00906732551
2477 1.43942870804 1.52502022152
988 3.89343983589 4.23259631421
5151 1.44306377985 1.84085551791
5150 2.50245967048 2.93294403595
986 1.59031080244 1.89331303289
5154 5.50579713332 5.50579713332
5157 1.52477286171 1.71342320457
2478 2.35699459389 2.55322708454
115 10.0311521028 10.0311521028
7313 3.55155615601 3.55155615601
119 4.32906398727 4.32906398727
2785 1.64472653632 1.64472653632
4801 1.03913889918 1.03913889918
2787 3.67035621402 3.67035621402
4803 0.551572556615 0.551572556615
4805 0.721952179843 0.724167063466
4806 1.98243100057 1.9824859339
4807 2.34278933915 2.73607134182
2788 0.956562054163 0.956755718648
2071 1.14500043207 1.14727221833
6306 4.18496516683 4.18496516683
6301 1.70776949775 1.70776949775
6303 3.50339421221 3.6476908724
2074 1.82626146641 1.82626146641
7272 9.01649488686 9.01649488686
7273 5.342296161 5.342296161
7275 3.48203946491 3.48203946491
3502 3.27327936994 3.29528795522
7279 5.28600283817 5.28600283817
5086 1.49621117952 1.78076063425
5085 2.78406262911 2.78406262911
5084 1.07544620473 1.07544620473
2672 2.13360492768 2.23138983859
2676 1.16691225297 1.26970203462
2679 1.04461515639 1.04629030181
6833 5.53201000196 5.53206701695
2928 2.34930282946 2.77309810484
6830 2.33132679428 2.62983083033
6854 3.04864644948 3.34887105881
2923 2.47746327385 2.47746327385
6838 5.33401203299 5.6914031844
2925 0.0436368423833 0.0436368423833
2926 3.69324349659 3.69324349659
5331 5.67410895264 5.67410895264
5330 5.24987850318 5.24987850318
5335 0.45561323272 0.45561323272
5336 1.8424910753 1.8424910753
2907 2.03433270545 2.03433270545
3215 1.99708875333 2.11671187844
1984 0.539218521796 0.690598152401
1985 0.0363981916166 0.0363981916166
1982 1.55372558151 1.55372558151
3212 1.53891892378 1.68458096493
1638 0.519998230379 0.519998230379
5371 4.66378602098 4.99360126928
3218 6.18840853886 6.18840853886
3219 2.0367681354 2.62086144031
1989 2.50029200368 2.60326682947
569 1.34268869436 1.6941902675
560 4.01401256152 4.01401256152
564 4.22864259287 4.63132427916
566 1.72446411173 1.95299833707
6543 8.88061766064 8.88061766064
3173 0.468777544792 0.468777544792
7081 0.741425405856 0.741425417965
7030 2.2754407412 3.06167616906
7084 7.79552405195 7.79552405195
3376 1.32827004273 1.32827004273
3374 4.43463002476 4.43463002476
5421 0.964883307453 1.58038012397
3372 5.00006845046 6.41691119556
1180 6.06824965726 6.06824965726
1181 3.81508329714 3.81590735972
725 2.52206350321 3.20975563486
723 11.2701203529 11.2701366045
1746 3.25292717544 3.25292717544
1740 0.764033166709 0.764033166709
1742 8.83252458779 8.83252458779
5499 0.168532524846 0.168532524846
1165 1.24345104377 2.68746552854
1166 1.42945140258 1.42945140258
7587 4.45632589566 4.9287607511
7291 5.56098141278 5.56098141278
4247 1.72690011812 1.98707986862
4245 2.43072189038 2.43072189038
1168 1.63888891645 1.63888891645
1169 2.14636101007 2.14636101007
4240 1.67090941156 2.03000313165
5521 1.76211668677 1.97177222717
5523 3.74600342693 3.95038567931
5526 2.11380462329 2.11380462329
7130 2.12842908369 2.49403860785
6941 4.54069248884 4.54069248884
6940 1.3748614483 1.37491768476
7132 1.49581880416 1.49581880416
47 6.85567950259 6.85567950259
7297 1.31519975499 1.31519975499
41 5.22969527706 5.22969527706
1569 2.50439727534 2.75265117119
1365 2.29581935893 3.42720692448
5492 4.45483461073 4.74173608565
1292 1.76154365125 2.11963921941
1561 8.9976627355 8.9976627355
1563 2.5783205376 2.5783205376
1564 3.4088113721 3.4088113721
1565 0.202228372662 0.202228372662
1295 2.89520816429 2.89520816429
1712 1.78021575046 2.33115243716
475 0.0799697154555 0.0799697154555
5250 0.991896609196 1.0759700201
1789 1.6242971969 1.85455315666
4399 4.25513821548 4.50499409123
7460 3.37445386926 3.41178429888
5638 3.24225755383 3.24225755383
6541 2.67459191765 2.67459191765
6540 3.34257788325 3.34257788325
4391 2.28172883791 2.28172883791
4392 3.50758299562 3.81583031313
4395 1.71108349739 2.16701373016
6549 1.35758700492 2.04244441676
5633 11.3291801937 11.3291801937
473 1.59297207299 1.81462717393
3195 0.615368379822 0.615368379822
1862 0.22706262534 0.22706262534
3193 3.52569505834 4.28864468867
7465 2.27679806832 2.50137353619
3190 2.00731903559 2.35538315713
3728 5.99870242169 6.33142926186
3198 2.14122534907 2.18496026006
7466 1.86527616961 1.9928205215
1368 0.804255324488 0.804255324488
3729 1.10166843709 1.10166843709
2.36704994056 3.12297500538