4447 5.06402166941 5.31553305033
4023 1.53033496549 1.65760897482
5988 0.869107820148 0.869107820148
346 1.59618854684 1.75409817507
347 6.02858339139 6.02858339139
7513 1.09738540246 1.35741456227
7512 3.00004347027 3.00004347027
342 3.18280147807 3.43444194823
343 2.33418537796 2.43157123685
3996 1.71466678505 1.71466678505
3995 0.774963331909 1.00991843731
3994 1.37500510685 1.46309263023
348 0.894718744935 1.16212539382
7518 3.30758882207 4.11926166753
6150 1.23048520192 1.52102147676
6154 0.499998280292 0.610842637116
6159 0.616337290629 0.616337290629
6796 2.11934600234 2.91567034845
6797 8.36252081328 8.36252081328
4730 0.941759779839 0.941759779839
4736 1.86506211387 1.86506211387
2319 0.974482432483 0.977188982717
2313 6.01430150978 6.01470842973
2310 2.35722007542 2.35722007542
2311 2.64703778644 2.64703778644
5851 0.625899036969 0.800579236526
299 1.24990397491 1.48973058654
7627 2.5000182954 2.5000182954
291 3.45455548037 3.45455548037
4656 3.49997853705 4.2600327151
274 6.04345002572 6.04345002572
276 2.89167717471 3.78906990639
278 7.45457308514 7.45457308514
4836 1.00124724672 1.10145089137
6584 8.50001241837 8.50001241837
2262 1.20709832807 1.28831775985
6190 4.58268642139 4.58268642139
2266 5.09120000319 5.09120000319
2443 1.72801522439 1.72801522439
6055 0.238148962071 0.238148962071
108 1.58959545902 1.58959545902
109 0.154291023775 0.154291023775
107 3.99911065287 3.99911065287
4813 1.7939106724 1.79391112709
2047 9.6968063672 9.6968063672
2045 0.999028357836 1.04643610474
4817 2.9988801008 2.9988801008
4816 1.9445882616 1.9445882616
2040 2.40138638186 3.06510051166
4819 1.55497323625 1.77971195541
4818 10.0099838519 10.0099838519
1297 1.870327158 1.9885986249
6378 4.34815103717 4.82809008602
6379 1.49999408021 1.80276652355
6053 0.687810332862 0.687810332862
5828 1.25076626421 1.25076626421
6372 0.909098394221 0.909098394221
6375 1.6872793115 1.68727933046
6377 1.8250150927 2.12566878083
2838 3.8333485603 4.01492885575
5363 3.75066903666 4.32102042065
3519 0.135594353743 0.135594721855
3510 1.4145937015 1.73234025137
3517 1.51719242362 2.20518455834
3516 1.77826105871 2.40406551571
7263 1.14286026854 1.14286026854
3514 6.00001149856 6.1258568319
6201 3.00011945978 3.00011946004
6202 1.49904762133 2.20024392429
2685 1.49709024485 1.67684083413
2687 5.24012312154 5.66389191791
2681 0.853907400711 0.989414643619
2683 1.05146211334 1.29795952011
5406 0.948329149369 0.948329149369
5119 0.258620374586 0.258622292431
6802 2.21966115268 2.21966115268
6800 0.777792379815 1.05410845382
5293 8.27271902678 8.27271902678
5404 0.9732402499 1.23088155037
91 8.14233512031 8.14233512031
93 0.432326223728 0.432326223728
95 1.99999090897 1.99999090897
97 2.05454625565 2.05454625565
5402 7.0627824361 7.20358175951
5182 4.27272864318 4.27272864318
1622 1.33050379021 1.61081632677
1992 1.56528501441 1.56528501441
1627 1.76882048128 1.83760499386
3993 2.27464148835 3.11833458954
1629 3.07895220442 3.07895220442
1628 3.27135090646 3.56038928233
3209 0.451000217449 0.451000217449
2860 0.199993331748 0.199993331748
2861 5.15575362906 5.36969353909
2863 6.71428894882 7.35402394899
2867 1.26665896686 1.61382922466
555 1.72217463771 2.00692124062
554 3.15771238976 3.15771238976
551 0.562905236598 0.562905236598
550 1.00006459148 1.27614146849
553 0.27316323653 0.27316323653
552 2.99887914995 3.16084160503
7142 2.26666242196 2.75731341863
1199 5.99978607162 6.07436262963
5459 1.002018404 1.002018404
7079 2.36882301792 2.36882448266
7074 0.713823322543 0.713823322543
5451 2.50473360909 2.50473360909
1193 2.81222649967 2.81222689506
3341 3.65421593562 4.18790013933
5454 2.99920466313 3.70837629897
3347 2.12503735346 2.2079747164
1197 4.63784056205 4.63784056205
3345 5.23406632119 5.2972316287
1754 4.00002432666 4.59234184669
1752 0.400055765425 0.400055765425
6976 3.16173258502 3.16173258502
6975 0.767602570899 0.907396695685
6971 2.20098878671 2.39873568896
4253 2.53211338337 3.34901790901
4252 2.11907468864 2.3193337476
5531 0.461152022083 0.461152022083
5538 0.101893105222 0.101893105222
1285 1.33333518273 1.6666704638
1284 3.214305536 3.36625161896
1287 4.52554486493 4.75413855126
1280 4.58178781683 4.58178781683
1283 9.59699080259 9.59699080259
1289 1.03917034666 1.03917256655
7188 5.07650725786 5.45671996467
1579 3.20177023018 3.58087338742
689 3.42432658458 4.00388061294
684 2.14995339158 3.57097435447
687 2.28741355681 2.49569559305
7183 0.866561496622 0.866561496622
681 2.11536302519 2.11536302519
683 2.31818298107 3.40433656528
7187 0.194274555839 0.194274555839
458 2.53323900509 2.53323900509
6006 2.00591134473 2.39504892592
1222 8.63635805535 8.63635805535
4388 1.9206673249 3.04760426516
6576 1.64716942169 1.64716942169
625 2.50031876767 2.63549731075
6574 1.50000993952 1.80280146897
5627 0.94620832139 0.94620832139
4382 2.29540213603 2.90397454294
7459 0.800001972605 0.943407829253
1371 2.24987434577 2.24987434577
406 0.861579482869 0.861579482873
405 1.68414565123 2.25533263168
1374 1.57188141931 1.78908506588
3834 3.00074041017 3.00074041017
628 8.35372993554 8.35372993554
3831 0.508883233572 0.671323789735
3832 3.37156754429 4.51511282989
3838 3.733425088 3.73342508977
6794 7.63601395588 7.63601395588
4844 1.09093696654 1.09093696654
5990 1.94714834398 1.94714834398
5992 6.4975154299 6.53120570133
379 5.05991311568 5.05991311568
7527 2.73200837042 2.73200837042
7525 2.99946743297 3.21817500859
370 4.80964458802 5.47915242647
373 0.500168875123 0.500169027713
2038 3.16658277223 3.16658277223
374 5.55474656453 5.55474656453
376 3.57139109745 3.57139109745
6530 0.666823030016 0.816495936787
393 1.68548360738 1.68548360738
391 1.08733548228 1.60194970434
394 1.28557904132 1.28557904132
6148 2.63630016528 3.27680707045
2309 5.52602459437 5.52602459437
6780 3.86402347951 4.60203900347
6782 1.222343071 1.222343071
4728 1.35752018278 1.35752018278
6787 1.74476428572 1.74476428572
2301 3.99982849584 3.99982849584
4724 3.40018175917 3.40018175917
4727 0.834480748841 0.834480748841
2307 6.45463644847 6.45463644847
5846 0.728745409034 0.83750127743
6538 3.30052913097 3.89061030663
5849 3.14024426583 3.63005732923
3748 2.60535232201 2.60535232469
3203 1.49957464144 1.88176680186
3745 1.16800766171 1.16800766171
3743 0.327106710154 0.327109631924
247 0.752394547091 0.752394547091
4623 2.35322934949 2.55243133595
4624 3.18218013791 3.33549279948
243 1.1664928334 1.1664928334
4629 2.46541431775 4.01993644947
2272 1.1428713925 1.14287165858
2278 2.78070644852 3.24630860663
2459 0.465205036167 0.465205036167
2454 1.27377341387 1.27377341387
2451 3.36425750589 3.36425750589
2450 2.46156354219 2.78633669511
172 0.14139657469 0.141436705231
171 2.22726694763 2.68528150552
2050 2.72161963254 2.76714051477
4538 0.741631499485 0.856099540516
4828 0.945165803903 1.16901936898
2059 4.00177122541 4.03021881691
2058 0.111864935465 0.1118699741
3692 1.61539270865 1.61539270865
3693 1.40824079839 1.40824079839
4530 2.7140942867 2.7140942867
3695 2.17266274707 2.17266274707
3696 2.129269006 2.129269006
4821 1.24973828962 1.49281452193
6369 2.3270910306 2.36702085546
4983 2.53376254092 3.36393811143
7337 2.99825596616 2.99825596616
1504 2.99994252796 2.99994252796
3522 3.49997625254 4.90830936715
3523 2.30008688834 2.73868000163
7043 1.18313295279 1.50226059623
7218 3.13209060278 3.13209060278
7215 1.32725194246 1.41478069061
1601 4.92308124271 4.92308124271
6215 0.749552309691 0.749552435639
6386 3.46175878582 3.52799546499
2699 1.09998959303 1.09998959303
4651 0.499151613786 0.571653691768
2693 1.33838942101 1.41429774811
2690 0.499862802493 0.605972635025
6819 2.07707572315 2.07707572315
1605 0.124810065208 0.124812027026
6814 0.119979681737 0.119979681737
6817 5.88879149929 5.88879149929
6816 1.26661073743 1.26661073743
7326 3.09107729229 3.68177124082
3231 2.16702446812 2.50042014612
3236 4.07134749382 4.07134749382
1969 7.31970586744 7.31970586744
3235 4.00002262467 4.16669110594
1965 3.9127815709 4.28982225255
1966 1.04994256885 1.65002678929
3239 2.61485607346 2.61485607346
5191 5.23811586412 5.4323528044
1962 1.38917714016 1.42335236996
2877 4.63405445207 4.63405445207
3355 1.53824476223 1.53824476223
3351 2.10000041329 2.33452572386
3353 7.40728207536e-05 7.40728207536e-05
3352 1.15499598941 1.24777180411
7063 0.567780662775 0.597583190378
5446 1.82893621644 2.27368082958
7060 2.37193999863 2.55278818875
1764 9.08333115837 9.08333115837
1788 0.500488086608 0.500488086608
1145 1.53423782781 1.74084858789
6968 1.46152317682 1.46152317725
1148 6.00002589002 6.07219058376
5509 0.18179705482 0.18179705482
5506 1.5111764083 1.5111764608
5507 2.37430132306 3.03868158838
5500 0.582769860882 0.582769860882
692 1.76923592934 1.76923592934
1547 2.23843151748 2.293601627
1544 2.96784393736 3.07947365765
1545 2.03941254281 2.44952228719
1548 5.1670352078 5.1670352078
7199 2.22290311207 2.22290311207
546 3.13329734788 3.13329734788
544 1.28807650528 1.52753365297
545 1.13719713789 1.2417992081
549 2.19453034295 2.56176718024
7194 5.14527958039 5.14527958039
6886 1.64335417491 1.64335417491
7564 1.49995689997 1.62816572036
764 3.12834454782 4.35256972535
6406 2.50029035877 3.36345058707
5618 2.14314676467 2.14314676467
7442 1.93947058765 2.5147573224
6568 3.29231151855 3.29231151855
5477 1.99913688221 2.08528092267
5612 0.0526222532346 0.0526222532346
5613 0.862419674149 0.862419674149
6405 5.64280057657 5.64280057657
5617 7.39998960127 7.39998960127
6562 1.52111720883 1.74861421532
7398 2.66673636509 2.66673636509
5475 1.90908301678 1.90908301678
410 1.81353513861 2.35341895131
1389 2.25547243898 3.02670602846
412 0.627946717443 0.627946717443
1384 3.15779595746 3.90941782916
1387 3.25031493394 3.92397243375
419 0.932526374365 1.07600976883
5003 2.51325822472 2.79587912508
3823 6.7783600041 6.7783600041
3821 3.07088735918 3.07088735918
7114 2.91615582047 2.91615582047
3828 4.23522346776 4.23522346776
5000 0.867566449938 0.867566449938
7482 4.23076153314 4.23076153314
4282 1.98207724544 2.253162697
4280 0.717221321904 0.876061848978
4286 2.2520029443 2.2520029443
7538 3.41167704768 3.41167704768
369 1.31815788053 1.74522641077
366 1.72673562235 1.72673562235
7534 1.62185015783 1.62185015783
364 0.0634800052572 0.0634800052572
365 2.36633133001 2.89172894296
362 1.06661978798 1.06661979077
5009 3.99975396612 4.57970841281
360 1.19998594432 1.19998594432
7532 0.642400514265 0.642400514265
380 1.46690310856 1.72064807339
381 1.69430601783 1.78121260152
383 1.84212886582 2.37558639919
384 2.60437186414 3.67337020542
6178 1.36393304079 1.36393304079
389 0.572667133981 0.572668258485
5271 0.342341217352 0.342341217352
6778 3.00123242151 3.88800641995
6779 0.687442963369 0.687442976575
1369 2.63571489253 2.96218271544
6774 3.08161443444 3.11784051945
6775 0.496751698405 0.57302490399
6770 7.45000062595 7.45000062595
6772 0.833281398214 0.833281398214
4757 1.49993824718 1.49993824718
5870 1.65001313901 1.65001313905
5876 4.43876546293 4.68795719693
5374 0.762005952585 0.762005952585
5879 0.332796181263 0.332796181263
3758 1.49171898889 1.64231896284
3750 1.42866207721 1.42866207721
3753 0.181807537147 0.181807537147
3755 3.49841181695 4.04467624434
2192 1.50154768651 2.12199459106
259 6.18748911073 6.18748911073
4637 4.39998265215 4.39998265215
2195 1.91225687353 2.49702967827
2196 0.0333469230196 0.0333469230196
2197 1.7672205385 1.94005037726
4638 2.09938142404 2.46992716605
256 1.88943703148 1.88943715024
2200 7.21475221897 7.21475221897
2201 0.749548549792 0.749548549792
2202 0.924930069592 1.00770541094
2204 1.50295580554 1.76186483969
2205 2.82597051957 2.82597051957
2209 2.38996971503 2.93328333909
6689 5.92857357129 5.92857357129
6680 5.03124523227 5.03124523227
2428 3.98543164581 4.01660302343
4812 1.04499409955 1.04499415931
2422 1.67249682685 2.15411928402
2426 3.36363679003 3.36363679003
4810 1.87880874853 1.87880874853
169 2.84335233436 2.84335233436
164 2.09999202835 2.15869575173
160 1.81873549097 1.81873549097
161 2.36910174708 2.90037244355
162 3.15407084287 3.15407084287
3689 0.00110544655002 0.00110544655002
3683 0.898556830996 0.898556830996
4526 1.89243340835 1.89243340835
4525 5.99999189237 6.24534445635
4524 1.22218052514 1.38617838309
4523 2.40304722333 2.78067404632
3685 2.9985008514 3.06884939048
3684 5.10998850357 5.10998850357
6194 5.3332760125 6.00574420061
6981 1.75001815835 1.75001815835
2518 1.61537954416 1.61537954416
1842 2.26673530165 2.26673530165
2514 2.24987742465 2.24987742465
2516 3.49804456783 4.22271023429
6198 5.50002701988 5.51819124293
908 3.73337991793 3.73337991793
6740 2.24999093771 2.24999093771
2730 0.0682949548276 0.0682949548276
2733 3.15384078122 3.15384078122
4426 1.06059643977 1.16064489351
5294 2.08295023161 2.39942718504
5295 2.02357892114 2.97684769853
2738 2.68162452488 2.80365533712
2739 1.24005720715 1.5620990056
5291 2.97087936963 3.67838548151
1817 0.272707541753 0.272707541753
1811 1.8000257076 1.8000257076
7203 1.42296488627 1.51716557079
6227 4.11852520709 4.11852520709
6228 3.24972410489 3.24972410489
671 0.226707931318 0.226707931318
6993 0.961710425902 0.96171044174
1609 1.30433721646 1.64356802397
7336 1.99935385308 1.99935385308
7335 2.5392780681 2.5392780681
7334 4.61363571664 4.91352956724
3225 1.95720143889 2.6909300759
3224 3.5218513211 3.52185132534
3227 3.49912234415 3.49912234415
1602 1.91056476924 2.39122940344
1973 3.83256144006 3.83256144006
1972 1.33333079413 1.33333079413
7339 3.00153521959 3.31755336646
809 1.99999953188 2.27030077857
801 2.99990105852 3.33300330261
807 1.76074766083 2.05407551034
806 2.49936670769 2.87333110103
2849 6.437923204 6.437923204
2846 2.74357337041 2.74357337041
2843 1.10521066549 1.10521066549
3321 1.38208964437 1.54885938541
3323 1.88245364991 1.88245364991
3328 2.3332502613 2.3332502613
5478 0.56248084091 0.752571849674
5479 2.07692781233 2.07692781233
5274 0.0881294938512 0.0881294938512
7058 1.09124010414 1.09124010414
1776 1.00240763204 1.35081954738
1770 3.00016812913 3.00016815614
5272 3.39677634609 3.64295233128
323 5.19998417716 5.65682623795
7052 3.24983469592 5.27716454808
1778 0.538452887232 0.538452887232
7055 0.817425925576 0.817425925576
1154 3.86363392393 4.14459084319
1152 0.499267331946 0.499267331946
5519 1.9999302458 1.9999302458
5518 1.60718059066 1.68223554476
5513 2.7144506946 2.7144506946
5512 1.5019752095 1.82536782602
5515 1.42872311414 1.77345840283
5517 1.96980846866 2.13724603668
1551 9.23783088462 9.23783088462
2999 3.99971135961 3.99971135961
59 1.31148990897 1.31149045296
58 5.5022840087 5.58422186197
55 0.999845572302 1.0196413555
2991 1.34059570319 1.34059570319
57 2.18747863032 2.18747863032
2993 3.4628322652 3.4628322652
52 1.00045696849 1.00045696849
535 1.3028238613 1.38545384165
532 1.58961187869 1.60973624473
531 3.02520280472 3.64504900243
7342 6.50077288036 6.9646383463
538 0.702215610132 0.831024905287
5600 0.491861123621 0.491861123621
5609 4.43483337589 4.43483337589
5608 2.74995289283 3.32601215219
5134 1.07398760649 1.18231649344
1902 1.43915644034 1.69019365296
6517 2.76510313592 2.76510319977
428 1.14024503354 1.14024503354
421 4.11791356875 4.11791356875
420 2.98878949385 3.30394896419
3293 0.153841992534 0.153841992534
1393 2.54706144184 2.54706144184
1391 0.814098595518 1.26689925241
3810 1.81645247999 1.88448419969
3816 1.69371303467 1.69371303467
3814 0.526360553207 0.526360553207
3457 4.50000977918 4.50000977918
6420 0.435871013437 0.435871013437
4298 6.04329306186 6.04329306186
4294 2.05558171847 2.05558171847
4297 1.7000126176 1.7000126176
853 6.53525058796 6.57404861068
6428 1.18036491715 1.18036491715
6429 2.78578040304 2.78578040304
6412 0.210337245585 0.210337245585
7543 0.727263187933 0.727263187933
7547 5.35897752098 5.50219695298
6168 2.03140242865 2.17021974872
6160 3.81251100682 3.81251100682
6162 0.0676821961086 0.0676821961086
4749 1.56281782746 1.58897652144
4748 3.49997936272 3.98943552877
6767 2.30887507832 2.30887507832
6766 2.51427975464 2.85657341839
4740 3.84615676073 3.96881779403
4747 1.88595650993 1.88595650993
4744 0.998064894616 1.27803951875
5868 1.72444918805 1.72444918805
5865 2.4889229429 2.61932529163
4715 2.61942867026 2.61942867026
2183 2.48642039148 2.94975012882
7059 0.249524075926 0.249524075926
2181 0.638717093275 0.638717093275
2186 0.863582026098 0.863582026098
4606 5.42508350917 6.11288424221
2189 2.0008150624 2.0008150624
224 3.94607028724 3.94903507774
223 5.90847561012 5.90847561012
222 2.00001707137 2.50002982374
221 0.8181710867 0.8181710867
2212 1.77803097204 1.84693113342
2211 0.854221327639 1.13370118891
2210 1.44299207098 1.59833578142
2217 3.22219988437 3.22219988437
2216 2.27478817174 3.92300971044
2214 5.26668025747 5.26668025747
6699 0.723499868678 0.723499868678
7293 1.03076168625 1.12709358968
6697 1.11696397333 1.31299313649
6696 1.11153674068 1.21864075692
6694 0.923073244346 0.923073244346
151 0.818390912397 0.818390912397
155 1.47674879653 1.47674879653
156 3.33102827336 5.01883540412
2433 0.951150188887 0.951150188887
2431 3.12003614889 3.26194859518
2430 2.21047187114 2.21047187114
2437 4.31386574727 4.40380884376
2434 2.00050516997 2.18610502382
6340 3.47083227665 3.47083227665
6343 1.96154133697 2.30802758416
6344 4.43758494282 4.43758494289
6346 1.25000550121 1.25000550121
6349 0.909927122909 0.909927695298
4510 1.54407132069 2.15229136962
6809 2.33341154575 2.33341154575
4514 1.00459096476 1.14580912937
4515 3.54496588495 3.54496588495
6186 1.7902478013 1.7902478013
6183 1.48547902032 1.64521443782
6182 2.54516802424 2.54516802424
2508 3.83093370699 3.94365261784
2507 2.1422641284 2.93115212465
2506 2.81818556237 2.86219711074
2505 3.3148151557 3.3559384536
2503 1.27334370866 1.27334370866
5289 2.25000561736 2.25000561736
5288 1.6534604397 1.6534604397
2721 1.85447850401 2.41466193397
5280 2.51514416599 2.86471429458
5282 1.23965510562 1.23965510562
5287 3.04287758215 3.04287758215
7234 0.499576647802 0.592551913756
7235 6.4140265682 6.4140265682
7233 1.14395819467 1.14395819467
5047 4.1429079527 4.1429079527
5046 2.92467310152 2.92467310152
5045 9.54545715685 9.54545715685
1807 2.36062957212 2.39235627832
3783 1.64997819685 1.64997819685
1804 2.50006326004 3.47332559149
1802 2.02800711149 2.44363275905
3789 1.99989107929 1.99989107929
1809 5.53412197644 6.08589957959
1808 0.933354146612 0.933354146612
4994 2.07662265636 2.07662265636
6239 0.999672992026 0.999672992026
4993 2.20734900083 2.55405531373
4991 3.27944636538 3.27944636538
6234 2.46342413758 2.46342413758
6237 0.180515035377 0.180520793018
4999 0.0669440763369 0.0669440763369
1948 0.620151975291 0.620151975291
7301 2.39914504313 2.39914504313
7307 6.5441683051 6.5441683051
7304 4.54166605676 4.84177893731
7305 0.0359565255169 0.0359565255169
1943 1.0003491247 1.0003491247
1940 1.88419266129 1.88419271136
1941 1.50001118471 1.77891844113
1946 1.01646906314 1.12053485194
810 2.1894546466 2.79811010413
1252 3.28231081833 3.28231081833
812 0.999804005092 0.999804005092
814 0.643004116018 0.643004116018
817 3.60317302783 4.18153846695
2859 0.750031432717 0.750031432717
5183 1.55555227467 2.24226688134
2850 3.28042652417 3.82048336628
2852 2.00022618658 2.27826870817
2855 1.41666101986 1.41666101986
2857 6.55918900563 6.60163961215
2856 2.43733317608 2.43733317608
7045 6.3846186509 6.3846186509
1491 2.89634456216 2.89634528609
5463 2.94437831927 2.94437831927
5462 2.50019613509 2.59698577394
1494 2.71428137756 2.71428137756
3336 2.30624022635 2.97259412481
1496 2.25022813213 2.31088895631
7042 3.31071390651 3.31071390651
1499 4.84435531138 4.86926197667
1702 0.736833085561 0.736833085561
7328 2.88450300044 3.66484901318
1705 1.4034937164 1.4034937164
427 1.85711344186 1.85711344187
4574 4.83335265732 4.83335265732
1129 2.49971420389 2.53521686567
1123 0.733171958465 0.733171958465
6983 4.000004451 4.21637243157
6982 1.23069761627 1.23069761627
1126 0.191822514967 0.191822514967
6980 2.94395843791 3.02272027436
2982 2.64235237115 2.64235237115
2981 2.18447940698 2.96601577757
2987 0.142852410578 0.142852410578
3022 4.12181262269 4.12181262269
2985 1.91585117603 1.91585117603
524 1.50000336334 1.50000336334
520 1.74355413886 1.80617863677
521 5.4675199157 5.4675199157
523 2.58620598692 2.86724185932
1012 0.78527593346 0.78527593346
1013 0.500000853856 0.500000853856
1234 2.09252211522 2.57294931223
1235 5.85945254123 5.87287088609
1237 0.908880554271 0.908880554271
1230 8.94827206308 8.94827206308
1231 0.228563397887 0.228563397887
304 2.33353601143 2.64597122229
4195 0.16666813585 0.16666813585
4192 0.985381145402 1.09225688869
1239 1.76469244304 2.02832899256
5674 2.03727173932 2.6352016638
4355 5.2402332026 5.2402332026
4357 0.375013591499 0.375013591499
4353 2.9970191487 2.9970191487
6507 0.857512678929 0.857512678929
4900 0.266657933528 0.266657933528
437 4.00034963056 4.00034963056
435 0.179687938891 0.179687938891
433 1.90461801056 2.14410881808
431 4.71650668796 5.14761135139
7158 1.18334124884 1.18334124884
3808 6.22220119269 6.22220119269
3802 1.24975841972 1.34598017597
6437 0.522376696913 0.522376696913
6435 1.66669195036 1.66669195036
6432 3.6868372414 3.6868372414
6431 10.3847170927 10.384717093
5707 1.24006308935 1.61248390152
5700 2.59531743617 3.03142045843
5702 8.09090777603 8.09090777603
6438 0.860060999903 0.994649915453
2868 3.72356589758 4.40803202327
2869 3.48693100714 3.48693100714
7553 1.07966070779 1.42374899022
7551 2.25732719827 2.25732719827
7550 1.62587863802 1.62587863802
7557 1.91661105367 1.91661105367
7578 0.500243531667 0.507095567577
4774 3.16013130576 3.34458663895
4770 6.37485456016 6.37485456016
4778 3.08651827431 3.08651827431
6421 0.111853037778 0.1118553665
4175 0.368311012536 0.368311029238
4172 2.14992218297 2.20727668905
6752 0.154190472982 0.154190472982
6756 2.74960769127 3.79741589925
4179 3.13450075694 4.96506380844
6755 3.55407706922 3.55407706922
7171 5.09420453666 5.50007296137
5815 1.58002541441 1.58002541441
5816 1.68188512604 1.82448166175
4296 1.95213753955 2.43536908851
7173 4.41668251251 4.60683554542
5064 0.666445177315 0.666445177315
4619 0.581673869654 0.885026322924
234 3.38715941876 3.93358845681
4610 0.363642567294 0.363642567294
236 3.13055661746 3.13055661746
4615 1.13318636985 1.13318636985
231 3.36393711876 3.36393711876
4617 1.88966934809 1.88966934809
233 4.81729107766 4.81729107766
7392 3.16683352105 3.16683352105
2223 0.375748121357 0.375748121357
5924 3.06401976399 3.06401976399
5925 1.50231961323 1.96215318317
4881 0.357022469022 0.357022469022
146 0.599977977046 0.599977977046
5356 0.148136251758 0.148136251758
5143 0.218238218181 0.218238218181
4501 1.25001219537 1.25001219562
4503 1.00004534915 1.00004534915
4502 0.498809069497 0.498809069497
4508 2.3042461918 2.3042461918
2089 1.43512508247 1.43512508247
2080 2.4995191882 2.62991052207
3403 2.58372786513 2.58372786513
2538 2.86030622531 3.01143306681
2539 0.237087220787 0.237087739323
2530 2.18793568061 2.54620194304
2537 0.551407183854 0.55140726965
2713 0.947874144689 1.36894086723
5453 9.29224549767 9.29224549767
2716 2.68460693187 3.31505436713
2714 2.24074042864 2.3419185751
2715 3.979243392 5.99012650553
5078 1.58847076828 1.97185999411
7222 1.50028002277 1.6288311053
5456 2.34709534947 2.39409549481
7227 1.99996630234 1.99996630234
7226 2.51466440559 3.25838606956
5072 1.601943269 1.601943269
5457 1.56258088303 1.56258088303
5076 0.368491732152 0.368491732152
5077 1.95256626082 2.11716102715
1832 3.30023033132 3.33785727545
1833 1.04614937208 1.04614958779
1830 2.96970590882 3.00689069828
1831 3.07579768085 4.11700799605
1836 0.0909116416466 0.0909116416466
1837 3.5033776044 3.81226406975
1838 1.18743622975 1.18743622975
1839 1.21419321839 1.46300020874
2155 1.63196932283 1.82482328366
2156 2.87017865183 2.87017865183
2157 2.90686720046 2.90686720046
2402 7.94117753385 7.94117753385
2151 1.88816977993 2.07136494491
6240 0.852118665284 1.03052548596
4988 2.20012876458 2.20012879523
7446 0.250091860338 0.250091860338
2158 5.5025476509 5.67970710685
936 0.0400079938852 0.0400079938852
6246 0.875323803916 0.875323803916
2409 1.14106677414 1.62748907786
5381 4.93745671064 4.93745671064
5382 1.2181590834 1.57611491947
5383 2.47661660641 2.47661660641
5386 4.05712482793 4.05712482793
5387 0.0451381620367 0.0451397907122
5388 0.385765726514 0.385765726514
1691 4.39870115962 5.2000509949
1955 0.856764213752 0.85676430001
1957 1.99990872984 2.33111104241
1956 5.29433037692 5.29433037692
1959 3.11797844499 3.53961920741
3243 6.27267474604 6.27267474611
3242 5.4999952708 7.24006340083
3247 0.930663841328 0.93066729802
7310 1.70584657916 1.95555268694
3245 0.819641525581 1.08905726304
3244 3.76845666183 3.85860016807
826 0.499934355846 0.499934355846
821 1.51952873399 1.66772032864
820 1.00020343821 1.06462481702
1483 0.71429620617 0.71429620617
1482 1.50007935711 2.12125761853
1480 1.50002423736 1.54363364356
1487 2.0005737831 2.06200495535
1486 2.22709380651 2.22709380651
1485 2.03388667516 2.22152112414
7037 1.57003001038 1.57003001038
5496 1.7646590453 2.04353276038
3300 0.848261380191 1.2683607042
5493 2.0001229547 2.35710893479
796 1.2355869781 1.2355869781
795 1.53328087985 1.53328087985
5251 2.90234829882 3.56361553841
5256 1.00136406185 1.23839105832
5257 1.82692139157 1.82692139157
5254 3.75005347332 4.68671993918
1719 0.592804085519 0.592804085519
1718 1.38941977497 1.88469285024
613 0.363427978695 0.363427978695
2414 2.00000518807 2.00000518807
1139 1.78801820703 1.78801820703
1273 5.977144345 6.12754528833
1995 1.00319991529 1.37105621855
1275 0.066777829145 0.066777829145
5940 1.83271079495 1.83271079495
3011 1.80550995772 2.1088446458
3016 3.13095196278 3.13095196278
7141 2.90570075951 2.90570075951
3014 1.44793276198 1.44793276198
7143 0.693396640311 0.693396640311
926 3.14385529115 3.14385529115
1007 0.500458823249 0.552376139092
1005 2.25008590914 2.57338678979
512 6.81819974891 6.81819974891
515 1.1112700746 1.25843712846
517 1.99020816703 2.62166933703
516 0.307796459901 0.307796478916
1226 1.5001554267 1.52087241546
621 0.636371478492 0.636371478492
1223 0.636142411141 0.636142411141
626 5.25132931946 5.4841539536
1221 3.15376385478 3.15376385478
4182 0.0935104702276 0.0935104702276
4184 2.90954124596 2.90954124596
4186 1.5882195156 1.5882195156
5662 1.68776735704 1.98525988348
6533 1.35335425291 1.75905285446
4349 0.999974198018 1.02268242416
7562 5.39552203866 6.21836357048
5669 0.499999484054 0.5492258522
4341 1.00030475854 1.19078161974
2883 5.63635592214 5.63635592244
7498 1.31730873894 1.41277711153
2887 3.00274855205 3.00274855205
2884 0.702507123067 0.702507123067
7493 3.19962509323 3.8444341015
7490 4.87155308116 4.87155308116
7491 2.49967644426 2.5491218273
7497 2.52422988603 2.52422988603
7494 1.96156176524 2.02429029387
3878 4.46158401945 5.67048845424
3879 2.01825885943 2.05238412998
3874 2.44239983034 2.48751539085
3876 6.39129341374 6.39129341374
6403 1.49983260205 1.49983260205
6400 3.34152002229 3.82598216318
15 1.84791003684 2.18392614494
14 2.22720293723 2.22720293723
6404 3.30762440543 3.30762441015
1921 2.44316820936 3.22605319189
19 2.50008910379 2.50132991828
7568 1.60854819537 1.82997599894
7561 0.154093032628 0.154093328293
7374 1.76165121711 1.76165121711
3907 0.469344597971 0.469344597971
3902 4.43749114646 4.43749114646
4761 3.10869548388 3.45166266517
4760 1.62732748076 1.88067063518
4763 0.235191671694 0.235191671694
4764 5.43003952964 5.43003952964
6748 2.0289176513 2.8669820974
4167 6.99948963851 6.99948963851
4162 1.38894832193 1.47619592646
4161 1.4993375249 1.88116153662
205 2.58965748726 2.77605767027
204 2.31816936168 2.76114069793
209 3.81874927638 3.81874927638
830 3.00999442657 3.00999442657
7181 0.333036152567 0.33303634164
2233 5.13791247768 5.13791247768
2232 1.2049973258 1.2049973258
5937 8.3347146301 8.33471473564
5936 0.727339693072 0.840639704224
5934 4.70001053052 4.99611610587
5933 3.68165501856 4.2278876323
5932 1.50138323726 2.05654840543
5931 1.87071108627 2.19821463133
5938 3.62499100443 3.62499100443
7140 1.81799593672 1.81799593672
3499 1.25829847278 1.45501148337
3495 2.2631141669 2.2631141669
3491 0.502114683789 0.502114683789
4570 2.51512715988 3.11904944615
4572 5.81552994793 6.00579457998
2096 2.8727368679 3.41152965371
2091 2.50083443848 2.54687704264
5096 7.93333030835 7.93333030835
4576 1.00001600992 1.00001600992
2092 2.18738426799 2.51321243256
3657 4.75004181766 6.15914466553
4604 4.76939405655 4.76939405655
2525 0.627908856465 0.627908856465
2524 0.663559556425 0.663559556425
2527 9.03704626898 9.03704626957
4602 3.02880042531 3.63298535026
6902 3.74977671101 5.10474500808
5065 0.793482566567 0.903945037004
4889 2.59824180411 2.59824180411
5067 1.45319909959 1.63316839248
5066 0.999938231743 1.09039180196
5061 0.185993041087 0.185993041087
2708 1.13656872689 1.13656872689
7262 1.82431594563 2.20726072575
5062 0.588239797075 0.588239797075
2704 1.30076742119 1.30076810186
5069 3.5606128347 3.85864740664
4885 0.634146518549 0.634146518549
2702 0.828793489779 0.828793489779
4193 1.81279752716 2.03525525544
1828 0.821432762119 0.821432762119
1825 1.6470280094 1.6470280094
7453 2.22916076973 2.90718363446
928 1.58356306025 1.64166557883
2146 3.6662306387 3.78544418164
7072 3.16571215325 3.16571215325
2142 2.25882899782 2.47010547839
2140 1.16080476103 1.16080476103
921 1.49838914953 1.49838914953
4498 1.3768139134 1.45528279347
924 2.07307404891 2.19399408046
4971 0.0833298192765 0.0833298192765
2149 3.26669683781 3.26669683781
5745 1.07151713087 1.07866967236
5392 3.61067595414e-05 3.61067595414e-05
5395 3.86432329948 3.86432329948
3276 1.08035803526 1.08035803526
3277 1.23078837068 1.23078837068
1924 0.694462126862 0.694462127095
1926 0.611110839949 0.611110839949
5749 1.54543297079 1.54543297079
3278 1.56931339342 1.7036745372
7369 1.49973649778 1.49973649778
3476 0.817888142444 0.817888142444
831 3.49999835284 3.49999835284
837 1.08329672731 1.08329672731
7361 2.50037947015 2.55009352889
3478 1.56405797711 1.76901429996
5586 3.47738409666 3.47738409666
3332 0.165281875151 0.165281875151
3318 0.0838147896832 0.0838147896832
6571 6.00003508315 6.08541387415
5488 0.916723132761 1.10876905383
5484 2.12488026072 2.60097059656
5483 1.00053521129 1.00053521129
5482 1.8772338799 2.21903436893
5481 1.81923644323 2.07545354333
5480 5.19835774509 5.19835774509
785 0.666675770095 0.666675770095
786 2.95965140031 2.95965140031
7450 2.48099898945 2.48099898945
1728 3.27101281419 3.27101281419
783 0.499973060529 0.499973060529
6591 3.49999275669 3.49999275669
1727 1.58734169214 1.58734169214
5246 1.57141644627 1.6490418067
1722 1.71197534008 2.58822529208
789 5.39140313071 5.39140313071
1720 4.31814604367 4.31814604367
5242 1.99978108377 1.99978108377
7594 1.20000258383 1.20000258383
61 3.50009126617 3.58438883117
3006 1.46668371837 1.46668371837
3000 2.11601804588 2.44071389753
66 1.89200168012 1.89200168012
68 1.91663196621 2.13599217946
69 1.21905144686 1.96721474626
3008 1.0000029883 1.0000029883
7159 1.10747217859 1.46008320338
1370 4.96621979669 4.96621979669
7153 0.789424200855 0.789424200855
7152 2.21082233933 2.21082233933
1584 0.424254927235 0.424254927235
1585 1.02380454413 1.31125428264
6826 0.998815515888 1.09679644746
509 3.82600590617 4.02415689476
1032 1.64206601363 1.64206601363
505 1.35250659202 1.35250659202
502 4.14582816595 4.46550232814
1037 1.91665203134 1.91665203134
1212 0.769164633184 0.769164633184
1210 3.00015704862 3.02752350683
633 2.05585026813 2.05585026813
1216 1.49996142417 1.69863243074
635 1.96172098919 1.96172098919
638 3.64706464622 3.64706464622
1218 1.1671851904 1.1671851904
1219 2.08851910452 2.79831514382
6521 2.09559638139 2.49172802483
7484 2.46195662062 2.88276398844
7487 3.84612209058 3.84612209058
4379 2.49568600008 2.49568600008
7483 1.17958494572 1.17960527857
5659 2.06262099873 2.82806354682
5655 1.07759585611 1.07759605447
5652 0.875000956131 0.875000956131
4377 5.41674612287 5.41674612358
2899 3.48408767586 5.32551281316
2895 0.570796830707 0.758466876239
2891 9.17935243024 9.17935243024
2890 3.49988986959 3.80403236814
1106 1.69994905963 2.26715220341
1455 4.77075653124 5.34245985826
1102 3.50017565208 4.94975402494
1103 1.35995725258 1.35995725258
1453 0.711085276391 0.82731732396
1458 2.03157478938 2.64029636777
1899 2.75000720749 4.06971352878
4082 1.42229648395 2.26105495195
3868 1.66657038512 1.94355020024
4088 3.60964693464 3.60964693464
5241 1.49963237019 1.49963237019
3738 1.27767749349 1.37203602974
3866 0.0836777857261 0.0836777857261
3864 10.9284932469 10.9284932469
7073 8.41559745124 8.41559745124
3735 3.90910773255 3.90910773255
5729 2.71744691916 4.07986610079
6419 1.06553034829 1.62501380632
6418 0.79921205811 0.927864096814
6415 1.95685644526 2.38154308743
5723 2.27998317518 2.27998317518
5720 2.16828618585 2.38720071873
5721 2.81328621448 3.278892962
6411 4.43289309278 5.29968899216
5727 6.64657029348 6.64657029348
5724 1.73694202403 2.12571921611
5725 0.333212639168 0.333212639168
3913 1.4876338695 3.59872837793
3912 1.68750862643 1.74215791943
3918 1.68993080272 1.99368222912
6732 2.49996399225 2.49996399225
6734 0.668041813494 0.668041813494
6736 2.65756359991 3.70185363039
6737 2.61601083817 3.45620435616
6738 3.52000087369 3.52000087369
4796 1.66748658299 1.66748658299
4790 1.66658016257 1.81054874346
5836 3.08293219327 3.08293219327
4153 1.91647216123 1.91647216123
5834 3.69600266997 3.69600266997
5835 2.50270779338 2.57223679879
4154 1.37651083802 1.37651083802
5831 0.000740742791216 0.00118457818437
4159 4.49990004191 6.22399005101
4698 4.317001278 6.36069943024
219 2.72721821489 2.84680769843
7464 0.584898229229 0.584898229229
6087 2.54043496349 2.54043496349
6084 3.1537949509 3.1537949509
6083 2.71428415041 2.71428415041
6644 1.16666157706 1.35398473599
6640 3.45458256228 3.68597276038
6642 1.75026124763 1.75026124763
5902 2.74370479143 2.74370479143
5904 1.26745938053 1.26745938053
5909 2.72382252369 2.72382252369
6497 0.233013428664 0.233024877641
3488 4.44297233151 5.1430534366
3481 5.64439274686 5.88122981112
3480 7.58375337818 7.58375337818
3482 3.36561678077 3.36561678077
3487 5.00161736691 5.44128705387
3486 4.39995800197 4.39995800197
4566 2.49939059185 2.49939059185
4565 1.05471087342 1.16685760627
4569 2.15575062225 2.20008644109
7080 2.8229805274 3.3894278896
2551 2.52370181285 3.81915465694
2552 7.5843289806 7.5843289806
2554 1.51678036885 1.78621177099
2555 1.49149473195 1.49149473195
6396 1.07315793787 1.07315793787
6397 5.45454684327 5.45454684327
2397 10.0001986648 10.0001986648
2394 1.11542880781 1.52399063715
63 2.3662395224 2.3662395224
5013 2.38416662499 2.38416662499
5014 4.91686809912 4.91686809912
2771 1.87051934017 2.79208305204
2772 1.74071426351 2.29784557558
4897 1.49915848452 1.58045724752
2775 1.74974934722 1.80253894641
2777 1.5000017154 1.55478498655
1859 0.501094658697 0.669056693692
6260 4.80218033904 4.80218033904
4418 2.0134984458 2.86532547278
4417 5.00001890386 5.00001890386
4416 4.46405076447 4.46405076447
1852 4.43112261955 4.43112261955
1853 0.755920159022 0.857410411508
1855 0.400399873635 0.400399873635
6269 3.33331714198 4.03111102234
5168 1.41651509361 1.41651509361
2171 0.750424275144 0.750424275144
2176 3.07959604961 3.07959604961
918 0.682226560366 0.682226560366
6063 0.500825187304 0.626951112789
4967 2.51732883784 4.24013380216
914 5.63688414996 5.63688414996
917 2.273940273 2.273940273
2179 1.23121395605 1.23121395605
912 1.49973574502 1.74396028432
2603 1.54972719122 1.54972719122
2609 2.63554860022 2.63554860022
1930 7.09519510393 7.09519510393
1937 5.61519813724 5.61519813724
3269 1.50134304794 1.52914366316
1939 3.3075550717 3.3075550717
5127 2.05777476093 2.19578919187
5121 2.02106949104 2.63789902901
845 1.97232139988 1.97232146105
3464 1.5914907483 1.5914907483
3463 2.42115574112 2.42115576151
842 1.81239788295 2.07002215549
7091 3.20113046553 3.20113046553
7375 0.571308356735 0.571308356735
848 1.85981740138 2.2010163848
7012 1.02354116404 1.2086762012
7013 3.89478737885 3.89478737911
7011 0.882317999737 0.882317999737
1731 0.304361298018 0.304361298018
1732 1.99932535778 2.49967102385
5234 2.34609231164 2.34609231164
1806 5.38821577556 5.49927299461
758 2.96120111831 3.3192873479
7088 1.05873034289 1.05873034289
1595 0.727181882246 0.727181882246
6887 0.693585143962 0.693585217056
1597 4.96063161466 5.19703938294
3074 1.93895677041 2.57865130423
3075 2.16413936226 2.28986119328
1592 1.16556970898 1.26873168055
3078 0.286497603112 0.286497603112
3079 2.53352844107 3.3769813091
1599 3.93831063977 4.17772325478
1598 3.27585096732 3.27585096732
6889 2.00049085715 2.08531917294
5344 1.67081972197 1.74352370315
5345 0.370824100432 0.370824100432
7168 2.07484085943 3.14511692152
1021 2.56751370567 2.56751370567
1023 4.54544989777 4.54544989777
7163 0.999999884332 0.99999988435
7166 1.71116078213 1.8604365842
7164 1.5651850873 1.5651850873
7165 5.54546260733 5.54546260733
604 3.14278953422 3.14278953422
4367 2.42010481259 2.70651769571
4361 4.1826711843 4.1826711843
4363 6.94438045941 7.73333000119
4362 2.64281861042 2.64281861042
1203 3.92918788591 3.92918788591
5649 2.99996155946 3.61090994369
1211 2.07693220241 2.07693220241
5641 2.06879176661 2.06879176661
6041 1.23065668471 1.42252165653
5642 1.82883279553 2.18013300123
5646 0.416667483527 0.416667483527
6335 0.749282183123 0.749282183123
3105 2.92850887658 2.92850887658
3107 5.23075790393 5.23075790395
3102 1.25004097987 2.01213691694
3103 0.143627330039 0.143627330039
1112 2.57149692169 2.57149692169
1443 5.99914091235 7.4784484547
1114 6.23460353139 6.23460353139
1116 2.29429045118 2.29429045118
4093 6.84342440569 7.24730787849
4091 4.82809556471 5.60892363464
6332 9.17173515532 9.17173515532
5737 1.80656322446 1.83739308362
5736 0.749930624902 0.749930624902
489 2.57707285678 2.62516603015
488 2.15788914897 2.15788914897
487 0.458998863216 0.458998863216
485 2.00177974209 2.80143383322
4587 2.70784393708 2.70784393708
480 4.84614272087 4.84614272087
7585 2.82358743455 2.82358743455
6463 1.10041231313 1.20939978965
7580 4.93893644296 6.07447219699
4725 2.88405781666 2.88405781666
4851 1.49974514763 1.58097139536
5300 3.99963587374 5.291345488
3926 1.08345517567 1.08345517567
3927 2.09491790296 2.69228760457
3924 2.24999023005 2.24999023005
6526 0.230728788498 0.230728788498
6722 0.999715086942 0.999715086942
4782 0.230833027656 0.230833027656
4781 2.86064211574 4.85115463753
4149 5.99950901416 5.99950901416
5827 1.18181112582 1.54811425154
5826 2.49431960763 2.91078162977
4144 2.33332381479 2.33332381479
4141 4.89991262312 5.50088880016
4143 1.22421168828 1.22421168828
3857 4.31417519826 5.3842149925
3855 1.36280744814 1.36280744814
3852 1.30280997934 1.30281024957
3859 3.99993284834 3.99993284834
6099 1.45503808236 1.74151301274
6098 0.250086711489 0.250086711489
6091 3.77911997376 3.89516982614
6094 1.3818023848 1.3818023848
6917 5.20020011059 5.34758778539
6657 6.83335531607 6.83335531607
6655 2.00012787877 2.0165921291
6048 1.416712694 1.416712694
6651 2.10678118506 2.10678127544
5915 1.87923456746 2.18853471283
5911 5.09385735183 5.71964088726
4820 2.47218284923 2.76164816345
199 0.874361105638 0.874361105638
195 2.61329434877 2.61329434877
196 5.98211214781 5.98219221255
190 0.909237413931 0.909237413931
6384 3.25421377593 4.21198933755
6387 2.41708799667 2.71993552615
3679 6.00161597461 6.26119901719
4558 1.58946288869 2.28272626645
3676 2.00075170839 2.62889373736
4553 2.50002846391 2.7839125347
4550 4.14257951979 4.4295408682
2541 1.07281621162 1.17181728208
2546 1.17809629306 1.17809629306
2380 1.70837574619 1.70837574619
2383 2.58098409684 2.58098409684
2386 1.30644761228 1.66188724716
3580 0.599694284417 0.734786810742
3583 3.82407517058 5.18667961817
3585 2.91123035829 2.91123035829
3587 3.63128870112 3.76644253788
2761 2.22213659297 2.60328887712
2767 1.73347978264 1.73347978264
2765 2.06610342009 3.06932139472
2764 2.17023189802 2.31979426388
6913 3.27643191988 3.27643191988
902 1.2455094774 1.2455094774
1849 1.67689462544 2.8695486534
6277 0.500140999471 0.510067928719
6276 6.00005077216 7.84807071745
1843 3.57138546037 3.57138546037
4423 1.96264658447 3.09766289371
4420 0.948000050475 1.05892707813
1847 3.80001093262 3.80001093262
6077 2.00020282936 2.79813921787
2168 1.08022596581 1.08022596581
6071 1.66681055027 2.24229190363
6070 6.10484732472 6.10484732472
4951 9.06059383589 9.06059383589
4956 1.35192778241 1.62865101589
2160 1.36238176187 1.36238176187
7309 0.128296604876 0.128296604876
2613 2.60806790669 2.60806799852
7095 0.362574625097 0.362574625097
2618 0.499877774352 0.500577339864
7347 3.10493571894 3.10493571894
7345 6.99996345341 6.99996345341
3298 0.5000231403 0.600955743646
5138 1.47247850319 1.47247850319
3294 0.0867054965301 0.0867062299319
1907 4.83207884024 5.82799088435
3296 4.31239286841 4.56578861809
3297 4.66003019774 4.73980625474
3290 0.369455719427 0.520400677103
5132 1.56738639328 2.56978072929
5131 5.81482429157 5.81482429157
1901 2.14821328088 2.63636224736
3452 1.85366032348 2.55550249089
3450 2.33310333709 2.53817324085
3456 2.66756526843 2.66756526843
851 2.04886877557 2.93209635662
3455 1.00111009868 1.00111009868
3863 1.47653513272 1.47653513272
6 0.905587848107 1.00372602147
7001 1.37146579338 1.74165367547
7005 0.518303340041 0.518303340041
7006 2.14121484233 2.54754981888
5229 1.69807061527 2.09710477406
5228 3.61657819562 3.93795331545
5223 2.85322369063 3.34413792118
5224 1.07665276122 1.07665276122
743 4.344650389 4.344650389
744 0.981704941455 0.981704941455
745 1.24634297711 1.54723680658
746 3.27510137809 3.27510137809
747 5.30760213485 5.30760213485
748 11.0452434967 11.0452434967
3062 1.89481656555 1.89481656555
7177 0.585158450262 0.76847419958
7176 4.56419387563 6.21421888355
6895 1.55429378788 2.38080930801
3065 5.27790821953 5.27790821953
3064 2.22215775127 2.99941182603
2947 4.54511560235 4.54511560235
3069 1.69054581122 1.69054581122
3068 0.996376698816 1.19265282773
7178 3.1524324362 3.39060831045
2941 3.49966504578 3.61359784283
1051 2.71878942182 2.85663345045
1053 3.50793216338 3.83476490543
1056 1.76717424341 2.14930553028
1057 3.48254483704 3.48254483704
1693 3.24496703071 3.24496703071
2919 0.995849098256 1.08253175786
1699 5.22786795778 5.22786795778
4311 1.69165903446 1.69165903446
618 3.35712929479 3.35712929479
4315 5.76428664243 5.89767673219
4317 2.157876565 2.157876565
1797 0.930549286407 1.1369226337
611 2.2542136345 3.00555964739
617 3.30065831227 4.14016142053
7574 0.157399759486 0.157400332904
3118 1.42103478108 1.42103478108
3116 2.92258382735 3.08877104337
3115 1.79512583423 1.88438775224
3110 1.9251829009 2.29956926189
7579 0.876214078115 0.876214078115
1470 2.93035554014 3.20437342121
1474 4.49966973786 4.53736580439
1475 7.80087714344 7.80087714344
7041 3.16136676562 3.16136676562
6143 0.525104052733 0.525104052733
1479 6.58807199999 6.63447374496
5464 1.11195595493 1.11195595493
1301 0.665847090139 0.665847090139
7129 2.2500982557 2.42699264761
1308 2.57131367164 3.58623224032
6410 1.71417284355 1.78565055631
5740 5.7692356239 5.7692356239
4229 0.99988675317 0.99988675317
3597 1.00001431039 1.00001431039
496 0.103476955202 0.103476955202
4227 5.99964572852 6.30209565256
490 4.86964670434 4.86964680579
4221 1.4263916301 1.64252233275
493 3.22005961244 3.47229574235
24 5.50026413201 5.59799871696
25 1.45977354307 1.53400177438
5584 1.51149381018 2.24970851961
22 3.21587531642 3.48807756474
23 3.40401223095 3.40401223095
7595 0.999479968611 1.24894124334
6470 2.5599905204 3.49729779182
6476 7.3646750979 7.3646750979
7591 0.702017476467 0.842115932106
5589 2.7858162713 2.7858162713
3938 7.38465914423 7.38465914423
3936 2.77757795372 2.80855222815
5265 1.73273181487 1.73273181487
6718 1.35680954236 1.35680954236
6716 4.38327385948 5.05453103842
6717 2.23847916367 2.23847916367
6710 1.88554647172 1.88554647172
4138 3.73735187578 3.73735187578
4130 2.79141526673 2.82201183915
7474 1.4268544581 1.79284492297
5692 2.02692126947 2.63160275461
3840 1.30819404057 1.89311251108
3843 6.00286181306 6.08512113272
5691 3.36302798251 3.36302798251
5694 0.473379168081 0.473379168081
3849 1.55593812089 2.15889952092
1872 1.8348073362 1.8348073362
4046 1.90740822962 1.97184667901
4047 5.74997765233 6.30954524589
4048 7.02475621116 7.59912838199
5968 0.0476241962841 0.0476241962841
5969 1.28571383282 1.50170002841
5963 2.07691094967 2.07691094967
5964 1.49831982241 1.50469231182
2289 0.499720240342 0.499720240342
3667 1.19871272813 1.19871272813
3661 2.99815938915 4.00737734684
2280 2.75000637458 2.75000637458
2282 3.45455011356 3.45455011356
5433 5.49979222359 5.54414679984
2287 3.38343330129 4.69778448241
4543 6.5687656853 6.636051697
4546 0.923083431606 0.923083431606
2579 0.0840045724831 0.0840045724831
2572 2.91946879817 3.20889256522
2570 2.54617144685 2.54617144685
4534 1.30611835191 1.64497462337
2378 4.69230521135 4.69230521135
4827 3.04442899517 3.40522353179
2376 0.88841275535 1.05348647255
2370 1.90901660356 1.90901660356
2373 0.0298406519834 0.0298406519834
3592 1.19988876582 1.19988878428
2596 0.965823227767 0.965823227767
2590 1.2500007366 1.2500007366
3595 1.53400680631 2.39626332659
3594 2.0219232809 2.20151912241
5036 3.96429221993 3.99569890931
6280 2.50029817648 2.67220654801
5030 0.500614921485 0.500614921485
4531 2.62188354727 3.19427221415
4434 0.214602092202 0.214602092202
4437 1.73176652855 1.76818177619
1084 4.37190649485 4.37190800804
4431 2.36361270384 2.36361270384
4430 0.728812241911 0.728812241911
4433 1.55600010547 1.5560001729
6283 1.75017004766 1.82445375056
4438 8.44143257015 8.44143257015
1878 0.615225713814 0.615225713814
6595 2.8520237545 3.84064375735
970 1.45476346999 1.45476346999
5581 2.92177736672 2.92177736672
6287 1.48930027611 1.48930027656
4949 2.99966813966 3.08216427514
4948 1.64282618593 1.64282618593
6282 2.25388154412 2.94798059863
978 1.00074424134 1.08543493902
6043 2.27998881486 2.59998404091
6040 7.49996981466 7.51477898469
181 4.8457127681 4.8457127681
186 1.41024115969 2.18428882936
6044 0.272914931829 0.272914931829
6045 3.25024874742 3.79577731066
2112 1.64140977689 1.64140977689
189 1.75773606685 2.12314442938
2114 2.86159883616 3.12846157895
2115 0.968382032532 1.06111822039
2117 1.61556150198 1.61556151148
2627 3.51787015102 4.12341182555
2624 4.18710251485 4.18710251485
5837 6.19815023671 6.22274264247
7351 3.44813273248 5.44757129239
1918 1.81252778016 1.81252778016
7355 1.44997784548 1.44997784548
4924 2.61697875929 2.61697875929
7357 3.78250618011 3.78250618011
7356 4.20553358818 5.60107047441
3287 5.00003970283 5.8614443371
3286 2.62756296969 2.62756296969
3284 1.93830639115 2.06570246575
188 2.8334037474 2.8334037474
869 2.26039504875 2.45024015576
860 5.49299760415 7.35288761683
3440 3.2497896539 3.85601101765
3443 2.16894743967 2.16894743967
2027 2.68125106139 2.68125106139
2750 3.85712101688 3.85712101688
2023 2.38564886743 3.14547715092
2758 2.83082182709 2.98480058253
881 0.687432032257 0.687432065115
886 0.374818265519 0.374818332454
888 1.56892904699 1.64666767393
5217 2.18774960946 2.52027132492
5214 3.71426981869 3.71426981869
5210 1.82769476631 2.04944957871
5211 3.68739118439 3.71412564986
5218 2.50153646047 2.50153696158
5219 7.50002188535 7.50002188535
7504 5.00281335982 5.00346043944
5414 1.49996783415 1.97602705118
777 0.86988059607 1.1697289996
770 3.06887143253 3.3007901824
772 0.889027364893 0.889027364893
7503 1.00007802391 1.00007802391
779 4.49844077242 5.95267761568
7638 0.0506793942252 0.0506793942252
4675 3.46141698251 4.04384476283
76 1.49243682006 1.97238135696
2978 0.473862102869 0.473862102869
72 0.643028081247 0.643028081247
3058 6.00040367334 6.26060416284
2972 3.77788069575 3.77788069575
2973 4.65542120842 4.65542120842
3054 1.76934469512 1.76934469512
3052 1.13660204076 1.46302446734
2977 1.66083783716 2.09993313662
3050 9.11627776305 9.11627776305
2975 3.5385339097 3.5385339097
1042 1.50000404208 1.91111244626
1041 2.11105488636 2.33591441736
1040 0.755472492676 0.755472492676
1046 5.08106128462 6.46656465953
1049 2.56963253878 2.56963253878
1683 3.23440404695 3.23440405673
1685 4.59090699314 5.35731780765
1684 2.77032501368 3.04379224911
1687 2.62909683811 3.30302372981
4802 1.71483068649 1.79231797673
7354 3.00295328752 3.00295328752
4301 1.6357617764 1.71037385583
1268 1.83217781801 1.83217781801
1263 1.99999889485 2.20273703575
1261 3.11630311421 3.11630311421
4308 4.34483344837 4.34483344837
1267 1.48605907669 1.61650081479
1266 3.7368787706 4.52130053174
1264 3.74998885646 3.74998885648
7359 5.47823523222 5.47823523222
3021 0.999783669515 1.30701760387
5103 2.50201374781 2.53875901844
3128 0.904487431367 1.22546190942
3129 0.718014497544 0.850693839547
7619 0.922731630254 0.922731630254
3122 3.57139628537 3.57139628537
3121 1.0012423093 1.0012423093
3127 2.1666675617 2.1666675617
1914 2.53775494118 2.53775494118
1465 2.02644484631 2.1854434987
6065 3.49958598923 3.83408591924
1461 2.66666617001 2.66666617001
1313 2.04953662886 2.23796786627
1312 1.40187428326 1.71440269707
1310 5.99769615994 5.99769615994
1319 3.54453479474 3.54453479474
6914 3.75278853972 3.75278853972
6915 0.67599314799 0.67599314799
6444 2.05533264944 2.6552406984
5750 0.151332431437 0.151332431437
5757 1.58334249761 1.58334249761
6440 3.17485170793 3.60435325892
5754 0.431671756235 0.431671756235
4236 3.80754902571 3.80754902571
6919 4.24033932911 5.50046051109
6124 4.66662722484 4.66662722484
312 1.61116401566 1.61116401566
311 0.753380541364 0.753380541364
316 1.56579057461 1.77194424994
315 3.27020994297 3.27020994297
314 1.98871883982 1.98871883982
6701 0.9995678267 0.9995678267
6703 3.45323748999 3.45323776701
6702 0.928797882592 0.928797882592
6705 5.42873443027 5.42873443027
6704 3.96773793142 3.96773793142
6707 0.49924501247 0.668757840897
7435 2.42351264263 2.42351264263
7436 3.66643649941 4.35851782793
7437 3.13597700754 3.83994106473
7431 2.59047829572 3.49771685862
5685 0.800007669869 0.800007669869
5687 1.46458801929 1.75429830714
5681 1.67754640696 1.75025230732
5683 0.555218963392 0.576948269245
1330 1.76784496049 2.34655306821
6674 1.11176378585 1.11176378585
4704 1.84358131354 1.84358131354
6671 1.30375549319 1.30375549319
4054 2.50045060493 3.15798391425
4053 1.76925693432 1.76925693432
4052 3.56198107464 3.56198107464
4050 1.99976876599 2.23596411273
6218 0.818471149243 0.818471149243
5976 6.00006153869 6.05188909061
5974 0.865928763872 0.884293931809
2299 3.37445561323 3.96025220114
3613 3.61245520257 3.61245520257
3614 4.15272707796 5.20023120013
3615 0.31747413058 0.31747413058
3616 0.13253462154 0.13253462154
2292 3.22231489802 3.22231492481
6939 4.21488443356 4.24442451999
2561 2.10618264716 2.62632034702
2562 3.14284762884 3.96412026981
2566 4.6668261827 4.6668261827
2368 2.49795994952 2.74084147734
2367 5.99976829619 6.4299206156
2366 0.428317135491 0.428317135491
2364 1.36998642827 1.42368172021
2587 4.06051656266 4.06413903013
2586 2.93943624455 4.39843666832
2585 3.68710600288 4.56345987541
2584 2.01319798748 2.45015334368
7294 2.50023657699 2.56022119363
7295 1.15436345264 1.15436345264
2580 4.36360236595 4.36360236595
5021 6.22579552713 6.25846865603
5024 2.514433151 2.56716069223
5026 2.28333620192 2.48467700744
4441 2.39480777717 2.39480777771
4442 0.966776269085 0.966782188707
4443 3.23705264811 3.23705264811
4444 0.866327969911 1.02746679968
4445 8.55903346662 8.55903346662
1867 1.99967803598 2.01814708152
1866 0.438293940044 0.438293940044
4448 2.84168236348 2.84168236348
3721 3.44442523889 3.44442523889
3722 0.786101588256 0.786101588256
961 2.42843856196 2.86780378051
6299 2.21333572719 2.71470387116
963 0.499065138756 0.535248770733
6297 2.8808865818 3.01323332757
6293 1.48093228208 1.48093228208
4688 3.48998057629 3.98121223158
6290 2.05049504726 2.0554647363
2108 2.8333141937 3.54351800226
6059 1.84683586533 1.84683586533
2103 1.4999310917 1.94458752343
2102 1.15138862197 1.24421671571
2100 5.44450154858 6.39343298791
5575 2.27711267135 2.27711267135
2105 1.49942014602 1.49942014602
5117 0.615371758995 0.615371758995
5113 2.76028866665 3.99998915196
2634 4.33332587269 4.72580950065
2636 1.58327456425 1.58327457836
2631 2.81820477964 2.81820477964
2630 2.94415532244 2.94415532244
5571 2.9995084595 2.9995084595
5292 0.501072200908 0.660097157128
3438 0.909601047235 0.909601047235
3439 0.155648401776 0.155648401776
878 2.08732538111 2.08732538235
879 3.37902819929 3.37902819929
3431 6.36805493853 6.4529694486
872 0.748639153682 0.748639153682
873 0.374911635157 0.374911635157
4592 1.52015685874 2.13580043461
4593 2.36572856214 2.66100575971
2743 0.416674434154 0.416674434154
2033 1.23122784538 1.58645651067
2032 7.63617302065 7.63617302065
4595 1.22273164134 1.59872733379
9 2.27712146289 3.12816137754
4840 0.22251352751 0.22251352751
3097 3.23076756581 3.23076756581
890 0.00223922439181 0.00223922439181
5200 4.22276343225 4.22276343225
5203 3.8115656264 3.8115656264
5202 0.500004353695 0.506901367381
5204 1.24989524512 1.30294880189
7320 4.040008046 4.88671321142
3545 1.33351245749 1.62799836349
3547 5.61539603025 5.61539603025
3543 1.51366207973 1.51366207973
7323 0.831461226007 0.831461226007
2965 0.180945653615 0.180947341324
2964 1.4619651554 1.77119839477
2966 0.636376057222 0.636376057222
2961 1.55559449279 2.00010341639
762 2.2507859664 2.2507859664
1781 4.18797036712 4.18797036712
767 1.99992152204 2.05455976878
1786 2.88595306815 2.88595306815
7113 3.62293110761 3.62293230622
7112 2.34784559095 2.34784559095
6878 1.93325855734 2.04277613737
7119 2.41208789239 2.82674998948
7118 1.40014207596 1.40014207596
3045 1.01979269425 1.14501608732
6872 5.46986388228 5.62594959102
3046 4.65386024509 4.65386024509
1079 4.04224596773 4.33946081335
1077 2.00207140307 2.00635320421
1074 2.29032253458 2.29032253458
1072 2.94001423689 2.94001423689
1073 1.42137904129 1.42757064196
1070 1.95592072915 2.30028995007
5372 4.98249809104 6.57657605806
7290 5.50014055585 6.6689206175
1678 2.71853434861 3.10544696277
1674 1.08337932602 1.64172716326
678 2.31655358077 2.31655358077
676 1.62852793775 2.19398389211
4333 1.82698061192 1.82698061192
4330 0.188222088863 0.188222088863
3131 4.87505245091 4.87505245091
3130 0.833539772037 0.833539772037
3139 3.17396804464 3.20489168031
3138 0.692312813054 0.692312813054
7608 1.92348067606 2.7930646711
7607 4.0043569527 4.04204128939
7604 4.1335098227 4.1335098227
7600 2.49999645916 2.61669710862
6018 2.54544774673 2.54544774673
1412 4.59295713773 4.59295713773
1413 5.99989276742 6.64236080121
1416 0.538410649114 0.538410649114
1327 2.82306427718 2.82306427718
1325 2.13170252144 2.35465911964
1328 3.0440064921 3.0440064921
6450 1.55458600833 2.06127435735
6455 3.4676506675 3.49944868102
6454 3.5000092222 4.31027704709
5768 4.50001737613 5.1478306145
6456 1.27505520846 1.72776058178
6458 4.69520965359 4.96761616276
4645 0.500048793716 0.569939858242
5762 0.12751174789 0.12751174789
4207 1.8666646846 1.92526767335
4636 4.49998691635 4.50415700817
5565 1.24897999635 1.49282601433
5562 0.973984490374 1.21629778369
1256 0.213345863394 0.213361092864
1526 3.88388452289 3.88388452289
1520 1.66643473598 1.66643474789
308 1.96154548523 2.46934904799
3953 2.00108333905 2.45029758502
303 1.56018448659 1.79034240814
3957 3.20589889448 3.20589889448
307 4.66667470348 5.43240323567
4113 3.98958713911 4.53225401959
7420 3.99988280145 5.49986896406
3340 4.18213838367 6.67869922632
5159 1.61515711494 1.61515711494
2475 2.66688714118 3.04144897596
6601 1.16469799113 1.16469799113
6602 2.1815694013 2.1815694013
6439 2.99998953371 3.03858556883
6606 1.24984661032 1.24984661032
7109 1.09395130654 1.12559077565
6608 1.28069307252 1.28069307253
5946 0.0657089529286 0.0657089529286
5945 0.624393948247 0.749381371428
4064 3.86954718796 4.43817671463
5941 0.999999627752 1.32287512439
2976 2.31181981519 2.58414602981
4068 4.77404466856 4.77404466856
4069 7.92348517602 7.92348517602
5948 3.4566032211 3.52598071577
5949 1.83332537467 1.83332537918
5785 0.862154408883 0.989145513827
5786 1.85906469947 2.24654982024
5782 4.85173666887 4.85173666887
5019 4.99456724427 4.99456724427
3051 2.79504468311 4.29921571049
3601 2.90897770167 2.90897770167
3600 1.33456210074 1.33456210074
3607 4.40814558727 4.44673367501
3604 3.1764774025 3.1764774025
3608 1.50007661451 1.50007661482
5361 1.09090331356 1.09090331356
4894 3.73626562022 4.86990741372
5367 1.76646711247 1.83589775627
6115 3.60002844981 3.63076797914
6117 1.23047232341 1.23047232341
6112 4.40915502089 5.629419812
2358 1.75004295028 2.13275008003
2353 2.39038042118 2.39038042118
5368 1.50020813389 1.73095063864
2355 3.13635912621 3.47660350478
4450 5.35988689665 5.35988689665
4456 2.55192315534 3.08392080316
4455 8.12103057851 8.12103057851
4454 1.51899950799 1.51899950799
3736 2.82348786552 4.90947853532
4459 1.57886996871 1.57886996871
3733 5.48485411373 6.15167225841
476 1.07132445946 1.53524869579
3730 3.57673412111 3.87859576147
4922 4.07768511599 4.07768511599
4920 1.92301453691 2.40192572022
4695 3.24964901763 3.57900198844
4697 8.94780468892 8.94780468892
2131 2.99965206095 3.00562965593
950 2.23501487604 2.58835517057
4929 4.41605996964 4.97225506179
954 1.39526346743e-05 1.39526346743e-05
6022 1.56002557034 1.56002557034
6026 1.34790499308 1.67825919638
2649 2.51860308398 2.51860308398
5167 1.61304577167 1.99381091554
2640 1.7644273561 1.7644273561
2645 2.50000615147 2.62994511754
2647 10.7778160864 10.7778160865
3429 2.32101297661 2.77112035958
3423 1.40479270317 1.65066167743
3422 1.81224970317 1.81224970317
3421 1.17090543557 1.20799299199
3427 2.61545126995 2.61545126995
3426 2.37142454182 2.62250764506
3424 1.76633350558 1.76633350558
1850 0.142010340243 0.142010340243
2000 3.67737336127 3.71108149867
6337 1.57777797079 1.59304034635
2007 1.07672785466 1.18723571096
4859 6.00011715371 6.00011715371
2005 1.64645160685 2.04245768208
2008 0.785664120066 0.785664120066
4415 2.0000164913 2.50001111548
4583 5.21948524541 5.44619681089
4582 1.98564197108 2.17242971338
1269 3.25000113606 3.28823714917
3554 0.500152870789 0.507027190728
3550 3.8187730454 3.8187730454
6966 2.21032342392 2.21032342392
3558 2.59979143712 3.28016044913
6061 2.00004084167 2.33784245617
2911 0.870637387457 1.17821669848
1799 1.25478398731 1.25478398731
2913 1.28602539268 1.65215475622
1793 2.00074371962 2.16337211001
1792 2.47767271251 3.10722859158
715 0.7228152285 0.7228152285
714 3.22389755208 3.38420408931
713 1.24075059495 1.24075059495
712 3.9166535258 3.9166535258
4966 1.07159979661 1.36142030588
7127 2.99981301588 3.37616489401
6840 0.864526137446 0.864526137446
7125 1.98057278919 2.04773404509
7123 1.0386741573 1.0386741573
6844 1.86827984955 1.93349018425
7121 1.22599861247 1.52664194899
1069 1.05558124586 1.33453100346
1068 9.00103904657 9.00103904657
4964 2.10142032024 3.03340986065
1061 6.58338269291 6.58338269291
5301 2.17643198573 2.17643198573
1668 0.350028378399 0.350028378399
1665 3.53214700572 3.53214700572
4960 1.70000655771 1.70000655771
1662 2.64293427926 3.63796038541
591 2.41664275607 2.46218487556
590 2.33373078804 2.77762328613
592 9.16150779878 9.16150779878
594 2.49968116869 2.91537409804
6596 0.0495031101339 0.0495031101339
599 5.00026071429 5.00026072126
4323 3.59101952259 3.89175748954
4325 1.46864724635 1.46864724635
1088 7.68192879198 8.21561139025
3140 3.43690944876 3.43690944876
2821 0.730852478695 0.88543436794
3386 1.54462934647 1.54462934647
3384 1.29515451328 1.29515451328
3385 5.00002277755 5.74456977624
5412 3.11753644529 3.11753644529
3381 0.625013191075 0.625013191075
7632 1.84633011483 1.98365887121
3389 4.20369735698 5.68324434535
1408 2.53549351386 2.53549469265
1406 0.235341742233 0.235341742233
5792 0.500919290473 0.645431365111
1339 4.54520414246 4.54520414246
4210 0.842115122687 0.953206790707
4212 1.52857513149 1.86399719735
1337 2.99999137803 2.99999137803
5790 7.54618769611 7.54618769611
4219 4.50165871908 6.2344395633
446 3.98188667678 5.66464785722
445 0.500064518936 0.509972614228
691 2.54533162746 3.23716133705
5772 3.4074125749 4.24268088613
7515 0.0385745258691 0.0385745258691
5578 1.35890021642 1.65385843488
32 0.769077642841 0.769077642841
31 1.99875701423 1.99875701423
5573 5.40110006853 5.53098102922
35 3.36171697808 4.16370300421
3092 2.29697096809 3.39899108494
3093 3.62499759962 3.62499759962
643 6.83333647719 6.83333647719
1244 1.46154560138 1.46154560138
1531 5.99987832621 6.41840335811
1530 1.64985497842 1.93962526991
649 3.32397217007 3.35691626465
3098 0.68424080343 0.68424080343
3099 3.38402685044 3.39977043382
1539 3.50340924425 3.53935937532
338 0.738701279804 0.738701279804
335 2.77274799014 2.83221862998
334 2.94438563475 3.61879569872
337 3.9381057622e-05 3.9381057622e-05
331 2.55893603003 2.99329196804
333 1.63632033846 1.63632033846
7611 2.10607296215 2.13164522859
5124 4.91871385269 4.91871385269
4105 0.583325680224 0.583325680224
4106 1.76347663901 2.08130500143
7412 2.09008657525 2.09008657525
7413 4.05263462527 4.05263462527
7410 0.594244878875 0.594244878875
7411 4.49989189494 4.5619813233
7414 1.8330038108 1.83300384319
3897 1.11795181095 1.1179519198
3895 1.74500723798 2.10645640971
7379 5.55993716356 5.55993716356
6611 1.07334476314 1.07334476314
6615 0.763207144018 0.912377928336
6614 3.18184268059 3.18184268059
6619 2.99920404973 2.99920404973
4078 4.13728137389 4.13728137389
5957 1.48603458683 1.71236898283
5956 4.79071030464 5.88987718732
4075 5.38462448336 5.51568180357
4070 2.82651728508 3.77348057669
4073 1.11102116328 1.11102116328
5797 2.69231542526 2.69231542526
3967 4.50038487388 4.95911173152
3965 2.45455390748 2.45455390748
3962 1.58752682352 1.58752682352
3963 2.42635597866 2.42635597866
3961 0.812011586993 1.04370001527
7278 3.76085598882 3.82674723081
5799 2.82051723956 3.39277425319
3636 2.53379376899 2.92597389835
3637 9.45001420014 9.45001420014
3632 0.924823038336 1.19813550029
3630 1.08431584796 1.08431584796
4611 3.06114317941 3.06114321957
3468 1.42850147841 1.65677536273
4613 1.35712316569 1.41780525977
2345 1.84500839459 1.84500839459
2346 0.262474085397 0.48790623878
2342 6.00041616546 6.00041616546
6107 4.5716809442 5.07113070149
6103 1.05877357031 1.05877357031
6102 0.764065537177 0.764065537177
4616 6.19354798231 6.19354799086
3709 1.77256266773 2.4783689498
1888 1.83335744905 1.87087319852
3700 1.46149868595 1.46149868595
4465 3.26658892629 3.26658892629
4462 0.636354748294 0.636354748294
1880 4.44453274296 4.47141246689
2127 6.8173212056 6.81732122532
2129 4.34805014338 4.7932397997
4665 5.99999705307 6.66803811285
4660 2.78752527948 3.70642586628
943 2.0612810781 2.51594623508
4910 4.12496196435 6.5808001364
4663 1.66665569732 1.66665569732
6038 2.14156107967 2.14156107967
6035 3.00011955517 3.00011955517
2653 1.62596195047 1.62596195047
2651 1.88571569406 1.88571569406
6441 0.119532718958 0.119532718958
2654 2.50057528018 2.64691742376
3414 0.601140584339 0.601140584339
7389 6.24091379787 6.58311616896
3412 5.33314209379 6.25359951463
136 2.11537684166 2.12479633894
3410 0.999693985468 1.02769627974
134 0.362846957689 0.490212456863
7382 3.9222537595 5.29555650264
7387 1.73079522635 2.05328488855
3418 0.0907754921173 0.0907754921173
7385 6.70243715651 8.28257657416
6326 0.567513750933 0.567513750933
6325 1.40275378851 1.51636401742
2018 0.000288908421773 0.000288908421773
6321 1.07845778757 1.07845778757
4863 3.09054284995 3.32446429297
2017 7.57188769751 7.57188769751
4861 3.80810780751 3.99623615422
2011 3.70812568979 5.21672882668
6839 2.35237785166 3.12206155986
6329 4.68864418743 4.68864418743
6328 0.763376292496 1.09184712714
7443 1.88289147091 1.88289147091
7444 1.99901262769 2.33394889498
7254 1.46145384149 1.46145384149
7255 4.24897610607 4.24897610607
7251 0.345068594667 0.558953180036
3565 2.22228706445 2.22228706445
3569 0.37249635258 0.37249635258
4485 0.646443069194 0.646443069194
6564 4.00020546695 4.10384886242
2903 2.08298407109 2.14220390331
2902 1.2600025682 1.2600025682
708 0.501015805811 0.501015805811
2906 0.997870445344 0.997870445344
6853 5.46595449174 5.46595449174
704 3.89921352437 3.89921352437
705 3.6970550033 4.28213195257
706 2.46176080483 2.46176080483
701 2.3794693403 2.3794693403
6560 1.3333198522 1.82573350184
7139 1.37441726481 1.37441726481
7138 1.20390598138 1.20390598138
89 8.54546272634 8.54546272634
83 5.7058773897 6.04624193683
81 1.2817997893 1.71631890358
7135 2.17276199843 2.72749574221
7134 2.33900139994 3.0777054419
7137 1.84010171984 1.84010171984
85 1.61599717831 1.96202717504
5311 1.83336971943 2.63186361243
5310 2.27271883531 2.27271883531
1658 1.83982598316 2.09410195782
1652 0.0475186540145 0.0475186540145
1653 0.922627156322 1.22041364183
1651 1.83321956123 2.43301493119
6583 0.999964259925 1.10135401974
1631 0.750002675997 0.968248459517
588 0.499982113665 0.499982113665
3151 4.08662026069 4.08662026069
3150 1.67244136961 2.03348748087
7621 2.0600309864 2.06003127346
3154 1.9575187933 1.9575187933
7629 5.49998355031 5.86637029057
1437 0.323571559696 0.323571669495
1434 2.71795955059 4.00936366743
3392 6.66668107419 6.66668107419
3395 2.3402066659 3.07047014023
1636 1.54537716555 1.54537716555
1430 2.13243180742 2.13243180742
3399 0.48275919199 0.48275919199
3398 5.00014307595 5.00014307595
1438 3.21736048738 3.71853786485
4260 3.22728256776 3.62427726056
5233 0.99994886289 1.0040695311
4265 1.20723246261 1.20723246261
4268 4.53956115256 4.53956115256
452 2.36364219834 2.4200778629
1345 1.49901854036 1.57989333449
456 1.19938576345 1.19938576345
1347 4.50786142988 4.50786142988
6921 1.45292999306 1.60336329705
5546 3.34997439829 3.34997439829
5545 0.999976409692 1.05406336106
652 4.22728337103 4.22728337103
650 1.26666686328 1.26666686335
1508 0.0898329336352 0.0898329336352
4461 1.61130479112 1.8931008381
3081 1.27195365921 1.27195365921
659 3.08704333812 3.43201750584
5890 0.140411590765 0.140411590765
5891 0.549995893854 0.549995893854
5892 4.14284508741 4.14284508741
5896 1.75003412118 2.03955903341
5897 2.69772345163 4.26244970431
5898 2.46384462656 4.07147963555
5899 3.33451693153 3.33451693153
948 0.1763141632 0.1763141632
3882 4.16664762748 5.24666379915
3889 2.49999320115 2.8653088945
4916 4.60714814204 4.60714814204
7404 0.0550491148293 0.0550558145809
7407 1.49994739679 1.58112740724
4911 2.74799682982 2.74799682982
4008 5.22543654088 5.22543654088
4004 1.21713151475 1.49656041542
3970 3.25007240673 3.25007240673
3973 1.67863158495 1.70692962706
326 2.11111325419 2.11111325419
3974 4.32017155699 4.32017155699
324 1.28542151809 1.28542151809
328 1.18149708983 1.18149713285
3621 3.99704391247 3.99704391247
3070 2.0004429145 3.46445261183
2332 0.56656881274 0.737100563558
6136 2.64767825251 2.64767825251
6883 1.94996049962 2.63623689546
3713 1.92678623271 1.92678623271
3719 2.08160392605 3.72527257201
4479 1.67857177424 1.67857177424
4470 3.05590809324 3.09657560473
4475 2.61052431321 2.79571742421
4474 0.293703710307 0.293704122246
5763 1.39285808978 1.39285808978
6007 1.49991644479 1.60068329438
6004 4.61013424628 5.2520725508
6000 7.44222378948 7.44222378948
2489 2.75873235587 2.75873235587
2950 4.35705849157 4.35705849157
2484 1.60617503877 1.93974157775
4673 5.51440998571 5.51440998571
4670 2.09171111344 2.09171111344
3252 0.929276139969 0.96432702681
2245 1.37127395516 1.59868525842
2246 1.03573474238 1.03573474245
2247 0.893786800679 0.893786800679
2240 2.39378633223 3.39594867817
5179 5.34782289594 5.34782289594
2242 1.96910455075 2.75087320567
7394 0.0194437295063 0.0194437295063
2466 2.10524974589 2.16381620835
996 3.81802458568 3.81802458568
7391 2.58357926084 2.58357926084
993 6.73336374689 6.73336374689
992 2.49978308489 2.74387003591
5144 1.57712344511 1.57712344511
2469 3.17319004111 3.8467804163
7535 3.24085114219 3.24085114219
122 2.64945911319 3.17716791051
124 0.827027013556 0.827027013556
3404 1.714541515 1.714541515
126 2.46074625144 2.50548805932
3409 6.33333512143 7.00792829681
3408 4.69229673951 4.69229673951
4875 0.352911560438 0.352911560438
4871 6.73893022158 6.81051327643
7438 5.23415001789 5.23415001789
4878 2.45488151228 2.45488151228
2069 3.72220687499 4.01308981793
7533 1.72577052395 1.72577052395
5424 1.49960278198 1.50008494699
2062 1.27958967128 1.37037103855
6319 4.49997060677 4.49997060677
3413 1.3844831701 1.38448321862
5423 1.181517383 1.43621439357
7247 0.132773323108 0.132773323108
5099 1.4174362313 1.80456036813
3578 1.49900940202 1.64018198828
3571 1.59106190386 1.66782477936
3573 1.78575383995 1.78575383995
5097 0.00454013875419 0.00454013875419
2665 3.95557463313 3.95557463313
4492 0.18164495198 0.18164495198
4490 4.41176237835 4.41176237835
2669 1.4979922752 1.78291430184
6823 2.55699892488 3.22564949221
6824 1.36565841616 1.36565841616
2938 2.74884651941 2.74884651941
6829 1.67186692763 1.7270226686
2935 1.99879183686 2.16507074933
5326 0.641749263814 0.641749263814
5327 0.0071295877197 0.0071295877197
5325 6.00595564622 6.05640830674
5322 2.33333286142 2.33333286142
5320 1.19998563394 1.19998563394
5321 1.16679565647 1.26936685069
5328 1.27382325681 1.27382325681
1643 1.30513638794 1.30513638794
579 2.62480040118 3.04124535151
573 2.00098392745 2.34863967449
571 4.89520184003 4.89520184003
577 2.0908326283 2.0908326283
576 5.23582679551 5.23582679551
575 1.91180204872 1.97609556631
3169 2.83991153533 3.53646660484
2803 1.65077861458 1.92074541212
2800 1.95642858383 2.19169599863
3165 1.40386892697 1.91267658582
2806 4.87998783351 5.4830954388
2805 4.1662708852 4.16627091235
1421 0.500118967107 0.500118967107
1420 1.00005902343 1.00005904642
7094 1.99999412053 2.65850032893
1422 2.8666305975 2.8666305975
3368 2.42204622144 3.1409563485
1424 3.4997694694 4.15328000511
1426 5.11516931232 5.11516932049
3366 3.68996845568 3.72362290169
2404 4.19999405836 4.19999405837
7098 6.58352270136 6.58352270136
7099 2.08823349588 2.14725793938
732 3.08335453029 3.08335453029
735 3.0000045159 3.00000451618
736 7.06237986357 7.06237986357
4272 3.19871576944 3.19871576944
4271 2.11052223696 3.07919022563
1358 0.41622420373 0.41622420373
4274 1.85530443323 2.57446297662
461 2.31000222669 2.3100033767
5555 1.8477472919 1.8477472919
5554 1.3796859161 1.78001903115
6488 3.29483456014 3.3325587134
5551 0.207209086759 0.207209086759
5550 1.54811659421 1.54811659421
7384 0.555468772184 0.728312930018
6955 1.83372443305 2.08260913481
6484 2.6111205591 3.09022178754
6285 3.73725039562 4.23789048044
6948 3.7776815411 3.7776815411
1518 1.18890310626 1.41516206421
1510 4.16662463793 4.16662463793
1513 1.79631283282 1.8944846497
1512 3.65926404847 4.23298476152
5885 2.05587549569 2.05587549569
5889 2.07243199122 2.07243199122
6559 4.00026451353 4.00026451353
7478 2.83312566262 2.83312566262
3186 1.87359781912 2.0763453643
3187 3.29451878727 4.69455394435
3182 1.84996063555 1.84996063555
3188 3.72949842044 3.72949842044
6863 2.67493252527 3.17797830291
1896 1.33333836508 1.66667501788
6631 2.74360111232 3.1805590394
4018 3.06481505002 3.06481505002
6281 4.75015112068 5.15720009689
357 0.639838407536 0.639838407536
351 2.46401682048 2.46608541968
350 5.58278789316 5.58278789316
3985 2.50395490994 2.56114009394
3983 2.47373531071 2.47373531071
4855 1.17096738626 1.4413751584
6126 6.81772813282 6.81772813282
6120 3.66060507237 4.48465999181
4706 2.07442677556 2.07442677556
4705 1.28774925749 1.28774925749
2320 2.65064165338 4.06802219685
4703 1.27273643764 1.27273643766
2329 3.16687521248 3.16687521248
4709 2.10402692918 2.48597315498
288 6.58339246752 6.65890370293
3619 0.571409140216 0.571409140216
5 0.0909072652675 0.0909072652675
284 2.87350040012 2.87350040012
3760 5.94357916613 6.4480278207
3765 0.924091407342 0.924091407342
262 0.357636444428 0.357636444428
260 5.1588513282 5.1588513282
267 1.99921093074 1.99921093074
2499 1.81575921755 2.07292934008
2498 2.12519516495 2.25015041635
6013 0.42855457437 0.42855457437
1296 1.55528150996 1.55528150996
7253 2.83554677866 2.83554677866
2495 0.600283469482 0.600283469482
2494 2.85384689748 3.18171415373
4644 4.81248500394 4.81248500394
2496 1.99999946883 2.76489915244
2259 2.60020750085 2.7203847647
2254 2.3920325491 2.9225054963
5060 6.45445539962 6.45445539962
2250 2.3817854043 2.99831854966
2477 1.44385272424 1.52863751028
988 3.97717848569 4.30657994107
5151 1.44862988128 1.84516478609
5150 2.52945315139 2.9407578408
986 1.61215004553 1.91664262191
5154 5.49999879523 5.49999879523
5157 1.52036161654 1.70069806636
2478 2.3358798352 2.52610610492
115 10.055491343 10.055491343
7313 3.54582581512 3.54582581512
119 4.30859865012 4.30859865012
2785 1.66795796673 1.66795796673
4801 1.00001873012 1.00001873012
2787 3.66568509668 3.66568509668
4803 0.547720441315 0.547720441315
4805 0.721332653109 0.721333536414
4806 2.00027883994 2.00027892334
4807 2.37506543472 2.73599205101
2788 0.948059375193 0.948059603946
2071 1.23252886329 1.23252886358
6306 4.179090263 4.179090263
6301 1.69744674769 1.69744674769
6303 3.49981058079 3.63992557148
2074 1.82985228049 1.82985228049
7272 8.99999289245 8.99999289245
7273 5.33329478369 5.33329478369
7275 3.49995488572 3.49995488572
3502 3.24895544831 3.27179939622
7279 5.27721301633 5.27721301633
5086 1.50000485893 1.78663580338
5085 2.78570844472 2.78570844472
5084 1.07660828187 1.07660828187
2672 2.05176914072 2.11179925471
2676 1.16537271627 1.2686276051
2679 1.00015709505 1.00034843449
6833 5.50006941319 5.50006941375
2928 2.37538874903 2.79349433874
6830 2.30048112405 2.57906814869
6854 3.04663987317 3.34842569891
2923 2.45469308166 2.45469308166
6838 5.32410005358 5.68715814767
2925 0.0403301948235 0.0403301948235
2926 3.68878988407 3.68878988407
5331 5.67547070578 5.67547070578
5330 5.25005945964 5.25005945964
5335 0.454152438083 0.454152438083
5336 1.83338704304 1.83338704304
2907 2.07404382273 2.07404382273
3215 1.95805713048 2.0850737977
1984 0.651497536074 0.804286259993
1985 0.0396432911342 0.0396432911342
1982 1.5589478785 1.5589478785
3212 1.55956667712 1.69975607775
1638 0.526232253812 0.526232253812
5371 4.66664636649 4.99379699185
3218 6.18226151379 6.18226151379
3219 2.03173582414 2.60819562533
1989 2.50000014359 2.60461477026
569 1.36080968043 1.71754801364
560 3.44441501813 3.44441501813
564 4.27043398126 4.66719428072
566 1.80794534783 2.02750866262
6543 8.88980773289 8.88980773289
3173 0.452669571143 0.452669571143
7081 0.727193132172 0.727193134707
7030 2.35594331793 3.09036720006
7084 7.84648601985 7.84648601985
3376 1.3332253058 1.3332253058
3374 4.63529657965 4.63529657965
5421 1.04329687001 1.65998874569
3372 4.99980114979 6.41459309842
1180 6.04416416026 6.04416416026
1181 3.87522191498 3.87522193341
725 2.54813535895 3.24826525175
723 11.2857625314 11.2857625314
1746 3.24996812772 3.24996812772
1740 0.764997432759 0.764997432759
1742 8.83375116985 8.83375116985
5499 0.166657921467 0.166657921467
1165 1.2338102717 2.67988454465
1166 1.42861967391 1.42861967391
7587 4.48180526819 4.94613393702
7291 5.55611444537 5.55611444537
4247 1.75035934179 1.99075344691
4245 2.4597866666 2.4597866666
1168 1.65026599377 1.65026599377
1169 2.15215336863 2.15215336863
4240 1.67160326509 2.04191254409
5521 1.88193437715 2.1312771825
5523 3.77838434565 3.98673821295
5526 2.00508990425 2.00508990425
7130 2.1341722194 2.49834792559
6941 4.5459968187 4.5459968187
6940 1.37497457316 1.37497457359
7132 1.50641213045 1.50641213045
47 6.85699755278 6.85699755278
7297 1.225800778 1.225800778
41 5.21068696027 5.21068696027
1569 2.50013672187 2.74902562477
1365 2.2999373879 3.43101724903
5492 4.43751660856 4.71533558525
1292 1.76552473152 2.11894286714
1561 8.99754584759 8.99754584759
1563 2.58082982284 2.58082982284
1564 3.39003687599 3.39003687599
1565 0.243242398295 0.243242398295
1295 2.92303583736 2.92303583736
1712 1.75048419941 2.30543141263
475 0.0908559892883 0.0908559892883
5250 1.00168865172 1.08590455581
1789 1.63612366588 1.8600711357
4399 4.2391156124 4.49667448406
7460 3.37512761374 3.41198522876
5638 3.2455060691 3.2455060691
6541 2.66405488926 2.66405488926
6540 3.31024351918 3.31024351918
4391 2.31603297381 2.31603297381
4392 3.50000244815 3.80787594414
4395 1.702764985 2.15512476468
6549 1.35539801168 2.03875402113
5633 11.333335552 11.333335552
473 1.58523768182 1.79830439095
3195 0.620103491324 0.620103491324
1862 0.249852913713 0.249852913713
3193 3.49965930867 4.25283619133
7465 2.27435298093 2.49920302881
3190 1.99995998144 2.35835062069
3728 5.99988354503 6.32448131934
3198 2.19794564397 2.24793201124
7466 1.86505956173 1.98913308876
1368 0.820613901351 0.820613901351
3729 1.10522276918 1.10522276918
2.37350168253 3.12732781598