4447 5.10271511059 5.34449722089
4023 1.50538841489 1.64267713436
5988 0.737962380326 0.737962380326
346 1.60792470995 1.75890180275
347 6.03643851028 6.03643851028
7513 1.0103292212 1.33213760906
7512 2.99828523377 2.99828523377
342 3.07262544045 3.31462783354
343 2.35078890608 2.44350645733
3996 1.72188309064 1.72188309064
3995 0.802911601434 1.03649797852
3994 1.36626237771 1.45427341077
348 0.867278962946 1.11846853001
7518 3.34372860414 4.15969438976
6150 1.27027079783 1.53672487132
6154 0.461136454001 0.555927272156
6159 0.577259158997 0.577259158997
6796 2.13377051545 2.94234323605
6797 8.37596248998 8.37596248998
4730 0.964669929458 0.964669929458
4736 1.88081835835 1.88081835835
2319 0.979955278612 0.982978251279
2313 6.01145031798 6.01199249081
2310 2.35696128222 2.35696128222
2311 2.63068217215 2.63068217215
5851 0.626685053569 0.810965573896
299 1.25043653408 1.48965815271
7627 2.48165990419 2.48165990419
291 3.45486397283 3.45486397283
4656 3.51029498484 4.27598657801
274 5.98414559415 5.98414559415
276 2.87648505089 3.7779128677
278 7.48437102045 7.48437102045
4836 0.999345818366 1.10671694773
6584 8.49347517185 8.49347517185
2262 1.19955049635 1.28129161938
6190 4.52856201705 4.52856201705
2266 5.08690042116 5.08690042116
2443 1.72441471813 1.72441471813
6055 0.238653987827 0.238653987827
108 1.59474717982 1.59474717982
109 0.154688296107 0.154688296107
107 4.02856084471 4.02856084471
4813 1.78511821313 1.78516027804
2047 9.72275336187 9.72275336187
2045 0.994037905942 1.03861572065
4817 2.99467610216 2.99467610216
4816 1.93732685704 1.93732685704
2040 2.40390084407 3.07753788583
4819 1.56808044965 1.79505860631
4818 10.0531279253 10.0531279253
1297 1.61118349557 1.89806515706
6378 4.35198524246 4.8306591726
6379 1.49561073612 1.79944272984
6053 0.653207416656 0.653207416656
5828 1.21430658911 1.21430658911
6372 0.909274015319 0.909274015319
6375 1.67571225412 1.67571916544
6377 1.82690950331 2.12642547142
2838 3.81832107484 3.99979429337
5363 3.77146019006 4.32984915944
3519 0.140070131061 0.140639383207
3510 1.39810693573 1.7222274018
3517 1.48538587208 2.17154066798
3516 1.77969665508 2.40364709392
7263 1.13482528843 1.13482528843
3514 5.99420676837 6.11814899343
6201 3.02766177543 3.02779475644
6202 1.49506183895 2.21043262789
2685 1.53311326629 1.70370137461
2687 5.27859480503 5.68697644759
2681 0.844678639118 0.979082216016
2683 1.02526285564 1.27025143336
5406 0.954211649262 0.954211649262
5119 0.211616569265 0.212390631324
6802 2.18716565973 2.18716565973
6800 0.775409457642 1.05318153086
5293 8.27215768328 8.27215768328
5404 0.955745995949 1.22566094265
91 8.14375742937 8.14375742937
93 0.430953856226 0.430953856226
95 2.06479868049 2.06479868049
97 2.0677992045 2.0677992045
5402 7.06139582186 7.20171437016
5182 4.28781808872 4.28781808872
1622 1.29415259348 1.59108824447
1992 1.57434255247 1.57434255247
1627 1.72128085447 1.77365600857
3993 2.22714994936 3.11282904954
1629 3.05031170699 3.05031170699
1628 3.24143832301 3.53674843639
3209 0.476443109827 0.476443109827
2860 0.198559555379 0.198559555379
2861 5.18403224595 5.39781789196
2863 6.71374043353 7.35182010923
2867 1.26224072591 1.61399708169
555 1.68851917441 1.99762137309
554 3.17347670532 3.17347670532
551 0.573724887524 0.573724887524
550 0.934272084489 1.2448814505
553 0.26429210202 0.26429210202
552 2.99041594105 3.1584993869
7142 2.26658383441 2.76533848568
1199 5.96048684719 6.03861142442
5459 0.984408020142 0.984408020142
7079 2.38267681033 2.38270023848
7074 0.689084773483 0.689084773483
5451 2.50757560839 2.50757560839
1193 2.77864643472 2.77910664538
3341 3.66524431633 4.2045516569
5454 3.04622447502 3.72816316237
3347 2.12404592301 2.20727709566
1197 4.61602181201 4.61602181201
3345 5.26659091412 5.33119093794
1754 3.98547824935 4.57181907649
1752 0.385821961794 0.385821961794
6976 3.16263119319 3.16263119319
6975 0.775808828554 0.918396846919
6971 2.20224042598 2.40003665364
4253 2.53252730957 3.34510363381
4252 2.12242058066 2.32465347892
5531 0.454863838392 0.454863838392
5538 0.0807694560803 0.0807694560803
1285 1.33914267716 1.67303910804
1284 3.2206744056 3.37325742398
1287 4.55011779556 4.76979934305
1280 4.57435529341 4.57435529341
1283 9.57619063777 9.57619063777
1289 0.993999242199 0.995401842712
7188 5.10822874988 5.49498416922
1579 3.23749627143 3.63238057573
689 3.41215767527 3.99610899878
684 2.14482556277 3.5716010468
687 2.25044782137 2.45765919517
7183 1.08890520571 1.08890520571
681 2.11854241762 2.11854241762
683 2.31879732898 3.40458922132
7187 0.178063951999 0.178063951999
458 2.53982430541 2.53982430541
6006 1.98870627967 2.38459081253
1222 8.63527804301 8.63527804301
4388 2.02332424458 3.05617547897
6576 1.64972558916 1.64972558916
625 2.48715076167 2.62762221449
6574 1.49890460446 1.80431763063
5627 0.95230053696 0.95230053696
4382 2.25151478781 2.85219005757
7459 0.736664873051 0.865189011169
1371 2.25726902793 2.25726902793
406 0.851656428831 0.851684584043
405 1.84684598973 2.44578367266
1374 1.56756595357 1.78774362759
3834 2.99214566481 2.99214566481
628 8.35076728456 8.35076728456
3831 0.514023655366 0.667356467894
3832 3.35735003208 4.50902757476
3838 3.82531555038 3.82533766182
6794 7.64230765718 7.64230765718
4844 1.0877720691 1.0877720691
5990 1.96189592046 1.96189592046
5992 6.55486990517 6.5913676481
379 5.04973484409 5.04973484409
7527 2.73267966487 2.73267966487
7525 3.00111950835 3.21832876864
370 4.81429125363 5.48324725128
373 0.492460160349 0.492601579114
2038 3.18587456193 3.18587456193
374 5.55766683447 5.55766683447
376 3.55628841795 3.55628841795
6530 0.666356256016 0.812783586273
393 1.68714327783 1.68714327783
391 1.11000065047 1.61722666368
394 1.27505520356 1.27505520356
6148 2.51413195646 3.20356479718
2309 5.52167718109 5.52167718109
6780 3.86533616764 4.60471517471
6782 1.21536700458 1.21536700458
4728 1.34576493313 1.34576493313
6787 1.72867617028 1.72867617028
2301 3.96945947282 3.96945947282
4724 3.37075409591 3.37075409591
4727 0.825320596635 0.825320596635
2307 6.44432759395 6.44432759395
5846 0.719958044984 0.813257059235
6538 3.30811854192 3.89562889643
5849 3.18311850602 3.6769899723
3748 2.58621679178 2.58650491533
3203 1.50131268314 1.88191661288
3745 1.16155616995 1.16155616995
3743 0.29903274454 0.299084011172
247 0.752187706176 0.752187706176
4623 2.3430975438 2.54612396778
4624 3.1818728958 3.33491425504
243 1.16308220155 1.16308220155
4629 2.47191971651 4.04442485396
2272 1.0996828444 1.10027970262
2278 2.78628191149 3.23544689294
2459 0.470804357481 0.470804357481
2454 1.25773745187 1.25773745187
2451 3.21492011004 3.21492011004
2450 2.46620126016 2.79079213965
172 0.140807503739 0.141457152573
171 2.22282066726 2.68671002207
2050 2.71698545895 2.76255074916
4538 0.737636142781 0.857135612824
4828 0.871272003839 1.06053264561
2059 3.97931284667 4.00479845548
2058 0.178112695767 0.198533299685
3692 1.52080686585 1.52080686585
3693 1.35974029733 1.35974029733
4530 2.71687280003 2.71687280003
3695 2.16234158799 2.16234158799
3696 2.13042676471 2.13042676471
4821 1.23724739495 1.4844501679
6369 2.32150260578 2.36140320918
4983 2.49163969974 3.34775664281
7337 3.00617018132 3.00617018132
1504 2.99658350562 2.99658350562
3522 3.4841234901 4.8941161509
3523 2.27662996593 2.72640659619
7043 1.13217042057 1.45334305259
7218 3.14301404451 3.14301404451
7215 1.33391975658 1.42063031526
1601 4.92887150456 4.92887150456
6215 0.726372798243 0.726377056253
6386 3.43928927427 3.50792744117
2699 1.11240985995 1.11240985995
4651 0.499413436951 0.571144276344
2693 1.31286772688 1.39184800783
2690 0.422027875061 0.498625975617
6819 2.09070190895 2.09070190895
1605 0.130187018627 0.135313357678
6814 0.10619607248 0.10619607248
6817 5.89299407895 5.89299407895
6816 1.26207656385 1.26207656385
7326 3.0938264412 3.68578717169
3231 2.16826177995 2.50249049945
3236 4.07693691478 4.07693691478
1969 7.3382805478 7.3382805478
3235 4.01497887514 4.18941274953
1965 3.923276262 4.29556940341
1966 1.09524521793 1.65751228172
3239 2.61934683148 2.61934683148
5191 5.26434684051 5.45190356678
1962 1.39267584471 1.42586752952
2877 4.62587214747 4.62587214747
3355 1.55483117665 1.55483117665
3351 2.09640610366 2.3334262184
3353 0.000460628139979 0.000460628139979
3352 1.07472144526 1.15807328481
7063 0.577549381694 0.606847166577
5446 1.82187642504 2.26788336283
7060 2.28156356322 2.52714896258
1764 9.08253779511 9.08253779511
1788 0.476749074574 0.476749074574
1145 1.49111690964 1.66569264008
6968 1.44896231772 1.44903423001
1148 6.02646104563 6.09660774114
5509 0.182830618565 0.182830618565
5506 1.51324580018 1.51368789664
5507 2.3287520719 3.02544431389
5500 0.58600956674 0.58600956674
692 1.75237871673 1.75237871673
1547 2.04243556229 2.15841792358
1544 2.9871096547 3.10485987822
1545 2.03674294199 2.45531403368
1548 5.19321717824 5.19321717824
7199 2.16376341797 2.16376341797
546 3.12672507906 3.12672507906
544 1.27665935715 1.52075717
545 1.14293746062 1.24918381328
549 2.26651332003 2.60872173095
7194 5.12884126518 5.12884126518
6886 1.64661398129 1.64661398129
7564 1.49217241445 1.61832778964
764 3.12738890563 4.35180315335
6406 2.44995156029 3.28756278983
5618 2.15050890435 2.15050890435
7442 1.94169855188 2.51817639063
6568 3.2575977529 3.2575977529
5477 2.00969890792 2.09439526866
5612 0.0424054039048 0.0424054039048
5613 0.862598218328 0.862598218328
6405 5.56221710196 5.56221710196
5617 7.40019847538 7.40019847538
6562 1.46410845545 1.68517700254
7398 2.75884476627 2.75884476627
5475 1.89052475781 1.89052475781
410 1.79608639574 2.3476652519
1389 2.28772080328 3.06861245492
412 0.65311666965 0.65311666965
1384 3.15393787532 3.90642011758
1387 3.28116062545 3.95757977688
419 0.921188771449 1.07212680022
5003 2.48413757977 2.7529128501
3823 6.77322758836 6.77322758836
3821 3.08098381582 3.08098381582
7114 2.91052892175 2.91052892175
3828 4.13093365625 4.13093365625
5000 0.870808419482 0.870808419482
7482 4.17900579629 4.17900579629
4282 2.06615844567 2.33795777552
4280 0.72740188748 0.874868647999
4286 2.24910878268 2.24910878268
7538 3.47229215756 3.47229215756
369 1.24200082633 1.67070841331
366 1.71002272272 1.71002272272
7534 1.62577487158 1.62577487158
364 0.0655813144231 0.0655813144231
365 2.38879646699 2.90654444044
362 1.07496765399 1.0749703734
5009 3.98145487953 4.54256168999
360 1.21752738466 1.21752738466
7532 0.640680917156 0.640680917156
380 1.47643970581 1.73280982176
381 1.700978913 1.7893342493
383 1.84235437711 2.41507062539
384 2.613343763 3.68614358577
6178 1.36032559806 1.36032559806
389 0.580675442036 0.580753737098
5271 0.325640082899 0.325640082899
6778 2.98651755775 3.88383868501
6779 0.658821125554 0.659802805431
1369 2.61426170866 2.94600561649
6774 3.08956592578 3.12819668015
6775 0.560067593088 0.658150439418
6770 7.4507610241 7.4507610241
6772 0.834103005591 0.834103005591
4757 1.50481896128 1.50481896128
5870 1.64240288545 1.6424672957
5876 4.40419483914 4.67056688165
5374 0.763087996428 0.763087996428
5879 0.331663542158 0.331663542158
3758 1.48858686805 1.63561834738
3750 1.4262346 1.4262346
3753 0.177413296876 0.177413296876
3755 3.50712438527 4.05320484205
2192 1.50453949667 2.13114731705
259 6.16642327787 6.16642327787
4637 4.40063045465 4.40063045465
2195 1.90717131164 2.49426016976
2196 0.0299616568744 0.0299616568744
2197 1.76243163014 1.94038609952
4638 2.09961939429 2.46940783545
256 1.90092392258 1.90093837604
2200 7.2463428636 7.2463428636
2201 0.737441223559 0.737441223559
2202 0.921796087082 1.00492334578
2204 1.58040052245 1.86472695842
2205 2.8522875644 2.8522875644
2209 2.39512667629 2.94259484584
6689 5.92637575077 5.92637575077
6680 5.017993787 5.017993787
2428 3.9494380082 3.98136698157
4812 1.04161387315 1.04216877871
2422 1.70777611482 2.2121006156
2426 3.33877362866 3.33877362866
4810 1.50571975006 1.50571975006
169 2.85315263539 2.85315263539
164 2.09064106211 2.14799681394
160 1.8150176291 1.8150176291
161 2.39163685738 2.92820576204
162 3.13870940008 3.13870940008
3689 0.00232565477443 0.00232565477443
3683 0.87914181188 0.87914181188
4526 2.02510831406 2.02510831406
4525 6.03964759006 6.2954308194
4524 1.22674898655 1.38937158854
4523 2.39286440778 2.73338887908
3685 2.99623990127 3.06642912025
3684 5.10452582873 5.10452582873
6194 5.31948822377 5.987625006
6981 1.75209081017 1.75209081017
2518 1.65208669623 1.65208669623
1842 2.27650653213 2.27650653213
2514 2.24813983485 2.24813983485
2516 3.46614013217 4.18197158853
6198 5.58713690388 5.60275579411
908 3.74275608047 3.74275608047
6740 2.15941881713 2.16078858286
2730 0.0829302907349 0.0829302907349
2733 3.15184279826 3.15184279826
4426 1.05892330672 1.1592481606
5294 2.06426051018 2.39693637235
5295 1.98535529639 2.96575829507
2738 2.73599974195 2.85564290296
2739 1.22168128948 1.52236741949
5291 2.97057622868 3.68678135452
1817 0.272303456724 0.272303456724
1811 1.8057972133 1.8057972133
7203 1.41106844306 1.50584496778
6227 4.09796062038 4.09796062038
6228 3.22887337358 3.22887337358
671 0.224427640769 0.224427640769
6993 0.948322661146 0.948373736627
1609 1.285984709 1.63294689345
7336 2.00690085521 2.00690085521
7335 2.77088203968 2.77088203968
7334 4.74502681947 5.07876005711
3225 1.93435079845 2.68057634246
3224 3.5066996417 3.50677461133
3227 3.51298467338 3.51298467338
1602 1.85720121295 2.34352137334
1973 3.84366746846 3.84366746846
1972 1.31928206977 1.31928206977
7339 2.97231870332 3.30393605058
809 1.98240891573 2.22241822221
801 2.97533943595 3.30600480023
807 1.76799875345 2.06398374313
806 2.47466225273 2.83857519142
2849 6.45608047665 6.45608047665
2846 2.84457119063 2.84457119063
2843 1.08522413782 1.08522413782
3321 1.40416866814 1.58712462317
3323 1.90061669053 1.90061669053
3328 2.34238482348 2.34238482348
5478 0.587371339976 0.813857531779
5479 2.08199205005 2.08199205005
5274 0.0866976014805 0.0866976014805
7058 1.09270698918 1.09270698918
1776 1.02652241598 1.34525297018
1770 2.98781699388 2.98790944512
5272 3.3940732878 3.64022601784
323 5.18151052088 5.64336934297
7052 3.28511694484 5.29194247897
1778 0.538774781644 0.538774781644
7055 0.811695232907 0.811695232907
1154 3.84222785905 4.11323470745
1152 0.476794711436 0.476794711436
5519 2.016921496 2.016921496
5518 1.63410402085 1.70899577132
5513 2.71520576605 2.71520576605
5512 1.43372958228 1.7721703808
5515 1.43739110692 1.78356338804
5517 2.00415748594 2.17342335643
1551 9.16046819538 9.16046819538
2999 3.99518283552 3.99518283552
59 1.31056298989 1.31056483056
58 5.58676665881 5.6650612755
55 0.983446143222 1.00166076177
2991 1.32188232501 1.32188232501
57 2.18612487643 2.18612487643
2993 3.45594221525 3.45594221525
52 0.954160559428 0.954160559428
535 1.30123811304 1.38187632503
532 1.59105897556 1.61158363037
531 3.02405738535 3.60369227065
7342 6.49832535248 6.96391371209
538 0.699183983607 0.827212591032
5600 0.554643233372 0.554643233372
5609 4.42894872203 4.42894872203
5608 2.74158356307 3.31416155555
5134 1.10518472422 1.22516650725
1902 1.36205993233 1.60207246549
6517 2.76406039066 2.7640613019
428 1.1769097015 1.1769097015
421 4.08711582368 4.08711582368
420 2.974552492 3.29464262218
3293 0.14253233259 0.14253233259
1393 2.55726833975 2.55726833975
1391 0.821211812122 1.23960966437
3810 1.81974561228 1.88879161525
3816 1.68139512115 1.68139512115
3814 0.540227297917 0.540227297917
3457 4.50478258227 4.50478258227
6420 0.438444355829 0.438444355829
4298 6.11098681522 6.11098681522
4294 2.07389329215 2.07389329215
4297 1.72165501816 1.72165501816
853 6.50349843268 6.54051275736
6428 1.1836081186 1.1836081186
6429 2.7837236196 2.7837236196
6412 0.212851402408 0.212851402408
7543 0.730210039995 0.730210039995
7547 5.31613337746 5.467343091
6168 2.01206798969 2.1458225079
6160 3.88899530505 3.88899530505
6162 0.065189925135 0.065189925135
4749 1.56916464047 1.59580666066
4748 3.50290584076 3.99320612837
6767 2.30452828349 2.30452828349
6766 2.50986209841 2.84991261135
4740 3.81363908947 3.92835251397
4747 1.82498573924 1.82498573924
4744 0.987736981451 1.27462837016
5868 1.69715361267 1.69715361267
5865 2.50781268053 2.65109570476
4715 2.64193340188 2.64193340188
2183 2.46413045178 2.92930045201
7059 0.25951878342 0.25951878342
2181 0.628134167076 0.628134167076
2186 0.867102602276 0.867102602276
4606 5.14920906846 5.71916430302
2189 2.00130480924 2.00130480924
224 4.00376662643 4.00963995261
223 5.91832843747 5.91832843747
222 1.90576132098 2.44222247758
221 0.797358298587 0.797358298587
2212 1.78226401023 1.85273544843
2211 0.855361533251 1.13402957413
2210 1.40753033341 1.56051632375
2217 3.18525298603 3.18525298603
2216 2.2845515316 3.92499604004
2214 5.25316422626 5.25316422626
6699 0.722377652942 0.722377652942
7293 1.00021021524 1.09172167567
6697 1.11316262178 1.30785308828
6696 1.11789727612 1.23224247136
6694 0.921527721153 0.921527721153
151 0.809750555157 0.809750555157
155 1.55982392049 1.55982392049
156 3.33389007923 5.02024135315
2433 0.935855347573 0.935855347573
2431 3.11511951679 3.25543564288
2430 2.1986115734 2.1986115734
2437 4.33065901045 4.42112346313
2434 2.03634575053 2.22994377229
6340 3.47027666219 3.47027666219
6343 1.96116653747 2.30839293352
6344 4.47523126439 4.47523386217
6346 1.23953884604 1.23953884604
6349 0.904775144566 0.904901174681
4510 1.55043703398 2.14981183989
6809 2.18053644948 2.18053644948
4514 1.00598505652 1.14484372266
4515 3.53610885608 3.53610885608
6186 1.78521217439 1.78521217439
6183 1.43261461412 1.60201096199
6182 2.63440859799 2.63440859799
2508 3.82661791833 3.93767921905
2507 2.1519745851 2.92815028886
2506 2.82624570568 2.86845219438
2505 3.31456164232 3.35614682905
2503 1.2747818722 1.2747818722
5289 2.24953697492 2.24953697492
5288 1.67288172004 1.67288172004
2721 1.8451115417 2.39751052753
5280 2.51571329742 2.86384345552
5282 1.244765418 1.244765418
5287 3.07161473001 3.07161473001
7234 0.544047247833 0.645698817375
7235 6.4034317894 6.4034317894
7233 1.13431182088 1.13431182088
5047 4.14889304325 4.14889304325
5046 2.94289045674 2.94289045674
5045 9.53341848742 9.53341848742
1807 2.34882347522 2.38272882022
3783 1.58221734534 1.58221734534
1804 2.55921324019 3.46292388052
1802 2.04539668972 2.4553164805
3789 2.01202553174 2.01202553174
1809 5.51766323842 6.07701324222
1808 0.930087973668 0.930087973668
4994 2.07586406239 2.07586406239
6239 1.02018813882 1.02018813882
4993 2.2049131788 2.55358789607
4991 3.26886258692 3.26886258692
6234 2.44592638579 2.44592638579
6237 0.177779524069 0.180537116459
4999 0.0734254210234 0.0734254210234
1948 0.614459935442 0.614459935442
7301 2.37816586099 2.37816586099
7307 6.52873365977 6.52873365977
7304 4.54892480794 4.86098608835
7305 0.0314032373054 0.0314032373054
1943 1.00171790074 1.00171790074
1940 1.73727643212 1.73727643788
1941 1.42224422342 1.6749882608
1946 1.00619799185 1.10645488693
810 2.1863016822 2.78199405806
1252 3.33691374348 3.33691374348
812 0.992800214782 0.992800214782
814 0.531770634348 0.531770634348
817 3.63204285366 4.21316746663
2859 0.745097386983 0.745097386983
5183 1.55383103051 2.24182958677
2850 3.3175337011 3.84162325786
2852 1.99921979839 2.28044975029
2855 1.41475737692 1.41475737692
2857 6.54838200403 6.59191887949
2856 2.43631736595 2.43631736595
7045 6.39168266284 6.39168266284
1491 2.88185803203 2.88207841624
5463 2.95446655922 2.95446655922
5462 2.40233580839 2.49088210181
1494 2.71061656082 2.71061656082
3336 2.29666590455 2.97136820873
1496 2.24966108144 2.31127007041
7042 3.28936163001 3.28936163001
1499 4.841848542 4.86265731716
1702 0.745140657833 0.745140657833
7328 2.87877197173 3.66479834387
1705 1.3957455335 1.3957455335
427 1.8481475334 1.8481498113
4574 4.8316365999 4.8316365999
1129 2.49680729274 2.53305065749
1123 0.724670008771 0.724670008771
6983 4.01527809425 4.23737383157
6982 1.23299582023 1.23299582023
1126 0.160212650287 0.160212650287
6980 2.94409005173 3.02292493352
2982 2.63629444722 2.63629444722
2981 2.16714265018 2.96064562868
2987 0.309559606023 0.309559606023
3022 4.25488670356 4.25488670356
2985 1.9124657934 1.9124657934
524 1.50171475933 1.50171475933
520 1.70177037911 1.76565008659
521 5.49005790145 5.49005790145
523 2.61503062648 2.88180485965
1012 0.790152658484 0.790152658484
1013 0.50285220905 0.50285220905
1234 2.07127859648 2.55401423597
1235 5.887787001 5.90069281263
1237 0.877355990307 0.877355990307
1230 8.91520947512 8.91520947512
1231 0.271955041392 0.271955041392
304 2.3643751594 2.67379212125
4195 0.161681248179 0.161951002658
4192 0.999857165021 1.10897898278
1239 1.736284166 2.01518537251
5674 2.05010751638 2.6598262853
4355 5.24440902024 5.24440902024
4357 0.38155100282 0.38155100282
4353 2.98274167046 2.98274167046
6507 0.853512900711 0.853512900711
4900 0.259483418209 0.259483418209
437 3.98930951334 3.98930951334
435 0.183897460679 0.183897460679
433 1.94373743567 2.18452323517
431 4.72628048244 5.1567256637
7158 1.27444005758 1.27444005758
3808 6.14789316517 6.14789316517
3802 1.21606896889 1.30579330295
6437 0.514672635693 0.514672635693
6435 1.66761401926 1.66761401926
6432 3.68089614861 3.68089614861
6431 10.3662535969 10.3662938012
5707 1.24201881844 1.61337414628
5700 2.59709403167 3.02865728046
5702 8.08743012013 8.08743012013
6438 0.790990610977 0.991924099652
2868 3.71309864364 4.4107674302
2869 3.49301138787 3.49301138787
7553 1.0455531777 1.40037311801
7551 2.24424961631 2.24424961631
7550 1.64136652755 1.64136652755
7557 1.92253277008 1.92253277008
7578 0.507001216668 0.509217299244
4774 3.19727242519 3.38518439336
4770 6.26162167607 6.26162167607
4778 3.06129703022 3.06129703022
6421 0.110612925197 0.110613742498
4175 0.362247748701 0.362277165153
4172 2.14807163925 2.202068011
6752 0.15225470239 0.15225470239
6756 2.71905870542 3.77233225047
4179 3.11935774768 4.96152705078
6755 3.66912852425 3.66912852425
7171 5.0887405565 5.4904395092
5815 1.60339640475 1.60339640475
5816 1.67541913041 1.82285257713
4296 1.96661747409 2.44779155297
7173 4.40664133741 4.6041601927
5064 0.662207530189 0.662207530189
4619 0.565026272296 0.824601212174
234 3.38639030847 3.92916055565
4610 0.334861972789 0.334861972789
236 3.12243881207 3.12243881207
4615 1.13163150738 1.13163150738
231 3.36207201031 3.36207201031
4617 1.89719313441 1.89719313441
233 4.81900049428 4.81900049428
7392 3.15257985546 3.15257985546
2223 0.364550207154 0.364550207154
5924 3.0402962858 3.0402962858
5925 1.46173083855 1.8955202934
4881 0.357749336245 0.357749336245
146 0.583806467941 0.583806467941
5356 0.134677711166 0.134677711166
5143 0.22540155489 0.22540155489
4501 1.2438660612 1.24387229732
4503 0.986385183751 0.986385183751
4502 0.491129039316 0.491129039316
4508 2.1703497488 2.1703497488
2089 1.40288557062 1.40288557062
2080 2.48728943809 2.62120948422
3403 2.58498389965 2.58498389965
2538 2.82824570952 2.97936438957
2539 0.233991931967 0.234187827454
2530 2.15522922381 2.51645740434
2537 0.55123333883 0.551376036141
2713 0.972665769859 1.38569387978
5453 9.30135965852 9.30135965852
2716 2.66627882692 3.29590546097
2714 2.16576184813 2.2612756676
2715 4.00107876554 5.99580525561
5078 1.58916849734 1.97724630393
7222 1.4219006128 1.58339087185
5456 2.27913404848 2.35901357381
7227 2.00292720699 2.00292720699
7226 2.59929314666 3.30300135851
5072 1.59413436855 1.59413436855
5457 1.57382860963 1.57382860963
5076 0.329993975176 0.329993975176
5077 1.91666887867 2.08643094604
1832 3.29394121966 3.33275016321
1833 1.04727690853 1.04732298918
1830 2.97148436477 3.00873131957
1831 3.07853338592 4.12904675494
1836 0.108990121541 0.108990121541
1837 3.50373271096 3.81578468856
1838 1.20423373859 1.20423373859
1839 1.20058237299 1.44913026864
2155 1.64324514454 1.84818802759
2156 2.82545369208 2.82545369208
2157 2.91281465948 2.91281465948
2402 7.94817799556 7.94817799556
2151 1.89048587153 2.07617471417
6240 0.867383694243 1.03547138186
4988 2.18866257405 2.18868685717
7446 0.391825384528 0.391825384528
2158 5.49718222113 5.67235474038
936 0.039565597262 0.039565597262
6246 0.86392709865 0.86392709865
2409 1.14482308941 1.62132027335
5381 4.78563000988 4.78563000988
5382 1.33139122465 1.61594966753
5383 2.48210594832 2.48210594832
5386 4.06871361354 4.06871361354
5387 0.0190312199142 0.0190358880005
5388 0.394512849703 0.394512849703
1691 4.38216266104 5.19319233619
1955 0.859428979542 0.859430029991
1957 1.97447581199 2.26107484402
1956 5.30204404718 5.30204404718
1959 3.12035551522 3.54172010972
3243 6.20630666163 6.20637801728
3242 5.49578337299 7.24118414793
3247 0.910360435642 0.911490540853
7310 1.62962256367 1.93423295066
3245 0.812721356235 1.08411709817
3244 3.78643007544 3.87394462796
826 0.498735000167 0.498735000167
821 1.52926715995 1.67602281094
820 0.979809668413 1.04075591458
1483 0.715865945062 0.715865945062
1482 1.51267427673 2.13593887519
1480 1.45545961641 1.48923999995
1487 1.86080806618 1.93989728093
1486 2.25280512759 2.25280512759
1485 2.03045840489 2.21652838247
7037 1.54399111338 1.54399111338
5496 1.75963921711 2.03636087337
3300 0.849975271081 1.26669531163
5493 2.00005248197 2.356294538
796 1.23706834946 1.23706834946
795 1.54163476546 1.54163476546
5251 2.9084336993 3.58384271815
5256 1.00184487322 1.23630224916
5257 1.79357875071 1.79357875071
5254 3.60207550731 4.6469269722
1719 0.582668396907 0.582668396907
1718 1.39788112416 1.8911078838
613 0.371961073849 0.371961073849
2414 1.99421270559 1.99421270559
1139 1.79109403788 1.79109403788
1273 5.89604362937 6.04787514849
1995 1.00561270216 1.38103612412
1275 0.0732584745146 0.0732584745146
5940 1.8284093259 1.8284093259
3011 1.80984961542 2.1131773737
3016 3.0532440237 3.0532440237
7141 2.91454356311 2.91454356311
3014 1.43474836206 1.43474836206
7143 0.685634588526 0.685634588526
926 3.14551528256 3.14551528256
1007 0.513506512517 0.566790414362
1005 2.30271519049 2.59529853213
512 6.81621029161 6.81621029161
515 1.11388207953 1.26449192859
517 1.96446724991 2.59526424816
516 0.317428444726 0.317447278385
1226 1.49433190048 1.51476112704
621 0.632387239027 0.632387239027
1223 0.579566726967 0.579566726967
626 5.22868281502 5.45928771363
1221 3.1526159406 3.1526159406
4182 0.054734008435 0.054734008435
4184 2.86585167001 2.86585167001
4186 1.56629359246 1.56629359246
5662 1.69268286998 1.99155920202
6533 1.33797267875 1.73494504121
4349 1.00349865344 1.02526533399
7562 5.46923725838 6.22981192052
5669 0.498745906415 0.549211054096
4341 0.99617489679 1.18867178026
2883 5.62385087297 5.62389694022
7498 1.40846324874 1.48144223666
2887 2.99825811198 2.99825811198
2884 0.709405626257 0.709405626257
7493 3.1741828367 3.84482671262
7490 4.8687959818 4.8687959818
7491 2.50131002617 2.54750512575
7497 2.64962469025 2.64962469025
7494 2.05254909566 2.11632411125
3878 4.30347478036 5.48686244306
3879 2.03705977465 2.0805367175
3874 2.28558329352 2.33988890858
3876 6.41739747154 6.41739747154
6403 1.50000227026 1.50000227026
6400 3.30923342784 3.825382432
15 1.83672952224 2.19567700941
14 2.39695665598 2.39695665598
6404 3.34772085349 3.34795924867
1921 2.44201318463 3.23779121404
19 2.47228383397 2.47319654461
7568 1.59337230602 1.8234636622
7561 0.145205425899 0.145402696073
7374 1.78009770742 1.78009770742
3907 0.465936969509 0.465936969509
3902 4.43751328891 4.43751328891
4761 3.04154084215 3.36758153978
4760 1.64576409699 1.9042225997
4763 0.231880654551 0.231880654551
4764 5.45789984775 5.45789984775
6748 1.99146562377 2.85971158172
4167 7.00844952908 7.00844952908
4162 1.42010586627 1.49718896736
4161 1.47825258405 1.88068793969
205 2.52307771408 2.73152138065
204 2.31966395903 2.75955928003
209 3.82071046369 3.82071046369
830 2.99972632597 2.99972632597
7181 0.316078456283 0.317556879867
2233 5.10923124306 5.10923124306
2232 1.19025976576 1.19025976576
5937 8.35770012639 8.3577207236
5936 0.726995750658 0.840186732916
5934 4.710048207 5.00255700439
5933 3.68045618666 4.22694525624
5932 1.50286233924 2.05625391269
5931 1.86837295161 2.19683106533
5938 3.80144035547 3.80144035547
7140 1.76131957983 1.76131957983
3499 1.30140044959 1.49720218372
3495 2.27005336836 2.27005336836
3491 0.507826546831 0.507826546831
4570 2.48745434924 3.1174185276
4572 5.87226507884 6.06090530803
2096 2.85553056571 3.38869207422
2091 2.5477300949 2.59207001532
5096 7.91961711194 7.91961711194
4576 0.993934591251 0.993934591251
2092 2.17847717772 2.50987170536
3657 4.75131304219 6.1587505661
4604 4.75957112655 4.75957112655
2525 0.597031987887 0.597031987887
2524 0.670224610862 0.670224610862
2527 9.09444835788 9.09723700428
4602 2.98858234419 3.58768426692
6902 3.77659608501 5.08764887607
5065 0.792259031016 0.889761406352
4889 2.62617413528 2.62617413528
5067 1.43621921997 1.64026262613
5066 0.942801857654 1.06782483238
5061 0.180565793992 0.180565793992
2708 1.13141906885 1.13141906885
7262 1.79869829961 2.19059898953
5062 0.598454849913 0.598454849913
2704 1.28878424408 1.28879376414
5069 3.67331488771 4.00290450262
4885 0.639680930342 0.639680930342
2702 0.834497524646 0.834497524646
4193 1.71849703471 1.90551974114
1828 0.762070838329 0.762070838329
1825 1.63232729589 1.63232729589
7453 2.23065969903 2.90807440623
928 1.57661263907 1.63567014013
2146 3.65377679839 3.77212496491
7072 3.17034712956 3.17034712956
2142 2.2909438289 2.52513934588
2140 1.12929151756 1.12929151756
921 1.52299149056 1.52299149056
4498 1.39211943222 1.46788975175
924 2.00418376972 2.13956025648
4971 0.101402198824 0.101402198824
2149 3.26619101147 3.26619101147
5745 1.07940169783 1.08750064133
5392 0.00780143476107 0.00780143476107
5395 3.8583501131 3.8583501131
3276 1.01606363729 1.01606363729
3277 1.28163113735 1.28163113735
1924 0.684893862513 0.684934313995
1926 0.621278910937 0.621278910937
5749 1.53142809172 1.5315050787
3278 1.49071365053 1.63080131994
7369 1.51679875333 1.51679875333
3476 0.81143392915 0.81143392915
831 3.47182793865 3.47182793865
837 1.0836793684 1.0836793684
7361 2.46999047516 2.52397588226
3478 1.56284643804 1.77567815451
5586 3.47642548555 3.47642548555
3332 0.164840464002 0.164840464002
3318 0.0843866134814 0.0843866134814
6571 6.02380765554 6.12319014693
5488 0.910547554033 1.10079528282
5484 2.13377566629 2.61568379776
5483 0.998233279147 0.998233279147
5482 1.87115971343 2.21488282543
5481 1.79366417875 2.04566300841
5480 5.19395670848 5.19395670848
785 0.67224639413 0.67224639413
786 2.94546196668 2.94546196668
7450 2.52891999433 2.52891999433
1728 3.24915319159 3.24915319159
783 0.501418413661 0.501418413661
6591 3.49229295236 3.49229295236
1727 1.58197606778 1.58197606778
5246 1.57616626279 1.6547195913
1722 1.73831885751 2.65160960187
789 5.40522040025 5.40522040025
1720 4.31438860574 4.31438860574
5242 1.9981070623 1.9981070623
7594 1.19830826782 1.19830826782
61 3.49350242482 3.57850596057
3006 1.4916417842 1.4916417842
3000 2.12764693918 2.44875405188
66 1.87455330411 1.87455330411
68 1.9198188632 2.13991862555
69 1.22113422302 1.97547943496
3008 1.00945874962 1.00945874962
7159 1.11687968442 1.44132266391
1370 4.98199877677 4.98199877677
7153 0.789516285708 0.789516285708
7152 2.1833786124 2.1833786124
1584 0.50531060113 0.50531060113
1585 1.01909935216 1.3104708753
6826 0.989078660488 1.07785860532
509 3.90442513018 4.0417416865
1032 1.63110995121 1.63110995121
505 1.3491780552 1.3491780552
502 4.16043396936 4.49807952997
1037 1.90323071114 1.90323071114
1212 0.761330512002 0.761330512002
1210 2.9842973321 3.01714619396
633 2.08201360448 2.08201360448
1216 1.41442198397 1.61174178586
635 1.97415935099 1.97415935099
638 3.65950095786 3.65950095786
1218 1.12093694969 1.12093694969
1219 2.19901457852 2.86945525974
6521 2.06997370944 2.4598579046
7484 2.45817660239 2.87854129793
7487 3.82728636022 3.82728636022
4379 2.55257174694 2.55257174694
7483 1.18621767756 1.18622237865
5659 1.99389038041 2.80014619356
5655 1.07211292738 1.07212210494
5652 0.87667681052 0.87667681052
4377 5.41330436595 5.41330650423
2899 3.48325175599 5.33056270574
2895 0.572952508026 0.767008366999
2891 9.15371928731 9.15371928731
2890 3.4829358267 3.7923420286
1106 1.75331416051 2.32570930749
1455 4.71423382651 5.29063829033
1102 3.49894717886 4.94730193398
1103 1.34784485383 1.34784485383
1453 0.740217507145 0.826565510457
1458 2.03773057218 2.64632698883
1899 2.76130372436 4.07138972006
4082 1.42395029897 2.25027186585
3868 1.68593935403 1.96771461078
4088 3.612700759 3.612700759
5241 1.49579405891 1.49579405891
3738 1.22450410196 1.34512571903
3866 0.0749025703052 0.0749025703052
3864 10.9331121896 10.9331121896
7073 8.46984680508 8.46984680508
3735 3.8954188911 3.8954188911
5729 2.71164658374 4.07873194222
6419 0.900709400867 1.19975706864
6418 0.740613109139 0.853989563397
6415 1.94780382353 2.38243107226
5723 2.27481296839 2.27481296839
5720 2.18395189387 2.39270292656
5721 2.78930795191 3.25999886359
6411 4.43157028803 5.30497389114
5727 6.62643277647 6.62643277647
5724 1.7296873692 2.12557129571
5725 0.335693318261 0.335693318261
3913 1.49977604766 3.60644888926
3912 1.69081811574 1.75039703855
3918 1.682456233 1.98190653894
6732 2.49754394341 2.49754394341
6734 0.657652379361 0.657652379361
6736 2.6529441927 3.70110722406
6737 2.61479472858 3.4551188894
6738 3.49957781795 3.49957781795
4796 1.66298409737 1.66298409737
4790 1.66135542362 1.80537378746
5836 3.08358404761 3.08358404761
4153 1.88793682641 1.88793682641
5834 3.65432586405 3.65432586405
5835 2.51615625089 2.58002248024
4154 1.25644636048 1.25644636048
5831 0.00505257844569 0.00527480021811
4159 4.49753822835 6.21746803346
4698 4.28209637846 6.34505915072
219 2.75742232721 2.87817344698
7464 0.549998811609 0.549998811609
6087 2.49088200996 2.49088200996
6084 3.16029375713 3.16029375713
6083 2.72942319813 2.72942319813
6644 1.13110077218 1.32009638556
6640 3.47848250678 3.71110467675
6642 1.75653945702 1.75653945702
5902 2.67543649259 2.67543649259
5904 1.2807763768 1.2807763768
5909 2.8115700752 2.8115700752
6497 0.229826559344 0.229830746173
3488 4.48357093689 5.1888774084
3481 5.64112433531 5.87487619321
3480 7.57982444179 7.57982444179
3482 3.40863859382 3.40863859382
3487 4.66628725674 5.01934667993
3486 4.3858144407 4.3858144407
4566 2.50544429307 2.50544429307
4565 1.0518310215 1.15914781783
4569 2.13665649469 2.18006415306
7080 2.82135952092 3.38853172783
2551 2.5149458208 3.8342024654
2552 7.57426547134 7.57426547134
2554 1.52964526712 1.79746131868
2555 1.49811612639 1.49811612639
6396 1.06375459314 1.06375459314
6397 5.45648876969 5.45648876969
2397 9.9886095508 9.9886095508
2394 1.13132462957 1.57580753971
63 2.37456811464 2.37456811464
5013 2.3833419436 2.3833419436
5014 4.9202018401 4.9202018401
2771 1.85243013659 2.78234612774
2772 1.74585911293 2.30174904965
4897 1.50009356576 1.58216872799
2775 1.74169529715 1.79590759893
2777 1.49911362096 1.55403105299
1859 0.499884693447 0.668809491194
6260 4.79671748941 4.79671748941
4418 1.99657707379 2.85899177955
4417 5.00241748208 5.00241748208
4416 4.50170597355 4.50170597355
1852 4.42620849815 4.42620849815
1853 0.741370532418 0.836584365516
1855 0.468672055462 0.468672055462
6269 3.33601850563 4.03545612247
5168 1.41214982229 1.41214982229
2171 0.74849615701 0.74849615701
2176 3.06167566897 3.06167566897
918 0.680743611637 0.680743611637
6063 0.48389472199 0.609850056266
4967 2.51560008806 4.24591590117
914 5.64000819693 5.64000819693
917 2.27414657039 2.27414657039
2179 1.2372887406 1.2372887406
912 1.47936756636 1.7373470745
2603 1.55780918529 1.55780918529
2609 2.59002903744 2.59002903744
1930 7.07643948192 7.07643948192
1937 5.61317292098 5.61317292098
3269 1.50329106054 1.52927335798
1939 3.20589428395 3.20589428395
5127 2.05505397683 2.19727370787
5121 2.02332435691 2.64013920719
845 1.96870122054 1.96870566234
3464 1.53539270381 1.53539270381
3463 2.40327628575 2.40330442434
842 1.84171862901 2.08245727994
7091 3.21757134094 3.21757134094
7375 0.569446751088 0.569446751088
848 1.84230107662 2.18334296546
7012 1.02439792513 1.20883020612
7013 3.90528511079 3.9052944524
7011 0.91219007234 0.91219007234
1731 0.305809454825 0.305809454825
1732 1.9610384117 2.47317263753
5234 2.35643229451 2.35643229451
1806 5.3749685269 5.47281054844
758 2.95625183351 3.31106266092
7088 1.06247996022 1.06247996022
1595 0.724720814005 0.724720814005
6887 0.713385718174 0.713460200898
1597 4.99756761161 5.25436388909
3074 1.92680646103 2.54859459122
3075 2.11076217888 2.30013573087
1592 1.21231327404 1.32862726697
3078 0.279473725142 0.279473725142
3079 2.55202373334 3.38239254603
1599 3.93587023603 4.17475614952
1598 3.26478986272 3.26478986272
6889 2.00484664903 2.08982650296
5344 1.66948070883 1.74061293283
5345 0.37393055538 0.37393055538
7168 2.03277233462 3.07342631487
1021 2.55384651116 2.55384651116
1023 4.53357019104 4.53357019104
7163 0.998285421917 0.998300125875
7166 1.73025089751 1.86983297646
7164 1.5759624812 1.5759624812
7165 5.55353665983 5.55353665983
604 3.14774241938 3.14774241938
4367 2.41781953382 2.70619684661
4361 4.19113004245 4.19113004245
4363 6.95749026865 7.73446794934
4362 2.61079159918 2.61079159918
1203 3.93273331824 3.93273331824
5649 2.91678699737 3.60231691988
1211 2.08953277188 2.08953277188
5641 2.02872644057 2.02872644057
6041 1.16234657965 1.37555144767
5642 1.83565016752 2.18304989061
5646 0.414700936895 0.414700936895
6335 0.740607334674 0.740607334674
3105 2.92332013937 2.92332013937
3107 5.22590822165 5.22590849041
3102 1.25010612684 2.01244361318
3103 0.150205315079 0.150205315079
1112 2.60220729361 2.60220729361
1443 5.98249582273 7.48091135276
1114 6.23117254804 6.23117254804
1116 2.29434565723 2.29434565723
4093 6.770941464 7.16696090319
4091 4.82974016737 5.61282204878
6332 9.1748645565 9.1748645565
5737 1.81757999913 1.84641717189
5736 0.752981588472 0.752981588472
489 2.58034854302 2.6280620805
488 2.15732348364 2.15732348364
487 0.466441683272 0.466441683272
485 1.99971419086 2.79565995498
4587 2.70865792523 2.70865792523
480 4.83997002588 4.83997002588
7585 2.92985894447 2.92985894447
6463 1.07798336938 1.18559974894
7580 4.91822914339 6.06448480557
4725 2.86551145406 2.86551145406
4851 1.4690418265 1.54133817651
5300 4.01311527941 5.29890994105
3926 1.09385950821 1.09385950821
3927 2.09169831266 2.68908415715
3924 2.26509439372 2.26509439372
6526 0.252470763212 0.252470763212
6722 0.999215968954 0.999215968954
4782 0.261772384549 0.261772384549
4781 2.8448601268 4.82983950439
4149 5.98022328176 5.98022328176
5827 1.18537542763 1.5518704134
5826 2.49890538307 2.91511705314
4144 2.29949066133 2.29949066133
4141 4.91068906703 5.5130287713
4143 1.21571265953 1.21571265953
3857 4.30235417365 5.37376491925
3855 1.34964947082 1.34964947082
3852 1.29116533976 1.29119264061
3859 3.86368518005 3.86368518005
6099 1.44169238602 1.73164800647
6098 0.247459833772 0.247459833772
6091 3.76449343852 3.88291073626
6094 1.35473370323 1.35473370323
6917 5.16265547438 5.31902904001
6657 6.83524171885 6.83524171885
6655 1.99188062965 2.01604886004
6048 1.42333151099 1.42333151099
6651 2.05799908043 2.05930397617
5915 1.88540772518 2.18583140436
5911 5.07577298092 5.69419733107
4820 2.46735402134 2.75703647919
199 0.882630973535 0.882630973535
195 2.59905951753 2.59905951753
196 6.04770295242 6.04804279052
190 0.913719344676 0.913719344676
6384 3.21543567535 4.20506896924
6387 2.39005435656 2.69373992446
3679 5.95691494209 6.2090394615
4558 1.53465513083 2.20792782092
3676 1.98325644443 2.61309217276
4553 2.49730258937 2.7807493202
4550 4.16312151922 4.46182860751
2541 1.06071374999 1.16699320023
2546 1.11868716729 1.11868716729
2380 1.96410306916 1.96410306916
2383 2.54854097211 2.54854097211
2386 1.28282971621 1.60529248139
3580 0.617973129466 0.751600396273
3583 3.81092998083 5.17798182718
3585 2.91398204404 2.91398204404
3587 3.58574659864 3.71104227301
2761 2.24317799246 2.63405289736
2767 1.73248089063 1.73248089063
2765 2.05433917306 3.05901103763
2764 2.08283970515 2.2350057649
6913 3.31036373705 3.31036373705
902 1.24940912077 1.24940912077
1849 1.72767479422 2.85774433266
6277 0.46501550897 0.481501097985
6276 5.99963029494 7.84524979669
1843 3.55155605309 3.55155605309
4423 1.94280218188 3.07179341672
4420 0.949066812229 1.06188012172
1847 3.80161541829 3.80161541829
6077 1.99318281716 2.79788788895
2168 1.0795913008 1.0795913008
6071 1.66356872208 2.24882327263
6070 6.10009272901 6.10009272901
4951 9.05508380598 9.05508380598
4956 1.30487565381 1.60340751577
2160 1.37377215229 1.37377215229
7309 0.18750572353 0.18750572353
2613 2.60702570388 2.60702577392
7095 0.778804256919 0.778804256919
2618 0.507481231659 0.508546702577
7347 3.10591230368 3.10591230368
7345 7.00171597569 7.00171597569
3298 0.51874629949 0.612301763619
5138 1.49309901114 1.49309901114
3294 0.0848787893112 0.0849659292385
1907 4.84912657189 5.83956362775
3296 4.30679422072 4.55846733253
3297 4.63301166738 4.71876227591
3290 0.376231466973 0.531398367698
5132 1.56564554317 2.56637201313
5131 5.92658869839 5.92658869839
1901 2.06608031654 2.56052943244
3452 1.69690664764 2.4256954082
3450 2.29094138864 2.5193007886
3456 2.67045277241 2.67045277241
851 2.04991903095 2.93392103864
3455 1.05102460495 1.05102460495
3863 1.48764937188 1.48764937188
6 0.852426863652 0.980788639689
7001 1.44775267786 1.77349690473
7005 0.515328679648 0.515328679648
7006 2.12331517375 2.53006777411
5229 1.6741003684 2.08614337667
5228 3.60499890412 3.93173623948
5223 2.85331256672 3.34539570593
5224 1.05020777448 1.05020777448
743 4.34506296021 4.34506296021
744 0.979839432528 0.979839432528
745 1.22887544871 1.535235207
746 3.2778765656 3.2778765656
747 5.29461306343 5.29461306343
748 11.0225924282 11.0225924282
3062 1.89086834935 1.89086834935
7177 0.580050499092 0.768596886407
7176 4.50148036172 6.18639713128
6895 1.54989120019 2.37929543914
3065 5.33828294173 5.33828294173
3064 2.22608297081 3.00220542721
2947 4.54720940689 4.54720940689
3069 1.68950859699 1.68950859699
3068 0.996837048807 1.18795298689
7178 3.16149636343 3.3979144017
2941 3.45754676212 3.57535512027
1051 2.64891573577 2.79370190915
1053 3.41308541111 3.73687249125
1056 1.76665011788 2.16794274236
1057 3.46659930959 3.46659930959
1693 3.09876542397 3.09876542397
2919 1.00688712522 1.09172556235
1699 5.22756761783 5.22756761783
4311 1.69728505252 1.69728505252
618 3.41888054851 3.41888054851
4315 5.77469882668 5.91343149363
4317 2.19044889506 2.19044889506
1797 0.946247195126 1.14538235015
611 2.2623036215 3.02273109298
617 3.26924764821 4.11593027273
7574 0.116541393636 0.125294266765
3118 1.42585396108 1.42585396108
3116 2.92273508302 3.08945703989
3115 1.80264810438 1.9198128699
3110 1.86749505189 2.26632745928
7579 0.871961449106 0.871961449106
1470 2.8795352219 3.16287495831
1474 4.51687134136 4.55648155475
1475 8.14461738356 8.14461738356
7041 3.28309662886 3.28309662886
6143 0.514025690719 0.514025690719
1479 6.54173952182 6.5888836421
5464 1.11556914707 1.11556914707
1301 0.662359022342 0.662359022342
7129 2.24526952548 2.42989427126
1308 2.55622013167 3.58750121542
6410 1.80291082798 1.86743333817
5740 5.76837848047 5.76837848047
4229 1.00528526037 1.00528526037
3597 0.976632984326 0.976632984326
496 0.0893595939269 0.0893595939269
4227 5.98056023893 6.2906492277
490 4.8055909222 4.80569216395
4221 1.42606950439 1.64334015832
493 3.24544326353 3.4921685497
24 5.47460530107 5.57202627606
25 1.46117324535 1.5370805068
5584 1.51869179553 2.27093860474
22 3.19862893261 3.47106640771
23 3.41591441162 3.41591441162
7595 0.999422975641 1.25240319667
6470 2.5178623298 3.48096151183
6476 7.56396146709 7.56396146709
7591 0.732289517357 0.867277722609
5589 2.77796400225 2.77796400225
3938 7.34816852544 7.34816852544
3936 2.77490626802 2.80637387971
5265 1.72515528339 1.72515528339
6718 1.36068310009 1.36068310009
6716 4.39802660529 5.05590438865
6717 2.19279641302 2.19279641302
6710 1.8720616094 1.8720616094
4138 3.74222734284 3.74222734284
4130 2.79657902128 2.82904727366
7474 1.41050767681 1.7251088281
5692 1.99572660466 2.56712166969
3840 1.30321931792 1.88915614132
3843 6.00940282005 6.0897932639
5691 3.37381437001 3.37381437001
5694 0.384402091874 0.384402091874
3849 1.54763362802 2.14846563614
1872 1.83347072017 1.83347072017
4046 1.87553095333 1.93393467026
4047 5.65054526034 6.23585083689
4048 7.0193695601 7.59446350624
5968 0.0504924348972 0.0504924348972
5969 1.28963839789 1.50740762641
5963 2.07584561183 2.07584561183
5964 1.47418474535 1.48124704625
2289 0.483963055114 0.483963055114
3667 1.20095680596 1.20095680596
3661 3.00396379599 4.00952357063
2280 2.68751462573 2.68751462573
2282 3.42794994407 3.42794994407
5433 5.50687105803 5.55057028647
2287 3.38609191102 4.69907775656
4543 6.61250198694 6.6691834375
4546 0.927384508827 0.927384508827
2579 0.0958379184186 0.0958379184186
2572 2.90950922253 3.19681522835
2570 2.54404909636 2.54404909636
4534 1.19931202251 1.49921822322
2378 4.68947447092 4.68947447092
4827 3.03842123534 3.402596192
2376 0.871069318726 1.04216560986
2370 1.86787300789 1.86787300789
2373 0.0309370854719 0.0309370854719
3592 1.34320618288 1.3458943785
2596 1.00529754799 1.00529754799
2590 1.23825530322 1.23825530322
3595 1.61094384645 2.43467793141
3594 2.0302183277 2.21118842874
5036 4.01889909951 4.0420326716
6280 2.49896106744 2.67011140998
5030 0.497222895066 0.497222895066
4531 2.58382508334 3.12701531753
4434 0.176007871879 0.176007871879
4437 1.72803656609 1.78330348139
1084 4.35634734292 4.35637461716
4431 2.33866142263 2.33866142263
4430 0.739475732643 0.739475732643
4433 1.54637835351 1.54645638385
6283 1.75545537023 1.82943219064
4438 8.42233487666 8.42233487666
1878 0.604521638473 0.604521638473
6595 2.8426613598 3.83682358845
970 1.45037986469 1.45037986469
5581 2.9822097061 2.9822097061
6287 1.51606711704 1.52050390895
4949 3.01241366359 3.0951066257
4948 1.63518822034 1.63518822034
6282 2.23067112014 2.93740634918
978 0.995214621565 1.07978073215
6043 2.25057869652 2.58779652377
6040 7.60275503291 7.61630217981
181 4.84093634143 4.84093634143
186 1.40921825834 2.18479048686
6044 0.273193538845 0.273193538845
6045 3.24829379881 3.78339013746
2112 1.6477034203 1.6477034203
189 1.76399599677 2.12805343001
2114 2.87084131025 3.13593925554
2115 0.951062608534 1.05769827403
2117 1.61629966093 1.61629966148
2627 3.54553094611 4.15270134623
2624 4.15303560145 4.15303560145
5837 6.27158348265 6.29081832147
7351 3.4262642472 5.4478596077
1918 1.81150738322 1.81150738322
7355 1.59213922888 1.59213922888
4924 2.61316129679 2.61316129679
7357 3.81669181404 3.81669181404
7356 4.18904905339 5.5781259848
3287 4.9922171481 5.85252184154
3286 2.48511209312 2.48511209312
3284 1.95250447243 2.07924404371
188 2.91195095537 2.91195095537
869 2.25558322484 2.44926104874
860 5.49004839995 7.35300813258
3440 3.29935082249 3.88861318352
3443 2.23672611676 2.23672611676
2027 2.69650006829 2.69650006829
2750 3.91853468946 3.91853468946
2023 2.36089919709 3.17386679553
2758 2.8108586567 2.97216391348
881 0.687760408911 0.687798231785
886 0.347671220647 0.349411738269
888 1.55699209681 1.64499968985
5217 2.18404684321 2.51369196178
5214 4.0219724771 4.0219724771
5210 1.8071003485 2.02393682038
5211 3.69262894764 3.71928669537
5218 2.52413577546 2.52414702051
5219 7.49971327536 7.49971327536
7504 5.00399220331 5.00480768915
5414 1.50315658705 1.97902573789
777 0.838355669979 1.12865253667
770 3.08783392502 3.31770011871
772 0.88691338763 0.88691338763
7503 1.0024756762 1.0024756762
779 4.48772954428 5.92582803919
7638 0.0493845897748 0.0493845897748
4675 3.45571424297 4.0393271726
76 1.49585563858 1.96402250743
2978 0.476070464827 0.476070464827
72 0.647468768928 0.647468768928
3058 6.04364326757 6.29044902479
2972 3.7508139054 3.7508139054
2973 4.61738778537 4.61738778537
3054 1.75116317154 1.75116317154
3052 1.1521322746 1.47116753321
2977 1.66137896215 2.10118996503
3050 9.10983801302 9.10983801302
2975 3.54030513151 3.54030513151
1042 1.5445793951 1.91574377562
1041 2.11473808625 2.34130493574
1040 0.823392603613 0.823392603613
1046 5.10750984395 6.52292772961
1049 2.52265780569 2.52265780569
1683 3.27798755041 3.27851490714
1685 4.59245252381 5.35779692281
1684 2.79083464956 3.04651651739
1687 2.63071672184 3.3016096904
4802 1.68360800154 1.75574531119
7354 3.00100455194 3.00100455194
4301 1.60143092053 1.69909668176
1268 1.8371670575 1.8371670575
1263 1.99861169459 2.20182893216
1261 3.08406686783 3.08406686783
4308 4.35030470562 4.35030470562
1267 1.38375530286 1.45471966148
1266 3.71194448698 4.50786821388
1264 3.74585314614 3.74585354128
7359 5.33062972931 5.33062972931
3021 1.00778175775 1.31581548995
5103 2.48430949984 2.52020686387
3128 0.907208959972 1.2247745548
3129 0.711820099234 0.857426847426
7619 0.920236538275 0.920236538275
3122 3.36596697033 3.36596697033
3121 0.994205298984 0.994205298984
3127 2.16995255498 2.16995255498
1914 2.55049832514 2.55049832514
1465 2.02304813658 2.18216681753
6065 3.48445397333 3.81561789883
1461 2.6608357058 2.6608357058
1313 2.0065218692 2.18886480055
1312 1.3972371397 1.71391171584
1310 5.95368468842 5.95368468842
1319 3.54257574411 3.54257574411
6914 3.75145898572 3.75145898572
6915 0.639914501548 0.639914501548
6444 2.05415605674 2.65620192791
5750 0.150319768661 0.150319768661
5757 1.58374112686 1.58374112686
6440 3.17788281873 3.60461542748
5754 0.427023403038 0.427023403038
4236 3.80628426534 3.80628426534
6919 4.21668225781 5.44185953209
6124 4.65415017305 4.65415017305
312 1.60487241225 1.60487241225
311 0.753625841465 0.753625841465
316 1.56140495828 1.76603097272
315 3.25906674543 3.25906674543
314 1.9781491574 1.9781491574
6701 1.00251186701 1.00251186701
6703 3.48592448947 3.48734331121
6702 0.918569507646 0.918569507646
6705 5.41978398004 5.41978398004
6704 3.98214671744 3.98214671744
6707 0.501833278752 0.670413984775
7435 2.42554001662 2.42554001662
7436 3.65590175979 4.35344614858
7437 3.15584966909 3.85961448842
7431 2.59069195823 3.49027844925
5685 0.759878263607 0.759878263607
5687 1.50281007647 1.77291067687
5681 1.70025113208 1.77642594207
5683 0.561010166381 0.581510812231
1330 1.77468116484 2.35945220389
6674 1.11183880305 1.11183880305
4704 1.84804730192 1.84804730192
6671 1.29914552887 1.29914552887
4054 2.33007565335 3.12890171493
4053 1.76628297506 1.76628297506
4052 3.5300220059 3.5300220059
4050 1.99889425593 2.23876484256
6218 0.82112662446 0.82112662446
5976 6.07727762276 6.13114739173
5974 0.889893814847 0.904491448764
2299 3.37072105314 3.95422798989
3613 3.61906146249 3.61906146249
3614 4.16349942047 5.21231971525
3615 0.340391034892 0.340391034892
3616 0.14968102093 0.14968102093
2292 3.20699909041 3.20802612841
6939 4.22582254161 4.25548126814
2561 2.10851570983 2.62838833234
2562 3.12301248596 3.95100443978
2566 4.66460767504 4.66460767504
2368 2.51000535005 2.73873621735
2367 6.0062513785 6.43761272503
2366 0.426173763741 0.426173763741
2364 1.3813540009 1.43639712629
2587 4.0600371101 4.06355896983
2586 2.95025709015 4.40522171447
2585 3.65018990964 4.499390335
2584 2.06910245263 2.51700969124
7294 2.51350526589 2.57091193755
7295 1.15420381501 1.15420381501
2580 4.35977918563 4.35977918563
5021 6.20880835129 6.24525200937
5024 2.49906296487 2.55099850497
5026 2.27874699516 2.48016541642
4441 2.45926706492 2.45968472282
4442 0.951008417649 0.954113054324
4443 3.24368168501 3.24368168501
4444 0.85724365214 1.01588835679
4445 8.57082467597 8.57082467597
1867 1.9998679633 2.01890358435
1866 0.428696614368 0.428696614368
4448 2.85531083987 2.85531083987
3721 3.48633464877 3.48633464877
3722 0.696658587633 0.696658587633
961 2.43200048668 2.87418691393
6299 2.19991078315 2.70336646958
963 0.494146887336 0.536888765829
6297 2.85839124622 2.98597858897
6293 1.4416774184 1.4416774184
4688 3.52574898216 4.00294572802
6290 2.11970829125 2.13316939531
2108 2.8731590905 3.56657093213
6059 1.843577134 1.843577134
2103 1.48156912481 1.95371731351
2102 1.16058869555 1.28018947429
2100 5.44127766995 6.39492848921
5575 2.28458294387 2.28458294387
2105 1.47646382809 1.47646382809
5117 0.613920238649 0.613920238649
5113 2.75862978133 3.99925892087
2634 4.33077693978 4.7248112192
2636 1.55508357059 1.55516300545
2631 2.8601828605 2.8601828605
2630 2.94637746846 2.94637746846
5571 3.00030499832 3.00030499832
5292 0.500150954121 0.661714112401
3438 0.908412151771 0.908412151771
3439 0.140490323064 0.140490323064
878 1.9491852093 1.9525425257
879 3.40002041488 3.40002041488
3431 6.16479900237 6.23702862423
872 0.743886018493 0.743886018493
873 0.375654512388 0.375654512388
4592 1.50396374386 2.11020618407
4593 2.37137346194 2.6674621839
2743 0.400851885041 0.400851885041
2033 1.23451098335 1.60199822486
2032 7.63431607564 7.63431607564
4595 1.22318490384 1.6041265996
9 2.27569145849 3.12418475569
4840 0.221710643807 0.221710643807
3097 3.22484758552 3.22484758552
890 0.0623010444528 0.0623010444528
5200 4.20014303222 4.20014303222
5203 3.79050564285 3.79050564285
5202 0.50207627424 0.509599781223
5204 1.23830871979 1.29612378648
7320 4.07005890454 4.90183480685
3545 1.33384869053 1.62966414812
3547 5.60620634474 5.60620634474
3543 1.57511299886 1.57511299886
7323 0.839949173611 0.839949173611
2965 0.184186718486 0.184297205328
2964 1.48822932201 1.82525373417
2966 0.617493543322 0.617493543322
2961 1.53389337329 1.9875821019
762 2.23376179857 2.23376179857
1781 4.18717533542 4.18717533542
767 1.99774040639 2.05300737981
1786 2.87122330709 2.87122330709
7113 3.63602500434 3.63608304389
7112 2.35904279906 2.35904279906
6878 1.83671151165 1.91726053823
7119 2.39987367134 2.81199276772
7118 1.40253369722 1.40253369722
3045 1.01746489048 1.14022205932
6872 5.44664776811 5.59977367166
3046 4.36353751652 4.36353751652
1079 4.03645740211 4.34246298881
1077 1.99615081995 1.9995065079
1074 2.14309994122 2.14309994122
1072 2.93950008879 2.93950008879
1073 1.44709668765 1.45277793868
1070 1.99653933804 2.36402881615
5372 4.97987671916 6.5737383249
7290 5.4766386187 6.63331459168
1678 2.7273122068 3.11326010752
1674 1.10259423726 1.65891077329
678 2.33685595334 2.33685595334
676 1.62851350815 2.19080593461
4333 1.80690384623 1.80690384623
4330 0.192879687754 0.192879687754
3131 4.85481629063 4.85481629063
3130 0.824997818076 0.824997818076
3139 3.17007203036 3.19944261357
3138 0.711854320809 0.711854320809
7608 1.93186697112 2.79290653775
7607 3.97446764117 4.00695793769
7604 4.14087196099 4.14087196099
7600 2.50546853931 2.61732756747
6018 2.55064197021 2.55064197021
1412 4.55489928593 4.55489928593
1413 5.99705798937 6.65250791669
1416 0.538345284933 0.538345284933
1327 2.82360371131 2.82360371131
1325 2.13026402112 2.35251530858
1328 3.02552573837 3.02552573837
6450 1.54817817465 2.05815024457
6455 3.45010168993 3.4831745766
6454 3.51737059223 4.32755760479
5768 4.49170687143 5.1354172138
6456 1.26025163714 1.70575395706
6458 4.68999134065 4.96155028119
4645 0.551312748431 0.597858018797
5762 0.0803380839378 0.0803380839378
4207 1.87084846705 1.92901832015
4636 4.55547181962 4.5614851936
5565 1.24080969253 1.47640041599
5562 0.981498066695 1.22729086065
1256 0.204324120645 0.204363135169
1526 3.82281311617 3.82281311617
1520 1.6739065551 1.67391037574
308 1.96122961875 2.46973571345
3953 2.03417148317 2.46902270623
303 1.56157066501 1.79786416315
3957 2.97565271766 2.97565271766
307 4.62505769505 5.3802862781
4113 4.01165705672 4.54804318763
7420 4.01548695111 5.51131110249
3340 4.17977026688 6.67771727223
5159 1.61850795024 1.61850795024
2475 2.63071941205 2.94191434702
6601 1.16247299145 1.16247299145
6602 2.17863245579 2.17863245579
6439 3.0572129309 3.10797601566
6606 1.24940449245 1.24940449245
7109 1.136417844 1.15317632336
6608 1.31729476379 1.31761842087
5946 0.0860844714773 0.0860844714773
5945 0.625210612819 0.748292959026
4064 3.83611607196 4.38745224362
5941 0.998294102501 1.32065415726
2976 2.34749777698 2.62109032833
4068 4.7737711135 4.7737711135
4069 7.88348990336 7.88348990336
5948 3.45755384424 3.52832689282
5949 1.83386097252 1.83386485882
5785 0.857442754432 0.98574598462
5786 1.85841505271 2.24610322025
5782 4.90096932051 4.90096932051
5019 5.00984486105 5.00984486105
3051 2.77861556389 4.29232388842
3601 2.91349356779 2.91349356779
3600 1.3882138933 1.3882138933
3607 4.41904537666 4.45751848677
3604 3.26707750104 3.26707750104
3608 1.5226603381 1.52266558111
5361 1.09128905658 1.09128905658
4894 3.73279354746 4.86778461229
5367 1.7664626388 1.83338340349
6115 3.49135110841 3.53578921623
6117 1.241869204 1.241869204
6112 4.40948702534 5.62502108055
2358 1.74568165608 2.12581876785
2353 2.37535807084 2.37535807084
5368 1.47730745176 1.7246576103
2355 3.14831096534 3.48061722342
4450 5.37119626057 5.37119626057
4456 2.53979593665 3.08281798653
4455 8.11696599804 8.11696599804
4454 1.51974977553 1.51974977553
3736 2.83344909943 4.9079254773
4459 1.58256279487 1.58256279487
3733 5.47859322013 6.14249937533
476 1.07791690737 1.53145659414
3730 3.56339453182 3.87151285798
4922 4.06397671642 4.06397671642
4920 1.94168965707 2.42845855606
4695 3.24499756458 3.57716501862
4697 8.95452191867 8.95452191867
2131 2.98368360691 2.99005995774
950 2.28880521134 2.61616389109
4929 4.40963400465 4.96529545697
954 0.00698328136525 0.00698328136525
6022 1.54480857336 1.54480857336
6026 1.31500442043 1.67084613498
2649 2.50235901117 2.50235901117
5167 1.6162288205 1.992440331
2640 1.7608446199 1.7608446199
2645 2.47004606426 2.60078243046
2647 10.802556883 10.8026539209
3429 2.34277049212 2.7841710574
3423 1.40546407468 1.64910890159
3422 1.80730362343 1.80730362343
3421 1.18168044644 1.21899294438
3427 2.60214033654 2.60214033654
3426 2.36939480979 2.62015162323
3424 1.76257664966 1.76257664966
1850 0.141758566715 0.141758566715
2000 3.67695983891 3.71085686144
6337 1.62373846228 1.64905266269
2007 1.08204877506 1.18821556502
4859 6.00732442059 6.00732442059
2005 1.58029329212 1.9298292187
2008 0.789127959231 0.789127959231
4415 2.03155316669 2.50351530243
4583 5.27962866082 5.5078808933
4582 1.98831104596 2.15581603253
1269 3.25094911958 3.28836440176
3554 0.495276729455 0.502513532182
3550 3.81974395756 3.81974395756
6966 2.18493492736 2.18493492736
3558 2.58121636553 3.25823181002
6061 1.99279574177 2.33953761454
2911 0.868160600027 1.15464200685
1799 1.23109760813 1.23109760813
2913 1.25442188243 1.60919370162
1793 2.00894000103 2.16982407471
1792 2.43838687914 3.0912992802
715 0.720413260284 0.720413260284
714 3.27554473407 3.44746981584
713 1.24676269856 1.24676269856
712 3.91589949836 3.91589949836
4966 1.06266840782 1.35113996399
7127 2.98897113617 3.35967865433
6840 0.864180806673 0.864180806673
7125 1.97938704087 2.04678421695
7123 1.05083478211 1.05083478211
6844 1.99821222634 2.09330752848
7121 1.22186755589 1.52142861493
1069 1.05729190856 1.33687888097
1068 8.99730627262 8.99730627262
4964 2.10125283325 3.03177854815
1061 6.5799154703 6.5799154703
5301 2.16535598134 2.16535598134
1668 0.425110383038 0.425110383038
1665 3.52688463955 3.52688463955
4960 1.70133178535 1.70133178535
1662 2.64266586773 3.63666220801
591 2.36795315691 2.40992129388
590 2.28259754462 2.7443488742
592 9.18202625822 9.18202625822
594 2.49418224937 2.91305081277
6596 0.0614505458084 0.0614505458084
599 4.99546676227 4.99546856918
4323 3.55853459902 3.84820417186
4325 1.46933298232 1.46933298232
1088 7.67610759769 8.21049490061
3140 3.4425279893 3.4425279893
2821 0.73464299145 0.901579827501
3386 1.55065822913 1.55065822913
3384 1.28741200104 1.28741200104
3385 4.88622708918 5.56815273829
5412 3.19218599248 3.19218599248
3381 0.622993065106 0.622993065106
7632 1.85382731669 1.99229546797
3389 4.23332464173 5.7322535972
1408 2.5357754972 2.53580106149
1406 0.24083487487 0.24083487487
5792 0.513881283731 0.652958408177
1339 4.54690852831 4.54690852831
4210 0.843345902677 0.952409992563
4212 1.5518433577 1.87668726049
1337 2.99390527654 2.99390527654
5790 7.66948960742 7.66948960742
4219 4.48914276873 6.23602513609
446 3.98075047851 5.66285735345
445 0.506810479195 0.516348006511
691 2.54564926311 3.23830179629
5772 3.40968367861 4.24094539089
7515 0.0880636112939 0.0880636112939
5578 1.35813030006 1.65364318018
32 0.769745924686 0.769745924686
31 2.17991402768 2.17991402768
5573 5.44897849976 5.56824493307
35 3.38043572244 4.18991569301
3092 2.29754163113 3.39846221983
3093 3.61914207932 3.61914207932
643 6.83340584405 6.83340584405
1244 1.45911424257 1.45911424257
1531 6.0769066729 6.48767141063
1530 1.64782662477 1.93855768007
649 3.29182051047 3.32977536286
3098 0.707563704353 0.707563704353
3099 3.38761426421 3.40357349951
1539 3.48496472481 3.51831384824
338 0.748653423745 0.748653423745
335 2.77400147799 2.83568580356
334 2.94004880054 3.61798632675
337 0.00811773822293 0.00811773822293
331 2.52127856517 2.95325501286
333 1.64046997624 1.64046997624
7611 2.11427810429 2.12775112817
5124 4.88991475589 4.88991475589
4105 0.56821716391 0.56821716391
4106 1.72179274864 2.07052785679
7412 2.09550216352 2.09550216352
7413 4.05234383394 4.05234383394
7410 0.594784773192 0.594784773192
7411 4.49555713303 4.5574135275
7414 1.83491208102 1.83491224066
3897 1.12262785645 1.12301108095
3895 1.75862329813 2.09493542415
7379 5.5766457448 5.5766457448
6611 1.07520848434 1.07520848434
6615 0.768603664692 0.927964849169
6614 3.19188926027 3.19188926027
6619 3.00164510712 3.00164510712
4078 4.13228120282 4.13228120282
5957 1.48281164417 1.71032850488
5956 4.79224053447 5.89246979222
4075 5.37318218771 5.50956126013
4070 2.80822527838 3.74570364565
4073 1.10640496883 1.10640496883
5797 2.70969663309 2.70969663309
3967 4.50160190013 4.9627225264
3965 2.46385614441 2.46385614441
3962 1.51682947574 1.51682947574
3963 2.41866351533 2.41866351533
3961 0.809048846687 1.04322649228
7278 3.72574778994 3.79910765571
5799 2.82181108517 3.39411468962
3636 2.53408549044 2.92418307516
3637 9.5085678202 9.5085678202
3632 0.900614378584 1.18126944919
3630 1.03624950344 1.03624950344
4611 3.10668998614 3.10669263131
3468 1.43963400687 1.68023808951
4613 1.35779346178 1.42194489269
2345 1.84004926617 1.84004926617
2346 0.261746923688 0.488238226208
2342 5.97486786816 5.97486786816
6107 4.56420301361 5.0431347241
6103 1.10717375369 1.10717375369
6102 0.757402655895 0.757402655895
4616 6.20005609541 6.20007310768
3709 1.77277761748 2.47844833332
1888 1.78615526736 1.81533308369
3700 1.44648646198 1.44648646198
4465 3.2730762466 3.2730762466
4462 0.634021838523 0.634021838523
1880 4.37199533313 4.39788366337
2127 6.23925332297 6.24480113102
2129 4.34499577346 4.77985824174
4665 6.00530376685 6.67371988819
4660 2.78156645406 3.71434780538
943 2.08495299828 2.52838683301
4910 4.13430585055 6.59182401908
4663 1.66475270398 1.66475270398
6038 2.0400023783 2.0400023783
6035 3.01509297905 3.01509297905
2653 1.64101312527 1.64101312527
2651 1.87589126027 1.87589126027
6441 0.0923836434252 0.0923836434252
2654 2.49680798216 2.64300649809
3414 0.59591699502 0.59591699502
7389 6.32337187978 6.64413335113
3412 5.33917421839 6.26934915941
136 2.11220298382 2.12172752804
3410 1.01973160886 1.04110865758
134 0.358090445102 0.472460276874
7382 3.95511600986 5.3383995803
7387 1.74695404489 2.0621143887
3418 0.089698347971 0.089698347971
7385 6.70406555208 8.2945343875
6326 0.576916713066 0.576916713066
6325 1.4211388388 1.53201949997
2018 0.00273599239668 0.00273599239668
6321 1.08969593879 1.08969593879
4863 3.07816398405 3.33042663626
2017 7.57609162139 7.57609162139
4861 3.75760066356 3.94620905544
2011 3.72297933581 5.22352398014
6839 2.27854164748 2.97065050497
6329 4.69574445002 4.69574445002
6328 0.774178255926 1.09728932254
7443 1.88862694368 1.88862694368
7444 1.95982190412 2.29269559896
7254 1.46050873185 1.46050873185
7255 4.2279821158 4.2279821158
7251 0.348536860841 0.561878821497
3565 2.25093618195 2.25093618195
3569 0.356951940975 0.356951940975
4485 0.645949784377 0.645949784377
6564 3.99765584374 4.09795429955
2903 2.08080294908 2.13863340473
2902 1.28554121771 1.28554121771
708 0.474938760133 0.474938760133
2906 0.993708116979 0.993708116979
6853 5.48206218589 5.48206218589
704 3.87267096576 3.87267096576
705 3.71233110982 4.2773692696
706 2.46179535566 2.46179535566
701 2.37501166793 2.37501166793
6560 1.33727717437 1.82989691503
7139 1.33366819436 1.33366819436
7138 1.15905639266 1.15905639266
89 8.54021324648 8.54021324648
83 5.70331354373 6.04443440987
81 1.25984966688 1.70295842357
7135 2.19808679061 2.74745232808
7134 2.41960906642 3.17203807022
7137 1.83722705076 1.83722705076
85 1.60164275875 1.94773464686
5311 1.81766880405 2.62616813642
5310 2.27278785063 2.27278785063
1658 1.83759887164 2.09509768017
1652 0.0266857352464 0.0266857352464
1653 0.970606704248 1.29955431226
1651 1.83138612585 2.43152066026
6583 0.997300271828 1.10048434174
1631 0.749933609822 0.966599495413
588 0.509976698475 0.509976698475
3151 4.08072506069 4.08072506069
3150 1.66150735757 2.02348315064
7621 2.0563296247 2.05632996076
3154 1.94168337009 1.94168337009
7629 5.49808761606 5.86157585419
1437 0.316314682666 0.316367203285
1434 2.71244381457 4.00339532201
3392 6.64603809492 6.64603809492
3395 2.33485318308 3.07571486414
1636 1.54318038905 1.54318038905
1430 2.14918442834 2.14918442834
3399 0.479974929301 0.479974929301
3398 5.00405119384 5.00405119384
1438 3.24267189972 3.73923692672
4260 3.20665211842 3.62658415044
5233 1.005225729 1.00947244639
4265 1.2090340056 1.2090340056
4268 4.54290469533 4.54290469533
452 2.36594776423 2.42171384128
1345 1.48975485369 1.57809312972
456 1.20326945813 1.20326945813
1347 4.42385758364 4.42385758364
6921 1.45434087525 1.61638356255
5546 3.34845935519 3.34845935519
5545 0.991946704608 1.04577726388
652 4.22586119827 4.22586119827
650 1.27573368962 1.2757380698
1508 0.0861093374961 0.0861093374961
4461 1.61168504626 1.89264647545
3081 1.26690250285 1.26690250285
659 3.09033792315 3.43800747078
5890 0.113102424372 0.113102424372
5891 0.523253260262 0.523253260262
5892 4.14174442357 4.14174442357
5896 1.79641691972 2.07628933015
5897 2.73495573458 4.24214561592
5898 2.46398190329 4.07588690917
5899 3.34579411995 3.34579411995
948 0.178280135126 0.178280135126
3882 4.1708535451 5.25020094101
3889 2.4985043845 2.86548898823
4916 4.60426242905 4.60426242905
7404 0.0536334122817 0.0537886864627
7407 1.50486157319 1.58590948979
4911 2.75068633968 2.75068633968
4008 5.21728431126 5.21728431126
4004 1.20927495601 1.49938181363
3970 3.2503194108 3.2503194108
3973 1.67111369907 1.6986800855
326 2.1988107226 2.1988107226
3974 4.31825364746 4.31825364746
324 1.28772250378 1.28772250378
328 1.17739199881 1.17739404896
3621 3.9922462323 3.9922462323
3070 2.0506932719 3.53227693139
2332 0.534937863743 0.690766962805
6136 2.65259235622 2.65259235622
6883 1.94870102902 2.62916146379
3713 1.94346051612 1.94346051612
3719 2.07312725235 3.71591462764
4479 1.67874948444 1.67874948444
4470 3.04871913583 3.0906366641
4475 2.61423765835 2.79910210418
4474 0.296967219154 0.297000717684
5763 1.39006144121 1.39006144121
6007 1.5255955511 1.63093462579
6004 4.61837243196 5.2618720389
6000 7.4803997889 7.4803997889
2489 2.76774581777 2.76774581777
2950 4.44034248457 4.44034248457
2484 1.59235809009 1.9355757223
4673 5.4079757997 5.4079757997
4670 2.1052272801 2.1052272801
3252 0.92078383589 0.954023579758
2245 1.37926302449 1.59902205134
2246 1.03595156363 1.03595324957
2247 0.90178520337 0.90178520337
2240 2.38264687692 3.40472410886
5179 5.36014595039 5.36014595039
2242 1.99551421255 2.77851724001
7394 0.0134975456246 0.0134975456246
2466 2.05945132031 2.12113414668
996 3.8120892778 3.8120892778
7391 2.58485997065 2.58485997065
993 6.73728623551 6.73728623551
992 2.51754614815 2.76303031765
5144 1.53374562878 1.53374562878
2469 3.14491931061 3.83201836887
7535 3.20805830846 3.20805830846
122 2.6317774986 3.17816249319
124 0.824763334123 0.824763334123
3404 1.71994699599 1.71994699599
126 2.4248549872 2.4720333692
3409 6.3309215352 7.00452693146
3408 4.67942574049 4.67942574049
4875 0.359451273825 0.359451273825
4871 6.75106271083 6.81911402009
7438 5.17587281828 5.17587281828
4878 2.45083733397 2.45083733397
2069 3.74790106366 4.05605413534
7533 1.73904157004 1.73904157004
5424 1.50667340276 1.50677983401
2062 1.28396799386 1.37266006477
6319 4.51059591626 4.51059591626
3413 1.47808933136 1.48302650345
5423 1.17079248218 1.42939117239
7247 0.133727282802 0.133727282802
5099 1.42313811687 1.79793740505
3578 1.51874298575 1.6543935708
3571 1.59407177802 1.67177316784
3573 1.78611274878 1.78611274878
5097 0.0106995863696 0.0106995863696
2665 3.97989046339 3.97989046339
4492 0.1806551692 0.1806551692
4490 4.4312731333 4.4312731333
2669 1.54076084127 1.79717161878
6823 2.54136923099 3.21824060436
6824 1.35050673578 1.35050673578
2938 2.73271523334 2.73271523334
6829 1.61418534803 1.657318621
2935 2.00142730871 2.1690288272
5326 0.665316671084 0.665316671084
5327 0.00503669444914 0.00503669444914
5325 6.00920890048 6.05999171539
5322 2.32714030481 2.32714030481
5320 1.19294323787 1.19294323787
5321 1.16718463111 1.26893547527
5328 1.2750804059 1.2750804059
1643 1.29587340929 1.29587340929
579 2.5803006205 3.00560682938
573 2.13889198099 2.53880508006
571 4.8853059006 4.8853059006
577 2.10531082946 2.10531082946
576 5.24750518631 5.24750518631
575 1.91542211281 1.98085830615
3169 2.83831077781 3.52926415882
2803 1.63866550301 1.90779741589
2800 1.9388192924 2.17750622974
3165 1.40428204901 1.9093802609
2806 4.88915341605 5.48841534044
2805 4.16028205829 4.16028325965
1421 0.497806070875 0.497806070875
1420 0.999124480616 0.99912966196
7094 1.9845315947 2.69356676777
1422 2.8519975558 2.8519975558
3368 2.43472856135 3.16092128139
1424 3.49543007508 4.14904612364
1426 5.33981803443 5.34222190969
3366 3.71207548937 3.7469927028
2404 4.19687579461 4.19691612724
7098 6.59887588606 6.59887588606
7099 2.10049483529 2.15755369713
732 3.09227179937 3.09227179937
735 2.98140370072 2.98141353708
736 7.07047356474 7.07047356474
4272 3.16915407004 3.16915407004
4271 2.10899342182 3.07762082576
1358 0.417079571998 0.417079571998
4274 1.8597057868 2.57603904156
461 2.30938323046 2.30938385073
5555 1.85720673677 1.85720673677
5554 1.37271749078 1.77966285961
6488 3.26503176066 3.29917967577
5551 0.214848683177 0.214848683177
5550 1.53039919734 1.53039919734
7384 0.548102279926 0.723120077051
6955 1.83649988551 2.07886622481
6484 2.60248120815 3.09097892612
6285 3.74514728764 4.24819465851
6948 3.78315491784 3.78315491784
1518 1.14247381215 1.394635277
1510 4.12532688933 4.12532688933
1513 1.7301266151 1.84543349115
1512 3.63332437869 4.25243880342
5885 2.05313314265 2.05313314265
5889 2.10268585284 2.10268585284
6559 3.99896239857 3.99896239857
7478 2.7473721849 2.7473721849
3186 1.83480103687 2.03176545831
3187 3.27210372296 4.67734266134
3182 1.84279440414 1.84279440414
3188 3.74007651424 3.74007651424
6863 2.68235350827 3.18417666886
1896 1.32955919226 1.6524791929
6631 2.77305266734 3.19981646325
4018 3.07549211768 3.07549211768
6281 4.73239251382 5.1435154238
357 0.562424869492 0.562424869492
351 2.41847048567 2.4211629897
350 5.61252586411 5.61252586411
3985 2.46829702349 2.52174889232
3983 2.47487844604 2.47487844604
4855 1.16765110508 1.43719310672
6126 6.85821560763 6.85821560763
6120 3.6705757956 4.50868848028
4706 2.07930212673 2.07930212673
4705 1.27762951032 1.27762951032
2320 2.62042293311 4.09441079308
4703 1.27189703004 1.27189724342
2329 3.16106982593 3.16106982593
4709 2.10157377495 2.4830841808
288 6.60727312831 6.68229900138
3619 0.56639742268 0.56639742268
5 0.0922318100419 0.0922318100419
284 2.85970304331 2.85970304331
3760 5.963661758 6.45744078026
3765 0.939494104677 0.939494104677
262 0.346474569311 0.346474569311
260 5.18734441095 5.18734441095
267 1.99764654597 1.99764654597
2499 1.82754690831 2.07645688454
2498 2.13023747914 2.25350855851
6013 0.432894513738 0.432894513738
1296 1.60896870436 1.60896870436
7253 2.84136788589 2.84136788589
2495 0.600967982174 0.600967982174
2494 2.9244537211 3.2584923689
4644 4.80848823384 4.80848823384
2496 1.99855766731 2.76431090515
2259 2.59788910256 2.72154073113
2254 2.31417258607 2.8449734692
5060 6.45583589989 6.45583589989
2250 2.40114305833 3.00956627392
2477 1.46108737101 1.53776164401
988 3.94263382107 4.27202577437
5151 1.43849373963 1.83957252411
5150 2.50872006304 2.9330250145
986 1.57884495602 1.88849732094
5154 5.50611082016 5.50611082016
5157 1.51403095572 1.69632142744
2478 2.34826465544 2.54309353285
115 10.0463186118 10.0463186118
7313 3.56170823855 3.56170823855
119 4.30021176664 4.30021176664
2785 1.62199766133 1.62199766133
4801 1.02938972641 1.02938972641
2787 3.66915621191 3.66915621191
4803 0.549207220846 0.549207220846
4805 0.725698745654 0.727545405679
4806 1.99455125698 1.99455586991
4807 2.33162688335 2.72422054248
2788 0.960275809008 0.96048716157
2071 1.21296350456 1.21331055024
6306 4.17694928782 4.17694928782
6301 1.7071985398 1.7071985398
6303 3.50461064961 3.64785913382
2074 1.82635386065 1.82635386065
7272 9.00627708871 9.00627708871
7273 5.33725447418 5.33725447418
7275 3.47324343697 3.47324343697
3502 3.26797172648 3.29003156207
7279 5.28649070179 5.28649070179
5086 1.49515810165 1.78048575542
5085 2.78380660875 2.78380660875
5084 1.07502199928 1.07502199928
2672 2.0831060424 2.17465848592
2676 1.16759902424 1.27038145541
2679 1.12748193112 1.13572574797
6833 5.52931058323 5.52939763532
2928 2.343809458 2.77049345059
6830 2.3568367324 2.65089284701
6854 3.05362213113 3.35400118031
2923 2.48207882242 2.48207882242
6838 5.34276962757 5.69751718411
2925 0.0471528879696 0.0471528879696
2926 3.69135114009 3.69135114009
5331 5.67757239339 5.67757239339
5330 5.25151105619 5.25151105619
5335 0.45530708997 0.45530708997
5336 1.84064582145 1.84064582145
2907 2.05081239346 2.05081239346
3215 1.98962632555 2.1288338404
1984 0.519018656468 0.695588646196
1985 0.0380291608144 0.0380291608144
1982 1.5476270825 1.5476270825
3212 1.55559450645 1.69112661986
1638 0.519459149507 0.519459149507
5371 4.66964517451 5.00173862131
3218 6.19393883769 6.19393883769
3219 2.04038737893 2.62527076834
1989 2.500130773 2.60338582223
569 1.34198018285 1.69219688116
560 3.86264587637 3.86264587637
564 4.27117165109 4.67214904534
566 1.72628439314 1.95347883903
6543 8.88154837072 8.88154837072
3173 0.466413967785 0.466413967785
7081 0.748377372243 0.74841793509
7030 2.30529838183 3.07405491765
7084 7.80089967722 7.80089967722
3376 1.33005988986 1.33005988986
3374 4.45429345933 4.45429345933
5421 0.99987679184 1.63043174955
3372 5.00134152005 6.41768426325
1180 6.06822841039 6.06822841039
1181 3.78681774033 3.78784594462
725 2.51603963974 3.20470157315
723 11.2647885793 11.2648144794
1746 3.25187858816 3.25187858816
1740 0.765041127458 0.765041127458
1742 8.83354025591 8.83354025591
5499 0.168682947992 0.168682947992
1165 1.24226785224 2.69152194434
1166 1.42693224964 1.42693224964
7587 4.51562247372 4.96952096308
7291 5.55626545918 5.55626545918
4247 1.72676703129 1.98719095455
4245 2.43183432854 2.43183432854
1168 1.64046825136 1.64046825136
1169 2.14933846117 2.14933846117
4240 1.67412333947 2.0385349317
5521 1.82313785047 2.05479970373
5523 3.74699887568 3.95196660462
5526 2.11270536703 2.11270536703
7130 2.12828557912 2.49419027391
6941 4.54205694245 4.54205694245
6940 1.37372717008 1.37379838823
7132 1.49944918725 1.49944918725
47 6.85654196589 6.85654196589
7297 1.26359921761 1.26359921761
41 5.22194521682 5.22194521682
1569 2.50301659793 2.75207961085
1365 2.29621070571 3.42919685915
5492 4.42893268297 4.71572743253
1292 1.76831165378 2.12143164536
1561 9.00162068533 9.00162068533
1563 2.58127112367 2.58127112367
1564 3.4104260501 3.4104260501
1565 0.180263129539 0.180263129539
1295 2.90050250916 2.90050250916
1712 1.78167827877 2.33061133322
475 0.0806223178769 0.0806223178769
5250 0.996834867921 1.08207762505
1789 1.6275363846 1.85635119226
4399 4.25106751181 4.50522812988
7460 3.37096490953 3.40799016318
5638 3.24140489373 3.24140489373
6541 2.6892628269 2.6892628269
6540 3.36649798939 3.36649798939
4391 2.27852444962 2.27852444962
4392 3.50905368722 3.81766658915
4395 1.70451609593 2.16209605701
6549 1.33266390733 2.03222426916
5633 11.3302493119 11.3302493119
473 1.59623084653 1.81950805076
3195 0.612929478874 0.612929478874
1862 0.220030745126 0.220030745126
3193 3.48199362132 4.22767093705
7465 2.27781722311 2.50279797422
3190 2.01369359987 2.36050831437
3728 5.98864742022 6.32545778837
3198 2.16791321526 2.21318372855
7466 1.8633012274 1.9955338184
1368 0.804462066225 0.804462066225
3729 1.10044640092 1.10044640092
2.36806723333 3.12428344097