4447 4.95662594941 5.23395451035
4023 1.49668535737 1.62557251235
5988 0.863297523767 0.863297523767
346 1.57051143409 1.72522768351
347 5.9291475861 5.9291475861
7513 1.01436361206 1.25010662433
7512 3.00701733182 3.00701733182
342 3.17201360914 3.60183240215
343 2.3542163539 2.43254512601
3996 1.72295735082 1.72295735082
3995 0.814671264823 1.01581313639
3994 0.781527449013 0.802816949811
348 0.882854911605 1.18273492401
7518 3.28383673376 4.11117093641
6150 1.23614187354 1.54131641866
6154 0.497604352865 0.604831221291
6159 0.595081166728 0.595081166728
6796 2.15912471794 2.89956915383
6797 8.37061981477 8.37061981477
4730 0.94694033632 0.94694033632
4736 1.85471271929 1.85471271929
2319 0.723399319978 0.803697724775
2313 6.02606588325 6.02639310378
2310 2.36119421994 2.36119421994
2311 2.63660572 2.63660572
5851 0.62345601717 0.803106324752
299 1.24043267858 1.48358309718
7627 2.49631952447 2.49631952447
291 3.77324971873 3.77324971873
4656 3.61867025878 4.42482319973
274 6.10671194082 6.10671194082
276 2.83857316188 3.76471799323
278 7.46710533341 7.46710533341
4836 0.995641938242 1.09546180747
6584 8.50676402814 8.50676402814
2262 1.11457219318 1.19204158679
6190 4.54835866981 4.54835866981
2266 5.08754925854 5.08754925854
2443 1.72877886021 1.72877886021
6055 0.22833639423 0.22833639423
108 1.59791848268 1.59791848268
109 0.153680632723 0.153680632723
107 4.00279953073 4.00279953073
4813 1.80132624168 1.80152297823
2047 9.70181878831 9.70181878831
2045 1.03477838634 1.07381490166
4817 2.99917733604 2.99917733604
4816 1.93958958426 1.93958958426
2040 2.39755667478 3.06474080518
4819 1.5581601614 1.76660289927
4818 9.99292149678 9.99292149678
1297 1.84405311738 1.97072648033
6378 4.5034296228 5.01837716373
6379 1.37274665697 1.60106591636
6053 0.687383421555 0.687383421555
5828 1.26713935412 1.26713935412
6372 1.02768206354 1.02768206354
6375 1.74655523287 1.74761367336
6377 1.7905693318 2.14649023624
2838 3.80149761295 3.99314482936
5363 3.76970333473 4.22800309094
3519 0.130595550775 0.130726361387
3510 1.54134644962 1.77125277942
3517 1.57727589751 2.23047215332
3516 1.8107573596 2.41544335514
7263 1.23328042208 1.23328042208
3514 5.96239920554 6.09847394148
6201 3.00854596832 3.00888015355
6202 1.364287398 2.25064646943
2685 1.41493566701 1.6255186179
2687 5.20508298605 5.63767950115
2681 0.851942475587 0.989871434493
2683 1.01704386797 1.27598376723
5406 0.928822805684 0.928822805684
5119 0.253798593524 0.253851039503
6802 2.22251030438 2.22251030438
6800 0.762741711817 1.03542272339
5293 8.2677374054 8.2677374054
5404 1.04462984744 1.3807829338
91 8.14327547736 8.14327547736
93 0.431572083393 0.431572083393
95 2.01976759342 2.01976759342
97 2.19769552605 2.19769552605
5402 7.05976555584 7.19857585586
5182 4.26021954352 4.26021954352
1622 1.29071686927 1.58039563281
1992 1.56134452556 1.56134452556
1627 1.76788844505 1.84071878302
3993 2.26842843841 3.10672677779
1629 3.30620127777 3.30620127777
1628 3.39666164354 3.72974141976
3209 0.472531199827 0.472531199827
2860 0.164291301577 0.164291301577
2861 5.15964007689 5.36999024253
2863 6.74600393622 7.38873433008
2867 1.24941559958 1.58822203764
555 1.75244070983 2.02491269643
554 3.16338889933 3.16338889933
551 0.484770303653 0.484770303653
550 1.11217894072 1.44283321177
553 0.25960861436 0.25960861436
552 2.9763261693 3.14608515468
7142 2.19881618996 2.70593111866
1199 5.96972250035 6.05457196364
5459 0.97835543645 0.97835543645
7079 2.44078460233 2.44159081402
7074 0.710455290024 0.710455290024
5451 2.5015240685 2.5015240685
1193 2.7253476071 2.72679705634
3341 3.6143165361 4.16755894075
5454 3.00725903823 3.71419635909
3347 2.13768121318 2.21891774101
1197 4.62165353853 4.62165353853
3345 5.21375750308 5.2704570784
1754 4.07942212047 4.68256843911
1752 0.423832730176 0.423832730176
6976 3.15896303198 3.15896303198
6975 0.787626397437 0.931178110914
6971 2.18069562159 2.37211204404
4253 2.4397640248 3.19907878206
4252 2.09103670206 2.28953344391
5531 0.463160957067 0.463160957067
5538 0.08945475661 0.08945475661
1285 1.32138012733 1.66755506225
1284 3.24871789915 3.41147291747
1287 4.49280474459 4.73967543214
1280 4.56718721402 4.56718721402
1283 9.78236915695 9.78236915695
1289 1.07084939531 1.07206500572
7188 5.13883864714 5.53801990033
1579 3.15233523111 3.55863608807
689 3.32226358824 3.9202317721
684 2.1447893114 3.57694294637
687 1.41431748943 1.41946071429
7183 0.887463675772 0.887463675772
681 2.04577382023 2.04577382023
683 2.31923075123 3.39004258015
7187 0.201407039168 0.201407039168
458 2.53787068854 2.53787068854
6006 1.98722355228 2.37948048445
1222 8.63608297174 8.63608297174
4388 1.93331988975 3.04665512477
6576 1.65275588933 1.65275588933
625 2.49916758098 2.64059185596
6574 1.49275159638 1.77251162721
5627 0.955377884785 0.955377884785
4382 2.24735518529 2.8630989259
7459 0.823284860847 0.950125668734
1371 2.25045181034 2.25045181034
406 0.861375178016 0.861375219232
405 1.70007097965 2.27688712975
1374 1.53777595681 1.77891502337
3834 2.9886157568 2.9886157568
628 8.34845562749 8.34845562749
3831 0.519595487146 0.684449492325
3832 3.38670947879 4.51325300002
3838 3.53161711432 3.53229988428
6794 7.6445661334 7.6445661334
4844 1.08531703837 1.08531703837
5990 1.96967020385 1.96967020385
5992 6.74236816952 6.79265003615
379 5.05727261265 5.05727261265
7527 2.71212461391 2.71212461391
7525 2.99180006873 3.21592205606
370 4.84472497557 5.5072977743
373 0.496097560773 0.496110936184
2038 3.1647968402 3.1647968402
374 5.5426389669 5.5426389669
376 3.51661821548 3.51661821548
6530 0.647934779692 0.793426125528
393 1.12241891978 1.12241891978
391 1.13078686655 1.6318935675
394 1.2781855038 1.2781855038
6148 2.61768861878 3.27183923311
2309 5.51785919473 5.51785919473
6780 3.88319694837 4.62894111697
6782 1.21648669787 1.21648669787
4728 1.3483889584 1.3483889584
6787 1.7378338679 1.7378338679
2301 3.97897117022 3.97897117022
4724 3.38341936506 3.38341936506
4727 0.832981482063 0.832981482063
2307 6.44409470363 6.44409470363
5846 0.701958550405 0.820776598925
6538 3.21324919224 3.82254842569
5849 3.14046796348 3.55933793882
3748 2.56934173964 2.57060494194
3203 1.52803587529 1.9281193698
3745 1.15320415232 1.15320415232
3743 0.328081381694 0.328491211624
247 0.748443197448 0.748443197448
4623 2.35740162375 2.55999811855
4624 3.14940633587 3.29524626635
243 1.08694865581 1.08694865581
4629 2.53125399701 4.01364059182
2272 1.13277149932 1.13281168948
2278 2.69992027423 3.16773913321
2459 0.422050243467 0.422050243467
2454 1.28884811382 1.28884811382
2451 3.3595668537 3.3595668537
2450 2.49268438189 2.82111974018
172 0.146934468162 0.148064085378
171 2.09601188021 2.57117752256
2050 2.73012508377 2.77705622283
4538 0.795842029265 0.90081775462
4828 0.9363588533 1.15930901312
2059 4.01565728781 4.04351830127
2058 0.139641175144 0.141916784546
3692 1.59341140778 1.59341140778
3693 1.46965286738 1.46965286738
4530 2.67919236848 2.67919236848
3695 2.17623952293 2.17623952293
3696 2.12768265081 2.12768265081
4821 1.16714701821 1.47138960235
6369 2.32719131936 2.36556131017
4983 2.53564458068 3.35893065428
7337 3.00282973532 3.00282973532
1504 2.966674614 2.966674614
3522 3.50646230277 4.91576294988
3523 2.2466869876 2.66371769435
7043 1.17958793465 1.50307733453
7218 3.13724492738 3.13724492738
7215 1.15684184537 1.24611190556
1601 4.93478702666 4.93478702666
6215 0.727895136437 0.727958336038
6386 3.42880096043 3.49376211839
2699 1.04896893363 1.04896893363
4651 0.359903032428 0.388150879149
2693 1.3285573874 1.41405524529
2690 0.477576611922 0.585600782946
6819 2.0822027958 2.0822027958
1605 0.127416252002 0.127959387746
6814 0.178560746686 0.178560746686
6817 5.88656414636 5.88656414636
6816 1.08072810802 1.08072810802
7326 3.04200034642 3.67391149158
3231 2.16957030372 2.50368422311
3236 4.07324287519 4.07324287519
1969 7.34236444942 7.34236444942
3235 4.00259342784 4.1695909403
1965 3.76636397985 4.18448516248
1966 1.05280390369 1.63479262656
3239 2.62081861952 2.62081861952
5191 5.19387564388 5.35362161042
1962 1.40574878301 1.43829357612
2877 4.87820713314 4.87820713314
3355 1.53781570311 1.53781570311
3351 2.07008464291 2.29999934022
3353 0.00139693638436 0.00139693638436
3352 1.11568359122 1.20023276461
7063 0.518832635369 0.544666866539
5446 1.91992792914 2.36677078121
7060 2.2210718535 2.38654578078
1764 9.05163404974 9.05163404974
1788 0.480104545815 0.480104545815
1145 1.52066773195 1.75620205083
6968 1.50200507385 1.50212955263
1148 6.066517853 6.13082821677
5509 0.167467327367 0.167467327367
5506 1.25949411746 1.30687306369
5507 2.35029522032 3.00433480582
5500 0.586142672675 0.586142672675
692 1.76183702358 1.76183702358
1547 2.27487337872 2.33958288491
1544 2.98952256079 3.09735519151
1545 2.04033884278 2.4497603005
1548 5.17269290004 5.17269290004
7199 2.22059127798 2.22059127798
546 3.12099089238 3.12099089238
544 1.29059140486 1.52796831614
545 1.14010949142 1.24639896311
549 2.17330770424 2.52602413421
7194 5.07171337506 5.07171337506
6886 1.64271674925 1.64271674925
7564 1.40306226717 1.54947687634
764 3.08831363902 4.34108107524
6406 2.51769874014 3.39047712747
5618 2.1590555113 2.1590555113
7442 1.99362491074 2.5304218654
6568 3.27475648596 3.27475648596
5477 1.98027639639 2.07674334788
5612 0.057237100618 0.057237100618
5613 0.870615254739 0.870615254739
6405 5.63139283742 5.63139283742
5617 7.33771716508 7.33771716508
6562 1.51020610283 1.72202776828
7398 3.09550911121 3.09550911121
5475 1.77768010019 1.77768010019
410 1.91011141142 2.50149366616
1389 2.2039674876 2.99505742681
412 0.627889150985 0.627889150985
1384 3.12056276616 3.88980726857
1387 3.17172258633 3.84795455273
419 0.916525156487 1.06009240858
5003 2.5184547933 2.79692961329
3823 6.77383306639 6.77383306639
3821 3.08172890082 3.08172890082
7114 2.91117846228 2.91117846228
3828 4.3950678132 4.3950678132
5000 0.865902434632 0.865902434632
7482 4.27244659593 4.27244659593
4282 1.92829643185 2.20926800161
4280 0.710549393556 0.870154783711
4286 2.24432151158 2.24432151158
7538 3.27818267594 3.27818267594
369 1.23506461179 1.68428364494
366 1.71804725029 1.71804725029
7534 1.6326663467 1.6326663467
364 0.0612216672155 0.0612216672155
365 2.22324909721 2.67758450774
362 1.0279668306 1.02816624347
5009 4.09604934613 4.60792302492
360 1.20217176847 1.20217176847
7532 0.643446132471 0.643446132471
380 1.51058856939 1.71382438811
381 1.71166695578 1.80298460519
383 1.73934362959 2.2502699545
384 2.62721979238 3.66944272026
6178 1.36028333339 1.36028333339
389 0.584238064349 0.58424824924
5271 0.343960390441 0.343960390441
6778 2.99318179279 3.88903077605
6779 0.68006618103 0.680309379593
1369 2.63338596232 2.96104118645
6774 3.07420910208 3.10946056659
6775 0.711403491775 0.867893944756
6770 7.63460602163 7.63460602163
6772 0.82790666978 0.82790666978
4757 1.49558598813 1.49558598813
5870 1.65811478744 1.65818248724
5876 4.41968641184 4.67660666391
5374 0.579017154731 0.579017154731
5879 0.327603907358 0.327603907358
3758 1.42841242167 1.58109749537
3750 1.56935446697 1.56935446697
3753 0.176718975241 0.176718975241
3755 3.47276948138 4.03199431148
2192 1.48319709118 2.10135838058
259 6.28453765865 6.28453765865
4637 4.31689962466 4.31689962466
2195 1.88795397937 2.4543167689
2196 0.044580600449 0.044580600449
2197 1.77210108317 1.9484261033
4638 2.11173775764 2.46889629579
256 1.88466964802 1.88467135867
2200 7.21553203808 7.21553203808
2201 0.738151929309 0.738151929309
2202 0.924942294642 1.00775552588
2204 1.48366599446 1.73797232452
2205 2.8687465489 2.8687465489
2209 2.39729133228 2.93668162744
6689 5.84361906668 5.84361906668
6680 4.97314537353 4.97314537353
2428 4.09213735196 4.14237738768
4812 0.99987283814 1.00000777945
2422 1.66786068822 2.15201844307
2426 3.18862605081 3.18862605081
4810 1.69364752184 1.69364752184
169 2.84087166057 2.84087166057
164 2.09534939918 2.15545661397
160 1.81308557917 1.81308557917
161 2.38144992186 2.90933066499
162 3.13381911569 3.13381911569
3689 0.000762811040156 0.000762811040156
3683 1.2166197388 1.2166197388
4526 1.79214255666 1.79214255666
4525 5.98447125957 6.23467702711
4524 1.22405184672 1.38623296785
4523 2.29292559132 2.70223629659
3685 2.99890765361 3.06995376087
3684 5.14511884652 5.14511884652
6194 5.19919669427 5.86092495135
6981 1.73176913618 1.73176913618
2518 1.49082395807 1.49082395807
1842 2.26501694151 2.26501694151
2514 2.23848071148 2.23848071148
2516 3.47605572231 4.21398418141
6198 5.56155962489 5.58775043557
908 3.72562028589 3.72562028589
6740 2.26942303193 2.27336911373
2730 0.079188355112 0.079188355112
2733 3.13122041769 3.13122041769
4426 1.09748193442 1.21118900862
5294 2.05140111729 2.36179661752
5295 2.00153396308 2.94585190439
2738 2.67179598204 2.79895924429
2739 1.16101259981 1.42997345252
5291 2.84931907898 3.62425198349
1817 0.268009246956 0.268009246956
1811 1.8036213102 1.8036213102
7203 1.42688485384 1.51763075191
6227 4.12782632037 4.12782632037
6228 3.20894439332 3.20894439332
671 0.222175650975 0.222175650975
6993 0.916055230564 0.916839918272
1609 1.13380556603 1.50576627469
7336 2.0100317675 2.0100317675
7335 2.5099928487 2.5099928487
7334 4.58430520971 4.87965036843
3225 1.96970694144 2.69753164507
3224 3.2880265614 3.29465389664
3227 3.51092703411 3.51092703411
1602 1.80921616153 2.31744781723
1973 3.83069285621 3.83069285621
1972 1.23173652428 1.23173652428
7339 2.95884300699 3.25958873822
809 2.03090370307 2.30866541834
801 2.98227795147 3.31710737732
807 1.75710525426 2.04950597984
806 2.48445882179 2.85036832454
2849 6.47006753575 6.47006753575
2846 0.543125421173 0.543125421173
2843 0.991900508556 0.991900508556
3321 1.13411141566 1.29404448535
3323 1.81357975672 1.81357975672
3328 2.29942856749 2.29942856749
5478 0.553716953197 0.748871648006
5479 2.09255971786 2.09255971786
5274 0.0862215396278 0.0862215396278
7058 1.08809755043 1.08809755043
1776 1.00819068399 1.35565726289
1770 2.96640576276 2.96717223081
5272 3.40000148019 3.62966809138
323 5.20044890787 5.62862892499
7052 3.28644849787 5.2156246345
1778 0.37251234099 0.37251234099
7055 0.817448718458 0.817448718458
1154 3.78291277021 3.96456595358
1152 0.504515943218 0.504515943218
5519 2.39613038057 2.39613038057
5518 1.60129579819 1.68109143941
5513 2.71426524637 2.71426524637
5512 1.4636115391 1.77560789498
5515 1.37750026299 1.70946985526
5517 1.91544587818 2.06837301585
1551 9.24053492202 9.24053492202
2999 3.9896306781 3.9896306781
59 1.31487582063 1.31488028405
58 5.51678312589 5.59898562674
55 1.00509066719 1.02390043896
2991 1.3229395308 1.3229395308
57 2.21830438724 2.21830438724
2993 3.46151488023 3.46151488023
52 0.986884399592 0.986884399592
535 1.30346213309 1.3843419973
532 1.58002442068 1.59828655168
531 2.94151898862 3.57482399455
7342 6.40895970139 6.85123653794
538 0.700691090315 0.826983195845
5600 0.522162280793 0.522162280793
5609 4.43921676394 4.43921676394
5608 2.73346745205 3.30301361527
5134 1.13278475286 1.22293689842
1902 1.35704234307 1.54718924618
6517 2.70278029096 2.7071273425
428 1.14267565951 1.14267565951
421 4.09024800574 4.09024800574
420 2.90078501424 3.21138993279
3293 0.111718211209 0.111718211209
1393 2.53563249175 2.53563249175
1391 0.894806750477 1.27865341502
3810 1.83610247309 1.90849548702
3816 1.68912878344 1.68912878344
3814 0.738812706794 0.738812706794
3457 4.55098992552 4.55098992552
6420 0.437839515526 0.437839515526
4298 6.05874077973 6.05874077973
4294 2.00410006985 2.00410006985
4297 1.68446636069 1.68446636069
853 6.85409292659 6.92720284136
6428 1.18394596721 1.18394596721
6429 2.77919087574 2.77919087574
6412 0.214456870096 0.214456870096
7543 0.729199206712 0.729199206712
7547 5.37107858865 5.52021885772
6168 1.9298081954 2.08133149623
6160 3.83125180382 3.83125180382
6162 0.0694582462745 0.0694582462745
4749 1.52719009171 1.54945979083
4748 3.46130240438 3.90817163607
6767 2.3047409615 2.3047409615
6766 2.41722145165 2.80912595879
4740 3.80567326207 3.9378352531
4747 1.98209729161 1.98209729161
4744 0.917696991097 1.26846919564
5868 1.71468364845 1.71468364845
5865 1.82171537265 2.25096742761
4715 2.64376193775 2.64376193775
2183 2.42845256245 2.91660236043
7059 0.255386580787 0.255386580787
2181 0.640304550869 0.640304550869
2186 0.848703371517 0.848703371517
4606 5.09476437794 5.97014503998
2189 1.99099017498 1.99099017498
224 3.92268612057 3.92629622009
223 5.90308357437 5.90308357437
222 1.98541659791 2.50065814467
221 0.778883843669 0.778883843669
2212 1.81145983499 1.88647101739
2211 0.810855054551 1.06444485054
2210 1.46443535396 1.61446928196
2217 3.22742326555 3.22742326555
2216 2.26943093891 3.91441921319
2214 5.24353472268 5.24353472268
6699 0.719549308466 0.719549308466
7293 1.03703027742 1.12011780948
6697 1.04901492416 1.21825623594
6696 1.16456205606 1.29010970841
6694 0.933287827344 0.933287827344
151 0.768167835863 0.768167835863
155 1.479678081 1.479678081
156 3.32760876585 4.99178172405
2433 0.949018105057 0.949018105057
2431 2.81716400132 2.98826508848
2430 2.12570562739 2.12570562739
2437 4.31403828151 4.40365580952
2434 2.00674240378 2.19338107919
6340 3.47205254602 3.47205254602
6343 1.96379559009 2.28785745824
6344 4.43710196555 4.43711150173
6346 1.22741888808 1.22741888808
6349 0.875531986492 0.875781439488
4510 1.39595363932 1.93975523832
6809 2.31528730517 2.31528730517
4514 1.00918325667 1.14911943443
4515 3.54040112927 3.54040112927
6186 1.78777148687 1.78777148687
6183 1.43460083307 1.5998404353
6182 2.53916130093 2.53916130093
2508 3.71941915441 3.82623396317
2507 2.23781449775 3.0625498762
2506 2.84146316046 2.87361863763
2505 2.95253947093 3.0615337742
2503 1.27249634506 1.27249634506
5289 2.34081177081 2.34081177081
5288 1.66901679379 1.66901679379
2721 1.82714631298 2.40178552045
5280 2.46819487588 2.82282155903
5282 1.22648392983 1.22648392983
5287 3.02696888837 3.02696888837
7234 0.484184215062 0.567178889574
7235 6.40183202496 6.40183202496
7233 1.14218252743 1.14218252743
5047 4.00098279046 4.00098279046
5046 2.91407655143 2.91407655143
5045 9.66825524631 9.66825524631
1807 2.32953181661 2.38020242934
3783 1.64306455173 1.64306455173
1804 2.4998560671 3.47269326637
1802 1.98266280466 2.43064233054
3789 1.99901211999 1.99901211999
1809 5.48951055341 6.04506386894
1808 0.932889946339 0.932889946339
4994 2.07540604047 2.07540604047
6239 1.01289464034 1.01289464034
4993 2.20319812955 2.55819483922
4991 3.27562233975 3.27562233975
6234 2.51710080035 2.51710080035
6237 0.183196630497 0.183196631496
4999 0.0670771702786 0.0670771702786
1948 0.612389133673 0.612389133673
7301 2.39351006448 2.39351006448
7307 6.51332495491 6.51332495491
7304 4.52346685857 4.78928258476
7305 0.0282560603514 0.0282560603514
1943 0.99979943091 0.99979943091
1940 1.87455454651 1.87455932402
1941 1.56245823013 1.85799133983
1946 0.981377500486 1.08261135563
810 2.10802218775 2.70211448149
1252 3.31852740732 3.31852740732
812 0.997352665586 0.997352665586
814 0.721656835658 0.721656835658
817 3.36221801014 3.87038489328
2859 0.747819421236 0.747819421236
5183 1.54110056237 2.25627066492
2850 3.30282140442 3.86011932899
2852 2.10185964619 2.42342174695
2855 1.4365962737 1.4365962737
2857 6.81376893256 6.88254953736
2856 2.4402921398 2.4402921398
7045 6.38277089563 6.38277089563
1491 2.90074094508 2.90074890341
5463 2.95694729537 2.95694729537
5462 2.50684026579 2.60512441719
1494 2.72101081236 2.72101081236
3336 2.30616263367 2.97380630492
1496 2.17689168063 2.24902734775
7042 3.30370236542 3.30370236542
1499 4.71319743657 4.7392487978
1702 0.746190238763 0.746190238763
7328 2.78597708834 3.62097974408
1705 1.39601554492 1.39601554492
427 1.5438087203 1.55313985395
4574 4.81285551367 4.81285551367
1129 2.56860153589 2.59375778466
1123 0.720739739077 0.720739739077
6983 3.91821421897 4.1644674832
6982 1.2310410334 1.2310410334
1126 0.194688578274 0.194688578274
6980 2.9465908675 3.02540081465
2982 2.61858164523 2.61858164523
2981 2.18988561006 2.97253659088
2987 0.0850330736832 0.0850330736832
3022 4.10790685781 4.10790685781
2985 1.90720416854 1.90720416854
524 1.67970348488 1.67970348488
520 1.75664559811 1.81906589655
521 5.47362650058 5.47362650058
523 2.29828748246 2.46045081075
1012 0.785698433292 0.785698433292
1013 0.499296675688 0.499296675688
1234 2.02269153543 2.53105017549
1235 5.78963232313 5.8086431858
1237 0.886331722093 0.886331722093
1230 8.70176087368 8.70176087368
1231 0.263010153661 0.263010153661
304 2.26305761533 2.61677015873
4195 0.170883663526 0.170985735524
4192 0.990387610154 1.09575640446
1239 1.94299350437 2.11459506855
5674 1.98689376476 2.58206834768
4355 5.18516645645 5.18516645645
4357 0.367592678253 0.367592678253
4353 2.99022797324 2.99022797324
6507 0.861316405733 0.861316405733
4900 0.279516471717 0.279516471717
437 4.03517287819 4.03517287819
435 0.182802464759 0.182802464759
433 1.86988953331 2.11482767001
431 4.6908760897 5.13795486664
7158 0.915657756145 0.915657756145
3808 5.98278233355 5.98278233355
3802 1.27126206261 1.35361906937
6437 0.508564548827 0.508564548827
6435 1.83256043348 1.83256043348
6432 3.68009844913 3.68009844913
6431 10.3801314956 10.3801332514
5707 1.2731251858 1.59130557573
5700 2.62868233653 3.04541470326
5702 8.27514410297 8.27514410297
6438 0.849061218177 0.992772837127
2868 3.79093309142 4.41544049477
2869 3.48963464027 3.48963464027
7553 1.0580439021 1.41494882871
7551 2.25038417038 2.25038417038
7550 1.63876965123 1.63876965123
7557 2.83733760387 2.83733760387
7578 0.464748445385 0.466781524268
4774 3.24887631386 3.38392378168
4770 6.38266110326 6.38266110326
4778 3.07599855808 3.07599855808
6421 0.110440222531 0.110441639735
4175 0.376829390211 0.376946264409
4172 2.17672995849 2.22866537819
6752 0.149287293845 0.149287293845
6756 2.76185016859 3.80385806147
4179 3.07078106969 4.96950611998
6755 3.60808560038 3.60808560038
7171 5.15405004304 5.59757015064
5815 1.37265673803 1.37265673803
5816 1.68359650367 1.82929855269
4296 1.91777809894 2.41664622864
7173 4.39749317064 4.5878132751
5064 0.66538443718 0.66538443718
4619 0.547506996005 0.7943641468
234 3.49578424385 3.95837248287
4610 0.387440158916 0.387440158916
236 3.12508206652 3.12508206652
4615 1.12529644932 1.12529644932
231 3.35685615687 3.35685615687
4617 1.88814042835 1.88814042835
233 4.82170217257 4.82170217257
7392 3.16015642272 3.16015642272
2223 0.374650061746 0.374650061746
5924 3.06412800972 3.06412800972
5925 1.45679676474 1.89436830811
4881 0.335436618088 0.335436618088
146 0.602581768704 0.602581768704
5356 0.362310209846 0.362310209846
5143 0.217939907849 0.217939907849
4501 1.22710777526 1.22720829387
4503 0.85810485193 0.85810485193
4502 0.487384072522 0.487384072522
4508 2.25336837227 2.25336837227
2089 1.44558332716 1.44558332716
2080 2.46831720281 2.61238554741
3403 2.58700777859 2.58700777859
2538 2.71259883912 2.84330561133
2539 0.332269389754 0.348430405603
2530 2.14713313537 2.48023323512
2537 0.550541655803 0.550599475314
2713 0.951443843347 1.3780079024
5453 9.3082669656 9.3082669656
2716 2.68946509272 3.32821956541
2714 2.20373628846 2.30259554963
2715 4.00706043759 5.96875051607
5078 1.58525422986 1.98213133215
7222 1.42931241884 1.53232673313
5456 2.29868418845 2.35998288766
7227 1.92693218406 1.92693218406
7226 2.69083666105 3.26176645613
5072 1.59868280894 1.59868280894
5457 1.56660920247 1.56660920247
5076 0.365495153457 0.365495153457
5077 1.95175897554 2.11864728656
1832 3.27874738657 3.31418248356
1833 0.839589428322 0.861401686644
1830 2.91299589047 2.96166322687
1831 3.08364034254 4.12815043344
1836 0.222226212827 0.222226212827
1837 3.27125993191 3.70435641156
1838 1.2045053373 1.2045053373
1839 1.23117375877 1.47315483791
2155 1.60855536269 1.7955229899
2156 2.86696076228 2.86696076228
2157 2.91293003888 2.91293003888
2402 7.9122641096 7.9122641096
2151 1.90871260856 2.10532606893
6240 0.848446849445 1.02326951018
4988 2.15958120851 2.16028334656
7446 0.312441734171 0.312441734171
2158 5.52324280042 5.7077492383
936 0.0390451533326 0.0390451533326
6246 0.871094127442 0.871094127442
2409 1.23191129611 1.65646594465
5381 4.92797426041 4.92797426041
5382 1.21955251432 1.57517923608
5383 2.47601820316 2.47601820316
5386 4.05877042818 4.05877042818
5387 0.102464899393 0.117142281186
5388 0.390090352771 0.390090352771
1691 4.02421896811 5.03535489959
1955 0.894244454436 0.895112441984
1957 2.02159806332 2.38887576656
1956 5.29510995955 5.29510995955
1959 3.11624097948 3.52029995184
3243 5.69975741058 5.72816103439
3242 5.51981320714 7.26944393645
3247 0.927417497285 0.927458711038
7310 1.72929561089 1.98754677079
3245 0.794802729089 1.0603495408
3244 3.71980836167 3.80606441928
826 0.497374085655 0.497374085655
821 1.50622551912 1.65671146866
820 0.994269293107 1.05703907863
1483 0.62696248915 0.62696248915
1482 1.54534900786 2.17894356169
1480 1.5397929396 1.56914423648
1487 1.94815605512 2.01954705378
1486 2.23307314105 2.23307314105
1485 2.0293912105 2.21441141168
7037 1.5749562096 1.5749562096
5496 1.74669609702 1.96711634112
3300 0.844505525857 1.3286642829
5493 1.88905902569 2.24628416626
796 1.23005605561 1.23005605561
795 1.60330263658 1.60330263658
5251 2.85532649218 3.51841513561
5256 1.0009139405 1.23672660426
5257 1.83971865758 1.83971865758
5254 3.76853193162 4.71164287817
1719 0.594063694784 0.594063694784
1718 1.33966202045 1.88234761076
613 0.347056982966 0.347056982966
2414 1.98907364638 1.98907364638
1139 1.78999871334 1.78999871334
1273 5.98157536206 6.1236425929
1995 0.991164103906 1.35132040594
1275 0.142286222672 0.142286222672
5940 1.82838264546 1.82838264546
3011 1.84993544707 2.16128600425
3016 3.06408762891 3.06408762891
7141 2.91866195328 2.91866195328
3014 1.28309687178 1.28309687178
7143 0.692273753501 0.692273753501
926 3.14364855954 3.14364855954
1007 0.564900763599 0.591216584601
1005 2.23712642704 2.55394660138
512 6.75658438891 6.75658438891
515 1.03927310104 1.19679657867
517 1.92662154429 2.59665188891
516 0.294721019974 0.294790524356
1226 1.49546970161 1.51380419569
621 0.214205566386 0.214205566386
1223 0.640979750598 0.640979750598
626 5.22844702693 5.47127339953
1221 3.11518656289 3.11518656289
4182 0.085303914608 0.085303914608
4184 2.86698486077 2.86698486077
4186 1.39229968341 1.39229968341
5662 1.61921449714 1.95863544867
6533 1.32615894175 1.74303861893
4349 1.00645440356 1.02471111231
7562 5.40207796065 6.22172244695
5669 0.432767311759 0.456058259965
4341 0.973368769822 1.15941493837
2883 5.68152159576 5.6817612934
7498 1.31723919875 1.41211238543
2887 2.99162016945 2.99162016945
2884 0.710147094021 0.710147094021
7493 3.20131035211 3.84170469359
7490 4.87235477255 4.87235477255
7491 2.40603980446 2.47583147484
7497 2.37353353589 2.37353353589
7494 1.96048715874 2.02412529027
3878 4.46045134962 5.67112286844
3879 1.99265007001 2.02543178558
3874 2.38793442355 2.42911406736
3876 5.28043630861 5.28043630861
6403 1.49438486478 1.49438486478
6400 3.4003038594 3.86381079566
15 1.75868245276 2.05000215443
14 2.16498272541 2.16498272541
6404 3.28728353943 3.28739282336
1921 2.40433885478 3.20473882175
19 2.57480939557 2.58060891759
7568 1.47145085997 1.66476563083
7561 0.145869392201 0.146485656005
7374 1.76886711279 1.76886711279
3907 0.466656189948 0.466656189948
3902 4.80648762192 4.80648762192
4761 3.07592626226 3.41732087955
4760 1.78195320316 1.90040519357
4763 0.232815932252 0.232815932252
4764 5.45687699652 5.45687699652
6748 1.97520188063 2.83953726854
4167 7.01845815898 7.01845815898
4162 1.33999623513 1.44863416655
4161 1.50372774366 1.890259422
205 2.59512239557 2.7825941277
204 2.28633390273 2.68601414741
209 3.81966698896 3.81966698896
830 2.99208605743 2.99208605743
7181 0.307957855308 0.308817616917
2233 5.13791825984 5.13791825984
2232 1.18256497416 1.18256497416
5937 8.33103009983 8.33106303064
5936 0.69501160045 0.817411730438
5934 4.71245513667 5.00365374538
5933 3.58793038788 4.15794366797
5932 1.50778722598 2.05367485367
5931 1.86978484113 2.19643026423
5938 3.61910246944 3.61910246944
7140 1.79456926147 1.79456926147
3499 1.24531003932 1.45847642123
3495 2.23081794595 2.23081794595
3491 0.496541650868 0.496541650868
4570 2.43663187343 3.05699140755
4572 5.79373650641 5.98915704009
2096 2.82716734 3.30961998553
2091 2.46812352424 2.51788413118
5096 7.91084701446 7.91084701446
4576 0.911251342685 0.911251342685
2092 2.22588116222 2.54323396963
3657 4.74298893704 6.15128990316
4604 4.76422415567 4.76422415567
2525 0.622183794901 0.622183794901
2524 0.668906618524 0.668906618524
2527 9.02078991415 9.02080368305
4602 3.0057104577 3.61213298519
6902 3.73485009623 5.08284586204
5065 0.790123336181 0.891661128239
4889 2.64845854246 2.64845854246
5067 1.45685237892 1.63309958718
5066 1.00035926972 1.10675133216
5061 0.184399666238 0.184399666238
2708 1.13191700337 1.13191700337
7262 1.8262416588 2.20212960411
5062 0.626661677996 0.626661677996
2704 1.28806473539 1.28807718338
5069 3.59831882383 3.88748789651
4885 0.745616452231 0.745616452231
2702 0.832522771651 0.832522771651
4193 1.80882003266 2.02152722753
1828 0.781395267456 0.781395267456
1825 1.66720868185 1.66720868185
7453 2.30462537108 3.00714458608
928 1.57968647675 1.63676014524
2146 3.18051757088 3.47512347814
7072 3.18439438957 3.18439438957
2142 2.37275502242 2.54759636147
2140 1.16827784424 1.16827784424
921 1.50254624468 1.50254624468
4498 1.36053690435 1.44307086084
924 1.92641868858 2.05361960342
4971 0.0101733995785 0.0101733995785
2149 3.16880775044 3.16880775044
5745 1.08898232824 1.09841511824
5392 0.00608776466878 0.00608776466878
5395 3.85329052328 3.85329052328
3276 1.13528629364 1.13528629364
3277 1.26848628003 1.26848628003
1924 0.692324757112 0.69234126127
1926 0.642448914194 0.642448914194
5749 1.29750139005 1.29752668622
3278 1.56617755896 1.7033505992
7369 1.51183267718 1.51183267718
3476 0.809093288685 0.809093288685
831 3.2071417868 3.2071417868
837 1.08562861499 1.08562861499
7361 2.52867655833 2.56951619596
3478 1.51380940946 1.72203872394
5586 3.46686666321 3.46686666321
3332 0.167255459518 0.167255459518
3318 0.0834431531894 0.0834431531894
6571 5.98232620051 6.06607591044
5488 0.987470723655 1.15505318338
5484 1.9937273401 2.43269861646
5483 0.998056261157 0.998056261157
5482 1.76697220068 2.13674646696
5481 1.81120749906 2.06730153225
5480 5.21019118166 5.21019118166
785 0.662009165503 0.662009165503
786 2.95305021989 2.95305021989
7450 2.04879591914 2.04879591914
1728 3.28027368652 3.28027368652
783 0.455136373787 0.455136373787
6591 3.42777230933 3.42777230933
1727 1.58357059774 1.58357059774
5246 1.58024580415 1.65627817784
1722 1.61116156781 2.45921242843
789 5.39464884112 5.39464884112
1720 4.31457365944 4.31457365944
5242 2.00427648321 2.00427648321
7594 1.25761913925 1.25761913925
61 3.49827142062 3.58295161409
3006 1.45441436419 1.45441436419
3000 2.07039955823 2.36257355817
66 1.8896451119 1.8896451119
68 2.00173075119 2.23948168142
69 1.80605391971 2.41904227313
3008 0.996905664142 0.996905664142
7159 1.00537864891 1.35459532811
1370 4.97563330298 4.97563330298
7153 0.793007785794 0.793007785794
7152 2.19243857622 2.19243857622
1584 0.390796838996 0.390796838996
1585 1.05443308489 1.34324204091
6826 1.01755054067 1.10471560108
509 3.63810806164 3.8652146319
1032 1.63497099994 1.63497099994
505 1.36515535185 1.36515535185
502 4.12259666638 4.45077591688
1037 1.93393682885 1.93393682885
1212 0.753078487994 0.753078487994
1210 2.99394771242 3.02178293591
633 2.03390406611 2.03390406611
1216 1.44417832193 1.65097326924
635 2.00158565494 2.00158565494
638 3.60615941346 3.60615941346
1218 1.03970219622 1.03970219622
1219 2.11414943743 2.83014981565
6521 2.06054990243 2.45754219628
7484 2.67313954498 2.96604444299
7487 3.84000907752 3.84000907752
4379 2.48652976051 2.48652976051
7483 1.18794607485 1.1879666043
5659 2.05204898192 2.82153763785
5655 0.811054304257 0.853527471808
5652 1.44137935296 1.44137935296
4377 5.41054206842 5.41054582924
2899 3.41464713035 5.33326425955
2895 0.629049185367 0.773215792837
2891 9.16146978566 9.16146978566
2890 3.49503922175 3.80393198302
1106 1.69745959789 2.25014614901
1455 4.75996234014 5.31364554492
1102 3.50710308834 4.95299650574
1103 1.36102367683 1.36102367683
1453 0.712293800836 0.827428586755
1458 1.97538411557 2.55540787479
1899 2.76191525216 4.07471146763
4082 1.43618742422 2.26927462964
3868 1.70304403006 1.94457004469
4088 3.60906057824 3.60906057824
5241 1.49410756825 1.49410756825
3738 1.16521025919 1.23467606198
3866 0.0789523913274 0.0789523913274
3864 11.2338704805 11.2338704805
7073 8.43228778541 8.43228778541
3735 3.86054179121 3.86054179121
5729 2.60089094727 4.0568345945
6419 1.03539430776 1.55413779587
6418 0.983045589947 1.05202335118
6415 1.92487260978 2.37552260938
5723 2.28196222304 2.28196222304
5720 2.16571744339 2.38511802186
5721 2.66217417918 3.04540248825
6411 4.41082619081 5.22192110395
5727 6.63543815377 6.63543815377
5724 1.78669890629 2.15901417807
5725 0.32388361128 0.32388361128
3913 1.45085118306 3.59771723474
3912 1.65507464856 1.72074387195
3918 1.69159756976 1.99695330111
6732 2.75845257206 2.75845257206
6734 0.657578298127 0.657578298127
6736 2.6837460842 3.63961625846
6737 2.61430399906 3.45447450638
6738 3.49547475309 3.49547475309
4796 1.66489906878 1.66489906878
4790 1.63529570467 1.76819769257
5836 3.08027431498 3.08027431498
4153 1.91388083778 1.91388083778
5834 3.69686107277 3.69686107277
5835 2.39638389436 2.49352085151
4154 1.348929178 1.348929178
5831 0.122650640428 0.199608467621
4159 4.72828259883 6.23578586169
4698 4.29260517047 6.34579420948
219 2.7262575983 2.8427972164
7464 0.584976225301 0.584976225301
6087 2.5224268381 2.5224268381
6084 3.15386882341 3.15386882341
6083 2.71583020231 2.71583020231
6644 1.14188279926 1.3281063465
6640 3.3449752795 3.55445286397
6642 1.75818447734 1.75818447734
5902 2.73000462132 2.73000462132
5904 1.25342657078 1.25342657078
5909 2.71708667837 2.71708667837
6497 0.22527116587 0.225307414613
3488 4.53601931825 5.28726922904
3481 5.10947808531 5.43740482665
3480 7.59295635403 7.59295635403
3482 3.34985963722 3.34985963722
3487 5.00018113067 5.43272262615
3486 3.91669057026 3.91669057026
4566 2.51201976205 2.51201976205
4565 1.13808672318 1.21204421171
4569 2.08139134242 2.1251612813
7080 2.96311641488 3.48196103567
2551 2.49480104419 3.83783551998
2552 7.57523788806 7.57523788806
2554 1.4912739228 1.76514668753
2555 1.4914348102 1.4914348102
6396 1.05636898236 1.05636898236
6397 5.63128981556 5.63128981556
2397 9.99056848297 9.99056848297
2394 1.11022544787 1.55081733156
63 2.364653642 2.364653642
5013 2.37858385901 2.37858385901
5014 4.93260028673 4.93260028673
2771 1.82198968837 2.75530957506
2772 1.75461565322 2.241802143
4897 1.49158006692 1.57646340447
2775 1.68800499745 1.73807628014
2777 1.45787325444 1.50261831099
1859 0.498186227361 0.666477452736
6260 4.79657343568 4.79657343568
4418 2.01463849942 2.86505942278
4417 4.5717731761 4.5717731761
4416 4.04414617065 4.04414617065
1852 4.43660816564 4.43660816564
1853 0.712045556817 0.836180053494
1855 0.461272747566 0.461272747566
6269 3.35164219495 4.00892049552
5168 1.41559964921 1.41559964921
2171 0.750011219718 0.750011219718
2176 3.04866065636 3.04866065636
918 0.691998298159 0.691998298159
6063 0.75076924879 0.759660239188
4967 2.51091598159 4.23836731263
914 5.639212708 5.639212708
917 2.27696753832 2.27696753832
2179 1.23794812243 1.23794812243
912 1.49263611086 1.74163533832
2603 1.54752754347 1.54752754347
2609 2.64691308574 2.64691308574
1930 7.08722675662 7.08722675662
1937 5.61212217215 5.61212217215
3269 1.49904119591 1.52516419153
1939 3.26562921539 3.26562921539
5127 1.9835364171 2.14970404353
5121 1.84271772973 2.5470314096
845 1.66255095532 1.68803477015
3464 1.59593255721 1.59593255721
3463 2.4097898381 2.40980299726
842 1.76886936762 2.00973788802
7091 3.20959682126 3.20959682126
7375 0.572333465079 0.572333465079
848 1.83890230021 2.17508382277
7012 1.02657808845 1.17247001755
7013 3.78548435205 3.7878512368
7011 0.751848563552 0.751848563552
1731 0.305899140168 0.305899140168
1732 1.97986121742 2.47211204134
5234 2.34713722019 2.34713722019
1806 5.51972086046 5.59749273826
758 2.96293097942 3.31631615893
7088 1.10022208828 1.10022208828
1595 0.725732365171 0.725732365171
6887 0.79658110328 0.802677127456
1597 5.03454814533 5.24668498177
3074 2.17520622758 2.67884142522
3075 1.9646597306 2.14449942878
1592 1.15671334419 1.25248721803
3078 0.285786927646 0.285786927646
3079 2.56866739647 3.49868576766
1599 3.84385395336 4.1046520304
1598 3.35307609316 3.35307609316
6889 1.95217348587 2.03453627804
5344 1.67268297614 1.74517601014
5345 0.363609802889 0.363609802889
7168 1.9102579774 3.05091021212
1021 2.56392185979 2.56392185979
1023 4.60877810653 4.60877810653
7163 1.01374659133 1.01565644889
7166 1.5655195763 1.71789001477
7164 1.56789222569 1.56789222569
7165 5.55666573768 5.55666573768
604 3.14558755852 3.14558755852
4367 2.43221966532 2.71398543868
4361 4.18515385907 4.18515385907
4363 6.9548436529 7.74204915387
4362 2.60162121631 2.60162121631
1203 3.92480658177 3.92480658177
5649 3.22780271964 3.78565774294
1211 1.92176070815 1.92176070815
5641 2.06184818608 2.06184818608
6041 1.2366720804 1.42531280047
5642 1.82682121415 2.17305406495
5646 0.366322033497 0.366322033497
6335 0.758731279474 0.758731279474
3105 2.93849331396 2.93849331396
3107 5.16945278644 5.16991018909
3102 1.23506096992 2.00818342442
3103 0.153812350745 0.153812350745
1112 2.58477266383 2.58477266383
1443 5.99956913673 7.48111687406
1114 6.22822257709 6.22822257709
1116 2.29906168146 2.29906168146
4093 6.65204010899 7.02800579164
4091 4.78624260578 5.59123820906
6332 9.17267757552 9.17267757552
5737 1.74829059574 1.7773948714
5736 0.626608381152 0.626608381152
489 2.56422796074 2.61549895924
488 1.922141921 1.922141921
487 0.464767881265 0.464767881265
485 1.99832730215 2.78216683137
4587 2.7073796635 2.7073796635
480 4.87524956526 4.87524956526
7585 2.85548850232 2.85548850232
6463 0.843499364376 0.987972257644
7580 4.97968790915 6.09791951889
4725 2.89061556401 2.89061556401
4851 1.46266695463 1.5340740192
5300 3.98549837868 5.21950445676
3926 1.07617079537 1.07617079537
3927 2.06127442287 2.67422801141
3924 2.25068446743 2.25068446743
6526 0.26112026208 0.26112026208
6722 1.00016214267 1.00016214267
4782 0.374472598438 0.374472598438
4781 2.83215967939 4.81658181061
4149 5.9666297515 5.9666297515
5827 1.13745870264 1.54787560348
5826 2.50908094711 2.92176686438
4144 2.31295407504 2.31295407504
4141 4.88455171484 5.47799031108
4143 1.21671918967 1.21671918967
3857 4.17373314125 5.31304162907
3855 1.35771374675 1.35771374675
3852 1.27119209313 1.27162301233
3859 4.01561805202 4.01561805202
6099 0.980453043426 1.29191892836
6098 0.248899103966 0.248899103966
6091 3.73471308542 3.87996623487
6094 1.38363461399 1.38363461399
6917 5.24210870647 5.40207575891
6657 6.72903643316 6.72903643316
6655 1.99490111919 2.01012100988
6048 1.40820074469 1.40820074469
6651 2.11792177151 2.11796326045
5915 1.88089003428 2.1914588525
5911 5.07618870965 5.70002360323
4820 2.49622355858 2.7973289101
199 0.878502476762 0.878502476762
195 2.61642036765 2.61642036765
196 5.91561866604 5.91966822802
190 0.913585993683 0.913585993683
6384 3.35782317121 4.26872650152
6387 2.4064996616 2.70747784468
3679 6.03362991722 6.30461478925
4558 1.52172665526 2.14130165679
3676 2.01120520736 2.63963367356
4553 2.48110103266 2.76158822442
4550 4.16880408035 4.44611769601
2541 1.07293974153 1.17216677561
2546 1.17789377936 1.17789377936
2380 1.66917859154 1.66917859154
2383 2.56349835439 2.56349835439
2386 1.3453536187 1.68059485759
3580 0.630518554384 0.810595161445
3583 3.77591002167 5.16617222941
3585 2.91393694373 2.91393694373
3587 3.61154806885 3.74496174409
2761 2.24257855807 2.60691108002
2767 1.73286287199 1.73286287199
2765 2.00080825228 3.04350240611
2764 2.15914860222 2.30649550424
6913 3.28393896892 3.28393896892
902 1.25666445598 1.25666445598
1849 1.85968005045 2.87141855306
6277 0.520639864081 0.525417407036
6276 5.99984402015 7.84753868425
1843 3.25630566658 3.25630566658
4423 1.96326881547 3.09029288863
4420 0.94110704812 1.0469553532
1847 3.66927493735 3.66927493735
6077 2.04076782674 2.79906594389
2168 1.07626071125 1.07626071125
6071 1.71720259452 2.32717614062
6070 6.10931750246 6.10931750246
4951 9.04982831689 9.04982831689
4956 1.28012307888 1.56043576917
2160 1.38819841516 1.38819841516
7309 0.132456082231 0.132456082231
2613 2.61432780635 2.61433039693
7095 0.443610785322 0.443610785322
2618 0.537608819894 0.539312484253
7347 3.10411877773 3.10411877773
7345 7.00000135733 7.00000135733
3298 0.52598280819 0.608564240508
5138 1.48657641473 1.48657641473
3294 0.0844684727512 0.0846542999347
1907 4.66738639983 5.72904614291
3296 4.31871249423 4.56873598824
3297 4.66626238757 4.74501534254
3290 0.371604993151 0.529197628612
5132 1.76604461014 2.57554142924
5131 5.76246039346 5.76246039346
1901 1.92766319804 2.44020981771
3452 1.71071786326 2.4330610873
3450 2.32860869641 2.53360884411
3456 2.67192298786 2.67192298786
851 2.0395130086 2.92532619937
3455 1.01173119766 1.01173119766
3863 1.48183727102 1.48183727102
6 0.784812912368 0.87242192108
7001 1.358793458 1.69138811761
7005 0.627901435438 0.627901435438
7006 2.0772274145 2.49315574015
5229 1.66338092376 2.07526845079
5228 3.58911397446 3.91112740409
5223 2.84880840047 3.33965765359
5224 1.05804192456 1.05804192456
743 4.34282751786 4.34282751786
744 0.982837705937 0.982837705937
745 1.22683648875 1.52744501892
746 3.28509346699 3.28509346699
747 5.30571117176 5.30571117176
748 11.0467758795 11.0467758795
3062 1.89799322309 1.89799322309
7177 0.58539897482 0.771298900642
7176 4.55725473483 6.19803891543
6895 1.55420431877 2.38206445721
3065 5.31301852593 5.31301852593
3064 2.22510395886 2.99998923434
2947 4.55239687895 4.55239687895
3069 1.69387671055 1.69387671055
3068 0.997374504898 1.18943067847
7178 3.13007941225 3.36523344741
2941 3.45280179153 3.56944778067
1051 2.66641045061 2.80587395542
1053 3.57834200178 3.88557389766
1056 1.82608154019 2.18232068371
1057 3.48364609922 3.48364609922
1693 3.18929992695 3.18929992695
2919 0.994646626332 1.08484048671
1699 5.23036220635 5.23036220635
4311 1.69321345865 1.69321345865
618 3.40618740244 3.40618740244
4315 5.57347911497 5.76960050995
4317 2.04860512257 2.04860512257
1797 1.15417938163 1.24175211751
611 2.21838122321 2.97328234703
617 2.86203248539 3.53885947288
7574 0.16484519324 0.164998659446
3118 1.62294672797 1.62294672797
3116 2.88319772942 3.06435527563
3115 1.90859143569 1.97234599921
3110 1.8946721585 2.26499673121
7579 0.887527317124 0.887527317124
1470 2.94211807036 3.22010118936
1474 4.39217562162 4.41625014357
1475 7.67407569977 7.67407569977
7041 3.18406906532 3.18406906532
6143 0.522750739467 0.522750739467
1479 6.82325645553 6.88947221459
5464 1.1150975183 1.1150975183
1301 0.665900444579 0.665900444579
7129 2.13378108612 2.40417610507
1308 2.59841644083 3.58481328117
6410 1.69611971405 1.76887696502
5740 5.72672733186 5.72672733186
4229 1.00089514423 1.00089514423
3597 1.01985290855 1.01985290855
496 0.100195323882 0.100195323882
4227 5.93645013741 6.23632110093
490 4.70549811791 4.70870964485
4221 1.35993683103 1.58522001908
493 3.21893781202 3.47112945695
24 5.55939368744 5.67014555859
25 1.35574960484 1.44953504402
5584 1.42099248603 2.22149839627
22 3.14142257608 3.4326123802
23 3.402102954 3.402102954
7595 0.987903993089 1.23784297979
6470 2.57883431445 3.50652513763
6476 7.38681049428 7.38681049428
7591 0.752205454833 0.905478626948
5589 2.76594119182 2.76594119182
3938 7.43212869573 7.43212869573
3936 2.70653690421 2.72540285069
5265 1.73118557857 1.73118557857
6718 1.35715553532 1.35715553532
6716 4.33817885582 5.03684352652
6717 2.23070919086 2.23070919086
6710 1.87688368151 1.87688368151
4138 3.74019589388 3.74019589388
4130 2.74290073622 2.7705691251
7474 1.39602713769 1.76656498559
5692 2.04280284156 2.64654642362
3840 1.288527101 1.8706623972
3843 6.02203824527 6.10333731356
5691 3.37064002891 3.37064002891
5694 0.471237430587 0.471237430587
3849 1.55566393033 2.16088154847
1872 1.84739287243 1.84739287243
4046 1.90261981859 1.97162513831
4047 5.75561176744 6.31743472197
4048 7.07647738412 7.6621215429
5968 0.0682118120873 0.0682118120873
5969 1.26649576789 1.46661186914
5963 1.7747990461 1.7747990461
5964 1.50130115958 1.50812875072
2289 0.499678569079 0.499678569079
3667 1.20903399489 1.20903399489
3661 3.00327140598 4.01431454956
2280 2.71623454748 2.71623454748
2282 3.4719612286 3.4719612286
5433 5.48710120478 5.53508413126
2287 3.38513439972 4.68363132594
4543 6.59845481472 6.66732803645
4546 0.952235368617 0.952235368617
2579 0.0816669293886 0.0816669293886
2572 2.89096216586 3.18008264285
2570 2.54420369363 2.54420369363
4534 1.25655682539 1.57905282933
2378 4.7334466407 4.7334466407
4827 2.82523130904 3.15674019483
2376 0.89191578971 1.05640861906
2370 1.89611319719 1.89611319719
2373 0.0310388722391 0.0310388722391
3592 1.19439826964 1.19439827033
2596 0.967376000487 0.967376000487
2590 1.19153535811 1.19153535811
3595 1.52609144309 2.38996916894
3594 2.04143266617 2.22497888585
5036 4.1135803629 4.15715651851
6280 2.29548454897 2.61981811328
5030 0.50783004586 0.50783004586
4531 2.59933015833 3.17764527958
4434 0.198750937258 0.198750937258
4437 1.75987553552 1.79356406695
1084 4.45933742724 4.46005393132
4431 2.2622290479 2.2622290479
4430 0.729376040617 0.729376040617
4433 1.50973006932 1.51046543513
6283 1.6939405334 1.78177414733
4438 8.42491954036 8.42491954036
1878 0.616015139382 0.616015139382
6595 2.75707959326 3.79993151738
970 1.45389127345 1.45389127345
5581 3.02960017981 3.02960017981
6287 1.49021494743 1.49022102051
4949 3.00024570076 3.08271717915
4948 1.64051933626 1.64051933626
6282 2.24353905688 2.94244829119
978 0.991611094339 1.07823467211
6043 2.24864091208 2.57854502163
6040 7.78843568914 7.80012628819
181 4.8434065254 4.8434065254
186 1.40595979359 2.19167312528
6044 0.27245863349 0.27245863349
6045 3.2357504622 3.78074936865
2112 1.6406367864 1.6406367864
189 1.75648107117 2.11600974667
2114 2.87508573205 3.13176759569
2115 0.928022816576 1.04664704911
2117 1.60901255694 1.60902440191
2627 3.45574809318 4.02755465359
2624 4.15438709112 4.15438709112
5837 5.72302324504 5.80560772383
7351 3.36775141453 5.29530239484
1918 1.69564051598 1.69564051598
7355 1.57797753279 1.57797753279
4924 2.61354462075 2.61354462075
7357 3.67305953049 3.67305953049
7356 4.19909865407 5.59563710636
3287 4.86751831675 5.70651858642
3286 2.53890229897 2.53890229897
3284 1.92183873793 2.04403384549
188 2.8427889944 2.8427889944
869 2.25821625941 2.44189240068
860 5.46867443617 7.3106146681
3440 3.26382922422 3.873362135
3443 2.15325401661 2.15325401661
2027 2.69593281268 2.69593281268
2750 3.76088917518 3.76088917518
2023 2.25271152396 2.92427226669
2758 2.8546191042 3.01315458827
881 0.694983426347 0.696114846089
886 0.371430347868 0.371430528866
888 1.59284660427 1.66320129533
5217 2.18684867084 2.52471397452
5214 3.73662983696 3.73662983696
5210 1.81453442443 2.03757785177
5211 3.69781066441 3.72515185846
5218 2.53239698684 2.53248024765
5219 7.22873382285 7.22873382285
7504 5.00003077007 5.00072573206
5414 1.51371697732 1.98015170663
777 0.825982792725 1.12932923434
770 3.06903132609 3.30102690531
772 0.888861437565 0.888861437565
7503 1.00388219766 1.00388219766
779 4.49230441185 5.9542019027
7638 0.0485830551579 0.0485830551579
4675 3.34749485874 3.93165270877
76 1.42819345465 1.90914494231
2978 0.47854802971 0.47854802971
72 0.645365004742 0.645365004742
3058 5.9965611863 6.26054431435
2972 3.76655003147 3.76655003147
2973 4.6621902482 4.6621902482
3054 1.7690162714 1.7690162714
3052 1.10762923515 1.45076544889
2977 1.65305765883 2.07819148722
3050 9.00505144183 9.00505144183
2975 3.50973649967 3.50973649967
1042 1.53377627923 1.92673786313
1041 2.11986184896 2.34338299365
1040 0.813781990607 0.813781990607
1046 5.00552796041 6.35908595881
1049 2.54197218671 2.54197218671
1683 3.16666000504 3.16678995175
1685 4.59091857037 5.35821384244
1684 2.73743067026 3.02053487873
1687 2.67238114124 3.31823091727
4802 1.64791861141 1.73171967372
7354 2.98685970768 2.98685970768
4301 1.62926710069 1.70429022492
1268 1.83017057755 1.83017057755
1263 1.97321142022 2.14076082684
1261 2.92665463753 2.92665463753
4308 4.3226903166 4.3226903166
1267 1.58423642169 1.67242437166
1266 3.74137351099 4.53644683697
1264 3.50425850376 3.51266340177
7359 5.60968315956 5.60968315956
3021 1.06232653026 1.31936983047
5103 2.48380218195 2.51993491261
3128 0.994031493301 1.36809232443
3129 0.724324787359 0.859071747233
7619 0.918443632381 0.918443632381
3122 3.56932923804 3.56932923804
3121 0.998209776566 0.998209776566
3127 2.27646690654 2.27646690654
1914 2.54782387542 2.54782387542
1465 2.01177054753 2.16850350513
6065 3.46013124996 3.81470444538
1461 2.66260568461 2.66260568461
1313 2.01652728392 2.22859573053
1312 1.29491695985 1.61802326786
1310 5.99374743751 5.99374743751
1319 3.53871592368 3.53871592368
6914 3.75437448062 3.75437448062
6915 0.668754124472 0.668754124472
6444 2.08695434848 2.69838287818
5750 0.157219863619 0.157219863619
5757 1.58716560547 1.58716560547
6440 3.1059750205 3.56815496517
5754 0.432560873419 0.432560873419
4236 3.81907940924 3.81907940924
6919 4.2688041883 5.49457050818
6124 4.63168788211 4.63168788211
312 1.61211951206 1.61211951206
311 0.755230754998 0.755230754998
316 1.59576191961 1.80753859299
315 3.26595353528 3.26595353528
314 1.99043462029 1.99043462029
6701 0.999200709707 0.999200709707
6703 3.46210118144 3.46227173566
6702 0.931667428471 0.931667428471
6705 5.41958001804 5.41958001804
6704 4.02104920608 4.02104920608
6707 0.50197668064 0.670237254853
7435 2.42082347961 2.42082347961
7436 3.66503419322 4.35823123375
7437 3.07936586794 3.7896723384
7431 2.52523755193 3.43641977201
5685 0.875499945989 0.875499945989
5687 1.54056175161 1.83202218665
5681 1.68700196314 1.76183254409
5683 0.580390067078 0.592969713375
1330 1.77580541141 2.35530334208
6674 1.10405315646 1.10405315646
4704 1.86020391155 1.86020391155
6671 1.34553281118 1.34553281118
4054 2.50087307642 3.15893177057
4053 1.94657759238 1.94657759238
4052 3.56163123713 3.56163123713
4050 1.91053170189 2.11464894421
6218 0.816633338543 0.816633338543
5976 5.99370794655 6.04535539192
5974 0.866137169601 0.904326159311
2299 3.26860441754 3.75131367281
3613 3.62044019433 3.62044019433
3614 4.14289416574 5.18740437783
3615 0.29428904557 0.29428904557
3616 0.14255066764 0.14255066764
2292 3.24313488374 3.24415974873
6939 4.22425457544 4.25404463847
2561 2.01519803121 2.59126829439
2562 3.12246124516 3.96952360276
2566 4.66393613999 4.66393613999
2368 2.50530042694 2.74147057122
2367 6.08599791227 6.48233572378
2366 0.500643548619 0.500643548619
2364 1.37318606001 1.42681000605
2587 3.92505988929 3.92644778122
2586 2.88604103633 4.36332864976
2585 3.60570010395 4.5120096043
2584 1.98637540993 2.41720108483
7294 2.44669233254 2.51792022422
7295 1.15640070723 1.15640070723
2580 4.53689165914 4.53689165914
5021 6.34039692846 6.35799705442
5024 2.51304467361 2.56476569692
5026 2.25331534936 2.46173633502
4441 2.37636653059 2.37657898883
4442 0.964689170578 0.964967555581
4443 3.23640317525 3.23640317525
4444 0.929082410175 1.07583542705
4445 8.54625393589 8.54625393589
1867 2.00542282154 2.02377926531
1866 0.434545778961 0.434545778961
4448 2.82624789096 2.82624789096
3721 3.44500437686 3.44500437686
3722 0.867753968323 0.867753968323
961 2.429515374 2.87196658095
6299 2.14496788304 2.6583476704
963 0.45751511519 0.5226494053
6297 2.81469972356 2.93508261271
6293 1.48425049862 1.48425049862
4688 3.38655985953 3.93129372051
6290 2.06507445017 2.06805628415
2108 2.81821508613 3.53686569876
6059 1.84331377795 1.84331377795
2103 1.46491282905 1.89244447825
2102 1.14893141768 1.24740999152
2100 5.46042280414 6.35576638085
5575 1.7334863618 1.7334863618
2105 1.49689140987 1.49689140987
5117 0.6133062326 0.6133062326
5113 2.77101792142 4.00808012586
2634 4.33824472181 4.74021897664
2636 1.57392451337 1.57394411403
2631 2.84349128861 2.84349128861
2630 2.92372411108 2.92372411108
5571 3.003030723 3.003030723
5292 0.5052856232 0.66107503891
3438 0.912478297257 0.912478297257
3439 0.142882993217 0.142882993217
878 2.08362928522 2.0836408944
879 3.37246461848 3.37246461848
3431 6.23227634781 6.31155260248
872 0.750044090381 0.750044090381
873 0.373862099992 0.373862099992
4592 1.32203018481 1.86658569848
4593 2.40250975406 2.68968078823
2743 0.430683833283 0.430683833283
2033 1.1307086048 1.58919512103
2032 7.63953660186 7.63953660186
4595 1.18851290145 1.56314107402
9 2.31223476723 3.1638873255
4840 0.224037465719 0.224037465719
3097 3.11283946983 3.11283946983
890 0.00256989683015 0.00256989683015
5200 4.19970510958 4.19970510958
5203 3.81963368432 3.81963368432
5202 0.536057342593 0.53833780824
5204 1.28421402656 1.33765195302
7320 4.23932449948 4.94446375485
3545 1.26397945433 1.61442429111
3547 5.61584658157 5.61584658157
3543 1.53259273674 1.53259273674
7323 0.820956429784 0.820956429784
2965 0.182798603769 0.182807265236
2964 1.48500415366 1.79591437239
2966 0.631688539465 0.631688539465
2961 1.54289250518 1.99680373907
762 2.25339262357 2.25339262357
1781 4.1898724068 4.1898724068
767 1.99300083276 2.04691960381
1786 2.89068050808 2.89068050808
7113 3.51789100115 3.51941198837
7112 2.41207150212 2.41207150212
6878 2.01808612761 2.10084155253
7119 2.35849313914 2.77936883565
7118 1.40008365781 1.40008365781
3045 1.08671351609 1.23863492489
6872 5.48164272622 5.63411893572
3046 4.61569736682 4.61569736682
1079 4.03892841565 4.33354398956
1077 2.03249100385 2.03421276133
1074 2.30086140825 2.30086140825
1072 2.94363328072 2.94363328072
1073 1.42972910281 1.43729346095
1070 1.62946726649 1.98606745442
5372 4.97647571539 6.56290138676
7290 5.61577252054 6.88030091388
1678 2.68433093149 3.09677895648
1674 1.04768804192 1.63852016424
678 2.31244001345 2.31244001345
676 1.66603515964 2.28509759738
4333 1.82845132356 1.82845132356
4330 0.195011446236 0.195011446236
3131 4.87561820818 4.87561820818
3130 0.827174796296 0.827174796296
3139 3.23045936617 3.25082992713
3138 0.817661692513 0.817661692513
7608 1.92028923077 2.7950113606
7607 3.96781015881 4.0029696745
7604 4.13630647647 4.13630647647
7600 2.48782233314 2.61395232388
6018 2.44689517723 2.44689517723
1412 4.55342152449 4.55342152449
1413 5.98597904291 6.64401291943
1416 0.533653176802 0.533653176802
1327 2.82247889848 2.82247889848
1325 1.94522695951 2.27771006454
1328 3.01671037276 3.01671037276
6450 1.53920765212 2.04878912266
6455 3.29594436567 3.32497171868
6454 3.52675835238 4.36095565644
5768 4.49214390282 5.0851831528
6456 1.24201617344 1.7040169425
6458 4.61646640173 4.88244895498
4645 0.814126039615 1.02950884285
5762 0.130554826526 0.130554826526
4207 1.76316266525 1.81495812396
4636 4.49438008429 4.49817159662
5565 1.2624732052 1.48522096338
5562 0.976521653199 1.21849022807
1256 0.204956284113 0.205102717624
1526 3.85189055068 3.85189055068
1520 1.6717659202 1.67177501638
308 2.09415754764 2.75545887777
3953 1.86261483023 2.30798367726
303 1.60096480693 1.78053406529
3957 3.17864251554 3.17864251554
307 4.6678491955 5.43074665246
4113 3.99568201137 4.53742022562
7420 4.01136020885 5.52392026217
3340 4.17785920033 6.67589418236
5159 1.54315698582 1.54315698582
2475 2.57090432134 2.94227807628
6601 1.15880671814 1.15880671814
6602 2.1767916949 2.1767916949
6439 2.95017845379 2.98946696271
6606 1.25455711627 1.25455711627
7109 1.11509784956 1.16191230485
6608 1.28057006595 1.28057018243
5946 0.0802095317896 0.0802095317896
5945 0.633831122194 0.759983431101
4064 3.88592941682 4.45068314603
5941 0.973666983928 1.29711311165
2976 2.2503873753 2.57729737829
4068 4.77415197485 4.77415197485
4069 7.93984905418 7.93984905418
5948 3.4423891802 3.50807103547
5949 1.83055518448 1.83055584825
5785 0.860621932474 0.987109247769
5786 1.78877034528 2.19361744315
5782 4.8532685851 4.8532685851
5019 4.99601333597 4.99601333597
3051 2.76355655127 4.26688692247
3601 2.90921404284 2.90921404284
3600 1.34267869333 1.34267869333
3607 4.44555836374 4.48724041441
3604 3.1815577806 3.1815577806
3608 1.2424521969 1.26401433409
5361 1.11696565216 1.11696565216
4894 3.71048534646 4.88948130292
5367 1.74153473283 1.80540647144
6115 3.58639723505 3.61833917739
6117 1.28608289603 1.28608289603
6112 4.39893206775 5.60951297059
2358 1.69056587307 2.05235748897
2353 2.38885993265 2.38885993265
5368 1.49275266278 1.72081433276
2355 3.07124752544 3.41558369585
4450 5.35947467396 5.35947467396
4456 2.50149679772 3.03639890003
4455 8.11848469916 8.11848469916
4454 1.51740146735 1.51740146735
3736 2.82081683765 4.90464913093
4459 1.67078888603 1.67078888603
3733 5.13712406706 5.88651761263
476 1.06452734861 1.51552168696
3730 3.43798902763 3.70564981459
4922 4.07700757153 4.07700757153
4920 1.8875064177 2.34470032115
4695 3.24511951077 3.57776895761
4697 8.95376091775 8.95376091775
2131 2.97927951473 2.9859612789
950 2.15394926653 2.53581622221
4929 4.41227814266 4.96828790668
954 0.0608657555657 0.0608657555657
6022 1.43672093079 1.43672093079
6026 1.38096542812 1.71929298034
2649 2.3754544448 2.3754544448
5167 1.60401527183 1.97666031056
2640 1.76110792413 1.76110792413
2645 2.46546196878 2.71492324661
2647 10.7682186408 10.7682224008
3429 2.30455557646 2.73789422809
3423 1.38916512833 1.61495465837
3422 1.81657404181 1.81657404181
3421 1.10820708996 1.15308512293
3427 2.60623066807 2.60623066807
3426 2.31996308196 2.5905124067
3424 1.76553938307 1.76553938307
1850 0.141441861595 0.141441861595
2000 3.66910792421 3.70001902196
6337 1.5332700192 1.5598142431
2007 1.11762482273 1.23811968923
4859 5.98508986403 5.98508986403
2005 1.60705521509 1.96749140459
2008 0.785427287262 0.785427287262
4415 1.98792779606 2.48087973712
4583 5.17606711524 5.42082221591
4582 1.9887201383 2.18229243609
1269 3.13167832876 3.17657794901
3554 0.409152650331 0.409167389945
3550 3.81277515864 3.81277515864
6966 2.1921682315 2.1921682315
3558 2.59315339125 3.27660112237
6061 1.95035566193 2.3291303572
2911 0.869137963935 1.16633923579
1799 1.25703472683 1.25703472683
2913 1.35198818724 1.65843704109
1793 2.18397939816 2.40518510524
1792 2.49270341472 3.14011997844
715 0.717612314674 0.717612314674
714 3.12681759428 3.28836096326
713 1.24178348736 1.24178348736
712 3.89172480836 3.89172480836
4966 1.20966791582 1.53233304404
7127 2.9996632568 3.37291283971
6840 0.863677173332 0.863677173332
7125 1.90394320926 1.98899551661
7123 1.32109712281 1.32109712281
6844 1.82760161086 1.88305167922
7121 1.21464102376 1.49787919498
1069 1.21197925478 1.40416474455
1068 9.00309919719 9.00309919719
4964 2.0637209237 3.01584545081
1061 6.58085239093 6.58085239093
5301 2.16421323756 2.16421323756
1668 0.379029635968 0.379029635968
1665 3.5265472461 3.5265472461
4960 1.78960054585 1.78960054585
1662 2.6213920499 3.60693008594
591 2.31295646071 2.38033650417
590 2.30320796812 2.76311054992
592 9.1585078162 9.1585078162
594 2.4480663778 2.83713365246
6596 0.0560570973109 0.0560570973109
599 5.00456752239 5.00458428823
4323 3.59565252652 3.89781540347
4325 1.46431074204 1.46431074204
1088 7.45783850633 7.9640019821
3140 3.44467401211 3.44467401211
2821 0.736924205278 0.887930884557
3386 1.54136038912 1.54136038912
3384 1.29230923961 1.29230923961
3385 4.96712750405 5.72126705735
5412 3.08634846955 3.08634846955
3381 0.773559838007 0.773559838007
7632 1.86627022829 2.00334944352
3389 4.16514164006 5.66804272952
1408 2.51251361585 2.51269723714
1406 0.325859963857 0.325859963857
5792 0.501256820922 0.652960338887
1339 4.5391991104 4.5391991104
4210 0.991043925587 1.07978641466
4212 1.49245693904 1.83277024981
1337 3.10405376702 3.10405376702
5790 7.50694331889 7.50694331889
4219 4.4971196459 6.23782906381
446 3.98335592162 5.66648389172
445 0.533911328048 0.556252452804
691 2.56114038882 3.25824668848
5772 3.44265318793 4.29185192137
7515 0.0358153683353 0.0358153683353
5578 1.35189840583 1.65107691158
32 0.767480368344 0.767480368344
31 2.11555799009 2.11555799009
5573 5.3812455492 5.52398267368
35 3.25992626043 4.08407314411
3092 2.29615537154 3.39913748452
3093 3.62476069173 3.62476069173
643 6.99756061722 6.99756061722
1244 1.44456474587 1.44456474587
1531 5.96867621248 6.40690197662
1530 1.69447891185 1.91355949803
649 3.30563360748 3.34465884462
3098 0.614451105539 0.614451105539
3099 3.39198670397 3.40837477396
1539 3.50038309483 3.53593553374
338 0.733638498546 0.733638498546
335 2.77606683873 2.83506681985
334 2.94564441717 3.63042340176
337 0.00308075194416 0.00308075194416
331 2.34891432239 2.68105967195
333 1.63994058808 1.63994058808
7611 1.83138444636 1.983657016
5124 4.82288995536 4.82288995536
4105 0.700200451178 0.700200451178
4106 1.74486121655 2.0809184895
7412 2.08810068369 2.08810068369
7413 4.08951978598 4.08951978598
7410 0.595259295385 0.595259295385
7411 4.4735265694 4.5318857556
7414 1.83500065281 1.83501131994
3897 1.1160652728 1.11606863932
3895 1.74110713651 2.09091037083
7379 5.57161233955 5.57161233955
6611 1.06590910984 1.06590910984
6615 0.901383202791 1.10575798833
6614 3.08570162186 3.08570162186
6619 2.90419883851 2.90419883851
4078 4.14581916201 4.14581916201
5957 1.36325277412 1.55384228122
5956 4.74982921356 5.8784876689
4075 5.38508389582 5.50709158602
4070 3.05179994359 3.83323115894
4073 1.10576539759 1.10576539759
5797 2.65361202047 2.65361202047
3967 4.45853199978 4.90129795601
3965 2.4572285623 2.4572285623
3962 1.544330022 1.544330022
3963 2.45665655022 2.45665655022
3961 0.808397558544 1.03285945542
7278 3.51122803707 3.60022357034
5799 2.80408187591 3.37888898418
3636 2.35783629943 2.67063826071
3637 9.4707128757 9.4707128757
3632 0.879150475632 1.0848206258
3630 1.05857448903 1.05857448903
4611 3.07201261521 3.07201819558
3468 1.54170466182 1.68270583365
4613 1.28707564823 1.38140281501
2345 1.83586151267 1.83586151267
2346 0.260768490278 0.488116015224
2342 5.97902116983 5.97902116983
6107 4.61935070491 5.10075210242
6103 1.85751563174 1.85751563174
6102 0.769367094649 0.769367094649
4616 6.07902577485 6.08803800231
3709 1.74084946284 2.44697100956
1888 1.83954307673 1.87451399737
3700 1.45041224028 1.45041224028
4465 3.26170542334 3.26170542334
4462 0.616873990571 0.616873990571
1880 4.42502993501 4.45068416426
2127 6.82237198595 6.82244256222
2129 4.35013164197 4.79486587457
4665 5.92598863971 6.59244167363
4660 2.81159920831 3.72215030251
943 2.01904428356 2.47315022018
4910 4.12100427985 6.55627353599
4663 1.65949063148 1.65949063148
6038 2.11133422726 2.11133422726
6035 3.0321447181 3.0321447181
2653 1.63650668509 1.63650668509
2651 1.86800445067 1.86800445067
6441 0.119180891108 0.119180891108
2654 2.48947508136 2.6332416778
3414 0.603843573281 0.603843573281
7389 6.0219314939 6.33886693211
3412 5.27099970379 6.16743982691
136 2.05794885263 2.07403358858
3410 1.02044197528 1.05073245323
134 0.356903358999 0.447978710637
7382 3.96912661515 5.31830705839
7387 1.66933781541 1.97009420313
3418 0.0898728334831 0.0898728334831
7385 6.68486624656 8.278932962
6326 0.576602294369 0.576602294369
6325 1.40717911201 1.52163320014
2018 0.00704831563301 0.00704831563301
6321 1.09314574548 1.09314574548
4863 3.02049224672 3.23542309387
2017 7.546145807 7.546145807
4861 3.80742319304 3.99545965482
2011 3.71172744851 5.21937753044
6839 2.3212112872 3.10713848517
6329 4.69122580864 4.69122580864
6328 0.781492300869 1.09988391652
7443 1.89609281576 1.89609281576
7444 1.77451137825 2.02485001088
7254 1.46120230305 1.46120230305
7255 4.22961591568 4.22961591568
7251 0.409312770111 0.573540000975
3565 2.21209297123 2.21209297123
3569 0.370860707801 0.370860707801
4485 0.650560518755 0.650560518755
6564 4.01482418509 4.12263623532
2903 1.79644067914 1.80921474319
2902 1.2606953849 1.2606953849
708 0.515479612677 0.515479612677
2906 1.00005216552 1.00005216552
6853 5.47108507074 5.47108507074
704 3.87666262305 3.87666262305
705 3.67454534583 4.24843203292
706 2.46170135866 2.46170135866
701 2.37749259494 2.37749259494
6560 1.39471978575 1.92277936073
7139 1.36736003201 1.36736003201
7138 1.18223509748 1.18223509748
89 8.46265779265 8.46265779265
83 5.3262016958 5.6322804228
81 1.23957299837 1.71115200086
7135 2.0163195556 2.62481922435
7134 2.12855770644 2.77299795195
7137 1.89268051402 1.89268051402
85 1.76170836804 1.98271303399
5311 1.70461022009 2.43808847738
5310 2.20751305764 2.20751305764
1658 1.84614730206 2.10425186121
1652 0.0583268635151 0.0583268635151
1653 0.918874884803 1.21980028783
1651 1.81720652283 2.3660854427
6583 1.01591244091 1.12798520803
1631 0.762169694728 0.97871088631
588 0.518138702373 0.518138702373
3151 4.08496421106 4.08496421106
3150 1.65975733526 2.02245576732
7621 2.06401821501 2.06403490448
3154 1.93266138963 1.93266138963
7629 5.50663662536 5.86718500134
1437 0.286376753812 0.288751241216
1434 2.82624874777 3.97564500576
3392 6.65568661449 6.65568661449
3395 2.257643751 3.0071441185
1636 1.54173145011 1.54173145011
1430 2.13618667447 2.13618667447
3399 0.503391705993 0.503391705993
3398 4.84102418126 4.84102418126
1438 3.2189972328 3.71940266715
4260 3.23043470982 3.6688524136
5233 0.968822641051 0.976851160114
4265 1.20902896788 1.20902896788
4268 4.54494900811 4.54494900811
452 2.42518362883 2.63643419641
1345 1.52854804942 1.5993491082
456 1.21132506479 1.21132506479
1347 4.48892011485 4.48892011485
6921 1.43571513235 1.59293487467
5546 3.3234263019 3.3234263019
5545 1.00232449778 1.0542263375
652 4.46289770749 4.46289770749
650 1.26527325398 1.2655088712
1508 0.0910736383257 0.0910736383257
4461 1.58577823581 1.85972310622
3081 1.26129247703 1.26129247703
659 3.09861007421 3.45480751087
5890 0.135703842892 0.135703842892
5891 0.566147977681 0.566147977681
5892 3.73420834831 3.73420834831
5896 1.68079477281 1.98069464387
5897 2.67722806148 4.19255191235
5898 2.44862115366 4.07384776882
5899 3.33886168225 3.33886168225
948 0.174594163473 0.174594163473
3882 4.16488567325 5.24552323606
3889 2.49771507911 2.87390037277
4916 4.67535377447 4.67535377447
7404 0.0550337161475 0.0550425494529
7407 1.50102365482 1.58066116402
4911 2.74865060541 2.74865060541
4008 5.22588433046 5.22588433046
4004 1.17674328893 1.45261667018
3970 3.25420985837 3.25420985837
3973 1.67850121582 1.70526296656
326 2.07128768651 2.07128768651
3974 4.29938411441 4.29938411441
324 1.29474456258 1.29474456258
328 1.08905912964 1.09201736925
3621 3.9788250544 3.9788250544
3070 2.35024156664 3.48682198937
2332 0.786219729333 0.947720738784
6136 2.64648764247 2.64648764247
6883 1.9508792873 2.64455947034
3713 1.92236843665 1.92236843665
3719 2.16782688506 3.73771558478
4479 1.62372881815 1.62372881815
4470 3.1450397106 3.17168420923
4475 2.41262191753 2.54321377431
4474 0.305575313709 0.305680395142
5763 1.57945555015 1.57945555015
6007 1.39688023056 1.46999868643
6004 4.6232623857 5.26471165024
6000 7.50117503881 7.50117503881
2489 2.77292103167 2.77292103167
2950 4.33872842219 4.33872842219
2484 1.78206202045 1.99977044657
4673 5.44468910333 5.44468910333
4670 2.08742962045 2.08742962045
3252 0.934402306763 0.965049285438
2245 1.34213813882 1.54745418182
2246 0.802798258425 0.819231199562
2247 0.910340247166 0.910340247166
2240 2.3872786954 3.39038456929
5179 5.35584849505 5.35584849505
2242 1.96075367123 2.73462607498
7394 0.000969613344909 0.000969613344909
2466 2.09935232737 2.15895695365
996 3.80829561303 3.80829561303
7391 2.57872008488 2.57872008488
993 6.85432052166 6.85432052166
992 2.53124887088 2.76917012623
5144 1.58263586015 1.58263586015
2469 3.1814673827 3.85279664047
7535 3.22830077212 3.22830077212
122 2.58966712474 3.11303177485
124 0.820416868434 0.820416868434
3404 1.72402817576 1.72402817576
126 2.49989129702 2.53936217242
3409 6.39207474297 7.03515177181
3408 4.50370219913 4.50370219913
4875 0.361247289381 0.361247289381
4871 7.0973928956 7.1990265212
7438 5.22208297363 5.22208297363
4878 2.45242593774 2.45242593774
2069 3.72727867301 4.01955168522
7533 1.72989679985 1.72989679985
5424 1.51772483498 1.5178457326
2062 1.27664208382 1.36709879243
6319 4.4987801275 4.4987801275
3413 1.25479963903 1.26337914519
5423 1.15221347136 1.3937224686
7247 0.137663206517 0.137663206517
5099 1.46326216308 1.86914601646
3578 1.4586314874 1.62638169732
3571 1.47894792694 1.60300218578
3573 1.64063703961 1.64063703961
5097 0.00260700909963 0.00260700909963
2665 4.20776752848 4.20776752848
4492 0.182251339599 0.182251339599
4490 4.41355481871 4.41355481871
2669 1.45188366523 1.75930567222
6823 2.55235864436 3.23514987651
6824 1.36374153884 1.36374153884
2938 2.73009323207 2.73009323207
6829 1.36231711705 1.53159705405
2935 1.99915155814 2.16654229123
5326 0.63986071663 0.63986071663
5327 0.000492060687938 0.000492060687938
5325 6.38320852081 6.50780788936
5322 2.30262602089 2.30262602089
5320 1.19281964864 1.19281964864
5321 1.12330932361 1.21364515914
5328 1.26864051659 1.26864051659
1643 1.29712775092 1.29712775092
579 2.65255069625 3.08414795729
573 1.98534238272 2.32970387741
571 4.88940551578 4.88940551578
577 2.10332659721 2.10332659721
576 5.26471874626 5.26471874626
575 1.91201416565 1.9597481757
3169 2.6929893579 3.48478252071
2803 1.62268181252 1.90588581814
2800 1.82153883222 2.06271129482
3165 1.44768649772 1.96020995515
2806 4.89034737904 5.49297742662
2805 3.95823663383 3.96333281677
1421 0.500099761333 0.500099761333
1420 0.992003122097 0.992069490671
7094 1.9984995671 2.66497531854
1422 2.77104322386 2.77104322386
3368 2.35205438728 3.13274428888
1424 3.39188559695 4.05768711231
1426 5.16251193709 5.16273223534
3366 3.62346979606 3.67002324673
2404 4.22664333577 4.22666365041
7098 6.58633083729 6.58633083729
7099 2.31418591286 2.43921709922
732 3.00645138983 3.00645138983
735 2.99906955165 2.9990696454
736 7.06292714617 7.06292714617
4272 3.19988529889 3.19988529889
4271 2.09990509613 3.07521269889
1358 0.418410949385 0.418410949385
4274 1.80660315557 2.52984193466
461 2.30560936402 2.30561030491
5555 1.85615801982 1.85615801982
5554 1.22936631083 1.66355880267
6488 3.318533266 3.35309355546
5551 0.210724212778 0.210724212778
5550 1.54323279066 1.54323279066
7384 0.591649885753 0.758841811502
6955 1.86354783153 2.08941936866
6484 2.63354620856 3.07700714276
6285 3.76062120384 4.24894463344
6948 3.77860392619 3.77860392619
1518 1.18849212578 1.41478489288
1510 4.16418897183 4.16418897183
1513 1.71088906336 1.82796069927
1512 3.62582214265 4.20538107583
5885 2.05825425902 2.05825425902
5889 2.09739628523 2.09739628523
6559 3.99865045762 3.99865045762
7478 2.84814643999 2.84814643999
3186 1.90562394319 2.13251352375
3187 3.25232765912 4.65087888276
3182 1.62999813731 1.62999813731
3188 4.52018255602 4.52018255602
6863 2.67738628735 3.16959815028
1896 1.46214197804 1.69346790434
6631 2.74703160892 3.15892061562
4018 3.08648983177 3.08648983177
6281 4.7041350664 5.1119767968
357 0.632841860463 0.632841860463
351 2.44651394783 2.44912003442
350 5.61468839422 5.61468839422
3985 2.47707076011 2.53264194241
3983 2.49490764634 2.49490764634
4855 1.152112222 1.42834791549
6126 6.84162057905 6.84162057905
6120 3.56808582031 4.40873877926
4706 2.08264704553 2.08264704553
4705 1.27996231231 1.27996231231
2320 2.59352398329 3.93053703745
4703 1.05655455756 1.08063075773
2329 3.14074499767 3.14074499767
4709 2.13797698816 2.59332608743
288 6.54038637588 6.61591114155
3619 0.580997776054 0.580997776054
5 0.0740152379185 0.0740152379185
284 2.86380836476 2.86380836476
3760 6.12527430242 6.54823370747
3765 0.920970974102 0.920970974102
262 0.354122109473 0.354122109473
260 5.17752363761 5.17752363761
267 1.99710764382 1.99710764382
2499 1.64746885405 1.83178095883
2498 2.0877596298 2.21065498113
6013 0.472509135067 0.472509135067
1296 1.55425091537 1.55425091537
7253 2.83458119404 2.83458119404
2495 0.602144527936 0.602144527936
2494 2.85852248234 3.32690486722
4644 4.83469428545 4.83469428545
2496 2.00436787285 2.77604031589
2259 2.57273911794 2.69061353442
2254 2.31076471467 2.85701560242
5060 6.47851953417 6.47851953417
2250 2.38240768447 2.99861883413
2477 1.45789830638 1.55197233742
988 4.04055325656 4.38823910879
5151 1.43766772836 1.83308224525
5150 2.46715911107 2.89501271309
986 1.51629686609 1.79533123832
5154 5.58297067169 5.58297067169
5157 1.54566890459 1.73189398594
2478 2.34796732917 2.54597351747
115 10.0983555378 10.0983555378
7313 3.52140556598 3.52140556598
119 4.29344401285 4.29344401285
2785 1.65609877217 1.65609877217
4801 1.11281671647 1.11281671647
2787 3.66347659308 3.66347659308
4803 0.554453392984 0.554453392984
4805 0.720933213328 0.720934702421
4806 1.9596401214 1.96046580306
4807 2.35263818647 2.71990876548
2788 0.749130291008 0.779871777284
2071 1.2290463298 1.22933727613
6306 4.17723928541 4.17723928541
6301 1.70673000643 1.70673000643
6303 3.50785575724 3.65149023714
2074 1.8320624521 1.8320624521
7272 8.99471701886 8.99471701886
7273 5.33510184947 5.33510184947
7275 3.41254512163 3.41254512163
3502 2.94432366404 3.01495804544
7279 5.28344391198 5.28344391198
5086 1.50628807697 1.67747207625
5085 2.63234855637 2.63234855637
5084 1.07974071332 1.07974071332
2672 1.92870127942 2.03084152272
2676 1.22327979078 1.34386419315
2679 1.13015497788 1.14021852807
6833 5.43447117849 5.43465839231
2928 2.37555850965 2.78575376035
6830 2.28395779599 2.56798093599
6854 2.77429178889 3.32504930017
2923 2.47098853656 2.47098853656
6838 5.26971549969 5.6197362306
2925 0.0452088943521 0.0452088943521
2926 3.69222637238 3.69222637238
5331 5.67501368383 5.67501368383
5330 5.24977248525 5.24977248525
5335 0.461299612189 0.461299612189
5336 1.83994504911 1.83994504911
2907 1.95576173857 1.95576173857
3215 1.88990930329 2.02666975152
1984 0.487914738407 0.60227081188
1985 0.0308790425848 0.0308790425848
1982 1.56316709322 1.56316709322
3212 1.51977112899 1.6591687419
1638 0.415787915274 0.415787915274
5371 4.56266652551 4.84481811197
3218 6.18282904483 6.18282904483
3219 2.00736917912 2.6060910132
1989 2.38539362252 2.48944804569
569 1.30121470322 1.61115982693
560 3.50170120982 3.50170120982
564 4.00012939101 4.43871863217
566 1.7053368663 1.97985986679
6543 8.88247589866 8.88247589866
3173 0.45615205512 0.45615205512
7081 0.752134503094 0.752955304936
7030 2.28850731702 3.19201934176
7084 7.73864717559 7.73864717559
3376 1.33106080839 1.33106080839
3374 4.64952372033 4.64952372033
5421 1.05220209024 1.62111453229
3372 4.99987234825 6.41395946148
1180 6.05809299564 6.05809299564
1181 3.74482489085 3.74694586327
725 2.50003762769 3.19283436951
723 11.2957087272 11.2957208914
1746 3.24604962008 3.24604962008
1740 0.757241261918 0.757241261918
1742 8.83692685866 8.83692685866
5499 0.160761234986 0.160761234986
1165 1.24672975316 2.6889495923
1166 1.57432465475 1.57432465475
7587 4.54888876859 4.98456234962
7291 5.55027144419 5.55027144419
4247 1.75542006155 1.99222459583
4245 2.44698521814 2.44698521814
1168 1.63422599681 1.63422599681
1169 2.16584115942 2.16584115942
4240 1.6340465825 1.98590957359
5521 1.84866994369 2.08499550563
5523 3.85198763639 4.05064202768
5526 2.01537729017 2.01537729017
7130 2.12577514634 2.493991859
6941 4.54563504821 4.54563504821
6940 1.37536192011 1.37540589953
7132 1.49930662266 1.49930662266
47 6.85391662015 6.85391662015
7297 1.13491572415 1.13491572415
41 5.21131367859 5.21131367859
1569 2.47936993774 2.7385647525
1365 2.29538152569 3.42546831003
5492 4.43199395959 4.70901318626
1292 1.72155182786 2.08648718994
1561 9.00465959568 9.00465959568
1563 2.58484084367 2.58484084367
1564 3.39924995982 3.39924995982
1565 0.184044460269 0.184044460269
1295 2.50286056875 2.50286056875
1712 1.88452120638 2.3211381794
475 0.0436042048267 0.0436042048267
5250 0.997455531692 1.08062871745
1789 1.61384351086 1.87021766765
4399 4.52494692276 4.67919038084
7460 3.35988290742 3.40007861509
5638 3.23536830525 3.23536830525
6541 2.65345180575 2.65345180575
6540 3.30125789794 3.30125789794
4391 2.32429608827 2.32429608827
4392 3.50722181591 3.81439792243
4395 1.60677042619 2.0238576415
6549 1.22835909929 1.96699223061
5633 11.2658231027 11.2658231027
473 1.55738813796 1.76418208019
3195 0.620397504525 0.620397504525
1862 0.281567701109 0.281567701109
3193 3.50565983403 4.24454608118
7465 2.10658643049 2.46504335235
3190 2.00787552387 2.35759466221
3728 5.8901729831 6.21803993932
3198 2.1905483806 2.24005509629
7466 1.85470158266 1.97905612452
1368 0.816994735144 0.816994735144
3729 1.05750141201 1.05750141201
2.3484380943 3.10722366895