4447 5.23566049027 5.46361277983
4023 1.52402801312 1.66991785495
5988 0.869536083004 0.869536083004
346 1.590925192 1.73126546798
347 6.02116147331 6.02116147331
7513 1.06228893776 1.32432352832
7512 3.00587009103 3.00587009103
342 3.03407281415 3.31880642178
343 2.34532550208 2.43917467289
3996 1.72285219303 1.72285219303
3995 0.796811970421 1.04904765166
3994 1.36311990221 1.45258287332
348 0.88837859811 1.18144625398
7518 3.27933057235 4.1063306215
6150 1.2526757247 1.55065391098
6154 0.489409260972 0.593158574048
6159 0.581610293899 0.581610293899
6796 2.15099283892 2.90373556285
6797 8.37133723473 8.37133723473
4730 1.52579780991 1.52579780991
4736 1.87488338448 1.87488338448
2319 0.986415330077 0.989051994689
2313 6.02582770986 6.0261990075
2310 2.35755139103 2.35755139103
2311 2.62615357779 2.62615357779
5851 0.629262499263 0.80801211988
299 1.25198815585 1.48893419327
7627 2.48096825591 2.48096825591
291 3.43631936705 3.43631936705
4656 3.5042686713 4.26322502097
274 6.27331099118 6.27331099118
276 2.90563629916 3.79207426403
278 7.48073440994 7.48073440994
4836 1.00488363945 1.1119533053
6584 8.49728095682 8.49728095682
2262 1.18649473621 1.27314947768
6190 4.51018398443 4.51018398443
2266 5.08870288869 5.08870288869
2443 1.72648079697 1.72648079697
6055 0.234329221556 0.234329221556
108 1.59139043226 1.59139043226
109 0.154010310884 0.154010310884
107 4.03451732534 4.03451732534
4813 1.73683388427 1.73721805986
2047 9.71522157496 9.71522157496
2045 0.989514928642 1.03684512166
4817 2.99771882937 2.99771882937
4816 1.93590807766 1.93590807766
2040 2.38383069143 3.07177256585
4819 1.53881098715 1.75942763252
4818 9.94811080772 9.94811080772
1297 1.69755220501 1.90171209194
6378 4.34584352513 4.8227879255
6379 1.45245535662 1.7830425032
6053 0.644272981831 0.644272981831
5828 1.22996972076 1.22996972076
6372 0.918339090369 0.918339090369
6375 1.75163515675 1.75310368533
6377 1.90781445879 2.20796441629
2838 3.81015420391 3.99500849167
5363 3.7796001741 4.3285792624
3519 0.152473264458 0.152599801773
3510 1.43366048916 1.73549933189
3517 1.55356291836 2.2126285051
3516 1.77938185056 2.40401453551
7263 1.19225813426 1.19225813426
3514 6.02317800937 6.15230662067
6201 3.00636924496 3.00640980045
6202 1.48336729097 2.21342320802
2685 1.46572442933 1.64139497603
2687 5.23174927466 5.65916016204
2681 0.844768102525 0.978781928658
2683 1.05329952275 1.29205417621
5406 0.961086072272 0.961086072272
5119 0.228886298915 0.229497861451
6802 2.20484000193 2.20484000193
6800 0.775787274696 1.05184931115
5293 8.26651270733 8.26651270733
5404 0.928042164234 1.20171754407
91 8.14491433689 8.14491433689
93 0.430924708217 0.430924708217
95 2.16647906972 2.16647906972
97 2.06329704568 2.06329704568
5402 7.06924023522 7.21989132102
5182 4.33114762794 4.33114762794
1622 1.32206008728 1.61497386459
1992 1.57160699746 1.57160699746
1627 1.79365447488 1.86875649658
3993 2.22293953456 3.0933182842
1629 3.0783438115 3.0783438115
1628 3.21191737799 3.49909729741
3209 0.472096779479 0.472096779479
2860 0.170337487749 0.170337487749
2861 5.15625005341 5.3787302743
2863 6.70693883499 7.34645692696
2867 1.34358724556 1.77744696787
555 1.78595504061 2.04062334478
554 3.18567153567 3.18567153567
551 0.533888588435 0.533888588435
550 1.26587562505 1.6963263212
553 0.259989265511 0.259989265511
552 2.99551302399 3.16041411276
7142 2.2533667815 2.74633410238
1199 5.87958501012 5.97625624182
5459 1.00785018342 1.00785018342
7079 2.3883224669 2.38834991698
7074 0.672127904151 0.672127904151
5451 2.49875488485 2.49875488485
1193 2.78507273004 2.78549784967
3341 3.65153233597 4.18874645497
5454 3.05112149881 3.72455354712
3347 2.12828750091 2.20960432376
1197 4.64270862392 4.64270862392
3345 5.10603073881 5.13014691752
1754 3.93354680696 4.57039583775
1752 0.400655402081 0.400655402081
6976 3.16362267094 3.16362267094
6975 0.776644828837 0.924022352043
6971 2.19232408265 2.38758527739
4253 2.49520642983 3.31012694953
4252 2.08849295525 2.2870401939
5531 0.448475166276 0.448475166276
5538 0.0846446529984 0.0846446529984
1285 1.3561021646 1.67520449508
1284 3.27036371195 3.43772752573
1287 4.56876065197 4.77017339741
1280 4.57812258392 4.57812258392
1283 9.42792790248 9.42792790248
1289 1.05798533442 1.06386020828
7188 5.11676018307 5.50730907043
1579 3.33128074866 3.69880429201
689 3.39471294152 3.98470555607
684 2.14997290102 3.56829358642
687 2.2235504328 2.41846202565
7183 0.935194335625 0.935194335625
681 2.16392718737 2.16392718737
683 2.31480150995 3.39977024981
7187 0.171924961071 0.171924961071
458 2.54222959017 2.54222959017
6006 1.99772709736 2.39455667361
1222 8.63560066315 8.63560066315
4388 1.93345308936 3.0611380228
6576 1.65000627416 1.65000627416
625 2.43249446891 2.55911962085
6574 1.51164146656 1.81987382391
5627 0.951171039313 0.951171039313
4382 2.31463081939 2.92081455562
7459 0.614052326104 0.841278736534
1371 2.25409313459 2.25409313459
406 0.871134991533 0.871135486008
405 1.84656208525 2.48689339769
1374 1.568276689 1.78326923862
3834 2.99634749336 2.99634749336
628 8.35179008642 8.35179008642
3831 0.509312850386 0.686537799959
3832 3.35809360053 4.50903566208
3838 3.53168851321 3.53168852984
6794 7.61450601032 7.61450601032
4844 1.08920537482 1.08920537482
5990 1.96138746391 1.96138746391
5992 6.69501891856 6.74006293232
379 5.04911311389 5.04911311389
7527 2.72550504419 2.72550504419
7525 2.99996650347 3.21995742106
370 4.81678064568 5.47624026769
373 0.505822150879 0.505936216514
2038 3.16511162143 3.16511162143
374 5.54880215528 5.54880215528
376 3.59800227254 3.59800227254
6530 0.65271205196 0.796943145823
393 1.79688797799 1.79688797799
391 1.12965134659 1.61703627335
394 1.27251773633 1.27251773633
6148 2.50103646257 3.1836924436
2309 5.52129669804 5.52129669804
6780 3.87178838905 4.61306904054
6782 1.21528275731 1.21528275731
4728 1.34537103188 1.34537103188
6787 1.74285625873 1.74285625873
2301 4.00814610697 4.00814610697
4724 3.36569244019 3.36569244019
4727 0.825183664026 0.825183664026
2307 6.43837824596 6.43837824596
5846 0.776948885218 0.851484224406
6538 3.3072894166 3.88344576405
5849 3.05254937076 3.5432832399
3748 2.63545371327 2.638149769
3203 1.50683847138 1.89199503059
3745 1.16531853036 1.16531853036
3743 0.266003998643 0.267353652911
247 0.751567430867 0.751567430867
4623 2.34920127499 2.549811071
4624 3.17803186914 3.3308868923
243 1.16747420709 1.16747420709
4629 2.45061040014 3.98939251453
2272 1.09185504179 1.09520971994
2278 2.72366223784 3.19968228101
2459 0.547308752065 0.547308752065
2454 1.28566294464 1.28566294464
2451 3.29659864302 3.29659864302
2450 2.4710067948 2.79841862887
172 0.133799349854 0.1402381209
171 2.21546378006 2.6938812987
2050 2.72745361772 2.7741261767
4538 0.634860404558 0.818394940064
4828 0.9505583578 1.18224988271
2059 4.00126916428 4.0330256895
2058 0.306953946078 0.38408210724
3692 1.58506836185 1.58506836185
3693 1.42319555607 1.42319555607
4530 2.70421370364 2.70421370364
3695 2.17285599196 2.17285599196
3696 2.14544357516 2.14544357516
4821 1.27792894956 1.51066488768
6369 2.32438546053 2.36218236101
4983 2.53828407611 3.36600267015
7337 3.00124514214 3.00124514214
1504 3.0591101183 3.0591101183
3522 3.46899929573 4.87292454944
3523 2.30292069051 2.73570795361
7043 1.18771767203 1.50379873371
7218 3.13899727981 3.13899727981
7215 1.31730589889 1.41156978853
1601 4.93288023569 4.93288023569
6215 0.515281333486 0.557459876255
6386 3.44073150827 3.50364836332
2699 1.12884772779 1.12884772779
4651 0.471668528326 0.538079785822
2693 1.29320927015 1.36462010349
2690 0.443772068263 0.559617377572
6819 2.09160868336 2.09160868336
1605 0.121350665903 0.121906958164
6814 0.366692281628 0.366692281628
6817 5.91219822812 5.91219822812
6816 1.24606546779 1.24606546779
7326 3.08034707686 3.68263506605
3231 2.18507390311 2.51865767022
3236 4.08069489802 4.08069489802
1969 7.32422757205 7.32422757205
3235 3.99492132314 4.16545413489
1965 3.89391951527 4.2834536145
1966 1.04631567416 1.64584375305
3239 2.62416944505 2.62416944505
5191 5.33816349762 5.49813341955
1962 1.40315488595 1.4378627568
2877 4.65013579681 4.65013579681
3355 1.55175421916 1.55175421916
3351 2.09529498533 2.33348346484
3353 0.00233863783266 0.00233863783266
3352 1.20102542217 1.29695248153
7063 0.575532116114 0.6100177251
5446 1.76931925608 2.21715258392
7060 2.16951321602 2.35555742043
1764 9.07609746673 9.07609746673
1788 0.479996434562 0.479996434562
1145 1.46322535139 1.68381623247
6968 1.3394998745 1.37364478
1148 6.35663132414 6.45753220006
5509 0.211478743808 0.211478743808
5506 1.51869288225 1.51882393819
5507 2.32667957419 2.95958410766
5500 0.586327184467 0.586327184467
692 1.75405024445 1.75405024445
1547 2.27638871254 2.33413204499
1544 2.89813071659 3.01320100303
1545 2.01016544707 2.41422873732
1548 5.19065249152 5.19065249152
7199 2.16922436402 2.16922436402
546 3.12382516089 3.12382516089
544 1.29000023984 1.52839278105
545 1.14176753113 1.24883769028
549 2.17622627989 2.5002783976
7194 5.08811346692 5.08811346692
6886 1.65435480748 1.65435480748
7564 1.45559301885 1.56810857171
764 3.12687459793 4.35265350654
6406 2.4638000104 3.30873854474
5618 2.15443015516 2.15443015516
7442 1.94674660841 2.53039453956
6568 3.25019095352 3.25019095352
5477 1.99782667476 2.08439757348
5612 0.0486565645333 0.0486565645333
5613 0.869608945374 0.869608945374
6405 5.63371321534 5.63371321534
5617 7.39769747865 7.39769747865
6562 1.4920900396 1.7121975148
7398 2.8106346394 2.8106346394
5475 1.89977314902 1.89977314902
410 1.82797591446 2.38192623343
1389 2.30253737108 3.06433181672
412 0.639436084161 0.639436084161
1384 3.07066303633 3.81888807588
1387 3.25253637347 3.9357874481
419 0.932032493836 1.09290257181
5003 2.4676296216 2.74915245964
3823 6.77391931049 6.77391931049
3821 3.09119666142 3.09119666142
7114 2.91410488441 2.91410488441
3828 4.18094129037 4.18094129037
5000 0.870981283623 0.870981283623
7482 4.32083588357 4.32083588357
4282 1.97514970202 2.23726959782
4280 0.713793483997 0.871267529417
4286 2.24469343659 2.24469343659
7538 3.38107530145 3.38107530145
369 1.26525353512 1.70758992993
366 1.71844956904 1.71844956904
7534 1.59184980564 1.59184980564
364 0.0667099197856 0.0667099197856
365 2.30018931423 2.75896581307
362 1.08239793309 1.08250004041
5009 4.02543829533 4.58672950552
360 1.20827926787 1.20827926787
7532 0.643320505382 0.643320505382
380 1.48423701272 1.70721906309
381 1.70304183428 1.78263502181
383 1.53497884327 2.10210046762
384 2.61760482677 3.65039640842
6178 1.36043660262 1.36043660262
389 0.586822152947 0.586831032009
5271 0.327743899328 0.327743899328
6778 3.04646985365 3.90169435594
6779 0.606159422325 0.617310034687
1369 2.6329842628 2.96446440609
6774 3.09362350014 3.1309642459
6775 0.623348791879 0.75112641252
6770 7.43894932501 7.43894932501
6772 0.834078386736 0.834078386736
4757 1.49790282996 1.49790282996
5870 1.64417511257 1.644193392
5876 4.41739770096 4.66765486902
5374 0.758507831103 0.758507831103
5879 0.323972708096 0.323972708096
3758 1.53047973166 1.67259952681
3750 1.40573802578 1.40573802578
3753 0.177224700091 0.177224700091
3755 3.4296953407 3.96639412656
2192 1.49110353834 2.12251966136
259 6.18388109783 6.18388109783
4637 4.38805476728 4.38805476728
2195 1.90078118908 2.49151123425
2196 0.0564667100027 0.0564667100027
2197 1.75291952722 1.93039174733
4638 2.08688356607 2.46021304453
256 1.90218969783 1.9022344654
2200 7.21742929614 7.21742929614
2201 0.736411528599 0.736411528599
2202 0.929832674452 1.01310493149
2204 1.41125903888 1.63923494958
2205 2.82606764237 2.82606764237
2209 2.38551906252 2.92119217918
6689 5.94645118553 5.94645118553
6680 4.99016675736 4.99016675736
2428 3.98134783763 4.00938543163
4812 1.02153982326 1.0216913859
2422 1.65017824632 2.14450973425
2426 3.31211398274 3.31211398274
4810 2.00475091113 2.00475091113
169 2.85394680695 2.85394680695
164 2.0978424424 2.15962744988
160 1.81158290028 1.81158290028
161 2.46652148064 3.09819433515
162 3.1278304345 3.1278304345
3689 0.00291304866352 0.00291304866352
3683 0.835988015089 0.835988015089
4526 1.82040293203 1.82040293203
4525 5.97212229958 6.22322607138
4524 1.22109547589 1.38088759773
4523 2.31719413979 2.74129906185
3685 2.99698367063 3.06843661232
3684 5.12829043939 5.12829043939
6194 5.36437049725 6.08269985519
6981 1.68672554111 1.68672554111
2518 1.42303811802 1.42303811802
1842 2.27057723202 2.27057723202
2514 2.24570615617 2.24570615617
2516 3.44482458788 4.18560018894
6198 5.40533434919 5.41714379327
908 3.79079275188 3.79079275188
6740 2.76033047371 2.76451676813
2730 0.080893168294 0.080893168294
2733 3.21098547871 3.21098547871
4426 1.05849540812 1.15865743357
5294 2.09173828947 2.40288279029
5295 2.06976309195 2.97036457045
2738 2.63889604024 2.78929468974
2739 1.13547795561 1.39609017513
5291 2.94430469557 3.65739125626
1817 0.271249153303 0.271249153303
1811 1.8100108454 1.8100108454
7203 1.39002940366 1.49027080733
6227 4.12351707438 4.12351707438
6228 3.20918110482 3.20918110482
671 0.227461718493 0.227461718493
6993 0.94561567803 0.945631149332
1609 1.2315593417 1.57688227061
7336 2.00277801799 2.00277801799
7335 2.58834733944 2.58834733944
7334 4.56670776869 4.8636864793
3225 1.94372742876 2.68584864691
3224 3.48945214494 3.48952714155
3227 3.51797195354 3.51797195354
1602 1.82069851416 2.3151451047
1973 3.86155808595 3.86155808595
1972 1.29302936941 1.29302936941
7339 2.99912811296 3.32025467849
809 2.04286943156 2.33731893477
801 2.9402244905 3.29295356333
807 1.78943659424 2.0991535801
806 2.53862031176 2.91849238428
2849 6.45868434522 6.45868434522
2846 2.50993913472 2.50993913472
2843 0.966158945105 0.966158945105
3321 1.20626921978 1.41844961861
3323 1.89593066528 1.89593066528
3328 2.31215099623 2.31215099623
5478 0.534806383326 0.75279254276
5479 1.98802302792 1.98802302792
5274 0.0858261301541 0.0858261301541
7058 1.08075533421 1.08075533421
1776 1.01014298501 1.35724282729
1770 2.99614507046 2.9962349113
5272 3.39343742555 3.63389362648
323 5.26915609794 5.75777778621
7052 3.26490578699 5.29248936427
1778 0.647579403896 0.647579403896
7055 0.817477236494 0.817477236494
1154 3.87279922774 4.14552838503
1152 0.484761456752 0.484761456752
5519 2.47606048751 2.47606048751
5518 1.63386516469 1.7312178527
5513 2.71429129677 2.71429129677
5512 1.39413679466 1.69737830244
5515 1.41472390769 1.75369206588
5517 1.80489612759 1.94629834356
1551 9.24420349746 9.24420349746
2999 3.99254512086 3.99254512086
59 1.31937166191 1.31940312599
58 5.53274746398 5.6204976602
55 0.988587493068 1.00959814106
2991 1.31560012931 1.31560012931
57 2.16965252262 2.16965252262
2993 3.47060212721 3.47060212721
52 0.918361204957 0.918361204957
535 1.31021980898 1.39282356587
532 1.59163762705 1.61225025786
531 2.9856859394 3.69985617456
7342 6.49754543145 6.96271039158
538 0.702444024072 0.831773728585
5600 0.321553063077 0.321553063077
5609 4.43288188311 4.43288188311
5608 2.72661558093 3.29771776838
5134 1.17366979183 1.25856263654
1902 1.48689847014 1.79387600159
6517 2.75613173051 2.75615493063
428 1.14976352954 1.14976352954
421 4.07340391781 4.07340391781
420 2.98985881765 3.2888154529
3293 0.143047727747 0.143047727747
1393 2.53257255953 2.53257255953
1391 0.81395146433 1.17736698342
3810 1.82591126348 1.89800631444
3816 1.67973654769 1.67973654769
3814 0.500656368147 0.500656368147
3457 4.51807160488 4.51807160488
6420 0.438205852782 0.438205852782
4298 6.09864127063 6.09864127063
4294 2.03430545624 2.03430545624
4297 1.72035057104 1.72035057104
853 6.5057532477 6.5423915303
6428 1.18628341951 1.18628341951
6429 2.78272679264 2.78272679264
6412 0.212606443185 0.212606443185
7543 0.745610096307 0.745610096307
7547 5.29896037398 5.43462676278
6168 1.94915280837 2.08554770415
6160 3.76302577896 3.76302577896
6162 0.0615482874264 0.0615482874264
4749 1.46436739203 1.49203365084
4748 3.53294437487 4.02950126254
6767 2.303279705 2.303279705
6766 2.50390280223 2.84281226427
4740 3.82210783684 3.93017760053
4747 1.81522335825 1.81522335825
4744 0.976825390384 1.27622539795
5868 1.70262146173 1.70262146173
5865 2.61211160102 2.71664463565
4715 2.63597483448 2.63597483448
2183 2.49253554028 2.94650924707
7059 0.256801036154 0.256801036154
2181 0.629683609094 0.629683609094
2186 0.850537658724 0.850537658724
4606 5.40385596654 5.98679058807
2189 1.99762157625 1.99762157625
224 3.92281027314 3.92849100875
223 5.9322877192 5.9322877192
222 2.01670188386 2.51525978654
221 0.833070167093 0.833070167093
2212 1.79768862609 1.87094998506
2211 0.865501368891 1.13772726527
2210 1.62059828272 1.76099112222
2217 3.17885445273 3.17885445273
2216 2.28399118487 3.92982669632
2214 5.24400377855 5.24400377855
6699 0.726181823868 0.726181823868
7293 1.01854018444 1.1133510014
6697 1.13161137471 1.33089806881
6696 1.17160109783 1.30487677203
6694 0.921232257268 0.921232257268
151 0.793852355759 0.793852355759
155 1.47007507105 1.47007507105
156 3.32964911324 5.01468291351
2433 0.950240640436 0.950240640436
2431 3.07519295578 3.21686129124
2430 2.20694620636 2.20694620636
2437 4.30698897241 4.39698938353
2434 2.01201956268 2.19596981966
6340 3.46484847971 3.46484847971
6343 1.95610346714 2.30308474448
6344 4.36121261271 4.36134562722
6346 1.26054975084 1.26054975084
6349 0.893711959427 0.89434413297
4510 1.51298898192 2.10196479768
6809 2.29745250141 2.29745250141
4514 1.00498999887 1.14288696132
4515 3.52723277598 3.52723277598
6186 1.77848098331 1.77848098331
6183 1.49026032844 1.64991460445
6182 2.55438735758 2.55438735758
2508 3.79745298647 3.92180280403
2507 2.10816569806 2.87051112647
2506 2.78943276667 2.84387952579
2505 3.31229540024 3.35410969729
2503 1.27189709193 1.27189709193
5289 2.25253108011 2.25253108011
5288 1.67510049184 1.67510049184
2721 1.87907130819 2.42391458681
5280 2.51714090076 2.86439382732
5282 1.23687784546 1.23687784546
5287 3.03967969255 3.03967969255
7234 0.285415069237 0.298481384268
7235 6.40240013263 6.40240013263
7233 1.13962427297 1.13962427297
5047 4.21699740477 4.21699740477
5046 2.95684939405 2.95684939405
5045 9.53792727192 9.53792727192
1807 2.36468735811 2.39755990573
3783 1.62483570277 1.62483570277
1804 2.47616861918 3.45661085737
1802 2.02517672555 2.44333217418
3789 2.00424660923 2.00424660923
1809 5.51174734206 6.07476042424
1808 0.930389280095 0.930389280095
4994 2.07725360307 2.07725360307
6239 1.02211254452 1.02211254452
4993 2.20429315114 2.54695538853
4991 3.27335557867 3.27335557867
6234 2.31746759135 2.31746759135
6237 0.184549780568 0.184570958469
4999 0.0734790259413 0.0734790259413
1948 0.617641722004 0.617641722004
7301 2.38676838501 2.38676838501
7307 6.51917638235 6.51917638235
7304 4.61149274225 4.92992307676
7305 0.0341320943699 0.0341320943699
1943 1.0076385817 1.0076385817
1940 1.85408645259 1.85415849754
1941 1.53095380616 1.81859608558
1946 1.02124194698 1.11758677625
810 2.19565627196 2.84067236666
1252 3.3164796576 3.3164796576
812 0.990425690488 0.990425690488
814 1.11804074498 1.11804074498
817 3.52305510847 4.08335227277
2859 0.744969132551 0.744969132551
5183 1.54979941401 2.24198428618
2850 3.31502847542 3.82542001235
2852 1.99135006689 2.2716420782
2855 1.48769524172 1.48769524172
2857 6.35436289107 6.39041690649
2856 2.44420578832 2.44420578832
7045 6.37110810066 6.37110810066
1491 2.88432488963 2.88437177217
5463 2.95862073311 2.95862073311
5462 2.51701541903 2.6266768205
1494 2.72788508539 2.72788508539
3336 2.31641343151 2.98004775517
1496 2.22898289719 2.29604020599
7042 3.31791124351 3.31791124351
1499 4.9682208373 4.99779302671
1702 0.746229594811 0.746229594811
7328 2.93401761744 3.71129373633
1705 1.39301457723 1.39301457723
427 1.84923244608 1.8492534104
4574 4.82434751531 4.82434751531
1129 2.49192053984 2.52852132811
1123 0.724883215511 0.724883215511
6983 3.97993572808 4.18076668078
6982 1.23273108139 1.23273108139
1126 0.189682420623 0.189682420623
6980 3.05298131458 3.16439624178
2982 2.60699965819 2.60699965819
2981 2.18087212335 2.97280189957
2987 0.186236280773 0.186236280773
3022 4.15592327923 4.15592327923
2985 1.91027951446 1.91027951446
524 1.37187139178 1.37187139178
520 1.77354146944 1.8341030151
521 5.48889404206 5.48889404206
523 2.33499551104 2.61097352003
1012 0.782032776638 0.782032776638
1013 0.453458748236 0.453458748236
1234 2.04927326787 2.53180956319
1235 5.77454932575 5.79547125654
1237 0.875545812414 0.875545812414
1230 8.98882649447 8.98882649447
1231 0.267485454072 0.267485454072
304 2.22392218155 2.68615278289
4195 0.210863332032 0.210905142991
4192 0.993899561446 1.10273128799
1239 1.77406439753 2.040815602
5674 1.99750978144 2.58806164049
4355 5.25404249821 5.25404249821
4357 0.382285089925 0.382285089925
4353 2.98489210313 2.98489210313
6507 0.869026148207 0.869026148207
4900 0.230577526265 0.230577526265
437 3.96716343089 3.96716343089
435 0.183236213431 0.183236213431
433 1.89929868873 2.14889076798
431 4.87531482871 5.28268846815
7158 0.64149327346 0.64149327346
3808 6.2693559723 6.2693559723
3802 1.13559476808 1.20277562048
6437 0.518534164548 0.518534164548
6435 1.6559210438 1.6559210438
6432 3.68102358122 3.68102358122
6431 10.5346742318 10.5355430847
5707 1.26013120106 1.62568697257
5700 2.65789287758 3.06223213054
5702 8.06166811235 8.06166811235
6438 0.868617947648 1.01278581644
2868 3.73181918347 4.41957447429
2869 3.51160524279 3.51160524279
7553 1.07462329147 1.42650781804
7551 2.26742151093 2.26742151093
7550 1.6427103031 1.6427103031
7557 1.89393648646 1.89393648646
7578 0.490793485699 0.495322727802
4774 3.19577757217 3.37420889377
4770 6.36783117331 6.36783117331
4778 3.05124326641 3.05124326641
6421 0.111082876836 0.111084394063
4175 0.256677207997 0.279369433892
4172 2.11901987773 2.19608294391
6752 0.145950868333 0.145950868333
6756 2.7190236489 3.77975246078
4179 3.04769661538 4.96222540468
6755 3.59004685839 3.59004685839
7171 5.07995722148 5.48298606163
5815 1.61351976703 1.61351976703
5816 1.67699087319 1.82519765604
4296 1.92519794202 2.36568417515
7173 4.36673851492 4.56084657742
5064 0.661043635043 0.661043635043
4619 0.56571831764 0.789980185073
234 3.27167149145 3.87195725924
4610 0.39230614241 0.39230614241
236 3.12425492237 3.12425492237
4615 1.13229716238 1.13229716238
231 3.36178119595 3.36178119595
4617 1.90601550879 1.90601550879
233 4.82344176208 4.82344176208
7392 3.15480736731 3.15480736731
2223 0.390106587298 0.390106587298
5924 3.05925046866 3.05925046866
5925 1.52255662519 1.9683784487
4881 0.381356206435 0.381356206435
146 0.596931126824 0.596931126824
5356 0.101921404795 0.101921404795
5143 0.220080680344 0.220080680344
4501 1.25288109005 1.25289117959
4503 1.01350550205 1.01350550205
4502 0.490780660767 0.490780660767
4508 2.22047185132 2.22047185132
2089 1.35125913261 1.35125913261
2080 2.47594411682 2.61611754001
3403 2.58626966821 2.58626966821
2538 2.68954741493 2.83195415803
2539 0.249700430056 0.250569872779
2530 2.02180065143 2.3282762792
2537 0.557778054432 0.557940016876
2713 1.00842164281 1.41334546783
5453 9.30488169926 9.30488169926
2716 2.73666648441 3.40812985574
2714 2.12487517474 2.20738387013
2715 4.00245308306 5.99692173149
5078 1.59131612777 1.97730992099
7222 1.40046061752 1.52478780006
5456 2.183911578 2.25321629841
7227 2.08047549364 2.08047549364
7226 2.66862652185 3.47860725779
5072 1.5994855353 1.5994855353
5457 1.57179898393 1.57179898393
5076 0.345805979527 0.345805979527
5077 1.93934201968 2.10330365863
1832 3.29278852816 3.33214884492
1833 0.996216846634 0.997013186453
1830 2.96292591616 3.00133209512
1831 3.08973602841 4.13974690875
1836 0.0779656004532 0.0779656004532
1837 3.51766691399 3.8222357627
1838 1.30582590951 1.30582590951
1839 1.19833571442 1.43574580618
2155 1.6342005234 1.84076891439
2156 2.84835433309 2.84835433309
2157 2.91268029016 2.91268029016
2402 7.94986437611 7.94986437611
2151 1.88418119786 2.07493603353
6240 0.864737966072 1.03887609129
4988 2.18470742064 2.18471916407
7446 0.394457899946 0.394457899946
2158 5.49043434005 5.66709690915
936 0.038976215379 0.038976215379
6246 0.887370168768 0.887370168768
2409 1.21941710759 1.6882094005
5381 4.91459028778 4.91459028778
5382 1.20485258754 1.56711330045
5383 2.48597558771 2.48597558771
5386 4.05445781123 4.05445781123
5387 0.0514796731773 0.0525329045841
5388 0.392098020702 0.392098020702
1691 4.91975567211 5.5659072051
1955 0.854650368081 0.854662950514
1957 1.9153064789 2.16056369604
1956 5.29582383274 5.29582383274
1959 3.1422164363 3.56943702161
3243 5.74208381551 5.76461166723
3242 5.51939900218 7.26906959024
3247 0.884787285146 0.886592761606
7310 1.67576858618 1.95361395919
3245 0.805567254402 1.05918199094
3244 3.9453632947 4.0577718183
826 0.497614463979 0.497614463979
821 1.52577698954 1.67560065931
820 0.970509666248 1.02615526118
1483 0.720698640516 0.720698640516
1482 1.51092379057 2.13220217737
1480 1.74440822001 1.78811764196
1487 1.85816899682 1.93797029363
1486 2.2869354375 2.2869354375
1485 2.03139553848 2.21581337487
7037 1.5742836061 1.5742836061
5496 1.77125247609 2.03751785771
3300 0.852512868676 1.27836898382
5493 2.00364399287 2.35319267541
796 1.23620487772 1.23620487772
795 1.52957787508 1.52957787508
5251 2.89210609271 3.56095886635
5256 0.997099915158 1.23585630117
5257 1.80104606419 1.80104606419
5254 3.75932822244 4.69782312754
1719 0.573617194237 0.573617194237
1718 1.38589926607 1.88078233872
613 0.375591056584 0.375591056584
2414 1.98407885659 1.98407885659
1139 1.80438248521 1.80438248521
1273 6.06946709625 6.15996631105
1995 1.01217655228 1.38469806505
1275 0.0599847910654 0.0599847910654
5940 1.83762084627 1.83762084627
3011 1.80233920958 2.10255464041
3016 2.97665099786 2.97665099786
7141 2.91584325952 2.91584325952
3014 1.32481292005 1.32481292005
7143 0.693196806636 0.693196806636
926 3.15595761234 3.15595761234
1007 0.510180477492 0.571595885952
1005 2.29843481422 2.60505157447
512 6.82259669373 6.82259669373
515 1.12138077382 1.27897186498
517 2.04775028264 2.65388969408
516 0.31017979586 0.310190207734
1226 1.49819271814 1.5193957765
621 0.636206765969 0.636206765969
1223 0.633287250132 0.633287250132
626 5.23843333619 5.468846599
1221 3.13924787081 3.13924787081
4182 0.0332677329278 0.0332677329278
4184 2.90328515605 2.90328515605
4186 1.53598641804 1.53598641804
5662 1.74869971866 2.04995035761
6533 1.33579943368 1.74554396245
4349 0.985799402876 1.00419305134
7562 5.41003685061 6.2218052376
5669 0.500738267625 0.551264789353
4341 0.990500103799 1.19669009116
2883 5.61286287712 5.61291406088
7498 1.36807279578 1.44763470333
2887 2.98646247169 2.98646247169
2884 0.714784032437 0.714784032437
7493 3.20000374916 3.84827520102
7490 4.87106846189 4.87106846189
7491 2.52092400976 2.56249348227
7497 2.70120414041 2.70120414041
7494 1.99216053711 2.06647530537
3878 4.40843372518 5.59682678602
3879 2.0127952092 2.04011330945
3874 2.25421090508 2.29800218652
3876 6.43509164926 6.43509164926
6403 1.52139927728 1.52139927728
6400 2.64817190979 3.26482499679
15 1.83559903163 2.18683537785
14 2.2862625429 2.2862625429
6404 3.29757543283 3.29760531719
1921 2.43752603644 3.22987919959
19 2.31470462041 2.31667402224
7568 1.59296879929 1.82056517658
7561 0.152840433744 0.152872605905
7374 1.76477750686 1.76477750686
3907 0.468608485489 0.468608485489
3902 4.43662724351 4.43662724351
4761 3.06056597512 3.40066928028
4760 1.49587131036 1.72399848117
4763 0.231509126143 0.231509126143
4764 5.46116565707 5.46116565707
6748 1.90976391581 2.80683700339
4167 7.00347340977 7.00347340977
4162 1.46380805684 1.52391941435
4161 1.5069082938 1.90299980606
205 2.60469891789 2.78814242046
204 2.33242157389 2.74942362636
209 3.81859234973 3.81859234973
830 2.96878716083 2.96878716083
7181 0.318904447695 0.319917975647
2233 5.06322282661 5.06322282661
2232 1.17911563351 1.17911563351
5937 8.55483279002 8.55747714561
5936 0.728929815907 0.842439044063
5934 4.67164037353 4.9884763397
5933 3.67136746962 4.22463196746
5932 1.49114917077 2.04528869509
5931 1.85609585062 2.18747788483
5938 3.57262537524 3.57262537524
7140 1.74409371288 1.74409371288
3499 1.22356197985 1.45295609733
3495 2.12991246863 2.12991246863
3491 0.5008409508 0.5008409508
4570 2.48687884049 3.11937051254
4572 5.75805410795 5.96666818287
2096 2.85784592422 3.34089044822
2091 2.53517354279 2.58409171373
5096 7.91499412605 7.91499412605
4576 0.957162155677 0.957162155677
2092 2.21165165582 2.5518442394
3657 4.78104947686 6.18886438519
4604 4.76045611901 4.76045611901
2525 0.614224740975 0.614224740975
2524 0.669530945474 0.669530945474
2527 8.98888387744 8.9889493493
4602 2.9830025158 3.57757325837
6902 3.72623742895 5.09489207108
5065 0.786502750672 0.874518264814
4889 2.7436093679 2.7436093679
5067 1.40435541951 1.59838528826
5066 0.925210393278 1.06186449974
5061 0.182505662475 0.182505662475
2708 1.13241082978 1.13241082978
7262 1.82449785334 2.21830755877
5062 0.644602000323 0.644602000323
2704 1.28517923031 1.28519684269
5069 3.50834579064 3.8061198411
4885 0.613821018312 0.613821018312
2702 0.826317633357 0.826317633357
4193 1.85540364434 2.07343748895
1828 0.740560749117 0.740560749117
1825 1.53096305325 1.53096305325
7453 2.22623322655 2.90055910482
928 1.55853866551 1.61867244597
2146 3.66350379807 3.78139866082
7072 3.16248800939 3.16248800939
2142 2.31762875835 2.54258021625
2140 1.14482163122 1.14482163122
921 1.53421048865 1.53421048865
4498 1.36968368167 1.45164997535
924 1.74580363392 1.82144980585
4971 0.00135883594833 0.00135883594833
2149 3.25928046174 3.25928046174
5745 1.05798686872 1.06485835096
5392 0.00640721988739 0.00640721988739
5395 3.85696358657 3.85696358657
3276 1.00333733837 1.00333733837
3277 1.54081407561 1.54081407561
1924 0.695171944292 0.695341757363
1926 0.636422178514 0.636422178514
5749 1.49150966643 1.49169453674
3278 1.56560202882 1.71167154968
7369 1.5261806563 1.5261806563
3476 0.80878624344 0.80878624344
831 3.44373371734 3.44373371734
837 1.08598629695 1.08598629695
7361 2.46738704606 2.52163811627
3478 1.55367790573 1.73906343994
5586 3.47257536707 3.47257536707
3332 0.171129427858 0.171129427858
3318 0.0840836978068 0.0840836978068
6571 5.99020732431 6.07515516089
5488 0.901004544928 1.09345540305
5484 2.22755340132 2.76034102801
5483 0.998562132854 0.998562132854
5482 1.90736762735 2.23823412648
5481 1.84311759469 2.10604230599
5480 5.21529430282 5.21529430282
785 0.671995412347 0.671995412347
786 2.93007148042 2.93007148042
7450 2.5770389926 2.5770389926
1728 3.27724613634 3.27724613634
783 0.483911351587 0.483911351587
6591 3.50525558947 3.50525558947
1727 1.58116311796 1.58116311796
5246 1.57182869572 1.65182387628
1722 1.65226621486 2.48648118529
789 5.40960042752 5.40960042752
1720 4.31609987929 4.31609987929
5242 1.99882580452 1.99882580452
7594 1.18780217759 1.18780217759
61 3.49714533553 3.58162283875
3006 1.46506557537 1.46506557537
3000 2.12684246156 2.44303675378
66 1.87436432552 1.87436432552
68 1.92397686461 2.1447278361
69 1.24933325439 2.01471926334
3008 1.04184035439 1.04184035439
7159 1.04176119691 1.36792354645
1370 4.96121089364 4.96121089364
7153 0.793722204396 0.793722204396
7152 2.16995106089 2.16995106089
1584 0.443982162418 0.443982162418
1585 1.01021532602 1.30915397843
6826 0.900768997226 1.04895914397
509 3.93135348621 4.0964855346
1032 1.63445213101 1.63445213101
505 1.35729305002 1.35729305002
502 4.08530668336 4.41959446295
1037 1.89784181831 1.89784181831
1212 0.745900863153 0.745900863153
1210 2.97674662516 3.0023728257
633 2.03402765452 2.03402765452
1216 1.49960175198 1.72730706951
635 1.9795493741 1.9795493741
638 3.70193594372 3.70193594372
1218 1.11011846103 1.11011846103
1219 1.99474473073 2.73644720643
6521 2.07193050662 2.49274476722
7484 2.48135694706 2.88459400212
7487 3.82461435926 3.82461435926
4379 2.52475697069 2.52475697069
7483 1.19208726527 1.19209933753
5659 2.07162242286 2.86382970626
5655 1.07354407509 1.07354967247
5652 0.894066272878 0.894066272878
4377 5.39866462254 5.39866473454
2899 3.50663193716 5.34903993285
2895 0.591158272131 0.767168750094
2891 9.18531920283 9.18531920283
2890 3.49179965465 3.80250937117
1106 1.71358016748 2.26915015405
1455 4.76356066337 5.32358952002
1102 3.50049075335 4.94797856805
1103 1.37232583132 1.37232583132
1453 0.699250338492 0.81265699047
1458 2.03582158014 2.64749610141
1899 2.75054295419 4.07015353404
4082 1.38910010462 2.24572492091
3868 1.62612887542 1.86786109432
4088 3.53653860246 3.53653860246
5241 1.49375091225 1.49375091225
3738 1.29856504082 1.39100207099
3866 0.092031776901 0.092031776901
3864 10.9439886045 10.9439886045
7073 8.45154075088 8.45154075088
3735 3.96732619506 3.96732619506
5729 2.70185779537 4.07379714034
6419 0.993725405125 1.34254032909
6418 0.877982830316 1.01778250325
6415 1.92640872653 2.37236191073
5723 2.3026932184 2.3026932184
5720 2.14374523675 2.35112917638
5721 2.78944930595 3.25088587658
6411 4.61201051457 5.34974743189
5727 6.63081525307 6.63081525307
5724 1.7171648331 2.10763058023
5725 0.330285385234 0.330285385234
3913 1.45551874188 3.59427641668
3912 1.67776855012 1.74866766599
3918 1.6929032215 1.99681483387
6732 2.49092010495 2.49092010495
6734 0.664304848138 0.664304848138
6736 2.71624362559 3.7290386423
6737 2.61354927581 3.45542779846
6738 3.59568848068 3.59568848068
4796 1.65493126143 1.65493126143
4790 1.66276697253 1.8074240725
5836 3.08042585978 3.08042585978
4153 1.88217321011 1.88217321011
5834 3.6857509926 3.6857509926
5835 2.58942337122 2.63545091664
4154 1.33453463365 1.33453463365
5831 0.0313323415996 0.0455727867055
4159 4.51206345452 6.21927455165
4698 4.2331249938 6.3564065493
219 2.77847165113 2.89341312421
7464 0.544822985233 0.544822985233
6087 2.50158941876 2.50158941876
6084 3.1760446238 3.1760446238
6083 2.7135709313 2.7135709313
6644 1.10892017708 1.30262939787
6640 3.41195479113 3.63357175453
6642 1.7575909742 1.7575909742
5902 2.68829818628 2.68829818628
5904 1.28506741853 1.28506741853
5909 2.71773823414 2.71773823414
6497 0.227343777894 0.227351278391
3488 4.37797743896 5.07925717897
3481 5.64162039202 5.87534238886
3480 7.58422958546 7.58422958546
3482 3.40941504148 3.40941504148
3487 4.97929357049 5.40081182095
3486 4.36735212843 4.36735212843
4566 2.50623554129 2.50623554129
4565 1.06135283287 1.16953338329
4569 2.11489270072 2.16475744752
7080 2.79060864527 3.36567248421
2551 2.50036011067 3.8468211772
2552 7.57617871566 7.57617871566
2554 1.51880812043 1.78615056642
2555 1.49841482816 1.49841482816
6396 1.06559748523 1.06559748523
6397 5.46607951432 5.46607951432
2397 9.99111222974 9.99111222974
2394 1.30098271273 1.69533864949
63 2.37363781911 2.37363781911
5013 2.38758731421 2.38758731421
5014 4.92468668991 4.92468668991
2771 1.88624927297 2.7871325181
2772 1.58756030628 2.01540424237
4897 1.49511945499 1.57746911042
2775 1.73952440776 1.79085318533
2777 1.47743776053 1.53502677511
1859 0.498511269558 0.666943576968
6260 4.80070314671 4.80070314671
4418 2.02026176299 2.87316841917
4417 5.01633607453 5.01633607453
4416 4.15083444848 4.15083444848
1852 4.43019933405 4.43019933405
1853 0.7531708958 0.84513607943
1855 0.464595245276 0.464595245276
6269 3.33851138062 4.03961933496
5168 1.40000522078 1.40000522078
2171 0.750304316669 0.750304316669
2176 3.05142761069 3.05142761069
918 0.659293057347 0.659293057347
6063 0.488500165573 0.613924896402
4967 2.4817071099 4.23179373225
914 5.64494301269 5.64494301269
917 2.28136259018 2.28136259018
2179 1.23934544094 1.23934544094
912 1.47867171207 1.73928802484
2603 1.5590061674 1.5590061674
2609 2.62916619994 2.62916619994
1930 7.08269118567 7.08269118567
1937 5.60334560937 5.60334560937
3269 1.50346965785 1.52825337694
1939 3.20925572553 3.20925572553
5127 2.04886356395 2.19406982678
5121 2.02287649352 2.64126594181
845 1.9535279371 1.9535280945
3464 1.67776818395 1.67776818395
3463 2.40129017411 2.40130013304
842 1.79771782815 2.0714926778
7091 3.21047199845 3.21047199845
7375 0.56912632461 0.56912632461
848 1.85957675438 2.20041669491
7012 1.02547599435 1.21082970784
7013 3.89093719792 3.89117588989
7011 0.93475353725 0.93475353725
1731 0.309468063708 0.309468063708
1732 1.95325646976 2.46070418824
5234 2.34381131807 2.34381131807
1806 5.23259824177 5.36016416018
758 2.96713194186 3.31987594629
7088 1.14312134475 1.14312134475
1595 0.72637829674 0.72637829674
6887 0.747990038077 0.751431492515
1597 4.98237499362 5.23141421379
3074 1.89449689605 2.53527701755
3075 2.10258026489 2.23388254334
1592 1.2323548604 1.35031288663
3078 0.287782436287 0.287782436287
3079 2.60221616785 3.48580047302
1599 3.94154529713 4.18158728409
1598 3.27807756579 3.27807756579
6889 1.99177960385 2.07955832809
5344 1.66956079794 1.73927210291
5345 0.370330996192 0.370330996192
7168 1.94957757081 3.12221705793
1021 2.56462298845 2.56462298845
1023 4.49486470261 4.49486470261
7163 1.00215581727 1.00216827377
7166 1.64713235038 1.81717105749
7164 1.51215348849 1.51215348849
7165 5.55537900834 5.55537900834
604 3.1443697003 3.1443697003
4367 2.4258344737 2.71177342748
4361 4.18759955284 4.18759955284
4363 6.94530263736 7.73436149199
4362 2.65680273726 2.65680273726
1203 3.93322487826 3.93322487826
5649 2.91592845852 3.58058398646
1211 2.04407815339 2.04407815339
5641 2.03892634111 2.03892634111
6041 1.19346551721 1.38844310771
5642 1.82814753659 2.17768813908
5646 0.410495113333 0.410495113333
6335 0.753355704913 0.753355704913
3105 2.9386298133 2.9386298133
3107 5.22461762517 5.22461762519
3102 1.25089479871 2.01322693648
3103 0.156607035599 0.156607035599
1112 2.58767604968 2.58767604968
1443 5.98698053851 7.48108526111
1114 6.23062921894 6.23062921894
1116 2.37851502352 2.37851502352
4093 6.96157446051 7.32972636676
4091 4.85463772292 5.62351063021
6332 9.14311861263 9.14311861263
5737 1.76436473662 1.7915408673
5736 0.75724587839 0.75724587839
489 2.56351216931 2.61499414168
488 2.15158449428 2.15158449428
487 0.467814256722 0.467814256722
485 1.93342565149 2.76571416135
4587 2.71006656715 2.71006656715
480 4.84610510577 4.84610510577
7585 2.88562099585 2.88562099585
6463 1.09195759259 1.20408210094
7580 4.93700060055 6.07452096695
4725 2.88988616276 2.88988616276
4851 1.22304516153 1.24292798429
5300 3.9633649155 5.26853942289
3926 1.09449718753 1.09449718753
3927 2.08136121666 2.67669253794
3924 2.26066959895 2.26066959895
6526 0.304917413415 0.304917413415
6722 1.00126406043 1.00126406043
4782 0.276440920272 0.276440920272
4781 2.84007611181 4.84005363287
4149 5.99393657631 5.99393657631
5827 1.18476548575 1.55247329113
5826 2.51086178188 2.92075447201
4144 2.16907802872 2.16907802872
4141 4.92499946567 5.53150547679
4143 1.21791622493 1.21791622493
3857 4.22106426808 5.30147514361
3855 1.34378375745 1.34378375745
3852 1.14304571632 1.15505626244
3859 3.9711500398 3.9711500398
6099 1.3989067418 1.69022402572
6098 0.248634152268 0.248634152268
6091 3.76927364573 3.90107607282
6094 1.3300075362 1.3300075362
6917 5.21922644765 5.36687332408
6657 6.87641138362 6.87641138362
6655 2.00349759569 2.02441540751
6048 1.42844422626 1.42844422626
6651 2.0764836475 2.07799381802
5915 1.86539579815 2.18172965799
5911 5.05826033515 5.73516732404
4820 2.45162162927 2.74771331286
199 0.895504796605 0.895504796605
195 2.592194541 2.592194541
196 5.96925037129 5.97046012945
190 0.912686568568 0.912686568568
6384 3.13640165892 4.19853882066
6387 2.41532783854 2.71623910145
3679 5.85228845578 6.07903732973
4558 1.62118575243 2.3911164804
3676 1.98969800116 2.61288578922
4553 2.50309787431 2.78542446992
4550 4.14272636108 4.42207179235
2541 1.07513623398 1.17404623075
2546 1.18917000962 1.18917000962
2380 1.91363561166 1.91363561166
2383 2.55122297781 2.55122297781
2386 1.18821188597 1.65230024157
3580 0.629029819401 0.736243907369
3583 3.78607689562 5.1722701306
3585 2.9114263582 2.9114263582
3587 3.61144580028 3.76396886162
2761 2.22623714541 2.59338156457
2767 1.73104874481 1.73104874481
2765 2.03683878945 3.05068696979
2764 2.05434901158 2.22183081637
6913 3.31919790688 3.31919790688
902 1.24004699609 1.24004699609
1849 2.62122644078 3.29825577961
6277 0.479341424539 0.491989119492
6276 5.99564045643 7.84470245625
1843 3.43600263341 3.43600263341
4423 1.96249289123 3.0967293498
4420 0.936558173653 1.04476120285
1847 3.79172807708 3.79172807708
6077 2.04230727545 2.79907238512
2168 1.08170901198 1.08170901198
6071 1.6792791926 2.27147651867
6070 6.10846663812 6.10846663812
4951 9.05175096314 9.05175096314
4956 1.28237734015 1.57232791714
2160 1.378907761 1.378907761
7309 0.144313150999 0.144313150999
2613 2.60671933072 2.60672033063
7095 0.171412881345 0.171412881345
2618 0.456972423749 0.468832430878
7347 3.0986524474 3.0986524474
7345 7.00133320177 7.00133320177
3298 0.511418360965 0.606942680021
5138 1.49695300764 1.49695300764
3294 0.0830068452321 0.0837350465722
1907 4.80863436144 5.83656334534
3296 4.31235186719 4.56610561673
3297 4.63997508987 4.72087245617
3290 0.377534075781 0.534660793076
5132 1.5899657547 2.55154252047
5131 5.92264648926 5.92264648926
1901 2.09392825184 2.58690490453
3452 1.63729169861 2.37423310254
3450 2.2863970147 2.49194824752
3456 2.66769775463 2.66769775463
851 2.04719967738 2.93033372803
3455 1.02807155849 1.02807155849
3863 1.48556152756 1.48556152756
6 0.765051916533 0.871886102117
7001 1.38100926691 1.716564257
7005 0.502161484914 0.502161484914
7006 2.11975816702 2.54199794692
5229 1.68286544989 2.08437794037
5228 3.60111680432 3.91968163868
5223 2.85137254318 3.34254210704
5224 1.05368323906 1.05368323906
743 4.31955466228 4.31955466228
744 0.98584619346 0.98584619346
745 1.24133124564 1.70277292169
746 3.26696172561 3.26696172561
747 5.29858034318 5.29858034318
748 11.0486637623 11.0486637623
3062 1.85045435085 1.85045435085
7177 0.582964729769 0.772946567654
7176 4.53429149252 6.17688611058
6895 1.55883621664 2.38327844031
3065 5.27294771666 5.27294771666
3064 2.22265224307 3.00052360654
2947 4.55690398223 4.55690398223
3069 1.69155446777 1.69155446777
3068 0.996750798366 1.18866417359
7178 3.16670130793 3.39969990741
2941 3.50198065108 3.61826112952
1051 2.56359102005 2.73398051803
1053 3.46610595613 3.83114087019
1056 1.77781175286 2.15491768109
1057 3.50114743444 3.50114743444
1693 3.26576409164 3.26576409164
2919 0.96691394768 1.06777439894
1699 5.22892110256 5.22892110256
4311 1.69717696839 1.69717696839
618 3.50447523863 3.50447523863
4315 5.57082183703 5.68565396682
4317 2.13795159477 2.13795159477
1797 1.03749839077 1.22196886713
611 2.26285654527 2.99043523237
617 3.26798181348 4.11136719159
7574 0.132922656962 0.132922658667
3118 1.43459105714 1.43459105714
3116 2.8896769402 3.07011635113
3115 1.74645304423 1.83415605441
3110 1.88403387604 2.26790950824
7579 0.877138583648 0.877138583648
1470 2.85405838425 3.12770040136
1474 4.51457407792 4.55257736829
1475 8.09277752746 8.09277752746
7041 2.96393706951 2.96393706951
6143 0.509238850444 0.509238850444
1479 6.41776447085 6.45957556928
5464 1.1038963417 1.1038963417
1301 0.665445447484 0.665445447484
7129 2.20841216483 2.39066937394
1308 2.54605714053 3.58713418007
6410 1.7294087423 1.79310528772
5740 5.76733420622 5.76733420622
4229 1.00326919204 1.00326919204
3597 0.946563586815 0.946563586815
496 0.110033850849 0.110033850849
4227 5.94614822534 6.22960681934
490 4.83789079167 4.83821905562
4221 1.39493402795 1.6439563593
493 3.21288035324 3.47440747265
24 5.39362362581 5.47676243028
25 1.42496732094 1.49964863239
5584 1.45624134928 2.2484100643
22 3.20964274088 3.47328159283
23 3.41331245465 3.41331245465
7595 1.02890306317 1.27958721759
6470 2.55576267851 3.49028799564
6476 7.29863817819 7.29863817819
7591 0.737961859595 0.88854508832
5589 2.74757595869 2.74757595869
3938 7.34396673015 7.34396673015
3936 2.78781313234 2.81766702318
5265 1.7250583564 1.7250583564
6718 1.35398953689 1.35398953689
6716 4.42253193351 5.05197568696
6717 2.21465070396 2.21465070396
6710 1.88060524744 1.88060524744
4138 3.73595116166 3.73595116166
4130 2.82909770209 2.85567049149
7474 1.38299647457 1.72467565431
5692 2.05139148632 2.67764856952
3840 1.30542758666 1.88819882751
3843 6.01014075094 6.0911368228
5691 3.37441457114 3.37441457114
5694 0.479794329202 0.479794329202
3849 1.55920351583 2.16010310787
1872 1.84144060668 1.84144060668
4046 1.83685890348 1.858655836
4047 5.71033637681 6.27201398223
4048 7.1097012681 7.70253449119
5968 0.0561608828402 0.0561608828402
5969 1.3234955088 1.52469783033
5963 2.06953961669 2.06953961669
5964 1.4845937258 1.48988561673
2289 0.48209775287 0.48209775287
3667 1.2157450171 1.2157450171
3661 2.96637051646 3.98784971076
2280 2.69550806361 2.69550806361
2282 3.45908806549 3.45908806549
5433 5.46418261068 5.51503059549
2287 3.36652655522 4.6792088488
4543 6.60185869988 6.66093003406
4546 0.979945165815 0.979945165815
2579 0.0720048252792 0.0720048252792
2572 2.8870094381 3.17077049834
2570 2.54815264636 2.54815264636
4534 1.19962037673 1.56357878003
2378 4.70825551479 4.70825551479
4827 3.08252065529 3.50402932555
2376 0.866304864347 1.04076207006
2370 1.9029534221 1.9029534221
2373 0.0313938719675 0.0313938719675
3592 1.22921508447 1.23012329245
2596 0.981487593872 0.981487593872
2590 1.23748810751 1.23748810751
3595 1.56300106413 2.38937478593
3594 2.12065205718 2.31339614156
5036 3.90257876325 3.93476523078
6280 2.49519581269 2.66415631299
5030 0.500322173472 0.500322173472
4531 2.5834183431 3.15612939142
4434 0.155839300408 0.155839300408
4437 1.74810031941 1.7984634179
1084 4.25184555389 4.25335246586
4431 2.34771774782 2.34771774782
4430 0.740330117999 0.740330117999
4433 1.519967289 1.52005250509
6283 1.70947024623 1.77020146621
4438 8.42433014381 8.42433014381
1878 0.61713541258 0.61713541258
6595 2.6826705986 3.83774843814
970 1.443120715 1.443120715
5581 2.85840697943 2.85840697943
6287 1.55594427679 1.55783621391
4949 3.0025355497 3.08450706009
4948 1.62942327493 1.62942327493
6282 2.23902165177 2.89265788054
978 0.9908734562 1.07899025462
6043 2.3367669828 2.65282698925
6040 7.57777293834 7.59086090535
181 4.82735371472 4.82735371472
186 1.41173887697 2.1900872188
6044 0.271437079019 0.271437079019
6045 3.24923992774 3.79342246567
2112 1.64472728251 1.64472728251
189 1.74646299117 2.11069282178
2114 2.88582334252 3.15280248687
2115 0.948583333367 1.05621042957
2117 1.61840753035 1.61840754364
2627 3.50673340103 4.09896387024
2624 4.14109186793 4.14109186793
5837 6.11619863915 6.17180101201
7351 3.4184567101 5.39871705435
1918 1.81898831403 1.81898831403
7355 1.93299858232 1.93299858232
4924 2.61071910865 2.61071910865
7357 3.74935962246 3.74935962246
7356 4.19154037592 5.58288206998
3287 4.93916708779 5.80502431492
3286 2.40451425058 2.40451425058
3284 1.92771602571 2.06175965817
188 2.74491882062 2.74491882062
869 2.27009345791 2.56155567629
860 5.4657295898 7.3344741331
3440 3.27848379047 3.87159835322
3443 2.11370686997 2.11370686997
2027 2.70138581194 2.70138581194
2750 3.80058038436 3.80058038436
2023 2.31116593334 3.10668510083
2758 2.82959040257 2.97910270111
881 0.691009883606 0.691031221597
886 0.381299079184 0.382557931773
888 1.4269363168 1.57166730879
5217 2.18604342623 2.51693928647
5214 3.66029417712 3.66029417712
5210 1.79503364744 2.01406821305
5211 3.70121854944 3.72760665212
5218 2.38284803397 2.38593860643
5219 7.488543559 7.488543559
7504 5.00251619761 5.00321502289
5414 1.52554694223 1.98551865419
777 0.832722607632 1.16129110646
770 3.07441568111 3.3040848555
772 0.888740930353 0.888740930353
7503 1.00423003312 1.00423003312
779 4.44498486826 5.93823026719
7638 0.0476991958576 0.0476991958576
4675 3.44233786195 4.02258298737
76 1.39759798049 1.86825183559
2978 0.473638635234 0.473638635234
72 0.643415520948 0.643415520948
3058 6.04055547027 6.28953919368
2972 3.76298824474 3.76298824474
2973 4.63671977403 4.63671977403
3054 1.76251291773 1.76251291773
3052 1.17533662665 1.48728755523
2977 1.65396958481 2.09799095734
3050 9.23409638323 9.23409638323
2975 3.5323755853 3.5323755853
1042 1.52993388145 1.97300241797
1041 2.11635404199 2.34202019082
1040 0.762664615054 0.762664615054
1046 4.81869311593 6.09832864465
1049 2.49432069656 2.49432069656
1683 3.13229201903 3.14153909619
1685 4.60299821813 5.36558325493
1684 2.57527394626 2.87721794401
1687 2.64873154863 3.30996342849
4802 1.54242777961 1.63871412332
7354 2.95240619232 2.95240619232
4301 1.63463030772 1.71492484173
1268 1.83501869646 1.83501869646
1263 1.99357524132 2.1951477516
1261 2.58331240101 2.58331240101
4308 4.33437152747 4.33437152747
1267 1.19897589114 1.41610680588
1266 3.72602574414 4.52017280443
1264 3.71558006985 3.71572235613
7359 5.52357621965 5.52357621965
3021 1.11670357723 1.33848532245
5103 2.430962261 2.45855008268
3128 0.883031862357 1.19934235196
3129 0.722797235729 0.854205715393
7619 0.922209357612 0.922209357612
3122 3.53570512695 3.53570512695
3121 0.993089254315 0.993089254315
3127 2.17626935615 2.17626935615
1914 2.54199324187 2.54199324187
1465 2.0103204069 2.17225175271
6065 3.47158630455 3.81064433586
1461 2.64459310502 2.64459310502
1313 2.00038219353 2.17379520571
1312 1.37605507679 1.6920222079
1310 5.9668625113 5.9668625113
1319 3.54335657833 3.54335657833
6914 3.75849578905 3.75849578905
6915 0.664177121733 0.664177121733
6444 2.05341574658 2.65032814828
5750 0.143902925524 0.143902925524
5757 1.58469661751 1.58469661751
6440 3.18639511639 3.60785449014
5754 0.433308483182 0.433308483182
4236 3.80414972167 3.80414972167
6919 4.24784088383 5.46567319119
6124 4.64012202598 4.64012202598
312 1.60974765517 1.60974765517
311 0.760026593673 0.760026593673
316 1.58410212972 1.75962627123
315 3.26209497328 3.26209497328
314 1.99184509316 1.99184509316
6701 1.00358260649 1.00358260649
6703 3.53262446391 3.53662610819
6702 0.92285403907 0.92285403907
6705 5.42112678375 5.42112678375
6704 3.89550830414 3.89550830414
6707 0.495122065704 0.670538289276
7435 2.4296207475 2.4296207475
7436 3.654531998 4.353010598
7437 3.11500040406 3.83376454017
7431 2.52774711764 3.41055436349
5685 0.864097950507 0.864097950507
5687 1.37763513379 1.74248363871
5681 1.68772611678 1.76199677894
5683 0.567045883952 0.586582497561
1330 1.7704046151 2.34944928965
6674 1.1084546704 1.1084546704
4704 1.86070734289 1.86070734289
6671 1.33878263483 1.33878263483
4054 2.50100487085 3.15771540247
4053 1.77039415364 1.77039415364
4052 3.53986262571 3.53986262571
4050 2.03209318351 2.26939585799
6218 0.821546008791 0.821546008791
5976 6.21981153645 6.27299978492
5974 0.957326495103 0.96902773601
2299 3.42339430882 4.03779111255
3613 3.62564980571 3.62564980571
3614 4.15164017001 5.18929316045
3615 0.330847493401 0.330847493401
3616 0.147116926893 0.147116926893
2292 3.24770810503 3.24944051008
6939 4.24329494551 4.27535838879
2561 2.1216451302 2.63054991644
2562 3.13518416212 3.95615764727
2566 4.67314905809 4.67314905809
2368 2.50805330636 2.73868505125
2367 6.00297740424 6.43591345295
2366 0.411444458503 0.411444458503
2364 1.36753055745 1.42270417254
2587 4.04827220644 4.05184618407
2586 2.9339047714 4.392473237
2585 3.68732489842 4.58664611835
2584 2.01646864056 2.45014197791
7294 2.84660270356 2.85353040313
7295 1.15873312359 1.15873312359
2580 4.28903855681 4.28903855681
5021 6.35948741005 6.37388977762
5024 2.50543719055 2.5544140314
5026 2.2807850535 2.47856543615
4441 2.38449441254 2.38457024511
4442 0.961583367971 0.961799020408
4443 3.24258294823 3.24258294823
4444 0.856727772008 1.0088078243
4445 8.5363064418 8.5363064418
1867 2.00517428228 2.02418578628
1866 0.442191844491 0.442191844491
4448 2.85124312421 2.85124312421
3721 3.45147863035 3.45147863035
3722 0.368465171792 0.368465171792
961 2.418143627 2.85568137548
6299 2.15478916307 2.67442704737
963 0.479696080943 0.527289698637
6297 2.86661669874 2.9963685151
6293 1.46859523147 1.46859523147
4688 3.49124214842 3.97657721603
6290 2.04086633942 2.04747532389
2108 2.82269711952 3.54332729419
6059 1.84634868217 1.84634868217
2103 1.43315941249 1.91065553511
2102 1.15718439812 1.24924825669
2100 5.44244293779 6.38981121572
5575 1.88469959567 1.88469959567
2105 1.5006185713 1.5006185713
5117 0.605116954515 0.605116954515
5113 2.76211931903 4.00164666769
2634 4.34002811306 4.73066722371
2636 1.53981899356 1.54048232957
2631 2.84730104416 2.84730104416
2630 2.94820478433 2.94820478433
5571 3.00126030056 3.00126030056
5292 0.514450194388 0.66486005174
3438 0.907150275174 0.907150275174
3439 0.138023350495 0.138023350495
878 2.07748270193 2.07748358092
879 3.38471661161 3.38471661161
3431 6.41359401544 6.51618141479
872 0.749543845522 0.749543845522
873 0.376153548346 0.376153548346
4592 1.44980924816 2.05007498231
4593 2.3987586985 2.70369793648
2743 0.421522038473 0.421522038473
2033 1.22914438651 1.60067129651
2032 7.64062250473 7.64062250473
4595 1.24145086563 1.63149462967
9 2.23650620546 3.08201397029
4840 0.222410801605 0.222410801605
3097 3.20072186071 3.20072186071
890 0.0451399432902 0.0451399432902
5200 4.19398362441 4.19398362441
5203 3.80888314432 3.80888314432
5202 0.508547494052 0.519146462807
5204 1.19546747425 1.24324456176
7320 4.05379957017 4.87860841722
3545 1.31995469178 1.61679574622
3547 5.61116100679 5.61116100679
3543 1.54839117425 1.54839117425
7323 0.815397157262 0.815397157262
2965 0.193669179876 0.193696220592
2964 1.49927572617 2.02637797761
2966 0.620400468459 0.620400468459
2961 1.46026008901 1.95534207204
762 2.25241686871 2.25241686871
1781 4.18889363903 4.18889363903
767 1.99703146833 2.05151095134
1786 2.86834149839 2.86834149839
7113 3.58016174712 3.58031816268
7112 2.32449939809 2.32449939809
6878 1.87756905319 1.9622865388
7119 2.38927095068 2.79229614966
7118 1.39782054581 1.39782054581
3045 1.03260375945 1.154337118
6872 5.42602394603 5.56700838153
3046 4.32811681615 4.32811681615
1079 4.0501839983 4.3434857955
1077 2.00779597388 2.01082054628
1074 1.76348923039 1.76348923039
1072 2.94851868814 2.94851868814
1073 1.3742560725 1.3883258015
1070 1.85535942546 2.23752440967
5372 4.98082497028 6.57275658896
7290 5.49945401745 6.64569431888
1678 2.72045160046 3.11200089607
1674 1.0849008344 1.63880875852
678 2.3201036126 2.3201036126
676 1.63417983521 2.19858270744
4333 1.81099639491 1.81099639491
4330 0.190790647602 0.190790647602
3131 4.88407202234 4.88407202234
3130 0.826027967174 0.826027967174
3139 3.20088328651 3.23033012491
3138 0.753443316859 0.753443316859
7608 1.92371828658 2.79191596712
7607 3.95487419491 3.98686449111
7604 4.14219024641 4.14219024641
7600 2.59285262202 2.67243626123
6018 2.53639944435 2.53639944435
1412 4.54764825001 4.54764825001
1413 6.08197596593 6.77908589411
1416 0.534428719186 0.534428719186
1327 2.82492193257 2.82492193257
1325 2.15124541315 2.36559972683
1328 3.01936759773 3.01936759773
6450 1.55948930634 2.08195366798
6455 3.47946188616 3.5106912725
6454 3.71895015395 4.38006287758
5768 4.48919336654 5.11542726221
6456 1.25409065337 1.66433746459
6458 4.6939881125 4.97521357431
4645 0.468789955258 0.541542276449
5762 0.131083806946 0.131083806946
4207 1.91794439484 1.96299173948
4636 4.51089846484 4.51596515184
5565 1.21288670995 1.44650450763
5562 0.973520098839 1.22028810113
1256 0.212006423408 0.212006637304
1526 3.87126061463 3.87126061463
1520 1.65967778409 1.65971009822
308 1.96114752043 2.46842538027
3953 1.91956109301 2.43534218358
303 1.56223523188 1.80021531835
3957 3.18386080185 3.18386080185
307 4.67127935379 5.43432895285
4113 4.00203122952 4.54330520486
7420 3.97874661976 5.48362985418
3340 4.18158935261 6.67781644359
5159 1.57852859899 1.57852859899
2475 2.44484061937 2.81482328705
6601 1.15688339956 1.15688339956
6602 2.1780900722 2.1780900722
6439 3.01619695254 3.05836301732
6606 1.25145921415 1.25145921415
7109 1.01770521797 1.05717198951
6608 1.28037005322 1.28037039214
5946 0.087442719835 0.087442719835
5945 0.625599421161 0.757641621664
4064 3.83426919798 4.4036944451
5941 0.955944858352 1.29247528994
2976 2.23414634107 2.53450449332
4068 4.77439976152 4.77439976152
4069 7.74242700133 7.74242700133
5948 3.33654672904 3.4119501796
5949 1.83298868595 1.83299341332
5785 0.862096439539 0.988100882808
5786 1.8568666446 2.24569598211
5782 4.84976974082 4.84976974082
5019 4.99938228835 4.99938228835
3051 2.80848778811 4.29679092973
3601 2.9170579965 2.9170579965
3600 1.3610006005 1.3610006005
3607 4.43849305053 4.47678275765
3604 3.2516831312 3.2516831312
3608 1.53225375605 1.53271583749
5361 1.10285173665 1.10285173665
4894 3.72725642863 4.86359388021
5367 1.78094161592 1.85292442582
6115 3.5853974946 3.61446296265
6117 1.37530232301 1.37530232301
6112 4.39946192648 5.60993037466
2358 1.6749995914 2.0352117032
2353 2.38588413927 2.38588413927
5368 1.47958085523 1.7243377781
2355 3.20222391723 3.50616289356
4450 5.38086747498 5.38086747498
4456 2.54084110346 3.08286779923
4455 8.119323495 8.119323495
4454 1.52391084407 1.52391084407
3736 2.81485907991 4.90547111137
4459 1.69307688568 1.69307688568
3733 5.45922578257 6.11277728273
476 1.08493828333 1.54359857995
3730 3.56900303406 3.8784346734
4922 4.06179109378 4.06179109378
4920 1.95074195387 2.33177011867
4695 3.26501442715 3.58587734445
4697 8.95545244293 8.95545244293
2131 2.9627754719 2.96920852043
950 2.34574711215 2.69207102848
4929 4.45145289452 4.99154795566
954 0.00568391520723 0.00568391520723
6022 1.51476329484 1.51476329484
6026 1.46472289732 1.72555245184
2649 2.45951543924 2.45951543924
5167 1.62864952289 2.00489114886
2640 1.76324661973 1.76324661973
2645 2.47977512218 2.64027272904
2647 10.7721087291 10.7721164121
3429 2.27857317489 2.74282032924
3423 1.40622011853 1.65799799934
3422 1.8107172808 1.8107172808
3421 1.19624021608 1.24315002813
3427 2.60364470153 2.60364470153
3426 2.3772701406 2.62439615071
3424 1.7661305468 1.7661305468
1850 0.135415406998 0.135415406998
2000 3.66624084841 3.69798098605
6337 1.54295589626 1.57169047339
2007 1.09178360926 1.19078478704
4859 6.00492118113 6.00492118113
2005 1.69498766165 2.01078733867
2008 0.786055141927 0.786055141927
4415 2.07276041522 2.53470279282
4583 5.10954524333 5.26492411262
4582 1.95111702611 2.17735110205
1269 3.21018582141 3.25711305268
3554 0.493760309838 0.500930706515
3550 3.81470975004 3.81470975004
6966 2.18209563108 2.18209563108
3558 2.58825441753 3.27048023598
6061 1.92600725049 2.32953089837
2911 0.86379478308 1.15546304779
1799 1.25081711358 1.25081711358
2913 1.31188444894 1.58016981297
1793 1.99743718115 2.15788371122
1792 2.41663058839 3.10264615413
715 0.7176160107 0.7176160107
714 3.19692898083 3.3511611437
713 1.24373207576 1.24373207576
712 3.93319203507 3.93319203507
4966 1.03068706176 1.33475689092
7127 2.99376096536 3.35158108027
6840 0.876020501521 0.876020501521
7125 1.98574959569 2.05450557553
7123 1.22917742837 1.22917742837
6844 1.8384062738 1.89386673155
7121 1.23076404921 1.52237190558
1069 1.05766412168 1.33759832273
1068 8.99978541327 8.99978541327
4964 2.0999838403 3.02866700173
1061 6.57727907317 6.57727907317
5301 2.16522434002 2.16522434002
1668 0.331528168977 0.331528168977
1665 3.525125544 3.525125544
4960 1.72354726192 1.72354726192
1662 2.6370623478 3.62992909255
591 2.40314825031 2.45259799514
590 2.2620784301 2.73410996305
592 9.16405886064 9.16405886064
594 2.49818349962 2.91940197705
6596 0.0572678149143 0.0572678149143
599 4.99412713318 4.99412847566
4323 3.60373448292 3.90814148253
4325 1.49940742118 1.49940742118
1088 7.71589026693 8.25470046737
3140 3.45051581468 3.45051581468
2821 0.722083627589 0.883216873015
3386 1.53244252504 1.53244252504
3384 1.28235627959 1.28235627959
3385 4.85335027344 5.48414388551
5412 3.08857861731 3.08857861731
3381 0.594361084686 0.594361084686
7632 1.85059367663 1.99415282714
3389 4.21193438741 5.69852399446
1408 2.58108431156 2.58204273624
1406 0.254466327028 0.254466327028
5792 0.539176055748 0.660285882918
1339 4.53612764735 4.53612764735
4210 0.845239708987 0.953977419299
4212 1.56533343242 1.88280531386
1337 2.99239301125 2.99239301125
5790 7.27896914439 7.27896914439
4219 4.49909733894 6.23624047647
446 3.98290912125 5.6654666876
445 0.53138691213 0.541582208235
691 2.55043934905 3.24314718234
5772 3.40411936748 4.24670126432
7515 0.298535521379 0.298535521379
5578 1.36965935496 1.65859230787
32 0.76771446642 0.76771446642
31 2.10342071699 2.10342071699
5573 5.40591040899 5.53428986245
35 3.39390426199 4.19354029506
3092 2.29880985582 3.39926137681
3093 3.62501899249 3.62501899249
643 6.84686009682 6.84686009682
1244 1.45655197472 1.45655197472
1531 5.9916050612 6.43627276292
1530 1.65753001552 1.95084814812
649 3.11482075356 3.17889783423
3098 0.70002019501 0.70002019501
3099 3.38665917404 3.40302953178
1539 3.49692633444 3.53248417377
338 0.750056925937 0.750056925937
335 2.77645046639 2.83402463994
334 2.94657597014 3.61985755296
337 0.00438511308391 0.00438511308391
331 2.53340244935 2.99324586182
333 1.63789870533 1.63789870533
7611 2.10720851339 2.13681290597
5124 4.06558487677 4.06558487677
4105 0.55812032287 0.55812032287
4106 1.71963831835 2.07754900352
7412 2.10262715384 2.10262715384
7413 4.08305648289 4.08305648289
7410 0.599342671107 0.599342671107
7411 4.49567523022 4.55769374358
7414 1.84036639682 1.84036832651
3897 1.14734338409 1.1473474863
3895 1.76617461475 2.09667381707
7379 5.58736132549 5.58736132549
6611 1.06917415713 1.06917415713
6615 0.802422230466 0.959072037237
6614 3.1835006022 3.1835006022
6619 2.86382303466 2.86382303466
4078 4.13974979179 4.13974979179
5957 1.44751260418 1.67214189376
5956 4.79644578823 5.90460179987
4075 5.39130635853 5.53082301767
4070 2.90980403898 3.86615076556
4073 1.10674673941 1.10674673941
5797 2.75703870499 2.75703870499
3967 4.48241529329 4.93794820715
3965 2.4438610628 2.4438610628
3962 1.4936962887 1.4936962887
3963 2.37993025198 2.37993025198
3961 0.807608264166 1.04115525322
7278 3.7014967762 3.80283600797
5799 2.8150316474 3.38401000703
3636 2.50006536328 2.91028302484
3637 9.47367945001 9.47367945001
3632 0.856021375399 1.11113358619
3630 1.02069567846 1.02069567846
4611 3.07272835756 3.07272836788
3468 1.41829846025 1.6313281969
4613 1.33504647249 1.40979145877
2345 1.83070175993 1.83070175993
2346 0.261126200835 0.488275130822
2342 5.96893610185 5.96893610185
6107 4.55182966525 5.04122024073
6103 1.16842808714 1.16842808714
6102 0.764881075391 0.764881075391
4616 6.24422375309 6.24503457077
3709 1.77994044534 2.48040914378
1888 1.75316753602 1.79889565232
3700 1.44174988751 1.44174988751
4465 3.27584973408 3.27584973408
4462 0.629961838301 0.629961838301
1880 4.34474672806 4.37014504792
2127 5.68192189019 5.76478109117
2129 4.33359338329 4.7951157077
4665 5.98775187595 6.64792561937
4660 2.73973250934 3.67845043054
943 1.99319013988 2.37998504612
4910 4.10961055921 6.56556046436
4663 1.65909038187 1.65909038187
6038 1.99094954501 1.99094954501
6035 3.00769311397 3.00769311397
2653 1.64237720737 1.64237720737
2651 1.87699278058 1.87699278058
6441 0.110200618487 0.110200618487
2654 2.5152633288 2.66641585415
3414 0.597762791187 0.597762791187
7389 6.18050566034 6.4915092738
3412 5.31109887719 6.23509670957
136 2.08141388861 2.08972149546
3410 1.00077898724 1.02674198405
134 0.359272727236 0.474794431513
7382 3.92559443094 5.31799211388
7387 1.73023233324 2.0534179425
3418 0.087221002518 0.087221002518
7385 6.70092438345 8.29575233107
6326 0.574992702028 0.574992702028
6325 1.40105874042 1.51593921671
2018 0.00230403034806 0.00230403034806
6321 1.08958079379 1.08958079379
4863 3.04493917365 3.25728086801
2017 7.55235447398 7.55235447398
4861 3.77724239128 3.96477755606
2011 3.72451521204 5.22416648027
6839 2.28684357003 3.01036269126
6329 4.6842438209 4.6842438209
6328 0.765583986893 1.08889839294
7443 1.8792777026 1.8792777026
7444 1.98061385316 2.30942165865
7254 1.4600747543 1.4600747543
7255 4.21962962081 4.21962962081
7251 0.34416335968 0.563822871611
3565 2.25276718202 2.25276718202
3569 0.360204787228 0.360204787228
4485 0.647702267602 0.647702267602
6564 3.98779212222 4.09128939159
2903 2.0818707867 2.13967393157
2902 1.26419573457 1.26419573457
708 0.497089107087 0.497089107087
2906 0.993892044252 0.993892044252
6853 5.46733245632 5.46733245632
704 3.86544473183 3.86544473183
705 3.74668277135 4.36933241972
706 2.46161591162 2.46161591162
701 2.37247943245 2.37247943245
6560 1.35442009515 1.8454789355
7139 1.36659721367 1.36659721367
7138 1.14555460084 1.14555460084
89 8.48453316218 8.48453316218
83 5.70492273858 6.04789494522
81 1.27063579939 1.71302165031
7135 2.15734887832 2.72296519806
7134 2.40973472436 3.16895051489
7137 1.8384421279 1.8384421279
85 1.61580061019 1.9600789027
5311 1.82366236143 2.58803076287
5310 2.26534545191 2.26534545191
1658 1.85318079431 2.11715559079
1652 0.0621031138989 0.0621031138989
1653 0.984715329011 1.23360120851
1651 1.86013830594 2.43923455222
6583 0.998423876211 1.10381812554
1631 0.762085811383 0.975481187944
588 0.49250780008 0.49250780008
3151 4.08732262911 4.08732262911
3150 1.64712109858 2.00776223389
7621 2.0625664452 2.06258045492
3154 1.9362733388 1.9362733388
7629 5.51423635589 5.87636432135
1437 0.310959291487 0.311239699616
1434 2.70823888328 3.99749415421
3392 6.64902281289 6.64902281289
3395 2.25382426574 3.02451870889
1636 1.54686543686 1.54686543686
1430 2.15052964929 2.15052964929
3399 0.474298067118 0.474298067118
3398 4.99232074484 4.99232074484
1438 3.20098103418 3.70354445565
4260 3.18521564512 3.58417617244
5233 1.00321490266 1.00731918446
4265 1.23441494577 1.23441494577
4268 4.54738780249 4.54738780249
452 2.3676770349 2.42402351489
1345 1.47977536772 1.56702292463
456 1.20810100594 1.20810100594
1347 4.43748595006 4.43748595006
6921 1.45104468441 1.59720866884
5546 3.36111193707 3.36111193707
5545 0.988747760108 1.04311792047
652 4.22398192563 4.22398192563
650 1.24977274857 1.25301757521
1508 0.0865627994167 0.0865627994167
4461 1.57056500951 1.84134042655
3081 1.26874342454 1.26874342454
659 3.08031376715 3.42942072971
5890 0.121783922435 0.121783922435
5891 0.605477492641 0.605477492641
5892 4.1114773108 4.1114773108
5896 1.78095937601 2.04409866608
5897 2.70016849232 4.25856458338
5898 2.46410817064 4.07349096271
5899 3.34667089918 3.34667089918
948 0.182450448016 0.182450448016
3882 4.17192991676 5.25764135831
3889 2.49241794517 2.86219645733
4916 4.60023135978 4.60023135978
7404 0.05487499159 0.0548841412639
7407 1.54610604774 1.60566228346
4911 2.75008779648 2.75008779648
4008 5.23604391529 5.23604391529
4004 1.25546582587 1.50678754605
3970 3.25174658332 3.25174658332
3973 1.6795659941 1.70842034541
326 2.30490663565 2.30490663565
3974 4.3143229484 4.3143229484
324 1.28465150667 1.28465150667
328 1.1787788934 1.17878897048
3621 3.98524864279 3.98524864279
3070 2.1135169335 3.51115687939
2332 0.673965173165 0.872221927535
6136 2.65603698792 2.65603698792
6883 1.95870444152 2.6374042976
3713 1.93553104903 1.93553104903
3719 2.08601738544 3.72393481831
4479 1.20215583871 1.20215583871
4470 3.07129729756 3.11034199328
4475 2.61191603989 2.79653640996
4474 0.296917494884 0.296917673376
5763 1.38778484332 1.38778484332
6007 1.45581181319 1.54513221377
6004 4.61773640373 5.26275934043
6000 7.49231980257 7.49231980257
2489 2.75963980108 2.75963980108
2950 4.41034034872 4.41034034872
2484 1.59860002462 1.93329362777
4673 5.23035828215 5.23035828215
4670 2.10252369724 2.10252369724
3252 0.94658868478 0.977774027236
2245 1.38807476018 1.61619250123
2246 1.01853542367 1.01861303706
2247 0.90863550835 0.90863550835
2240 2.39570464421 3.39981441445
5179 5.35176782072 5.35176782072
2242 1.96027937376 2.73390152697
7394 0.00194469137732 0.00194469137732
2466 2.06735729403 2.14966357855
996 3.80911072526 3.80911072526
7391 2.58408316112 2.58408316112
993 6.74500217994 6.74500217994
992 2.53077336125 2.77229926287
5144 1.57359911623 1.57359911623
2469 3.17699346725 3.85301806522
7535 3.21995255511 3.21995255511
122 2.65341562287 3.18541926096
124 0.809475364632 0.809475364632
3404 1.71260463854 1.71260463854
126 2.45096770295 2.49471288172
3409 6.33158507533 7.00462377445
3408 4.76614779368 4.76614779368
4875 0.361808707344 0.361808707344
4871 6.73250331353 6.80384343813
7438 5.21982192095 5.21982192095
4878 2.44874862833 2.44874862833
2069 3.40287644753 3.8594187245
7533 1.73695677191 1.73695677191
5424 1.57245186202 1.57308321137
2062 1.28433206521 1.3560760707
6319 4.49254812174 4.49254812174
3413 1.32661905984 1.3298135671
5423 1.17404903759 1.43059523837
7247 0.142201196287 0.142201196287
5099 1.40791005979 1.77697194423
3578 1.61754652258 1.71293078286
3571 1.58844380492 1.66716812465
3573 1.79433790257 1.79433790257
5097 0.00237589986557 0.00237589986557
2665 4.02611723818 4.02611723818
4492 0.307503265269 0.307503265269
4490 4.40499952282 4.40499952282
2669 1.56277864878 1.8150997088
6823 2.53278108006 3.26147706665
6824 1.34531231111 1.34531231111
2938 2.73298462113 2.73298462113
6829 1.66743567507 1.71204971868
2935 2.00158393452 2.16769966656
5326 0.631692014749 0.631692014749
5327 0.00469762693214 0.00469762693214
5325 6.01631350195 6.06935148268
5322 2.29921204691 2.29921204691
5320 1.19539999488 1.19539999488
5321 1.1725896663 1.2761199145
5328 1.25221659642 1.25221659642
1643 1.29537288801 1.29537288801
579 2.58318054132 3.02323794581
573 2.04174793339 2.40611489672
571 4.89048775473 4.89048775473
577 2.10452296494 2.10452296494
576 5.25073310805 5.25073310805
575 1.89988526282 1.97586815791
3169 2.87491367191 3.55681587296
2803 1.62512848386 1.88900770811
2800 1.90670773603 2.11333947619
3165 1.39952530769 1.90345723267
2806 4.89495686216 5.49191628237
2805 4.12616334951 4.12625403055
1421 0.499257556517 0.499257556517
1420 0.976663646507 0.977042060046
7094 2.06215468535 2.69156725071
1422 2.4990484902 2.4990484902
3368 2.39925231198 3.12016852041
1424 3.47060449692 4.11166188577
1426 5.24335724486 5.2435900837
3366 3.69725783765 3.73157466653
2404 4.18766402164 4.18774815179
7098 6.59081810978 6.59081810978
7099 2.05818589175 2.12555550732
732 3.25031348469 3.25031348469
735 3.000455834 3.00045589286
736 7.06923447483 7.06923447483
4272 3.19967185385 3.19967185385
4271 2.10953231123 3.07236154571
1358 0.41831850493 0.41831850493
4274 1.86092106264 2.61188967665
461 2.30997266359 2.30997378898
5555 1.86636801692 1.86636801692
5554 1.41035061872 1.79629830334
6488 3.29848970977 3.34339144657
5551 0.223882470386 0.223882470386
5550 1.53184220684 1.53184220684
7384 0.549638063094 0.735532507715
6955 1.83480355144 2.07481122043
6484 2.60313965892 3.08699112345
6285 3.74028555171 4.22991988955
6948 3.78561739996 3.78561739996
1518 1.18023569978 1.41778648242
1510 4.1826334201 4.1826334201
1513 1.75048738204 1.87096554794
1512 3.63270936213 4.22673915599
5885 2.04672582672 2.04672582672
5889 2.09330461345 2.09330461345
6559 3.99792039242 3.99792039242
7478 2.64221886995 2.64221886995
3186 1.88870113938 2.13812766175
3187 3.31346765371 4.80400205651
3182 1.7512486375 1.7512486375
3188 3.86572412876 3.86572412876
6863 2.67369075256 3.17951293224
1896 1.36676793946 1.66296465432
6631 2.75246325746 3.16742532953
4018 3.04872324602 3.04872324602
6281 4.70817922298 5.12185010191
357 0.62913232891 0.62913232891
351 2.50531206458 2.50653496684
350 5.62132633868 5.62132633868
3985 2.4525313809 2.50278967141
3983 2.4641871305 2.4641871305
4855 1.17637239449 1.4434878637
6126 6.84944813113 6.84944813113
6120 3.70249942588 4.54142025089
4706 2.08709891178 2.08709891178
4705 1.27517455277 1.27517455277
2320 2.64903949908 4.06868775974
4703 1.2720217903 1.27202958201
2329 3.09707116906 3.09707116906
4709 2.08594177294 2.47128585095
288 6.69538375614 6.77725700455
3619 0.568693147387 0.568693147387
5 0.0930365133154 0.0930365133154
284 2.86811911533 2.86811911533
3760 5.95979337128 6.46976484845
3765 0.89416619606 0.89416619606
262 0.344345828562 0.344345828562
260 5.18565421162 5.18565421162
267 1.999245212 1.999245212
2499 1.8512522092 2.10457463904
2498 2.12189727402 2.24982611958
6013 0.420380926402 0.420380926402
1296 1.55335558806 1.55335558806
7253 2.84339821949 2.84339821949
2495 0.598752901563 0.598752901563
2494 2.85000649384 3.19180422077
4644 4.77495497924 4.77495497924
2496 1.99904711089 2.76337527947
2259 2.63901050481 2.76761404079
2254 2.33802057538 2.87611629507
5060 6.45507135242 6.45507135242
2250 2.39020181129 3.0040860688
2477 1.44654446064 1.54321893251
988 3.95664324703 4.28688647223
5151 1.42901768039 1.82544465824
5150 2.48256766238 2.92601273328
986 1.62252532701 1.91255841808
5154 5.51847723101 5.51847723101
5157 1.52158411527 1.69881424631
2478 2.30406571137 2.5314928602
115 9.987209371 9.987209371
7313 3.51361754532 3.51361754532
119 4.36690103479 4.36690103479
2785 1.65799397965 1.65799397965
4801 1.09880803184 1.09880803184
2787 3.66254159328 3.66254159328
4803 0.551114957801 0.551114957801
4805 0.721549969979 0.721557389504
4806 1.84244541878 1.84995700245
4807 2.2415143895 2.6443895696
2788 0.941236638608 0.942463527233
2071 1.17727996222 1.17924146938
6306 4.19460144966 4.19460144966
6301 1.70941697664 1.70941697664
6303 3.51003231391 3.6539861216
2074 1.83340266944 1.83340266944
7272 9.02968777295 9.02968777295
7273 5.33734211632 5.33734211632
7275 2.77267788721 2.77267788721
3502 3.23619166935 3.25943576693
7279 5.28435977892 5.28435977892
5086 1.4768653915 1.78439673483
5085 2.78535933705 2.78535933705
5084 1.07003954257 1.07003954257
2672 1.88727316213 2.03274556447
2676 1.18880312737 1.29828388835
2679 0.767662372745 0.797359327299
6833 5.51176116117 5.51177818656
2928 2.31664497824 2.72779767975
6830 2.3804882063 2.65386542504
6854 3.05250607934 3.37036850487
2923 2.45544181908 2.45544181908
6838 5.27904275677 5.6514937091
2925 0.0492117667672 0.0492117667672
2926 3.68443781938 3.68443781938
5331 5.67683898367 5.67683898367
5330 5.2460547722 5.2460547722
5335 0.455032565375 0.455032565375
5336 1.82221750508 1.82221750508
2907 2.07382087855 2.07382087855
3215 1.83745532496 2.02681143232
1984 0.481236531303 0.580050269484
1985 0.0366761102574 0.0366761102574
1982 1.55311424445 1.55311424445
3212 1.48411317895 1.65889378042
1638 0.555375202189 0.555375202189
5371 4.61916848368 4.91527031245
3218 6.1856494727 6.1856494727
3219 2.06130265106 2.66907722864
1989 2.51477247827 2.61302027453
569 1.3564899018 1.7117184182
560 3.1441381094 3.1441381094
564 4.41439221404 4.79144740316
566 1.73589062789 1.98436887035
6543 8.8811432716 8.8811432716
3173 0.465636690782 0.465636690782
7081 0.736512236421 0.737091557415
7030 2.30405659534 3.03098764584
7084 7.78636840423 7.78636840423
3376 1.34176815364 1.34176815364
3374 4.5391268936 4.5391268936
5421 1.03944477559 1.62666721785
3372 4.99747998183 6.4141040375
1180 6.06460270874 6.06460270874
1181 3.75469954591 3.75740540424
725 2.50954554612 3.21196417629
723 11.3189035736 11.3189466949
1746 3.24412276524 3.24412276524
1740 0.761239346908 0.761239346908
1742 8.82474965163 8.82474965163
5499 0.167678645283 0.167678645283
1165 1.24089478082 2.6863022115
1166 1.45484577487 1.45484577487
7587 4.62057830357 5.02280423758
7291 5.55172632404 5.55172632404
4247 1.73398628305 1.991333833
4245 2.42939177875 2.42939177875
1168 1.63493284802 1.63493284802
1169 2.14832741705 2.14832741705
4240 1.62177378049 1.97923401298
5521 1.84510571499 2.08152416915
5523 3.78664168587 3.99952137079
5526 2.01857671319 2.01857671319
7130 2.13847191422 2.50096870567
6941 4.53716938565 4.53716938565
6940 1.36923462139 1.36927617331
7132 1.51097887682 1.51097887682
47 6.86366845935 6.86366845935
7297 1.33922526875 1.33922526875
41 5.22038809566 5.22038809566
1569 2.50480973374 2.75409580648
1365 2.29718828368 3.42936559211
5492 4.41738988453 4.69532576165
1292 1.68909214762 2.03720362265
1561 9.00000353589 9.00000353589
1563 2.58015716302 2.58015716302
1564 3.40257280166 3.40257280166
1565 0.120244861815 0.120244861815
1295 2.92100470618 2.92100470618
1712 1.80778513149 2.33594538777
475 0.0825012106962 0.0825012106962
5250 0.988670347584 1.06910451134
1789 1.59341074952 1.84236784176
4399 4.27556338739 4.51209231004
7460 3.37018343358 3.40815194206
5638 3.24015172082 3.24015172082
6541 2.69425262513 2.69425262513
6540 3.38041397928 3.38041397928
4391 2.29128593993 2.29128593993
4392 3.51454659486 3.82181224915
4395 1.699318434 2.14293832599
6549 1.32545540741 2.03320397959
5633 11.3190810406 11.3190810406
473 1.58637171296 1.78750009946
3195 0.618309979642 0.618309979642
1862 0.335942571673 0.335942571673
3193 3.54176881378 4.30714444703
7465 2.29350417253 2.51752266055
3190 2.00890046625 2.35639057961
3728 5.89135174443 6.24841701251
3198 2.22745783573 2.2811715181
7466 1.85258654806 1.98127381204
1368 0.820640992297 0.820640992297
3729 1.0977258256 1.0977258256
2.3590540936 3.11722845306