4447 5.04698841245 5.29540522945
4023 1.5295195848 1.65708468913
5988 0.862362737692 0.862362737692
346 1.59081165954 1.74573370047
347 6.02498735082 6.02498735082
7513 0.979580124009 1.24957309474
7512 2.9999695272 2.9999695272
342 3.17576844648 3.42225881388
343 2.31739766707 2.41320991541
3996 1.71593266639 1.71593266639
3995 0.755771116983 0.990504636045
3994 1.1846985082 1.3231208694
348 0.911678852399 1.18071472825
7518 3.22535169062 4.08381910661
6150 1.23303532221 1.52494058351
6154 0.499954616586 0.60806144546
6159 0.61412448362 0.61412448362
6796 2.15427345868 2.91158170864
6797 8.36504308536 8.36504308536
4730 0.940086573506 0.940086573506
4736 1.86653485304 1.86653485304
2319 0.949140830345 0.953443303976
2313 6.01366799734 6.01405963242
2310 2.35819360778 2.35819360778
2311 2.64600374459 2.64600374459
5851 0.625108333177 0.800568202049
299 1.19926910868 1.43083660158
7627 2.49655242575 2.49655242575
291 3.30318282697 3.30318282697
4656 3.51237200915 4.27726032878
274 6.03658196586 6.03658196586
276 2.92879647256 3.80990052077
278 7.43023975566 7.43023975566
4836 0.998332920691 1.09711222041
6584 8.49791396308 8.49791396308
2262 1.11492592157 1.18228417954
6190 4.57896475719 4.57896475719
2266 5.08400322413 5.08400322413
2443 1.72799802755 1.72799802755
6055 0.218244722373 0.218244722373
108 1.59920799966 1.59920799966
109 0.153842245679 0.153842245679
107 4.00067016055 4.00067016055
4813 1.78461087619 1.78462060729
2047 9.69463619851 9.69463619851
2045 0.985358955489 1.03663521589
4817 2.99884003554 2.99884003554
4816 1.94435409144 1.94435409144
2040 2.39968730304 3.06407995981
4819 1.66400471449 1.7956108012
4818 10.0115243858 10.0115243858
1297 1.870733845 1.99173144604
6378 4.24372733379 4.80965426222
6379 1.5049921889 1.80456872403
6053 0.687216141171 0.687216141171
5828 1.25091867563 1.25091867563
6372 0.993769105298 0.993769105298
6375 1.68365022294 1.68365302719
6377 1.83353304249 2.12808086359
2838 3.77423856283 3.97448583959
5363 3.61639598243 4.26056776821
3519 0.136369992818 0.136370420689
3510 1.41092309542 1.73152979031
3517 1.59372142834 2.24996763934
3516 1.76583177477 2.39723524073
7263 1.13905944519 1.13905944519
3514 6.28255066652 6.35358723839
6201 2.71358460165 2.72887583129
6202 1.45730086944 2.11718896843
2685 1.3996646322 1.60468062006
2687 5.24002935813 5.66497775481
2681 0.854952162586 0.990510458371
2683 0.985429599614 1.24708778971
5406 0.947962702388 0.947962702388
5119 0.257073241053 0.257073671863
6802 2.22212780005 2.22212780005
6800 0.80538059685 1.09504241674
5293 7.61249505244 7.61249505244
5404 0.934803708213 1.2735096379
91 8.1428734356 8.1428734356
93 0.434306325102 0.434306325102
95 1.99836944246 1.99836944246
97 1.63709604661 1.63709604661
5402 7.05734384781 7.19909589597
5182 4.27085299341 4.27085299341
1622 1.33433258014 1.62067926067
1992 1.56427577083 1.56427577083
1627 1.76553475942 1.83535659823
3993 2.18048715045 3.0618974226
1629 3.15620162795 3.15620162795
1628 3.30936266374 3.51819201726
3209 0.451866019737 0.451866019737
2860 0.0674847873803 0.0674847873803
2861 5.05972924987 5.30440058523
2863 6.72528002583 7.36136718896
2867 1.25228364189 1.60841876018
555 1.17374413578 1.20691095413
554 3.15493850279 3.15493850279
551 0.562647608603 0.562647608603
550 1.1753790668 1.51512518721
553 0.272072490691 0.272072490691
552 2.97132146464 3.144709037
7142 2.23862736025 2.68819041666
1199 5.95158200793 6.0338633406
5459 1.00545649754 1.00545649754
7079 2.29336335636 2.29475491335
7074 0.713569288702 0.713569288702
5451 2.50019265828 2.50019265828
1193 2.69038031112 2.69494649406
3341 3.67483336823 4.2187800719
5454 2.9971640547 3.70855739339
3347 1.85678010246 1.99854359303
1197 4.63691360323 4.63691360323
3345 5.22792003707 5.29097530786
1754 4.0672047316 4.63029627998
1752 0.399548735524 0.399548735524
6976 3.16316862407 3.16316862407
6975 0.772840319301 0.916324641326
6971 2.13571409476 2.34014104387
4253 2.54976269412 3.28567395161
4252 1.95189759105 2.12031621932
5531 0.46298136317 0.46298136317
5538 0.0989737945303 0.0989737945303
1285 1.36280264244 1.67244708727
1284 3.22686414453 3.38166088868
1287 4.35773966187 4.51480613831
1280 4.58383161519 4.58383161519
1283 9.59950295127 9.59950295127
1289 1.06362152516 1.06459444074
7188 5.07577794314 5.45425907754
1579 3.19289009909 3.56394170227
689 3.32367192034 3.95573880083
684 2.14943157409 3.57057433209
687 2.02323194873 2.15407754236
7183 0.870776657264 0.870776657264
681 2.08532063121 2.08532063121
683 2.17505310133 3.31849361729
7187 0.200292970051 0.200292970051
458 2.53182438838 2.53182438838
6006 2.0025614786 2.39226041264
1222 8.63651420341 8.63651420341
4388 1.9303696378 3.04853863899
6576 1.64687167942 1.64687167942
625 2.5094412377 2.64753797326
6574 1.39465322301 1.6202867094
5627 0.948081899498 0.948081899498
4382 2.18988027417 2.78639530703
7459 0.79748160215 0.941211728267
1371 2.24633847771 2.24633847771
406 0.86203797159 0.862037971793
405 1.68196601045 2.25230357327
1374 1.57438299483 1.78979058012
3834 2.99990008414 2.99990008414
628 8.35358518916 8.35358518916
3831 0.506589328834 0.670004930612
3832 3.36914934925 4.51084251609
3838 3.71970021034 3.71971561779
6794 7.63736535206 7.63736535206
4844 1.08867574022 1.08867574022
5990 1.94603603108 1.94603603108
5992 6.24714884587 6.29104400754
379 5.06451481091 5.06451481091
7527 2.73153897217 2.73153897217
7525 3.16695452741 3.32231931492
370 4.81169336425 5.4809407741
373 0.499859751694 0.499859770976
2038 3.16586339567 3.16586339567
374 5.55911414607 5.55911414607
376 3.52942821565 3.52942821565
6530 0.67071103524 0.821381051528
393 1.64306714656 1.64306714656
391 1.10331229855 1.62545332013
394 1.27973438944 1.27973438944
6148 2.623469785 3.26304689718
2309 5.52377174732 5.52377174732
6780 3.89280203116 4.64096969491
6782 1.22371619292 1.22371619292
4728 1.36211827475 1.36211827475
6787 1.74904408866 1.74904408866
2301 4.00060023226 4.00060023226
4724 3.39980920453 3.39980920453
4727 0.830864904415 0.830864904415
2307 6.45150348718 6.45150348718
5846 0.702193416881 0.822075776178
6538 3.20774306756 3.83817173915
5849 3.1324282657 3.62827179615
3748 2.60511112495 2.60511300811
3203 1.46377486275 1.83171107218
3745 1.1646643071 1.1646643071
3743 0.281194478345 0.284451205004
247 0.74980182976 0.74980182976
4623 2.36353047752 2.56699429634
4624 3.07644038665 3.20428674102
243 1.18446746056 1.18446746056
4629 2.46814304178 4.01589541589
2272 1.14256774353 1.14256776441
2278 2.76299226696 3.22798178888
2459 0.55954983331 0.55954983331
2454 1.26316174497 1.26316174497
2451 3.3604717786 3.3604717786
2450 2.45184789098 2.77540262474
172 0.137088261628 0.13767574036
171 2.11125232742 2.53147337862
2050 2.72235127893 2.76789605601
4538 0.750684288786 0.867992312317
4828 0.910558889102 1.13922440095
2059 3.98800429869 4.01805617235
2058 0.119758887987 0.120014132203
3692 1.6202826656 1.6202826656
3693 1.41125045594 1.41125045594
4530 2.70025758982 2.70025758982
3695 2.17771930199 2.17771930199
3696 2.12521557528 2.12521557528
4821 1.23380961429 1.48315176428
6369 2.32584045937 2.36585935352
4983 2.53326429082 3.36452583587
7337 3.00083682992 3.00083682992
1504 3.01529461028 3.01529461028
3522 3.49495913446 4.90141365691
3523 2.2273184926 2.6657262718
7043 1.17285168444 1.50214137688
7218 3.13367717655 3.13367717655
7215 1.35723033014 1.43947844624
1601 4.9234655678 4.9234655678
6215 0.74379670593 0.743806358403
6386 3.46024544494 3.52647756451
2699 1.27140738059 1.27140738059
4651 0.495343453218 0.565817828569
2693 1.35181147575 1.42385021462
2690 0.498466343609 0.599795827504
6819 2.0729625848 2.0729625848
1605 0.125378702752 0.125383090014
6814 0.135600452717 0.135600452717
6817 5.88916711018 5.88916711018
6816 1.36576490801 1.36576490801
7326 3.09118237551 3.68184740407
3231 2.12890454008 2.44716094342
3236 4.07302867337 4.07302867337
1969 7.31799150546 7.31799150546
3235 3.9996594558 4.16567155881
1965 3.89767756012 4.26354329204
1966 1.08132914945 1.64368556969
3239 2.61428066357 2.61428066357
5191 5.27245173238 5.46574718936
1962 1.27263768953 1.33385549466
2877 4.62945813029 4.62945813029
3355 1.53875598142 1.53875598142
3351 2.09148492802 2.32632229419
3353 0.168436771039 0.168436771039
3352 1.14441263446 1.2354750892
7063 0.559558172086 0.58786363726
5446 1.97791280971 2.34866270385
7060 2.400474981 2.58284594922
1764 9.02260001784 9.02260001784
1788 0.494480508222 0.494480508222
1145 1.56719401356 1.7657295018
6968 1.46091228919 1.46091298757
1148 5.9994755341 6.07162836592
5509 0.186164169891 0.186164169891
5506 1.46475495354 1.46615704737
5507 2.39098447336 3.04848274865
5500 0.5845729758 0.5845729758
692 1.76913329766 1.76913329766
1547 2.43703225961 2.5369635426
1544 2.92149751169 3.02774500405
1545 2.06291507135 2.44550059403
1548 5.16957057051 5.16957057051
7199 2.18258054447 2.18258054447
546 3.1308227735 3.1308227735
544 1.28893927081 1.52781122466
545 1.13606157399 1.24107268991
549 2.17660413859 2.53930753454
7194 5.13975413458 5.13975413458
6886 1.64277781702 1.64277781702
7564 1.49880766239 1.59972290177
764 3.13700737364 4.35481992143
6406 2.50018466866 3.36346881268
5618 2.14546400991 2.14546400991
7442 1.91802599499 2.51288157969
6568 3.33077768011 3.33077768011
5477 2.05813499815 2.14007025494
5612 0.0521364139594 0.0521364139594
5613 0.863954371876 0.863954371876
6405 5.64830078049 5.64830078049
5617 7.27264447866 7.27264447866
6562 1.51085711112 1.74079183845
7398 2.76192366581 2.76192366581
5475 1.89100081395 1.89100081395
410 1.70686995054 2.20310123797
1389 2.22312571022 3.00502178761
412 0.627290802371 0.627290802371
1384 3.14689254966 3.93332955545
1387 3.20886492149 3.8856321097
419 0.923682644758 1.06720141777
5003 2.50448922077 2.7886328715
3823 6.78114329197 6.78114329197
3821 3.0731665804 3.0731665804
7114 2.91595475689 2.91595475689
3828 4.24024444435 4.24024444435
5000 0.868176733024 0.868176733024
7482 4.20112561434 4.20112561434
4282 1.97507362086 2.24248577217
4280 0.712490980192 0.871243140405
4286 2.24980723331 2.24980723331
7538 3.37289221562 3.37289221562
369 1.30108039532 1.72071327929
366 1.72235313363 1.72235313363
7534 1.62361192702 1.62361192702
364 0.06247137766 0.06247137766
365 2.25436025107 2.77754703196
362 1.05280212098 1.0541296847
5009 4.025218746 4.58042887418
360 1.19999407161 1.19999407161
7532 0.645477008409 0.645477008409
380 1.46844314435 1.71457737494
381 1.69263402912 1.78022550583
383 1.77197834403 2.28035065008
384 2.44293128645 3.56574450486
6178 1.36434341464 1.36434341464
389 0.5722631146 0.572263138339
5271 0.343727232278 0.343727232278
6778 2.99889249389 3.88772424199
6779 0.686928957893 0.686929263714
1369 2.63436683495 2.96048006837
6774 3.08518517846 3.1213574993
6775 0.515789638323 0.595472456453
6770 7.77126194799 7.77126194799
6772 0.835032012511 0.835032012511
4757 1.50246545323 1.50246545323
5870 1.68229988011 1.6829439298
5876 4.43679469812 4.68602052602
5374 0.74786124729 0.74786124729
5879 0.334312966686 0.334312966686
3758 1.43179226489 1.55444404316
3750 1.5135375565 1.5135375565
3753 0.181558223454 0.181558223454
3755 3.49722252833 4.04579875543
2192 1.49430502364 2.11816505028
259 6.23359440334 6.23359440334
4637 4.07944352314 4.07944352314
2195 1.84625801197 2.43854311912
2196 0.0351580315821 0.0351580315821
2197 1.73907908673 1.91456785255
4638 2.1033164909 2.46870076034
256 1.88898222478 1.88898230119
2200 7.21437378589 7.21437378589
2201 0.750110979083 0.750110979083
2202 0.925000747422 1.00778253969
2204 1.52904907451 1.79928066057
2205 2.8326967681 2.8326967681
2209 2.39601006773 2.94088918931
6689 5.79860149127 5.79860149127
6680 4.64169975576 4.64169975576
2428 3.57480999012 3.57616616948
4812 1.12145586306 1.12312369512
2422 1.66912571906 2.15289231024
2426 3.20837279845 3.20837279845
4810 1.86237920722 1.86237920722
169 2.83831273369 2.83831273369
164 2.00072272033 2.08523502458
160 1.81463767154 1.81463767154
161 2.36826786721 2.90008144227
162 3.14962694624 3.14962694624
3689 0.000806152832633 0.000806152832633
3683 1.07001067749 1.07001067749
4526 1.88325671216 1.88325671216
4525 5.98455602397 6.23483437624
4524 1.22239250496 1.38610260546
4523 2.37371929791 2.76633754706
3685 3.00318275479 3.0743510697
3684 5.11684943001 5.11684943001
6194 5.49323084041 6.2724832641
6981 1.73875664439 1.73875664439
2518 1.61324415372 1.61324415372
1842 2.27302926446 2.27302926446
2514 2.2486075777 2.2486075777
2516 3.50143446171 4.2283256622
6198 5.49799019597 5.51617249149
908 3.72261395742 3.72261395742
6740 2.22320614426 2.22326372176
2730 0.0725912239342 0.0725912239342
2733 3.15345330022 3.15345330022
4426 0.994765833036 1.10817016374
5294 2.08329830461 2.39005974297
5295 1.96857907287 2.88330520819
2738 2.68050403238 2.80142213855
2739 1.16838118269 1.47954787544
5291 2.97000631518 3.67802705583
1817 0.272677470352 0.272677470352
1811 1.68675917812 1.68675917812
7203 1.41859197356 1.51338917508
6227 4.12112365913 4.12112365913
6228 3.24802988546 3.24802988546
671 0.226157901875 0.226157901875
6993 0.945906373934 0.946071925421
1609 1.27486673402 1.60995704265
7336 2.00377084302 2.00377084302
7335 2.53777743577 2.53777743577
7334 4.61209444515 4.91247892788
3225 1.9495176074 2.6837654117
3224 3.54805877589 3.54815400542
3227 3.50273936259 3.50273936259
1602 1.82181601112 2.33361834506
1973 3.83495165456 3.83495165456
1972 1.33487914001 1.33487914001
7339 2.87863928771 3.23564421208
809 1.99989028986 2.27039401804
801 2.9988973209 3.33270536802
807 1.74928491325 2.04525261719
806 2.49739873291 2.86918996222
2849 6.43655636096 6.43655636096
2846 2.04195910893 2.04195910893
2843 1.08355756231 1.08355756231
3321 1.24753123546 1.39300928826
3323 1.8534067376 1.8534067376
3328 2.32894617891 2.32894617891
5478 0.562338603854 0.752548669758
5479 2.07547439121 2.07547439121
5274 0.0876857810267 0.0876857810267
7058 1.09013732557 1.09013732557
1776 0.991773449529 1.3475909347
1770 2.96353725719 2.96473626881
5272 3.17357754823 3.43601951363
323 5.31974301334 5.64706906974
7052 3.23215710911 5.28373861731
1778 0.559900993118 0.559900993118
7055 0.818737740647 0.818737740647
1154 3.84101064616 4.10911304024
1152 0.498229573851 0.498229573851
5519 1.99802954844 1.99802954844
5518 1.58628176884 1.65646239557
5513 2.71428571077 2.71428571077
5512 1.49251076192 1.81879684598
5515 1.41102974138 1.76009214268
5517 1.94395682236 2.1074037984
1551 9.23636724851 9.23636724851
2999 3.99887906407 3.99887906407
59 1.31168179033 1.31168190876
58 5.51683718265 5.59497815312
55 1.00244206009 1.02172209368
2991 1.32754262522 1.32754262522
57 2.20108304305 2.20108304305
2993 3.46121757242 3.46121757242
52 0.993894444768 0.993894444768
535 1.30285105652 1.38554706211
532 1.24479686399 1.42386588179
531 3.01920541066 3.64018007663
7342 6.4762081622 6.93306981482
538 0.705433154753 0.835273547012
5600 0.480373793109 0.480373793109
5609 4.43605844423 4.43605844423
5608 2.73355902733 3.30337470043
5134 1.07730236497 1.18832261149
1902 1.30953737851 1.5150116705
6517 2.57918111505 2.58547216873
428 1.14390504777 1.14390504777
421 4.11525164466 4.11525164466
420 2.94677481155 3.25811788078
3293 0.0157628525358 0.0157628525358
1393 2.54066117106 2.54066117106
1391 0.760265389575 1.22459141729
3810 1.74716450723 1.79863284346
3816 1.69588162574 1.69588162574
3814 0.571850005612 0.571850005612
3457 4.46809623362 4.46809623362
6420 0.437439396526 0.437439396526
4298 6.0440337371 6.0440337371
4294 2.04842247228 2.04842247228
4297 1.68076449404 1.68076449404
853 6.26740123646 6.31771072318
6428 1.18093234102 1.18093234102
6429 2.78603122883 2.78603122883
6412 0.213267847429 0.213267847429
7543 0.631306843938 0.631306843938
7547 5.303543075 5.43515322037
6168 2.02385812965 2.15809782363
6160 3.80648705495 3.80648705495
6162 0.06831546749 0.06831546749
4749 1.55098814481 1.576252186
4748 2.46447599735 3.14360026891
6767 2.30358595359 2.30358595359
6766 2.50959876127 2.85656534217
4740 3.83925162519 3.96485261092
4747 1.8250845944 1.8250845944
4744 0.942470640416 1.27483726241
5868 1.72467715663 1.72467715663
5865 2.2806289528 2.43727511588
4715 2.62065745819 2.62065745819
2183 2.4838323952 2.94552182058
7059 0.249136889125 0.249136889125
2181 0.636183116467 0.636183116467
2186 0.884455842476 0.884455842476
4606 5.19354512699 6.00284356886
2189 1.99928654988 1.99928654988
224 3.95627869792 3.95969525485
223 5.90987914062 5.90987914062
222 1.99103720029 2.50120848899
221 0.842531700647 0.842531700647
2212 1.76732980062 1.83365429925
2211 0.846976297435 1.15212857553
2210 1.44066112828 1.59321637648
2217 3.23141656349 3.23141656349
2216 2.27901678784 3.92789609417
2214 5.2645394399 5.2645394399
6699 0.727201752798 0.727201752798
7293 1.02600029963 1.12499622684
6697 1.12348566764 1.31363723262
6696 1.12894691185 1.24129766733
6694 0.923978044229 0.923978044229
151 0.840342744437 0.840342744437
155 1.47961192222 1.47961192222
156 3.26511719918 4.9845416125
2433 0.948776964748 0.948776964748
2431 3.03844608891 3.21286326313
2430 2.02633312162 2.02633312162
2437 4.31028855975 4.39966547853
2434 1.99842295923 2.18366836239
6340 3.471518953 3.471518953
6343 1.95256940354 2.31191203006
6344 4.4182749386 4.41831775379
6346 1.24634207624 1.24634207624
6349 0.910551164065 0.910551184742
4510 1.52416149438 2.12623205094
6809 2.33296374511 2.33296374511
4514 1.00879012264 1.14884970562
4515 3.54233297091 3.54233297091
6186 1.78972008691 1.78972008691
6183 1.47612822962 1.63857337805
6182 2.54510657278 2.54510657278
2508 3.82574175564 3.93561287197
2507 2.12514168918 2.90712220413
2506 2.8104804726 2.83994389527
2505 3.32094562946 3.36152278595
2503 1.27244611616 1.27244611616
5289 2.22174593759 2.22174593759
5288 1.65538810887 1.65538810887
2721 1.81789670299 2.29712155508
5280 2.49634659432 2.84012195474
5282 1.23812986055 1.23812986055
5287 3.0430101803 3.0430101803
7234 0.499605230946 0.592183172957
7235 6.41233095258 6.41233095258
7233 1.14244586042 1.14244586042
5047 4.09755767806 4.09755767806
5046 2.91596781194 2.91596781194
5045 9.40942530116 9.40942530116
1807 2.29201774213 2.33250145301
3783 1.65006216532 1.65006216532
1804 2.50069191701 3.47349211299
1802 2.1055530993 2.44817105641
3789 1.99723943684 1.99723943684
1809 5.54407865327 6.09446412324
1808 0.933386228982 0.933386228982
4994 2.07670443131 2.07670443131
6239 0.999381785792 0.999381785792
4993 2.20246148738 2.55094049511
4991 3.27842567169 3.27842567169
6234 2.44138443528 2.44138443528
6237 0.181063903768 0.181064613421
4999 0.0665770673702 0.0665770673702
1948 0.615443126333 0.615443126333
7301 2.39973517683 2.39973517683
7307 6.54482443423 6.54482443423
7304 4.47069384831 4.76180662244
7305 0.0324512791766 0.0324512791766
1943 0.998557090579 0.998557090579
1940 1.88284784458 1.88284800806
1941 1.49785239272 1.77633012481
1946 0.988534474609 1.09047611007
810 2.14637899604 2.75673958098
1252 3.2798333915 3.2798333915
812 0.99948092574 0.99948092574
814 0.618495835229 0.618495835229
817 3.58112114729 4.17857469477
2859 0.751390346865 0.751390346865
5183 1.54328529202 2.22639569921
2850 3.2268748162 3.73336290346
2852 2.00281028678 2.28268372806
2855 1.43822126511 1.43822126511
2857 6.29335545107 6.34656887549
2856 2.43644121571 2.43644121571
7045 5.93682252317 5.93682252317
1491 2.90127429367 2.90128940091
5463 2.94815004297 2.94815004297
5462 2.50870792581 2.60711681236
1494 2.75051243162 2.75051243162
3336 2.30905669919 2.97458600123
1496 2.21784313328 2.28240077561
7042 3.31135472138 3.31135472138
1499 4.83510399596 4.85992381833
1702 0.738152110862 0.738152110862
7328 2.82391033384 3.63655205177
1705 1.39905757571 1.39905757571
427 1.70171108054 1.70598433528
4574 4.68695617274 4.68695617274
1129 2.52861257428 2.55950407452
1123 0.734670870509 0.734670870509
6983 3.99765782653 4.21480120667
6982 1.22984406076 1.22984406076
1126 0.194002816443 0.194002816443
6980 2.62974524535 2.76510448723
2982 2.63325475692 2.63325475692
2981 2.07028308905 2.76619782396
2987 0.155580899157 0.155580899157
3022 4.12070526853 4.12070526853
2985 1.91237819066 1.91237819066
524 1.49971856899 1.49971856899
520 1.7434046404 1.80591172857
521 5.46883260622 5.46883260622
523 2.55093782751 2.8215393929
1012 0.785678508794 0.785678508794
1013 0.500243235971 0.500243235971
1234 2.05279674503 2.49862179389
1235 5.76970735612 5.7887500867
1237 0.906087262009 0.906087262009
1230 8.89662967792 8.89662967792
1231 0.232701418665 0.232701418665
304 2.3271895822 2.643601725
4195 0.177481104874 0.177592493597
4192 0.986003641246 1.09292097151
1239 1.73256200853 2.01657111296
5674 2.02636758338 2.53711176181
4355 5.22549418564 5.22549418564
4357 0.468613950015 0.468613950015
4353 2.99577767864 2.99577767864
6507 0.860614602399 0.860614602399
4900 0.265431480165 0.265431480165
437 3.97641061346 3.97641061346
435 0.18106195082 0.18106195082
433 1.87563531826 2.13135949338
431 4.64170864901 5.08000265251
7158 1.04801539159 1.04801539159
3808 6.09453249814 6.09453249814
3802 1.04496279483 1.24408460108
6437 0.526661514304 0.526661514304
6435 1.79743182253 1.79743182253
6432 3.68694793139 3.68694793139
6431 10.2220628979 10.223405203
5707 1.26611516101 1.62552488903
5700 2.59714183314 3.03298588856
5702 8.07708369853 8.07708369853
6438 0.849967417912 0.985641044297
2868 3.79409526983 4.40907936611
2869 3.48549228056 3.48549228056
7553 1.07947264597 1.42312739733
7551 2.25048915244 2.25048915244
7550 1.63046052076 1.63046052076
7557 1.67707094384 1.67707094384
7578 0.46733985148 0.470158823059
4774 3.1733902468 3.34861324623
4770 6.37470474539 6.37470474539
4778 3.08389133401 3.08389133401
6421 0.108529307979 0.108560232206
4175 0.372545897436 0.372554439588
4172 2.14876258248 2.20641256576
6752 0.152071313391 0.152071313391
6756 2.75127700508 3.79889762779
4179 3.14286965674 4.97061972157
6755 3.56937425963 3.56937425963
7171 5.12023732691 5.52029755786
5815 1.47709378497 1.47709378497
5816 1.65231949836 1.79205733489
4296 1.8598230569 2.27891024603
7173 4.34851439534 4.53411625746
5064 0.667772267372 0.667772267372
4619 0.577925675035 0.873835694913
234 3.5389325444 3.99024646264
4610 0.362158302778 0.362158302778
236 3.13333452739 3.13333452739
4615 1.13241584609 1.13241584609
231 3.36235607203 3.36235607203
4617 1.88876756153 1.88876756153
233 4.82007816821 4.82007816821
7392 3.16647922601 3.16647922601
2223 0.367467063504 0.367467063504
5924 3.06392085858 3.06392085858
5925 1.43201463931 1.86245627532
4881 0.386247349602 0.386247349602
146 0.599380840782 0.599380840782
5356 0.115466801079 0.115466801079
5143 0.217276279387 0.217276279387
4501 1.23035377127 1.23292275099
4503 0.945162342436 0.945162342436
4502 0.494588220549 0.494588220549
4508 2.30442349558 2.30442349558
2089 1.42855042635 1.42855042635
2080 2.50051207934 2.63110732214
3403 2.58488232702 2.58488232702
2538 2.85101282724 3.00121866582
2539 0.384454328794 0.404097730556
2530 2.20593089286 2.54753399278
2537 0.580955166869 0.581717702927
2713 0.952402772966 1.37528958078
5453 9.29322450442 9.29322450442
2716 2.64022822387 3.29147774636
2714 2.23961339834 2.34272646978
2715 4.0121391639 5.98913465567
5078 1.64882070527 2.05336704169
7222 1.5216445341 1.6601860563
5456 2.33114245796 2.381334549
7227 1.9992920239 1.9992920239
7226 2.61315551182 3.26816767532
5072 1.5999832466 1.5999832466
5457 1.5534504146 1.5534504146
5076 0.364755750261 0.364755750261
5077 1.82542149234 2.0507202164
1832 3.22021321109 3.24727328303
1833 1.02805446171 1.02815008984
1830 2.91344256223 2.94616503637
1831 3.08200217777 4.1254622272
1836 0.0825176959687 0.0825176959687
1837 3.38279381568 3.74982146737
1838 1.18329170554 1.18329170554
1839 1.20589354007 1.45551629287
2155 1.61542586834 1.80619519643
2156 2.86995278702 2.86995278702
2157 2.90988167086 2.90988167086
2402 7.96900112502 7.96900112502
2151 1.70859541621 1.92579795166
6240 0.844403082532 1.02083898326
4988 1.66145861811 1.77528067583
7446 0.318481399146 0.318481399146
2158 5.49949413824 5.67733556246
936 0.0371480757868 0.0371480757868
6246 0.87340819565 0.87340819565
2409 1.20730559581 1.64584395603
5381 4.93972799217 4.93972799217
5382 1.21843133313 1.57583687293
5383 2.47535580641 2.47535580641
5386 4.05115402255 4.05115402255
5387 0.0567977428355 0.0577868911855
5388 0.383680990824 0.383680990824
1691 4.40511287031 5.20327287718
1955 0.90304073014 0.904182225968
1957 1.97327944508 2.30813185495
1956 5.29412094006 5.29412094006
1959 3.13469966962 3.53309293719
3243 6.25502278096 6.25503295603
3242 5.02838193058 7.00597727931
3247 0.920944887317 0.920997963873
7310 1.71269062474 1.95861244781
3245 0.808296513687 1.07693594516
3244 3.55673046866 3.63616088653
826 0.499920691927 0.499920691927
821 1.52052624646 1.66868365438
820 0.999431265222 1.06332059795
1483 0.791074245469 0.791074245469
1482 1.49958829818 2.12066673365
1480 1.49693584225 1.52851348612
1487 1.98917928734 2.04952859755
1486 2.22571146821 2.22571146821
1485 2.03034469151 2.21757798001
7037 1.57177057722 1.57177057722
5496 1.61861773188 1.88468296966
3300 0.858068806733 1.30480476339
5493 1.9864825889 2.344307556
796 1.23481486307 1.23481486307
795 1.53074084498 1.53074084498
5251 2.89491488526 3.560807833
5256 0.999515351369 1.23639304781
5257 1.83359231445 1.83359231445
5254 3.5723193783 4.37680154379
1719 0.594397608803 0.594397608803
1718 1.17324563053 1.62519255624
613 0.362369754803 0.362369754803
2414 1.58118765434 1.58118765434
1139 1.78608738157 1.78608738157
1273 5.96747322346 6.12248448671
1995 1.00124037238 1.37149487483
1275 0.0621398649677 0.0621398649677
5940 1.83253622339 1.83253622339
3011 1.71195756668 2.00051020667
3016 3.10546615554 3.10546615554
7141 2.90940632169 2.90940632169
3014 1.42601276045 1.42601276045
7143 0.692368379478 0.692368379478
926 3.14283637466 3.14283637466
1007 0.508111933695 0.555501185819
1005 2.20136726209 2.50264101297
512 6.70519018726 6.70519018726
515 1.0817309696 1.23705193711
517 1.96996491637 2.61063186296
516 0.304088741912 0.30409661517
1226 1.2121796225 1.3252237882
621 0.770990518154 0.770990518154
1223 0.634376921538 0.634376921538
626 5.11939650953 5.41532084822
1221 3.96800787043 3.96800787043
4182 0.0936541109812 0.0936541109812
4184 2.89969758413 2.89969758413
4186 1.60947336437 1.60947336437
5662 1.46025312525 1.78065899344
6533 1.35332733459 1.75905913034
4349 1.00537926396 1.02610879006
7562 5.41390003388 6.23782301757
5669 0.479974920365 0.5218324075
4341 0.92901561507 1.09699178675
2883 5.5980649624 5.5981419801
7498 1.31894901088 1.41512614425
2887 3.00020954195 3.00020954195
2884 0.705040250684 0.705040250684
7493 3.15738278398 3.81331064954
7490 4.86707878011 4.86707878011
7491 2.49249770076 2.54434846934
7497 2.51299042829 2.51299042829
7494 1.96119457001 2.02433733962
3878 4.46185134807 5.67097264546
3879 2.01696837316 2.05105419106
3874 2.43573641245 2.48016841123
3876 6.28903476605 6.28903476605
6403 1.45929037197 1.45929037197
6400 3.35656937827 3.82865273717
15 1.8487817712 2.15312968406
14 2.26198451418 2.26198451418
6404 3.0317969296 3.06804108423
1921 2.38895052969 3.19909339745
19 2.50489607788 2.50640057695
7568 1.26722520751 1.53491222055
7561 0.15396832282 0.153969861227
7374 1.76544375965 1.76544375965
3907 0.466322061828 0.466322061828
3902 4.51018866797 4.51018866797
4761 3.10292600316 3.44570696537
4760 1.59634932237 1.86074107618
4763 0.234114959486 0.234114959486
4764 5.4293609262 5.4293609262
6748 2.03332347579 2.87076365081
4167 7.00422295048 7.00422295048
4162 1.38810235624 1.47580488067
4161 1.49924959759 1.88547276196
205 2.58635550171 2.77173408905
204 2.3103593437 2.75787163676
209 3.81801735326 3.81801735326
830 2.99817059537 2.99817059537
7181 0.579716870543 0.619808755322
2233 5.13353747746 5.13353747746
2232 1.19788723025 1.19788723025
5937 8.33872728915 8.33872796306
5936 0.667937673656 0.777408132756
5934 4.8600403438 5.15451802744
5933 3.55340871328 4.07238349903
5932 1.50601808061 2.05706510084
5931 1.7822867905 2.1417436304
5938 3.62875038212 3.62875038212
7140 1.81750062844 1.81750062844
3499 1.25080335832 1.44231865636
3495 2.24533644938 2.24533644938
3491 0.502996984413 0.502996984413
4570 2.48297237502 3.09179500363
4572 5.80404312872 5.99693370506
2096 2.56646302395 3.07309645194
2091 2.50290288292 2.54846591422
5096 7.92982477537 7.92982477537
4576 0.992180920973 0.992180920973
2092 2.12498021552 2.44817885666
3657 4.70129590102 6.13346828112
4604 4.76560532922 4.76560532922
2525 0.620280010547 0.620280010547
2524 0.666307749314 0.666307749314
2527 9.03158338143 9.03158451669
4602 3.01977076847 3.62578433927
6902 3.74160489041 5.09441653637
5065 0.791658858098 0.904597748853
4889 2.59811745841 2.59811745841
5067 1.45538256361 1.63839100389
5066 0.982949797959 1.06797349076
5061 0.181852081284 0.181852081284
2708 1.13249408053 1.13249408053
7262 1.8315083468 2.20957999938
5062 0.616551138753 0.616551138753
2704 1.29778310437 1.29778475856
5069 3.54897799041 3.84186525773
4885 0.454034885296 0.454034885296
2702 0.82852626978 0.82852626978
4193 1.8290621404 2.03644317167
1828 0.811313642427 0.811313642427
1825 1.63446758423 1.63446758423
7453 2.13645861973 2.76946203206
928 1.58142134687 1.63913163573
2146 3.66452761109 3.78360553697
7072 3.16820162057 3.16820162057
2142 2.28480770293 2.48415507162
2140 1.16665836803 1.16665836803
921 1.50014741987 1.50014741987
4498 1.33739238613 1.39607317781
924 1.98696276646 2.12577748076
4971 0.0529064468381 0.0529064468381
2149 3.20214556107 3.20214556107
5745 1.05567150344 1.06192263546
5392 0.000529460304705 0.000529460304705
5395 3.86061837418 3.86061837418
3276 1.0820518298 1.0820518298
3277 1.24302141878 1.24302141878
1924 0.448714784567 0.511279345349
1926 0.580301230012 0.580301230012
5749 1.50262219158 1.50262277578
3278 1.56935889764 1.70378934687
7369 1.50158643151 1.50158643151
3476 0.816005416721 0.816005416721
831 3.49177038493 3.49177038493
837 1.08391672172 1.08391672172
7361 2.49480269313 2.54464789143
3478 1.54469781469 1.7520471307
5586 3.47530373181 3.47530373181
3332 0.167431201411 0.167431201411
3318 0.0830083609188 0.0830083609188
6571 6.00173305864 6.08726420617
5488 0.853584336233 1.0939387916
5484 2.13507637792 2.59431088346
5483 0.999969329148 0.999969329148
5482 1.86231923252 2.20242917075
5481 1.81809464508 2.07481582211
5480 5.19572167538 5.19572167538
785 0.666640940707 0.666640940707
786 2.95500378177 2.95500378177
7450 2.29767322901 2.29767322901
1728 3.27419887969 3.27419887969
783 0.562090714749 0.562090714749
6591 3.45522547435 3.45522547435
1727 1.58324690675 1.58324690675
5246 1.52101913656 1.61821277948
1722 1.6818594808 2.56277851221
789 5.39153845999 5.39153845999
1720 4.31921716478 4.31921716478
5242 1.99895470268 1.99895470268
7594 1.16150921516 1.16150921516
61 3.48675920551 3.57437646501
3006 1.46738475708 1.46738475708
3000 2.03853696686 2.38168349587
66 1.89188194192 1.89188194192
68 1.86460140375 2.07379714235
69 1.21581001983 1.76479784524
3008 1.0006996705 1.0006996705
7159 1.02901396708 1.3640836089
1370 4.96869252083 4.96869252083
7153 0.790159385748 0.790159385748
7152 2.20531296442 2.20531296442
1584 0.424246440957 0.424246440957
1585 0.975678012658 1.23210661859
6826 1.000155515 1.09735012623
509 3.78294225488 3.98330215317
1032 1.62193025602 1.62193025602
505 1.35400237876 1.35400237876
502 4.12554809323 4.45118508875
1037 1.90473403245 1.90473403245
1212 0.770134077876 0.770134077876
1210 2.99953650881 3.02706104882
633 2.05470600352 2.05470600352
1216 1.55334254541 1.72104790961
635 1.96809063388 1.96809063388
638 3.58482690516 3.58482690516
1218 1.19098492971 1.19098492971
1219 2.04429907925 2.77296334809
6521 2.0946870837 2.49126989689
7484 2.49202116995 2.89426414378
7487 3.84727964815 3.84727964815
4379 2.50271604285 2.50271604285
7483 1.18940065831 1.18943805895
5659 2.06393257779 2.83055147585
5655 1.03513321788 1.03597613502
5652 0.762841354405 0.762841354405
4377 5.41363065087 5.4136309897
2899 3.43723729385 5.29924643099
2895 0.574082682564 0.760205926817
2891 9.16800875766 9.16800875766
2890 3.42046380294 3.74180182204
1106 1.69653585785 2.26272201768
1455 4.9295595212 5.64734237685
1102 3.50135349972 4.95062066478
1103 1.46943625948 1.46943625948
1453 0.711076377325 0.827103180448
1458 1.91517452757 2.45646880446
1899 2.72496911502 4.05938561989
4082 1.35110220325 2.24406174419
3868 1.62667769195 1.88548980765
4088 3.60813914903 3.60813914903
5241 1.49824291938 1.49824291938
3738 1.28166219232 1.38005799412
3866 0.0837976488588 0.0837976488588
3864 10.9587183375 10.9587183375
7073 8.42168908782 8.42168908782
3735 3.90469616026 3.90469616026
5729 2.67457907832 4.05909307979
6419 1.05839126875 1.60791625505
6418 1.39948725585 1.70932015237
6415 1.86464094347 2.34599160604
5723 2.28881849187 2.28881849187
5720 2.16669017706 2.38629898329
5721 2.73174021745 3.17150330072
6411 4.42595617732 5.26256751248
5727 6.63764127533 6.63764127533
5724 2.53049672687 2.5790315087
5725 0.333595621645 0.333595621645
3913 1.52171731851 3.60616434257
3912 1.55921149797 1.6178389767
3918 1.69144178866 1.99496262956
6732 2.41545476582 2.41545476582
6734 0.667363047665 0.667363047665
6736 2.56207250615 3.47941298847
6737 2.54587089992 3.41483269606
6738 2.95704975139 2.95704975139
4796 1.66778513955 1.66778513955
4790 1.65517724028 1.79828780624
5836 3.08237187098 3.08237187098
4153 1.91538015797 1.91538015797
5834 3.69699824257 3.69699824257
5835 2.49971816177 2.56855719886
4154 1.37419878995 1.37419878995
5831 0.050831819506 0.086344890925
4159 4.53350618486 6.22619786312
4698 4.30534073737 6.35609640129
219 2.73269863911 2.85277395929
7464 0.582473827055 0.582473827055
6087 2.53501712361 2.53501712361
6084 3.15330336409 3.15330336409
6083 2.71425659967 2.71425659967
6644 1.21521426225 1.43304402909
6640 3.44563695761 3.67520844039
6642 1.74890213941 1.74890213941
5902 2.74539803138 2.74539803138
5904 1.26467152545 1.26467152545
5909 2.72337693085 2.72337693085
6497 0.23962629709 0.239784102879
3488 4.43137773398 5.14252524885
3481 5.35224561418 5.62612883181
3480 7.58522596359 7.58522596359
3482 3.36497825508 3.36497825508
3487 4.99896943415 5.43901368263
3486 4.43154645859 4.43154645859
4566 2.50134486655 2.50134486655
4565 1.02722319024 1.15462118513
4569 2.13069083947 2.17212880303
7080 2.82791367978 3.37848021058
2551 2.51584881094 3.80427292124
2552 7.58322463427 7.58322463427
2554 1.51426725046 1.78373683225
2555 1.49841098414 1.49841098414
6396 1.06196473341 1.06196473341
6397 5.50015008818 5.50015008818
2397 10.0000880252 10.0000880252
2394 1.11444601562 1.52542468698
63 2.36314958874 2.36314958874
5013 2.38014692703 2.38014692703
5014 4.91858619121 4.91858619121
2771 1.77074322674 2.65333352489
2772 1.83773961578 2.3732993233
4897 1.49691138571 1.57901329527
2775 1.7263129489 1.77721435486
2777 1.49668267951 1.55342235755
1859 0.497926265372 0.666054297612
6260 4.80048573781 4.80048573781
4418 2.01184515278 2.86515163773
4417 5.02092267159 5.02092267159
4416 4.57588440277 4.57588440277
1852 4.42868380807 4.42868380807
1853 0.765018516192 0.861727264371
1855 0.461807719523 0.461807719523
6269 3.252150802 3.97286809761
5168 1.41544583872 1.41544583872
2171 0.749999058428 0.749999058428
2176 3.06589536539 3.06589536539
918 0.680562025867 0.680562025867
6063 0.504658764642 0.627738283263
4967 2.51703234515 4.24005997099
914 5.63721478245 5.63721478245
917 2.2731148761 2.2731148761
2179 1.23254204224 1.23254204224
912 1.49934327573 1.74339000445
2603 1.54849016041 1.54849016041
2609 2.6336173032 2.6336173032
1930 7.09511764248 7.09511764248
1937 5.61326164527 5.61326164527
3269 1.49907331488 1.5266052381
1939 3.30428353376 3.30428353376
5127 2.0576647593 2.1956464448
5121 2.01185891879 2.62692298597
845 1.69150731218 1.71437293383
3464 1.59784634142 1.59784634142
3463 2.41006948026 2.41009046705
842 1.74496574543 1.98728062723
7091 3.19872248865 3.19872248865
7375 0.57156322544 0.57156322544
848 1.90989973766 2.20459414604
7012 0.879947795491 1.0372574762
7013 3.73562944256 3.73895531208
7011 0.850456253096 0.850456253096
1731 0.153604495175 0.153604495175
1732 2.0002887237 2.5000352029
5234 2.34523794293 2.34523794293
1806 5.38784746977 5.49958829197
758 2.89245128385 3.29140578177
7088 1.05406825089 1.05406825089
1595 0.727657830983 0.727657830983
6887 0.667958007157 0.668423729529
1597 5.00401369151 5.21370820244
3074 1.96131094124 2.58215595585
3075 2.07077527605 2.1817593144
1592 1.16642589377 1.26899466523
3078 0.28479661693 0.28479661693
3079 2.50963503015 3.35856525768
1599 3.82907079072 4.07786934435
1598 2.98577671732 2.98577671732
6889 2.27031876103 2.29363446603
5344 1.67100694706 1.74370961474
5345 0.368798992253 0.368798992253
7168 1.9381024708 3.09917455368
1021 2.56501925114 2.56501925114
1023 4.52526482877 4.52526482877
7163 0.994021040151 0.994894602404
7166 1.7080193788 1.85775165119
7164 1.56557441431 1.56557441431
7165 5.54561450502 5.54561450502
604 3.1408898843 3.1408898843
4367 2.41924243937 2.70562619531
4361 4.17895188654 4.17895188654
4363 6.92589131432 7.71387332366
4362 2.62858413893 2.62858413893
1203 3.92763201246 3.92763201246
5649 3.04811785994 3.6065994009
1211 2.07918779453 2.07918779453
5641 2.07189337065 2.07189337065
6041 1.22822770839 1.41881869689
5642 1.81160584914 2.16359919291
5646 0.40221835301 0.40221835301
6335 0.751075592709 0.751075592709
3105 2.90042466515 2.90042466515
3107 5.10263577959 5.10418932157
3102 1.24874115941 1.98999217729
3103 0.141953303051 0.141953303051
1112 2.57033066998 2.57033066998
1443 6.00012434528 7.48022202062
1114 6.23820574522 6.23820574522
1116 2.29358325942 2.29358325942
4093 6.88764945899 7.2897308285
4091 4.83854004033 5.62233500176
6332 9.17573474503 9.17573474503
5737 1.78262198829 1.81454931269
5736 0.724679051077 0.724679051077
489 2.57687550822 2.62492389871
488 2.19505165648 2.19505165648
487 0.466662127246 0.466662127246
485 1.99510861587 2.79472873784
4587 2.70960152711 2.70960152711
480 4.93227657828 4.93227657828
7585 2.82453099731 2.82453099731
6463 1.01196321598 1.10798801787
7580 4.93092189828 6.07063499137
4725 2.88504217718 2.88504217718
4851 1.48617385301 1.56433052806
5300 4.01242955564 5.32855707496
3926 1.08324907872 1.08324907872
3927 1.93477488576 2.57938150107
3924 2.25029535691 2.25029535691
6526 0.212447218639 0.212447218639
6722 0.999934204998 0.999934204998
4782 0.197607380568 0.197607380568
4781 2.85735945271 4.85043741113
4149 6.0002981321 6.0002981321
5827 1.19126237462 1.54893402184
5826 2.48991759995 2.8965194902
4144 2.33184965915 2.33184965915
4141 4.89874237044 5.49943589134
4143 1.22985841528 1.22985841528
3857 4.40679308391 5.42483521262
3855 1.36155095429 1.36155095429
3852 1.34998440037 1.35060508452
3859 4.00309620709 4.00309620709
6099 1.37875607279 1.72936786052
6098 0.250000406783 0.250000406783
6091 3.79357046225 3.91316313238
6094 1.38303388945 1.38303388945
6917 5.03051887296 5.14848188447
6657 6.74180517262 6.74180517262
6655 2.00019601557 2.01644561666
6048 1.41654995348 1.41654995348
6651 2.1391054033 2.1394795991
5915 1.88075219282 2.18970178578
5911 5.0769411591 5.7020654337
4820 2.45687420779 2.74083375194
199 0.876030927463 0.876030927463
195 2.61448202917 2.61448202917
196 5.96914367994 5.96923864018
190 0.907555546239 0.907555546239
6384 3.33251816782 4.23044030034
6387 2.4061407496 2.70600570295
3679 5.99659163328 6.2560446533
4558 1.4867505539 2.13845464347
3676 1.99897155497 2.62675433795
4553 2.48110599297 2.74451403241
4550 4.14899986172 4.45203080952
2541 1.07298312284 1.17194087714
2546 1.18413665076 1.18413665076
2380 1.6650522748 1.6650522748
2383 2.58284533528 2.58284533528
2386 1.2919073444 1.66396334955
3580 0.617620223754 0.75288402113
3583 3.80868521997 5.17830497431
3585 2.9083846305 2.9083846305
3587 3.62606446264 3.76249147525
2761 2.22378932883 2.60424820236
2767 1.73444854514 1.73444854514
2765 2.04797833206 3.06036373727
2764 2.18367084964 2.31431742754
6913 3.27957628865 3.27957628865
902 1.24842623047 1.24842623047
1849 1.73229056044 2.87282092814
6277 0.500404641984 0.510165808977
6276 6.00000312958 7.84805016829
1843 3.54814393957 3.54814393957
4423 1.9530247991 3.09468375142
4420 0.927895795613 1.04850441972
1847 3.68512268654 3.68512268654
6077 2.01251386996 2.79810278899
2168 1.08177510926 1.08177510926
6071 1.64629705723 2.21323311527
6070 6.10697018161 6.10697018161
4951 9.06607387522 9.06607387522
4956 1.27178440007 1.54007786004
2160 1.36806541584 1.36806541584
7309 0.128421236154 0.128421236154
2613 2.60861741501 2.60861747749
7095 0.403389955794 0.403389955794
2618 0.5011894469 0.502124751378
7347 3.10614728397 3.10614728397
7345 6.99998509939 6.99998509939
3298 0.492901184264 0.600060815835
5138 1.47823126917 1.47823126917
3294 0.0840749183412 0.0841472628252
1907 4.76969541121 5.79426488969
3296 4.35539477169 4.59329126132
3297 4.65831436789 4.73845458064
3290 0.427925154398 0.540127418297
5132 1.59569586568 2.54454462984
5131 5.81564219604 5.81564219604
1901 2.11887618236 2.61541713317
3452 2.00037988152 2.59776001747
3450 2.32343726224 2.52702184338
3456 2.66506466126 2.66506466126
851 2.0516538382 2.9314574457
3455 1.00012972791 1.00012972791
3863 1.47772981724 1.47772981724
6 0.815769494031 0.913420159271
7001 1.386426907 1.76749805433
7005 0.549214948153 0.549214948153
7006 2.07379122837 2.49845921087
5229 1.69075454381 2.08988807253
5228 3.60995326111 3.93046184042
5223 2.83987730687 3.33240908825
5224 1.06304581591 1.06304581591
743 4.34174081494 4.34174081494
744 0.983052120472 0.983052120472
745 1.2549609007 1.55333167616
746 3.2674184908 3.2674184908
747 5.21150858977 5.21150858977
748 11.0445861105 11.0445861105
3062 1.89770330214 1.89770330214
7177 0.570413216657 0.750090726317
7176 4.5627113869 6.21230924066
6895 1.53343441114 2.35871619139
3065 5.2780335391 5.2780335391
3064 2.20215176387 2.99404840926
2947 4.54652114626 4.54652114626
3069 1.69075032936 1.69075032936
3068 1.00021190875 1.19491482326
7178 2.87666676284 3.0689840258
2941 3.48890030471 3.60107507696
1051 2.54510415558 2.69988092733
1053 3.24726447292 3.56011123667
1056 1.73409390057 2.11620966397
1057 3.48253258187 3.48253258187
1693 3.21981867028 3.21981867028
2919 1.00106214611 1.08857155783
1699 5.22791825288 5.22791825288
4311 1.68770132121 1.68770132121
618 3.33121369645 3.33121369645
4315 5.76219329227 5.88487186093
4317 2.14864255158 2.14864255158
1797 0.931956937217 1.13604408417
611 2.24592478416 2.99938658304
617 3.36983520886 4.23936319996
7574 0.15886879825 0.158871865391
3118 1.45347862055 1.45347862055
3116 2.92360657357 3.08974180198
3115 1.80205808773 1.8875797682
3110 1.9266645715 2.29608555884
7579 0.875607186388 0.875607186388
1470 2.9243008724 3.193442693
1474 4.49985460245 4.53745486356
1475 7.7808610126 7.7808610126
7041 3.15920851954 3.15920851954
6143 0.524538096393 0.524538096393
1479 6.30215443835 6.36090650967
5464 1.10491616139 1.10491616139
1301 0.667399289558 0.667399289558
7129 2.23950931286 2.42351007682
1308 2.57261348222 3.58672534262
6410 1.69225622605 1.76812499804
5740 5.57633890627 5.57633890627
4229 0.998202190537 0.998202190537
3597 1.0007292193 1.0007292193
496 0.103523493454 0.103523493454
4227 6.03543645765 6.34801849613
490 4.86963265279 4.86963467338
4221 1.43104011483 1.69497013844
493 3.21627315964 3.46844420249
24 5.47023848847 5.56347507257
25 1.03750434092 1.16473960846
5584 1.44084370705 2.20354358378
22 3.05448896948 3.30608850764
23 3.4011063385 3.4011063385
7595 0.956702000659 1.20514072039
6470 2.44446881578 3.26164152197
6476 7.29955204067 7.29955204067
7591 0.71615656428 0.855666774993
5589 2.7892247044 2.7892247044
3938 7.37420301962 7.37420301962
3936 2.69495684436 2.71121575259
5265 1.7342785149 1.7342785149
6718 1.35778566242 1.35778566242
6716 4.27687209915 5.00192794028
6717 2.23651367162 2.23651367162
6710 1.88228345892 1.88228345892
4138 3.73467954254 3.73467954254
4130 2.66705805736 2.69232570063
7474 1.38986865328 1.75270208156
5692 2.04642245666 2.65602077744
3840 1.29790369583 1.87467778926
3843 5.54352539368 5.57003180519
5691 3.36213872144 3.36213872144
5694 0.469141671312 0.469141671312
3849 1.5551605502 2.15813117811
1872 1.83389465053 1.83389465053
4046 1.91790054925 1.98534138588
4047 5.75145176272 6.30904036095
4048 7.00429471476 7.5760868399
5968 0.134087314081 0.134087314081
5969 1.28734749499 1.50669294129
5963 1.85906175057 1.85906175057
5964 1.49521263308 1.50102809362
2289 0.500056954093 0.500056954093
3667 1.19899368251 1.19899368251
3661 2.85655790237 3.95201301272
2280 2.74483553081 2.74483553081
2282 3.45494710463 3.45494710463
5433 5.50749067541 5.55101185209
2287 3.40731080668 4.70322904513
4543 6.57369019977 6.6412210397
4546 0.924445225433 0.924445225433
2579 0.0863675890508 0.0863675890508
2572 2.75165354647 3.06480755764
2570 2.53657123393 2.53657123393
4534 1.31255286462 1.64468522509
2378 4.64970815915 4.64970815915
4827 3.02594385517 3.38058650201
2376 0.887320646015 1.05334935059
2370 1.90910623941 1.90910623941
2373 0.0302498968356 0.0302498968356
3592 1.19864961193 1.19864985396
2596 0.965964595204 0.965964595204
2590 0.571096222577 0.571096222577
3595 1.53087785322 2.3954638381
3594 2.01924801611 2.22065797117
5036 3.85653476931 3.87515386652
6280 2.47862862042 2.68510437593
5030 0.500978364069 0.500978364069
4531 2.62273024792 3.19305668283
4434 0.213881752911 0.213881752911
4437 1.73431392997 1.7702521221
1084 4.38045536396 4.38045961845
4431 2.34270423331 2.34270423331
4430 0.725392656185 0.725392656185
4433 1.52226457246 1.52259308791
6283 1.74707916922 1.82116604901
4438 8.43518836671 8.43518836671
1878 0.63390701453 0.63390701453
6595 2.76353478664 3.8002883188
970 1.45404006437 1.45404006437
5581 2.94981586425 2.94981586425
6287 1.49084874136 1.49085157279
4949 3.00002281831 3.08252058096
4948 1.64256659108 1.64256659108
6282 2.23697580513 2.93148527983
978 0.906077739789 0.963974634741
6043 2.2878156709 2.60911806484
6040 7.50995586779 7.52412393436
181 4.8476855055 4.8476855055
186 1.41221025558 2.17834751332
6044 0.271943336144 0.271943336144
6045 3.24057206491 3.78370554539
2112 1.64110296788 1.64110296788
189 1.75326433984 2.11717739363
2114 2.81816471069 3.07946534005
2115 0.929566976049 1.01821737332
2117 1.62789853136 1.62795242378
2627 3.47178328863 4.06708719656
2624 4.18525929234 4.18525929234
5837 6.01107205682 6.03840715433
7351 3.44022770783 5.41479654091
1918 1.76708452014 1.76708452014
7355 1.48255889746 1.48255889746
4924 2.61566911107 2.61566911107
7357 3.76506021838 3.76506021838
7356 4.20702479803 5.60189927046
3287 4.99070743241 5.8530992048
3286 2.65290413677 2.65290413677
3284 1.87927227687 1.99971326258
188 2.83125004034 2.83125004034
869 2.25909170678 2.44971293127
860 5.49626419516 7.3482611237
3440 3.0760912916 3.74624530988
3443 2.16857834033 2.16857834033
2027 2.68442978207 2.68442978207
2750 3.9570948243 3.9570948243
2023 2.45010253196 3.12766304514
2758 2.85711275798 3.01572780947
881 0.682509612066 0.682536174712
886 0.387156351492 0.387339108907
888 1.57391498127 1.65047993282
5217 2.21307668555 2.55065295351
5214 3.71787029794 3.71787029794
5210 1.83242406831 2.05341435073
5211 3.68661031039 3.71340988897
5218 2.50124814899 2.50124911417
5219 6.43440366694 6.43440366694
7504 4.99995708862 5.00065099918
5414 1.49720994854 1.97458953467
777 0.855566044364 1.15486563434
770 3.06768245213 3.29811695947
772 0.888892005602 0.888892005602
7503 1.00063114516 1.00063114516
779 4.50282549942 5.95491355185
7638 0.0497032693029 0.0497032693029
4675 3.37559895881 3.93371067972
76 1.45920269473 1.93623446165
2978 0.475333243143 0.475333243143
72 0.641918190963 0.641918190963
3058 6.00096542461 6.26089878449
2972 3.77128023191 3.77128023191
2973 4.6534507429 4.6534507429
3054 1.76919158774 1.76919158774
3052 1.11497489916 1.45637456822
2977 1.65829941697 2.09248170456
3050 9.093926009 9.093926009
2975 3.52731879135 3.52731879135
1042 1.50027710627 1.91097791211
1041 1.89293906674 2.08826092605
1040 0.753844097998 0.753844097998
1046 5.06349197999 6.44277039424
1049 2.56690878696 2.56690878696
1683 3.2347873363 3.23482765244
1685 4.59139899588 5.35767240596
1684 2.78229365221 3.02208127219
1687 2.6549200446 3.30970651605
4802 1.69881916959 1.77660249201
7354 2.99551057227 2.99551057227
4301 1.63492630629 1.70986373327
1268 1.83243632125 1.83243632125
1263 1.98267934491 2.13501255979
1261 3.07812657927 3.07812657927
4308 5.2021420694 5.2021420694
1267 1.27655158408 1.50232222241
1266 3.55931918781 4.42438528622
1264 3.56946457993 3.57392322182
7359 5.47325357209 5.47325357209
3021 1.02819166906 1.30959770261
5103 2.4625799789 2.49405478424
3128 1.09845696495 1.34695317144
3129 0.674431900324 0.809316656661
7619 0.922575319532 0.922575319532
3122 3.56236979212 3.56236979212
3121 1.00014745479 1.00014745479
3127 2.91049194443 2.91049194443
1914 2.53526642314 2.53526642314
1465 2.01982637708 2.18090346687
6065 3.49548217053 3.83235996607
1461 1.87727861198 1.87727861198
1313 2.03180530499 2.23026414082
1312 1.3239897347 1.59707243927
1310 5.99624540789 5.99624540789
1319 3.54383588323 3.54383588323
6914 3.75021878894 3.75021878894
6915 0.667110190113 0.667110190113
6444 2.01054827177 2.59190077416
5750 0.153876540901 0.153876540901
5757 1.58070863504 1.58070863504
6440 3.09320599387 3.5392363497
5754 0.433298154446 0.433298154446
4236 3.80468497376 3.80468497376
6919 4.2382915113 5.49525789659
6124 4.82622322899 4.82622322899
312 1.61122450874 1.61122450874
311 0.750606131754 0.750606131754
316 1.37832815357 1.57627760903
315 3.2707083534 3.2707083534
314 2.0021691338 2.0021691338
6701 0.998464613758 0.998464613758
6703 3.45427831466 3.45427897047
6702 0.923219949605 0.923219949605
6705 5.42964861842 5.42964861842
6704 3.98883430552 3.98883430552
6707 0.504171855213 0.668369523231
7435 2.42080930609 2.42080930609
7436 3.66670809503 4.35891989596
7437 3.10361816262 3.8048164438
7431 2.51086055922 3.4572858524
5685 0.837190382769 0.837190382769
5687 1.52904873654 1.84064958852
5681 1.67567879795 1.74865525996
5683 0.551308597343 0.574814974725
1330 1.73210913291 2.30689901098
6674 1.10900868497 1.10900868497
4704 1.84737518588 1.84737518588
6671 1.31053284701 1.31053284701
4054 2.50046108466 3.15752499305
4053 1.09762678838 1.09762678838
4052 3.56240650937 3.56240650937
4050 1.98746622767 2.21973911926
6218 0.818439077334 0.818439077334
5976 5.95900553125 6.02044575163
5974 0.779241999413 0.819996510887
2299 3.27889474323 3.87538150489
3613 3.6118332716 3.6118332716
3614 4.34783334431 5.29204321478
3615 0.323378381654 0.323378381654
3616 0.143287222611 0.143287222611
2292 3.22197983685 3.22201883962
6939 4.21120838651 4.24052327065
2561 2.14215864877 2.62000363641
2562 3.22290027243 3.91614619139
2566 4.66594387486 4.66594387486
2368 2.50004530415 2.74155901151
2367 6.01637140376 6.43897199128
2366 0.40721149622 0.40721149622
2364 1.3699425912 1.42365558569
2587 4.03429651171 4.03708039061
2586 2.93202502521 4.37933364705
2585 3.67798115741 4.56206301454
2584 2.01046727773 2.44666825523
7294 2.48699293589 2.55155581881
7295 1.15510258426 1.15510258426
2580 4.32967169891 4.32967169891
5021 6.23796412692 6.26892815315
5024 2.51128841956 2.56364647107
5026 2.11913335606 2.27705655699
4441 2.39788336065 2.39788432012
4442 0.965560173574 0.965560534762
4443 3.23548278955 3.23548278955
4444 0.857545161439 1.01291674173
4445 8.56088946712 8.56088946712
1867 1.99276473004 2.01241276307
1866 0.433659046461 0.433659046461
4448 2.83862263478 2.83862263478
3721 3.4444750139 3.4444750139
3722 0.801721593372 0.801721593372
961 2.42408258997 2.86306910008
6299 2.21731079308 2.72417470437
963 0.496135656138 0.53517518517
6297 2.80319167891 2.924626558
6293 1.48575512116 1.48575512116
4688 3.48005966748 3.95882323986
6290 2.08809629968 2.09055160105
2108 2.81811846401 3.53121552979
6059 1.84485782641 1.84485782641
2103 1.50437651519 1.93238746508
2102 1.1528029001 1.24510008929
2100 5.41348494229 6.34438779871
5575 2.15923447399 2.15923447399
2105 1.49649494367 1.49649494367
5117 0.614016406521 0.614016406521
5113 2.74314015665 3.98718295051
2634 4.31363786877 4.70326864989
2636 1.58147548954 1.5814759216
2631 2.81808718678 2.81808718678
2630 2.93864601356 2.93864601356
5571 3.00042628482 3.00042628482
5292 0.500041952888 0.658700507026
3438 0.908747101208 0.908747101208
3439 0.155883963352 0.155883963352
878 2.08131515323 2.08132187453
879 3.37858640197 3.37858640197
3431 6.36719455834 6.45126857244
872 0.749877346009 0.749877346009
873 0.373761823914 0.373761823914
4592 1.51284972452 2.1253023502
4593 2.39692019596 2.69371210667
2743 0.413677111443 0.413677111443
2033 1.21176945987 1.58441170813
2032 7.63751402171 7.63751402171
4595 1.19647165301 1.57333869808
9 2.2806149916 3.13358513311
4840 0.222084826505 0.222084826505
3097 2.56671727215 2.56671727215
890 0.0100127337692 0.0100127337692
5200 4.22092379389 4.22092379389
5203 3.80484716205 3.80484716205
5202 0.509681375989 0.513867975901
5204 1.26155695375 1.31689797103
7320 4.05063332464 4.89038849177
3545 1.01518625144 1.48212991171
3547 5.6141566308 5.6141566308
3543 1.52130059229 1.52130059229
7323 0.831536514959 0.831536514959
2965 0.181311795908 0.181311847348
2964 1.46139070489 1.7708339503
2966 0.641338670046 0.641338670046
2961 1.55563670749 1.99969188634
762 2.25281937088 2.25281937088
1781 4.19111185171 4.19111185171
767 1.97530218079 2.02520540134
1786 2.88227729194 2.88227729194
7113 3.47549016768 3.52944662434
7112 2.19137713101 2.19137713101
6878 1.77958228729 1.93766013427
7119 2.39263741735 2.80782723715
7118 1.39839272709 1.39839272709
3045 0.936283399675 1.14061784521
6872 5.47691463024 5.62991233864
3046 4.6465006038 4.6465006038
1079 4.00837676325 4.29805910016
1077 1.92713442298 1.93752340033
1074 2.2915936623 2.2915936623
1072 2.94486185472 2.94486185472
1073 1.4155957377 1.42234386976
1070 1.61985216446 2.02614227338
5372 4.96213994454 6.54056627595
7290 6.0523122008 6.76429521245
1678 2.86158117233 3.16714747822
1674 1.0504532156 1.64020198744
678 2.31631541263 2.31631541263
676 1.63157815951 2.19916235143
4333 1.82217286481 1.82217286481
4330 0.185342202534 0.185342202534
3131 4.87641298837 4.87641298837
3130 0.834131531889 0.834131531889
3139 3.08614005233 3.12404483901
3138 0.687454741461 0.687454741461
7608 1.92611178667 2.79744736777
7607 3.99576756663 4.03347340511
7604 4.13036694453 4.13036694453
7600 2.50010140928 2.61671396633
6018 2.51293994097 2.51293994097
1412 4.5899501039 4.5899501039
1413 5.99921494363 6.63815103543
1416 0.536795740642 0.536795740642
1327 2.82244097811 2.82244097811
1325 2.09412611421 2.33468207525
1328 3.03978527802 3.03978527802
6450 1.55343731132 2.05981950846
6455 3.42715856857 3.44295477567
6454 3.00844146787 3.6393201628
5768 6.95339123308 6.95346206725
6456 1.25012349326 1.7142175377
6458 4.63343357922 4.92856100861
4645 0.543263030294 0.638619255903
5762 0.125538089819 0.125538089819
4207 1.60219453632 1.64852441997
4636 4.50184867162 4.50611396627
5565 1.17951682688 1.4313760219
5562 0.97081985034 1.21369791866
1256 0.202973890856 0.203141327639
1526 3.88304079729 3.88304079729
1520 1.66725976561 1.66726197353
308 1.95104518974 2.4755523446
3953 1.97746863626 2.42444488975
303 1.52030249557 1.74991274615
3957 3.19728948656 3.19728948656
307 4.66654136095 5.43220344695
4113 3.99388839344 4.53687194589
7420 3.99960664229 5.49988453604
3340 4.18327225301 6.67878308735
5159 1.60966048327 1.60966048327
2475 2.66482796296 3.03971145803
6601 1.16522291833 1.16522291833
6602 2.17729419033 2.17729419033
6439 3.00112845509 3.04324718584
6606 1.25146916125 1.25146916125
7109 1.42229838457 1.55523849389
6608 1.28072304816 1.2807230484
5946 0.0663444439819 0.0663444439819
5945 0.594796710712 0.751261308707
4064 3.87287127 4.44085908466
5941 0.955107733387 1.30446143736
2976 2.22141858369 2.51557223037
4068 4.77418527398 4.77418527398
4069 7.91969365168 7.91969365168
5948 3.47161144079 3.53493772045
5949 1.83429638939 1.83429641757
5785 0.855962466788 0.983416555305
5786 1.87447200908 2.25272746805
5782 4.85102397093 4.85102397093
5019 5.00071578965 5.00071578965
3051 2.83808245036 4.34478093783
3601 2.91035633112 2.91035633112
3600 1.34648475465 1.34648475465
3607 4.31619191826 4.36460651286
3604 3.17647461936 3.17647461936
3608 1.50189819766 1.50189821914
5361 1.11303940765 1.11303940765
4894 3.45721557852 4.6687474923
5367 1.74650576334 1.81170207408
6115 3.5960016029 3.62713915355
6117 1.24106854489 1.24106854489
6112 4.41346940958 5.63632742662
2358 1.7502760362 2.13309891047
2353 2.39208400102 2.39208400102
5368 1.4938220011 1.72286476209
2355 3.02701453189 3.33290158903
4450 5.36340752327 5.36340752327
4456 2.39850318585 2.88496191534
4455 8.11785042985 8.11785042985
4454 1.51587425119 1.51587425119
3736 2.82361902434 4.91295733795
4459 1.69916753509 1.69916753509
3733 5.29223686397 5.93853617145
476 1.07592890314 1.52612064077
3730 3.58032653804 3.88370197455
4922 4.07603521464 4.07603521464
4920 1.92902057045 2.41195434634
4695 3.24699487722 3.57981399809
4697 8.94903015928 8.94903015928
2131 2.99998254037 3.006094876
950 2.19466687287 2.55254432849
4929 4.41669691659 4.97275116317
954 2.20536380228 2.20536380228
6022 1.6812184912 1.6812184912
6026 1.23360180464 1.51899941759
2649 2.46838104834 2.46838104834
5167 1.60820708881 1.98476050067
2640 1.76697841915 1.76697841915
2645 2.48551430091 2.62067806787
2647 10.7761092256 10.7761196104
3429 2.31980318132 2.77000545098
3423 1.33888031078 1.61690642919
3422 1.81415082639 1.81415082639
3421 1.13451950267 1.17058918618
3427 2.61484948198 2.61484948198
3426 2.04351882499 2.35103489181
3424 1.76763269299 1.76763269299
1850 0.141792034936 0.141792034936
2000 3.50966763569 3.52600793484
6337 1.55150316677 1.57204173042
2007 1.07815933584 1.18805384078
4859 5.99583978355 5.99583978355
2005 1.90534793429 2.1267177009
2008 0.786439497017 0.786439497017
4415 1.98588631556 2.47087946401
4583 5.17609586465 5.39666015102
4582 1.99242918817 2.17918378649
1269 3.22783615758 3.26439925169
3554 0.450785947667 0.452040610759
3550 3.81960055711 3.81960055711
6966 2.20861129898 2.20861129898
3558 2.59800287316 3.27708020964
6061 1.94626607624 2.30446986277
2911 0.869649394835 1.17991207175
1799 1.25836514788 1.25836514788
2913 1.30680561841 1.65764220729
1793 1.93008030924 2.07199231314
1792 2.45692490364 3.1186263787
715 0.720481124668 0.720481124668
714 3.16901932917 3.35683032016
713 1.23739841215 1.23739841215
712 3.89337633707 3.89337633707
4966 1.02768241607 1.28929765015
7127 2.99884853143 3.37428061868
6840 0.865026724331 0.865026724331
7125 1.94254300628 2.00634438296
7123 1.0515077995 1.0515077995
6844 1.859379899 1.92385520784
7121 1.01767348796 1.19355879278
1069 1.05155775797 1.34361466053
1068 9.00057806066 9.00057806066
4964 2.04495197641 2.94635829483
1061 6.58780545686 6.58780545686
5301 2.17801316274 2.17801316274
1668 0.355625327494 0.355625327494
1665 3.53204138896 3.53204138896
4960 1.52595550368 1.52595550368
1662 2.59881001986 3.57474063929
591 2.4031840598 2.45153683482
590 2.32935559995 2.77444741828
592 9.15791246657 9.15791246657
594 2.51927223436 2.94487906817
6596 0.0478855275352 0.0478855275352
599 4.32254792131 4.37475198239
4323 3.58946548322 3.88969969816
4325 1.47286062244 1.47286062244
1088 7.68526152003 8.22024390702
3140 3.43808020957 3.43808020957
2821 0.728978544337 0.884696191057
3386 1.54261062963 1.54261062963
3384 1.29529790614 1.29529790614
3385 5.00602617578 5.74831259247
5412 3.11593283512 3.11593283512
3381 0.634995690327 0.634995690327
7632 1.84449798579 1.98150706432
3389 4.10595035255 5.6582463224
1408 2.56061438295 2.56092170226
1406 0.240578971375 0.240578971375
5792 0.521148917473 0.647254394926
1339 4.54650749831 4.54650749831
4210 0.829074384804 0.902467612727
4212 1.49109798044 1.84157547761
1337 3.30866150643 3.30866150643
5790 7.50679479509 7.50679479509
4219 4.49163247916 6.22512697331
446 3.98331936217 5.66627469415
445 0.529618425324 0.540313037557
691 2.52129213396 3.20308149232
5772 3.43398730693 4.32670445216
7515 0.0383886486902 0.0383886486902
5578 1.34122826421 1.64669656516
32 0.767556251147 0.767556251147
31 1.98900603421 1.98900603421
5573 5.30361552666 5.43907395107
35 3.28984531287 4.11164788459
3092 2.29701226752 3.39901988588
3093 3.62501282488 3.62501282488
643 6.628570417 6.628570417
1244 1.4621232757 1.4621232757
1531 5.99935692831 6.4178311024
1530 1.48981939111 1.7015649986
649 2.70018128371 2.74826805399
3098 0.741751779373 0.741751779373
3099 3.31183864333 3.33393617007
1539 3.49982107555 3.53536506103
338 0.73970721969 0.73970721969
335 2.77136382739 2.8310030627
334 2.94186391837 3.61713877749
337 0.00164196864238 0.00164196864238
331 2.52643288019 2.94257728183
333 1.63540563936 1.63540563936
7611 2.09560390499 2.12145363453
5124 4.91246320625 4.91246320625
4105 0.584082140655 0.584082140655
4106 1.7555181712 2.07759092392
7412 2.09058584193 2.09058584193
7413 3.46336755054 3.46336755054
7410 0.599596460305 0.599596460305
7411 4.36752432296 4.41130272938
7414 1.8929603582 1.89394855349
3897 1.1174412561 1.11744125767
3895 1.74636902609 2.1047222937
7379 5.56024088401 5.56024088401
6611 1.0649274959 1.0649274959
6615 0.762871185678 0.912295644775
6614 3.1516002157 3.1516002157
6619 3.00081282979 3.00081282979
4078 4.1382109956 4.1382109956
5957 1.38324986893 1.58774627662
5956 4.80720129585 5.90362709002
4075 5.05058483605 5.16727320733
4070 2.95980724686 3.7982329552
4073 1.11352915737 1.11352915737
5797 2.68580826157 2.68580826157
3967 4.48692919568 4.94213561824
3965 2.45710800327 2.45710800327
3962 1.58666288916 1.58666288916
3963 2.43087399665 2.43087399665
3961 0.812291815958 1.04404429221
7278 3.93313956196 4.02494593559
5799 2.78892119413 3.36955679877
3636 2.38617909347 2.71077500918
3637 9.44202923272 9.44202923272
3632 1.00543734975 1.24551758767
3630 1.0816571258 1.0816571258
4611 3.06404007661 3.06404013258
3468 1.36602376715 1.64669605423
4613 1.33962556019 1.3976008979
2345 1.84531779806 1.84531779806
2346 0.262720219816 0.487969492783
2342 5.9949633819 5.9949633819
6107 4.60240542741 5.08909204707
6103 0.825810223694 0.825810223694
6102 0.765244550368 0.765244550368
4616 6.19479365631 6.19479440298
3709 1.86913058685 2.48371286339
1888 1.83289105906 1.87024550258
3700 1.46055391396 1.46055391396
4465 3.265408198 3.265408198
4462 0.44403863421 0.44403863421
1880 4.42323462612 4.44869133974
2127 6.8415384593 6.84156329626
2129 4.34843381658 4.79367042544
4665 6.00681007446 6.6743213826
4660 2.79117732325 3.70976862252
943 2.04229086023 2.50082049145
4910 4.12162263809 6.57570603573
4663 1.66666023565 1.66666023565
6038 2.1415228543 2.1415228543
6035 3.00577949363 3.00577949363
2653 1.6290398147 1.6290398147
2651 1.87896515933 1.87896515933
6441 0.117135138692 0.117135138692
2654 2.47684745874 2.61679780946
3414 0.600289710838 0.600289710838
7389 6.22611234527 6.56799861535
3412 5.19900122006 6.1837165972
136 1.79466552474 1.85579909352
3410 1.00025231178 1.02820889204
134 0.36414733319 0.473296849652
7382 3.90942940315 5.29131795614
7387 1.72533705746 2.04603549862
3418 0.0905588794397 0.0905588794397
7385 6.70308088533 8.28280303564
6326 0.570231577538 0.570231577538
6325 1.4046327922 1.51934233189
2018 0.0015799374225 0.0015799374225
6321 1.07629670288 1.07629670288
4863 2.99540202941 3.23891004868
2017 7.56749347693 7.56749347693
4861 3.80802613941 3.99616682794
2011 3.70693120358 5.21646914022
6839 2.34171073441 3.11678402409
6329 4.69099438896 4.69099438896
6328 0.736590582957 1.06831727918
7443 1.88037671713 1.88037671713
7444 1.79048620123 2.0469381099
7254 1.46334270775 1.46334270775
7255 4.25174586972 4.25174586972
7251 0.334617300995 0.558476378586
3565 2.19120918914 2.19120918914
3569 0.368809955307 0.368809955307
4485 0.647403490807 0.647403490807
6564 4.02083130675 4.12873418966
2903 2.03800864835 2.08822110106
2902 1.25747671034 1.25747671034
708 0.499937445679 0.499937445679
2906 1.00065459748 1.00065459748
6853 5.47014081581 5.47014081581
704 3.89741033787 3.89741033787
705 3.68913777774 4.26934387381
706 2.46164509129 2.46164509129
701 2.37456162295 2.37456162295
6560 1.33141330168 1.82038216289
7139 1.37797525347 1.37797525347
7138 1.19936573158 1.19936573158
89 8.4982459223 8.4982459223
83 5.55692600072 5.92662374097
81 1.05881189142 1.64838154065
7135 2.12642937612 2.69352976791
7134 2.26397778113 2.96658853173
7137 1.65334846598 1.65334846598
85 1.62168739231 1.99000354405
5311 1.80284944858 2.60693035694
5310 2.27526695411 2.27526695411
1658 1.84551899101 2.1016689099
1652 0.0480090027865 0.0480090027865
1653 0.921504307279 1.21992288925
1651 1.89223268392 2.44000581046
6583 0.92531320335 1.00364066628
1631 0.78199962855 0.987102092836
588 0.501303035338 0.501303035338
3151 4.08993881202 4.08993881202
3150 1.64591613545 1.9937899188
7621 1.90420516906 1.91012493969
3154 1.95683199878 1.95683199878
7629 5.49714179193 5.86495746468
1437 0.341968947289 0.342596177686
1434 2.71685498408 3.99998931444
3392 6.66927567226 6.66927567226
3395 2.31900889783 3.0543428004
1636 1.54212190997 1.54212190997
1430 2.13333458677 2.13333458677
3399 0.397395465221 0.397395465221
3398 5.12373422743 5.12373422743
1438 3.21685991266 3.71809816621
4260 3.22598923882 3.62237488047
5233 1.03452295876 1.03604315684
4265 1.20591326834 1.20591326834
4268 4.53668658195 4.53668658195
452 2.4535576792 2.48741483957
1345 1.37437554301 1.50943932356
456 1.19930734466 1.19930734466
1347 4.51037750403 4.51037750403
6921 1.43184788254 1.58590944761
5546 3.38049506698 3.38049506698
5545 0.999599214238 1.0537728184
652 4.13672988286 4.13672988286
650 1.27149546939 1.27150257865
1508 0.0912355873946 0.0912355873946
4461 1.56448782666 1.83542310057
3081 1.26910285006 1.26910285006
659 3.05464507164 3.38526729744
5890 0.13614221418 0.13614221418
5891 0.535551258978 0.535551258978
5892 3.75537280198 3.75537280198
5896 1.62673534215 1.88809853958
5897 2.67020938745 4.21411822901
5898 2.49768247345 4.07153848899
5899 3.3342395464 3.3342395464
948 0.177254956805 0.177254956805
3882 4.1664494431 5.24652088537
3889 2.36586949989 2.69949684205
4916 4.39774247926 4.39774247926
7404 0.0553944024499 0.0553945930543
7407 1.51420303755 1.59532279425
4911 2.74923504317 2.74923504317
4008 5.2268373605 5.2268373605
4004 1.17740070549 1.44490211323
3970 3.24974395094 3.24974395094
3973 1.65862133903 1.68677099633
326 2.10489858589 2.10489858589
3974 4.32408307689 4.32408307689
324 1.29428792318 1.29428792318
328 1.19535472805 1.1954428737
3621 3.99857083142 3.99857083142
3070 2.01334948245 3.46097736254
2332 0.537886870439 0.665860785599
6136 2.64846250515 2.64846250515
6883 1.84146272429 2.54772492082
3713 1.9090403635 1.9090403635
3719 1.99796950259 3.6973645478
4479 1.67471756475 1.67471756475
4470 3.13694305003 3.16486225008
4475 2.65092123688 2.8498957102
4474 0.301620710028 0.301729198487
5763 1.40228684099 1.40228684099
6007 1.50300532387 1.60523917608
6004 4.07575547214 5.04446727818
6000 7.44411205508 7.44411205508
2489 2.75319193723 2.75319193723
2950 4.34879970159 4.34879970159
2484 1.4744099245 1.81641594126
4673 5.51257935219 5.51257935219
4670 2.08658617816 2.08658617816
3252 0.926674995954 0.961494051351
2245 1.34959172495 1.56582036915
2246 1.0853625136 1.08684776969
2247 0.896813572519 0.896813572519
2240 2.37684142249 3.38169697686
5179 5.35259153002 5.35259153002
2242 1.97230885004 2.75213863091
7394 0.00134337889886 0.00134337889886
2466 2.09781247778 2.15466152474
996 3.81684607217 3.81684607217
7391 2.58251001179 2.58251001179
993 6.64711805925 6.64711805925
992 2.48767467863 2.73954829404
5144 1.58027813878 1.58027813878
2469 3.1784852449 3.85064489388
7535 3.24141394864 3.24141394864
122 2.60104277 3.11057475684
124 0.802738877015 0.802738877015
3404 1.73682860208 1.73682860208
126 2.45117556429 2.50546964021
3409 6.34544385267 7.01409932722
3408 4.68210779087 4.68210779087
4875 0.351553410111 0.351553410111
4871 6.54670577457 6.61947349757
7438 5.23768558032 5.23768558032
4878 2.4553646048 2.4553646048
2069 3.7236399136 4.01441634576
7533 1.72729683535 1.72729683535
5424 1.50729884033 1.50760412376
2062 1.27941736451 1.37004609588
6319 4.4999404997 4.4999404997
3413 1.32677179066 1.32814000871
5423 1.19297989481 1.45464197279
7247 0.133617041536 0.133617041536
5099 1.42717019948 1.82560440032
3578 1.47261372779 1.62988709338
3571 1.61234059233 1.68142825658
3573 1.86285513771 1.86285513771
5097 0.000669557767207 0.000669557767207
2665 3.9074896319 3.9074896319
4492 0.185925879562 0.185925879562
4490 4.41193077512 4.41193077512
2669 1.4471446052 1.74292408268
6823 2.82233453965 3.53867936356
6824 1.36316178684 1.36316178684
2938 2.74241386172 2.74241386172
6829 1.61913860825 1.68375538356
2935 1.79712885938 2.07464639669
5326 0.642271359493 0.642271359493
5327 0.000616305833947 0.000616305833947
5325 6.02357927247 6.08084363695
5322 2.41630735317 2.41630735317
5320 1.20019601788 1.20019601788
5321 1.19358977592 1.30396985975
5328 1.26705265849 1.26705265849
1643 1.29893917389 1.29893917389
579 2.65378973821 3.07954457029
573 1.99535319506 2.34166683012
571 4.89683354763 4.89683354763
577 2.09085273622 2.09085273622
576 5.23141708147 5.23141708147
575 1.89462181779 1.95535074139
3169 2.79027665948 3.63377490544
2803 1.64826126175 1.91888632394
2800 1.95625647177 2.19189221283
3165 1.61602168874 1.84259253808
2806 4.85939028824 5.45487596583
2805 4.02739377972 4.02961952152
1421 0.500180228473 0.500180228473
1420 1.02435542865 1.0246329245
7094 1.7877128486 2.553126287
1422 2.85875365829 2.85875365829
3368 2.45263204732 3.145734518
1424 3.49867990605 4.15120388551
1426 5.09821872788 5.09827188375
3366 3.67843327535 3.71391538027
2404 3.83472812382 3.85137299103
7098 6.58014303698 6.58014303698
7099 2.10325755357 2.1666106531
732 3.08059339956 3.08059339956
735 3.00066963252 3.00066995302
736 7.06250167743 7.06250167743
4272 3.19856609346 3.19856609346
4271 2.11666690396 3.0895873964
1358 0.417161494465 0.417161494465
4274 1.55873327291 2.11452571532
461 2.30548188907 2.3054829489
5555 1.84810492741 1.84810492741
5554 1.43037576002 1.85650602581
6488 3.2889090522 3.32671784388
5551 0.207987229003 0.207987229003
5550 1.54610963407 1.54610963407
7384 0.524526474047 0.685621422046
6955 1.85079656356 2.10275130175
6484 2.53397713118 3.02632046796
6285 3.72303392237 4.23333626044
6948 3.6184726288 3.6184726288
1518 1.1888380825 1.41507082901
1510 4.16457314907 4.16457314907
1513 1.78785423799 1.88650439876
1512 3.67264892203 4.24085290422
5885 2.05289965434 2.05289965434
5889 2.09970865455 2.09970865455
6559 3.99887276977 3.99887276977
7478 2.83328326571 2.83328326571
3186 1.63228409166 1.93054231587
3187 3.13347997354 4.63421796273
3182 1.76447711631 1.76447711631
3188 3.66963865353 3.66963865353
6863 2.4754472246 3.1742466536
1896 1.39575055226 1.68028841775
6631 2.73885421941 3.17926591194
4018 3.05285881452 3.05285881452
6281 4.72418444615 5.13190494024
357 0.639325184757 0.639325184757
351 2.47658111091 2.47808506242
350 5.58531270099 5.58531270099
3985 2.46420154815 2.5154571237
3983 2.30468684431 2.30468684431
4855 1.15254273088 1.41122868718
6126 6.81795627804 6.81795627804
6120 3.65346869256 4.48798294198
4706 2.07954859715 2.07954859715
4705 1.28407894756 1.28407894756
2320 2.64825855064 4.06555888374
4703 1.28227105927 1.28442257732
2329 3.16846982802 3.16846982802
4709 2.1053571776 2.49110208591
288 6.60064850099 6.67445570821
3619 0.39428946201 0.39428946201
5 0.1936978493 0.1936978493
284 2.86909755347 2.86909755347
3760 5.7891338947 6.37000270239
3765 0.922288496218 0.922288496218
262 0.356636166571 0.356636166571
260 5.16285884605 5.16285884605
267 1.99907811092 1.99907811092
2499 1.77877887694 2.0193971054
2498 2.10420928641 2.2286653065
6013 0.205909597971 0.205909597971
1296 1.55503769519 1.55503769519
7253 2.83307516276 2.83307516276
2495 0.600658314096 0.600658314096
2494 3.14761546248 3.55622148225
4644 3.31412186836 3.31412186836
2496 1.91182758697 2.67835592247
2259 2.5128582844 2.62560230385
2254 2.38384588625 2.90757071982
5060 6.45873335985 6.45873335985
2250 2.38251545142 2.99857686798
2477 1.40710393358 1.48315278036
988 3.79719370702 4.08928490202
5151 1.4630952702 1.86253452893
5150 2.5625177136 2.95717196049
986 1.55892387241 1.86367191866
5154 3.73288924104 3.73288924104
5157 1.52567541248 1.70553914485
2478 2.33229914183 2.52215234397
115 10.0527471921 10.0527471921
7313 3.54449621943 3.54449621943
119 4.31181941814 4.31181941814
2785 1.66911475709 1.66911475709
4801 0.936792028517 0.936792028517
2787 3.66557764547 3.66557764547
4803 0.547358659132 0.547358659132
4805 0.722204340972 0.722204341777
4806 1.99135764745 1.99179105304
4807 2.14162540468 2.50116400356
2788 0.811150614162 0.823060332336
2071 1.2319526757 1.2319528343
6306 4.17916111573 4.17916111573
6301 1.69150269555 1.69150269555
6303 3.39410204297 3.51096112983
2074 1.83339805267 1.83339805267
7272 9.3221848898 9.3221848898
7273 5.33267038506 5.33267038506
7275 3.46379429018 3.46379429018
3502 2.85825254826 2.98362124085
7279 5.2734406558 5.2734406558
5086 1.49779540423 1.78770200994
5085 2.76837820526 2.76837820526
5084 1.07606103295 1.07606103295
2672 1.92860603096 2.00720538608
2676 1.17594182864 1.28122161816
2679 1.01029683604 1.01074138031
6833 5.60829578644 5.60925146093
2928 2.37288953014 2.7853968432
6830 2.30034811738 2.57897619847
6854 2.11215755904 2.57438400568
2923 2.44131739896 2.44131739896
6838 4.92883393407 5.18550629923
2925 0.0403549997332 0.0403549997332
2926 3.69010445293 3.69010445293
5331 5.67538857186 5.67538857186
5330 5.25001165487 5.25001165487
5335 0.454041077159 0.454041077159
5336 1.68985041557 1.68985041557
2907 2.05595752373 2.05595752373
3215 1.93818178634 2.05873549265
1984 0.522226873848 0.751230794746
1985 0.0386809024095 0.0386809024095
1982 1.56061817243 1.56061817243
3212 1.4408035959 1.54537369734
1638 0.664055441272 0.664055441272
5371 4.53628235691 4.90157636757
3218 6.18671937006 6.18671937006
3219 2.06337647508 2.62610409757
1989 1.20660843668 1.26266091138
569 1.34489008559 1.68787729063
560 3.39568608605 3.39568608605
564 4.2419139331 4.63802218866
566 1.79332504284 2.02329694211
6543 8.8895066238 8.8895066238
3173 0.45547140576 0.45547140576
7081 0.688322564655 0.68944412845
7030 0.577359385557 0.595840390473
7084 7.83015484853 7.83015484853
3376 1.33329588409 1.33329588409
3374 4.65721439745 4.65721439745
5421 1.0448077324 1.65235440716
3372 4.99846478965 6.41283827676
1180 6.04699335202 6.04699335202
1181 3.85140376848 3.85147361431
725 2.5467967264 3.25170701437
723 11.2959137969 11.295916284
1746 3.25087200782 3.25087200782
1740 0.766142718695 0.766142718695
1742 8.83298641636 8.83298641636
5499 0.105956669739 0.105956669739
1165 1.2852672838 2.70162982187
1166 1.31175360997 1.31175360997
7587 4.48856067883 4.95045879191
7291 5.55559322337 5.55559322337
4247 1.75007935344 1.99047948427
4245 2.45985663999 2.45985663999
1168 1.64765750367 1.64765750367
1169 2.14765036132 2.14765036132
4240 1.64537837207 2.0055185333
5521 1.87713587114 2.12477797955
5523 3.80150686562 3.99920311718
5526 2.00265632017 2.00265632017
7130 2.1243668093 2.49339807487
6941 4.54552084636 4.54552084636
6940 1.31834413659 1.32074943973
7132 1.49962880229 1.49962880229
47 6.85813486244 6.85813486244
7297 1.24400228147 1.24400228147
41 5.21023393465 5.21023393465
1569 2.49994913943 2.74882394119
1365 2.30282028596 3.42912100999
5492 4.43709542627 4.71492490802
1292 1.67699780521 2.07019876738
1561 9.00222348843 9.00222348843
1563 2.58213010429 2.58213010429
1564 3.39076665314 3.39076665314
1565 0.151171072661 0.151171072661
1295 2.83908627233 2.83908627233
1712 1.77525810795 2.3056807057
475 0.0715632821338 0.0715632821338
5250 0.956450363934 1.02793398754
1789 1.41141802843 1.66085852307
4399 4.27454155271 4.51675235573
7460 3.27698666436 3.32552547257
5638 3.24913962127 3.24913962127
6541 2.66358163384 2.66358163384
6540 3.29822769071 3.29822769071
4391 2.30991655835 2.30991655835
4392 3.49986764897 3.80807948652
4395 1.67610014915 2.11922316424
6549 1.31805811523 2.01263743212
5633 11.3291955092 11.3291955092
473 1.57657601284 1.7852659991
3195 0.619453844107 0.619453844107
1862 0.237665142274 0.237665142274
3193 3.41507931256 4.22813649069
7465 2.20376965139 2.42824241521
3190 2.00005356343 2.35807987991
3728 5.98417368669 6.32506990469
3198 2.1948505574 2.24447377776
7466 1.86436757761 1.98849765591
1368 0.823756884504 0.823756884504
3729 0.578573732788 0.578573732788
2.34710336593 3.10384240661