4447 5.03272547838 5.16077197237
4023 1.71448230737 1.82363999942
5988 0.870032096414 0.870032096414
346 1.53580750231 1.66290300131
347 5.73567439581 5.73567439581
7513 1.02944524264 1.26591155979
7512 3.19247376619 3.19247376619
342 3.52733939554 4.16431871802
343 2.29897320092 2.43007528863
3996 1.72351372506 1.72351372506
3995 0.827800141596 1.05228441817
3994 1.46433050674 1.54586583365
348 0.890911254594 1.18734397008
7518 3.2956186479 4.12155713055
6150 1.12108018033 1.47911550037
6154 0.494955183839 0.601149099054
6159 0.582817820119 0.582817820119
6796 2.10541065534 2.90628740522
6797 8.38652572858 8.38652572858
4730 1.05263376781 1.05263376781
4736 2.54791605939 2.54791605939
2319 0.915546527107 0.963380470684
2313 6.02594160231 6.02627284736
2310 2.35817531138 2.35817531138
2311 2.62824564689 2.62824564689
5851 0.663387040194 0.833969299402
299 1.2515363306 1.48043728487
7627 2.674558506 2.674558506
291 4.20623327019 4.20623327019
4656 3.46176395146 3.53896840234
274 5.76672677851 5.76672677851
276 2.83496940135 3.65665060144
278 7.21685645217 7.21685645217
4836 0.9925005179 1.09041197143
6584 7.18880382141 7.18880382141
2262 1.18357397292 1.2763878128
6190 4.54012366552 4.54012366552
2266 5.59346777281 5.59346777281
2443 1.72604011562 1.72604011562
6055 0.232604688328 0.232604688328
108 1.64060540775 1.64060540775
109 0.222083263287 0.222083263287
107 4.03113263102 4.03113263102
4813 1.8025948801 1.80270769229
2047 9.71232459592 9.71232459592
2045 0.985593590193 1.36649628834
4817 2.99910911297 2.99910911297
4816 1.93271381965 1.93271381965
2040 2.39176067201 3.06656521922
4819 1.55911527385 1.78346031986
4818 9.63545595423 9.63545595423
1297 1.65436801593 1.85626526852
6378 4.44466550965 4.818490425
6379 1.3860626306 1.67678315209
6053 0.921438834317 0.921438834317
5828 1.25342210619 1.25342210619
6372 1.49327064697 1.49327064697
6375 1.7002799873 1.70037885011
6377 1.8954337816 2.21753854951
2838 3.91962730262 4.09577576438
5363 3.76364078472 4.25023843142
3519 0.109835562043 0.109859583131
3510 1.70135657256 1.97118430408
3517 1.60442509074 2.25090715338
3516 1.79164755317 2.39658306536
7263 1.11211293801 1.11211293801
3514 5.9811048166 6.10987250143
6201 3.00944499057 3.00957261418
6202 1.49799343356 2.18827344654
2685 1.47453881448 1.66772347042
2687 5.27725383804 5.48682302819
2681 0.794203335563 0.941256040186
2683 1.01072471657 1.27958261841
5406 2.72050516129 2.72050516129
5119 0.242594863959 0.2427037231
6802 2.20910566229 2.20910566229
6800 0.779690441535 1.06554652717
5293 8.27067381301 8.27067381301
5404 0.942409052715 1.19527919317
91 8.14344065189 8.14344065189
93 0.45116172739 0.45116172739
95 1.95316952066 1.95316952066
97 2.11075671557 2.11075671557
5402 6.86836823915 6.95311953459
5182 4.24061291204 4.24061291204
1622 1.30405554111 1.60532057979
1992 1.54759946931 1.54759946931
1627 1.97882612144 2.04578100942
3993 2.26258583674 3.10151598739
1629 3.1595548272 3.1595548272
1628 3.39769139247 3.76377839126
3209 0.481451465096 0.481451465096
2860 0.0711780178683 0.0711780178683
2861 5.94492901303 6.14368791008
2863 6.10845501173 6.80307043958
2867 1.24496692872 1.60069906507
555 1.99374974131 2.58082295764
554 3.17211753679 3.17211753679
551 0.534272143779 0.534272143779
550 1.12499771641 1.49287585726
553 0.600406568974 0.600406568974
552 2.96752372037 3.14150925742
7142 2.48996146897 2.93904390261
1199 6.09272576676 6.73161230457
5459 1.0718692112 1.0718692112
7079 2.40772546778 2.40825365041
7074 0.759116547069 0.759116547069
5451 2.45816934791 2.45816934791
1193 3.31871641436 3.31988995602
3341 3.65674234046 4.18769255421
5454 4.41106762366 5.31556349221
3347 2.12968324612 2.20908665535
1197 5.5589113192 5.5589113192
3345 5.39879905758 5.48130114873
1754 3.99135774211 4.4647474787
1752 0.422127482657 0.422127482657
6976 3.15187703593 3.15187703593
6975 0.793534811364 0.930653576725
6971 2.18821691985 2.38558424425
4253 2.4994810696 3.35150228071
4252 2.21976355361 2.41462533029
5531 0.452506243404 0.452506243404
5538 0.0889209801198 0.0889209801198
1285 1.3593853563 1.67560143132
1284 3.23592624188 3.39488456769
1287 4.55486943711 4.75333992506
1280 2.10166355211 2.10166355211
1283 10.1022565848 10.1022565848
1289 1.28138632541 1.2892473296
7188 4.67424602131 5.08674721137
1579 3.24310112293 3.63243113073
689 3.40560846951 3.99228075953
684 2.14621521426 3.57716576619
687 2.29175252288 2.51766565463
7183 0.721179399507 0.721179399507
681 2.21406748947 2.21406748947
683 2.4173661742 3.4094747117
7187 0.11006102202 0.11006102202
458 2.54023503832 2.54023503832
6006 1.99063716132 2.38435940512
1222 7.99883076329 7.99883076329
4388 1.95846312057 3.04829094854
6576 1.64930770702 1.64930770702
625 2.53637718681 2.69224739375
6574 1.49828166362 1.80247608646
5627 0.958144021839 0.958144021839
4382 2.31940029574 2.88877647475
7459 1.10563809682 1.21198550497
1371 2.4483511431 2.4483511431
406 1.077693853 1.0777055233
405 1.73730293743 2.32473596134
1374 1.57517323314 1.85120189682
3834 4.12684628645 4.12684628645
628 8.35157632841 8.35157632841
3831 0.495782308846 0.656989210514
3832 3.20845580843 4.36937917891
3838 3.70490420643 3.71710224798
6794 7.18373196607 7.18373196607
4844 1.08973957777 1.08973957777
5990 1.96027839562 1.96027839562
5992 6.48390727609 6.50691873006
379 5.05843088569 5.05843088569
7527 2.99060590505 2.99060590505
7525 3.02719859432 3.23424284765
370 4.68762120811 5.36689469792
373 0.501504960091 0.501533629738
2038 3.58881679324 3.58881679324
374 5.55632457245 5.55632457245
376 3.50495990235 3.50495990235
6530 0.673914143871 0.822864081636
393 1.90459239622 1.90459239622
391 1.00940727059 1.47136637428
394 1.31687778285 1.31687778285
6148 2.54236216198 3.21204618833
2309 5.82063618573 5.82063618573
6780 3.76053318329 4.45747479049
6782 1.214754623 1.214754623
4728 1.34613686314 1.34613686314
6787 1.74263614851 1.74263614851
2301 5.56528649267 5.56528649267
4724 4.45354948785 4.45354948785
4727 0.831930129227 0.831930129227
2307 7.08986389047 7.08986389047
5846 0.746654729547 0.828892334487
6538 3.27611393922 3.86375988916
5849 3.16993105472 3.61530298763
3748 2.41331527266 2.41414864022
3203 1.51156000671 1.80590939352
3745 1.16890267817 1.16890267817
3743 0.310624808306 0.311099654916
247 0.820352078236 0.820352078236
4623 2.34776662824 2.54870238637
4624 3.16995968498 3.31971575158
243 1.14114091179 1.14114091179
4629 2.33821581489 3.85192714886
2272 1.14677323974 1.14691396515
2278 2.81374283052 3.26386073387
2459 0.602105083238 0.602105083238
2454 1.50192889476 1.50192889476
2451 3.35736165456 3.35736165456
2450 2.39318401603 2.66389037508
172 0.184806551111 0.185440819373
171 2.0311943416 2.63553739242
2050 2.72848381782 2.77498324801
4538 0.932970254488 0.991739923221
4828 0.939737917166 1.1710554597
2059 4.01126325269 4.01142958931
2058 0.204799850717 0.21319168659
3692 2.09638113524 2.09638113524
3693 1.76707376155 1.76707376155
4530 2.68250307986 2.68250307986
3695 2.17179168316 2.17179168316
3696 2.13657932562 2.13657932562
4821 1.11645453238 1.35372693742
6369 2.5788046518 2.6128910087
4983 2.52039517529 3.3347170719
7337 3.00256429126 3.00256429126
1504 2.68311742466 2.68311742466
3522 3.42098816398 4.62608733032
3523 2.31279933909 2.71886101222
7043 1.18919747044 1.50747401699
7218 3.1375678353 3.1375678353
7215 1.93196486369 1.99942444833
1601 4.93128052292 4.93128052292
6215 0.542616913283 0.571719768607
6386 3.43370039282 3.495748429
2699 0.943094205613 0.943094205613
4651 0.449833845193 0.506469485912
2693 1.29598081327 1.38283726925
2690 0.469581266517 0.534551077176
6819 2.09486361312 2.09486361312
1605 0.135275046966 0.135462402642
6814 0.00214593432339 0.00214593432339
6817 5.88693104085 5.88693104085
6816 1.69324749191 1.69324749191
7326 2.79171327343 3.45354682716
3231 2.16867624245 2.50653156288
3236 4.06846896527 4.06846896527
1969 8.72916975153 8.72916975153
3235 4.00098678602 4.17183833682
1965 4.15969976798 4.43743525309
1966 1.10984324101 1.73438276166
3239 2.62449187029 2.62449187029
5191 5.60899651531 5.95213846046
1962 1.30350164274 1.32750298238
2877 4.58369039884 4.58369039884
3355 1.72333475508 1.72333475508
3351 2.09868893553 2.332209107
3353 0.000703076462663 0.000703076462663
3352 1.13802636246 1.21914435033
7063 0.422610600196 0.468354438086
5446 1.92814657481 2.37269082618
7060 2.36448864288 2.50816974257
1764 7.8773375952 7.8773375952
1788 0.610600770361 0.610600770361
1145 1.54439254767 1.76314552548
6968 1.26128172691 1.26267285853
1148 5.84575211284 5.85292314077
5509 0.118495514391 0.118495514391
5506 1.6204675043 1.62105649889
5507 2.27389600501 2.91193752906
5500 0.585636139768 0.585636139768
692 1.75588848476 1.75588848476
1547 2.31462295325 2.36732265223
1544 2.95291184648 3.07694793193
1545 2.0372572655 2.42163189133
1548 4.89794129204 4.89794129204
7199 2.15228679174 2.15228679174
546 3.34534701152 3.34534701152
544 1.29313784243 1.53237245517
545 1.1467784441 1.25648123596
549 2.20368244126 2.57622074329
7194 7.23278545589 7.23278545589
6886 1.64371265856 1.64371265856
7564 1.48757029163 1.61020084936
764 3.13117094084 4.35428312722
6406 2.48402908815 3.35060837594
5618 1.7764859887 1.7764859887
7442 1.90422681567 2.48828691798
6568 3.25247248161 3.25247248161
5477 1.98325784491 2.07654214695
5612 0.0588216151477 0.0588216151477
5613 0.872103630346 0.872103630346
6405 5.65581855468 5.65581855468
5617 7.39413761455 7.39413761455
6562 1.52090656212 1.73902314785
7398 2.93208315292 2.93208315292
5475 2.41636472742 2.41636472742
410 1.94023983371 2.52955060159
1389 2.2900515326 2.94418844852
412 0.633879559113 0.633879559113
1384 3.13034732227 3.86989636229
1387 3.20834720143 3.85492928488
419 1.0278753199 1.13415523871
5003 2.52540826998 2.80025358052
3823 5.58758831057 5.58758831057
3821 3.01786513389 3.01786513389
7114 3.17972681055 3.17972681055
3828 3.96830187839 3.96830187839
5000 0.867756825169 0.867756825169
7482 4.56208645365 4.56208645365
4282 2.02907399737 2.30287647565
4280 0.713422199061 0.87150353001
4286 2.24145536112 2.24145536112
7538 3.6316084797 3.6316084797
369 1.23709951532 1.70918203447
366 1.72015220897 1.72015220897
7534 0.793925489664 0.793925489664
364 0.0535561862102 0.0535561862102
365 2.16421965049 2.6093547499
362 2.67737535976 2.67743897333
5009 4.01219175196 4.50086085962
360 1.20634937659 1.20634937659
7532 0.635684223136 0.635684223136
380 1.33579223996 1.64311388577
381 1.67255802989 1.75947659986
383 1.63272384094 2.14203011561
384 2.68181107347 3.70445546953
6178 1.36008108353 1.36008108353
389 0.588359881566 0.588374904856
5271 0.407226976824 0.407226976824
6778 3.00433900994 3.74012788449
6779 0.684702600262 0.688663314967
1369 2.63500162772 2.96090298059
6774 3.08713568146 3.12338721685
6775 0.628309857607 0.749780970257
6770 7.43921760623 7.43921760623
6772 0.836176483632 0.836176483632
4757 1.49844979077 1.49844979077
5870 2.01001766965 2.01003961956
5876 4.41924871411 4.67071140571
5374 0.564434855775 0.564434855775
5879 0.215998684384 0.215998684384
3758 2.05454300895 2.17485532487
3750 1.8594225909 1.8594225909
3753 0.389153648078 0.389153648078
3755 3.3103347015 3.83736349566
2192 1.44893563813 2.07846471783
259 5.19872283611 5.19872283611
4637 4.8179996002 4.8179996002
2195 1.87836425293 2.4531265953
2196 0.0508985706895 0.0508985706895
2197 1.75781422163 1.93471274195
4638 2.12290357609 2.47207772107
256 1.89437978031 1.89440495931
2200 7.21865651178 7.21865651178
2201 0.742022814356 0.742022814356
2202 1.08965045991 1.15926004575
2204 1.28968243694 1.47289409217
2205 2.95135612683 2.95135612683
2209 2.39747104219 2.94335725105
6689 6.16511928113 6.16511928113
6680 4.91134934079 4.91134934079
2428 5.59981280614 5.62156044729
4812 0.92247328322 0.922543056525
2422 1.66698258465 2.14974353782
2426 3.23497000462 3.23497000462
4810 1.60402135242 1.60402135242
169 2.84840789506 2.84840789506
164 2.10295081972 2.16488166016
160 1.81556512068 1.81556512068
161 2.41123263568 2.85668225118
162 3.25829400507 3.25829400507
3689 0.00481592211129 0.00481592211129
3683 1.4456458354 1.4456458354
4526 1.44253337852 1.44253337852
4525 5.98306435174 6.03201633547
4524 1.22837126259 1.38875115638
4523 2.16300775227 2.59047840422
3685 2.99811381982 3.06816439935
3684 4.28083218646 4.28083218646
6194 4.64852667272 5.35541029418
6981 2.06758685477 2.06758685477
2518 1.74648156522 1.74648156522
1842 2.27141856809 2.27141856809
2514 2.24583973625 2.24583973625
2516 3.46590832316 4.19726833198
6198 5.56237372552 5.58510008225
908 3.77845809302 3.77845809302
6740 3.41801846962 3.41806184508
2730 0.0802975680737 0.0802975680737
2733 2.80771587547 2.80771587547
4426 1.03299406538 1.13636891679
5294 2.06758573925 2.37165365922
5295 2.04127428612 2.95357490903
2738 2.85436108967 2.9510512901
2739 1.1536470466 1.37314728757
5291 2.85258578668 3.5848517718
1817 0.288009594958 0.288009594958
1811 2.14161276239 2.14161276239
7203 1.40603047219 1.50380649004
6227 4.12960027107 4.12960027107
6228 3.39663058837 3.39663058837
671 0.221240135516 0.221240135516
6993 0.955925427984 0.955966374884
1609 1.00964419227 1.42147894295
7336 2.01307941663 2.01307941663
7335 2.4890382538 2.4890382538
7334 4.56266649386 4.86024755768
3225 1.94825856396 2.69125774964
3224 4.37543966916 4.3759715598
3227 3.5200944732 3.5200944732
1602 1.80312356847 2.30907975859
1973 3.85555542205 3.85555542205
1972 1.39265800399 1.39265800399
7339 2.99773175297 3.32267600375
809 2.08804802763 2.36298137632
801 2.9808164946 3.32030971568
807 1.76093212037 2.08490197357
806 2.5641418884 2.95555390691
2849 6.8116574443 6.8116574443
2846 1.99056476508 1.99056476508
2843 0.991082200609 0.991082200609
3321 1.21437414693 1.3814010227
3323 1.92502394925 1.92502394925
3328 2.30304552574 2.30304552574
5478 0.51717115525 0.729347287392
5479 2.04951559785 2.04951559785
5274 0.111615315817 0.111615315817
7058 1.08801235746 1.08801235746
1776 1.01165536468 1.33799054388
1770 3.88558805037 3.88562698597
5272 3.41071205558 3.64094629119
323 5.21077323196 5.66803163079
7052 3.6272302802 4.9803347934
1778 0.611053137432 0.611053137432
7055 0.815494175752 0.815494175752
1154 4.48925289287 4.69245590643
1152 0.643906779886 0.643906779886
5519 2.92127878714 2.92127878714
5518 1.67463789384 1.80523160256
5513 2.80001452828 2.80001452828
5512 1.43685177883 1.74149430389
5515 1.48686428408 1.8026258743
5517 1.92812552456 2.07457692591
1551 9.23886076826 9.23886076826
2999 3.99265464974 3.99265464974
59 1.4863413105 1.4863495204
58 5.48423748444 5.53386264122
55 1.01050474701 1.01915481816
2991 1.31517495276 1.31517495276
57 3.13773936065 3.13773936065
2993 3.46199960801 3.46199960801
52 0.988715603332 0.988715603332
535 1.11057124749 1.2048008311
532 1.59663152331 1.61695823862
531 2.99863509594 3.61826625462
7342 6.49782554022 6.96357061352
538 0.692887526131 0.865000614671
5600 0.694875336483 0.694875336483
5609 4.2866179717 4.2866179717
5608 2.77715774829 3.28845840522
5134 1.44333282979 1.52683142146
1902 1.38114063934 1.68917920159
6517 2.73837052121 2.73859973862
428 1.14980656932 1.14980656932
421 4.34826762362 4.34826762362
420 2.99410957197 3.31925821262
3293 0.146804092259 0.146804092259
1393 2.53723594266 2.53723594266
1391 0.833946616532 1.16961632263
3810 1.8108952627 1.87897749374
3816 1.68268032911 1.68268032911
3814 0.863105218743 0.863105218743
3457 4.61583090743 4.61583090743
6420 0.529403906958 0.529403906958
4298 2.88422376304 2.88422376304
4294 2.03101127072 2.03101127072
4297 1.69730315532 1.69730315532
853 6.34920792679 6.37057699101
6428 1.1867807778 1.1867807778
6429 2.99687087378 2.99687087378
6412 0.396767779116 0.396767779116
7543 1.08937283247 1.08937283247
7547 5.35452879028 5.50395683656
6168 2.05803272485 2.21095027623
6160 4.37397757257 4.37397757257
6162 0.188131836993 0.188131836993
4749 1.55232242018 1.57797606003
4748 3.48314726978 3.9628982649
6767 2.75236105318 2.75236105318
6766 2.35717264442 2.75193320904
4740 3.78108468831 3.90399386757
4747 1.94413945462 1.94413945462
4744 0.950769740878 1.27218617776
5868 1.70810267003 1.70810267003
5865 2.48772124264 2.59837631684
4715 2.63561684686 2.63561684686
2183 2.53251939718 2.96697302824
7059 0.259342580609 0.259342580609
2181 0.49659572169 0.49659572169
2186 1.24256743599 1.24256743599
4606 5.60487247952 6.12323937258
2189 2.6533831929 2.6533831929
224 4.01687196671 4.02469011331
223 5.92456610491 5.92456610491
222 2.61589101928 3.02594870326
221 0.746476666472 0.746476666472
2212 1.75221326078 1.81340632363
2211 0.888196205928 1.14965478998
2210 1.51025071407 1.65912046201
2217 3.22470178331 3.22470178331
2216 2.26345476038 3.91075072558
2214 5.24087565206 5.24087565206
6699 0.720792896211 0.720792896211
7293 1.03611553199 1.12845786102
6697 1.1763366047 1.33576476355
6696 1.11429498866 1.22825731682
6694 0.923382859431 0.923382859431
151 0.782512829489 0.782512829489
155 1.46134721348 1.46134721348
156 3.34636838398 5.00892874014
2433 1.1046125357 1.1046125357
2431 3.01593680858 3.15400618228
2430 1.66398051474 1.66398051474
2437 4.41467170048 4.57138072557
2434 2.01124646543 2.19323482689
6340 3.31149191836 3.31149191836
6343 1.99806132382 2.30827052068
6344 5.21869240966 5.2186950331
6346 1.22414851717 1.22414851717
6349 0.995196149326 0.995314680103
4510 1.46972223947 1.94352168645
6809 3.16205881068 3.16205881068
4514 1.00619145266 1.14504037016
4515 3.50458422778 3.50458422778
6186 1.79275783378 1.79275783378
6183 1.45269137905 1.61309193696
6182 2.56039351545 2.56039351545
2508 3.92673520615 4.04570249883
2507 2.5747330901 3.43043715212
2506 2.89827058963 2.97356714185
2505 3.43521943799 3.43589810288
2503 1.27122643316 1.27122643316
5289 2.26099201326 2.26099201326
5288 1.66607153033 1.66607153033
2721 1.80921271966 2.39139796709
5280 2.65269153064 2.84517292177
5282 1.41105265361 1.41105265361
5287 3.05265889497 3.05265889497
7234 0.464402151756 0.537252222276
7235 6.40134053135 6.40134053135
7233 1.14116035878 1.14116035878
5047 4.22566729956 4.22566729956
5046 3.53593032603 3.53593032603
5045 9.30705013572 9.30705013572
1807 2.56005499658 2.60127133396
3783 1.6062688529 1.6062688529
1804 2.48589135231 3.41460676974
1802 2.06679744097 2.46739613729
3789 2.2619044655 2.2619044655
1809 5.24423323197 5.56053512824
1808 0.915994350534 0.915994350534
4994 2.07675320996 2.07675320996
6239 1.01626721909 1.01626721909
4993 2.22536359878 2.58494686977
4991 3.27550480438 3.27550480438
6234 2.83554775918 2.83554775918
6237 0.180786813412 0.18079156897
4999 0.0681617425804 0.0681617425804
1948 0.100021703823 0.100021703823
7301 2.38959123144 2.38959123144
7307 6.50857006859 6.50857006859
7304 4.86693062101 5.13794753866
7305 0.144574429282 0.144574429282
1943 0.992932327175 0.992932327175
1940 1.8131232296 1.81324254646
1941 1.52632478909 1.80599646451
1946 1.08446248308 1.21202216794
810 2.16890013638 2.79808001994
1252 3.16987941353 3.16987941353
812 1.16693579741 1.16693579741
814 0.782505329762 0.782505329762
817 3.64416361016 4.32907119025
2859 0.780809485904 0.780809485904
5183 1.61085205613 2.21499397117
2850 3.18505062403 3.72343290168
2852 1.97737913197 2.12724262309
2855 2.28733382263 2.28733382263
2857 6.47115014892 6.50530695509
2856 2.43523756713 2.43523756713
7045 6.3289071544 6.3289071544
1491 3.45022587023 3.45027618763
5463 2.94767550682 2.94767550682
5462 2.51370564321 2.62884298195
1494 3.06721970884 3.06721970884
3336 2.36862141635 2.96130532757
1496 2.20331216916 2.27082871749
7042 3.30856348493 3.30856348493
1499 4.90893542727 4.98225476383
1702 0.752488776804 0.752488776804
7328 2.88796490087 3.65805474372
1705 1.52838681185 1.52838681185
427 1.91768580768 1.91772264189
4574 4.79016236872 4.79016236872
1129 2.49075328897 2.52770518948
1123 0.49524832188 0.49524832188
6983 3.8138289261 3.97805104622
6982 1.2335316356 1.2335316356
1126 0.170703158644 0.170703158644
6980 2.99898914927 3.09406299052
2982 2.60045614999 2.60045614999
2981 2.12189200373 2.91583621971
2987 0.238555416487 0.238555416487
3022 4.15782911615 4.15782911615
2985 1.90986811521 1.90986811521
524 1.47362922844 1.47362922844
520 1.94939276252 2.0087664826
521 4.49241572119 4.49241572119
523 2.05076685288 2.23963750151
1012 0.917721458563 0.917721458563
1013 0.30474807386 0.30474807386
1234 1.98040099122 2.46284969501
1235 5.72215653749 5.74470386312
1237 0.828477563791 0.828477563791
1230 8.45101089772 8.45101089772
1231 0.267588703954 0.267588703954
304 2.35557580325 2.71315027812
4195 0.272059583865 0.297766179422
4192 0.976605403021 1.08803277755
1239 2.95504785734 3.10902952741
5674 1.98283265085 2.58327118989
4355 5.17696840724 5.17696840724
4357 0.38294576395 0.38294576395
4353 5.53057404774 5.53057404774
6507 0.838215390122 0.838215390122
4900 0.273253099503 0.273253099503
437 3.99031440728 3.99031440728
435 0.182026296544 0.182026296544
433 2.12185519443 2.26302181419
431 4.65421701673 5.0723857696
7158 0.903797108178 0.903797108178
3808 6.43411822048 6.43411822048
3802 1.21640314764 1.29611199351
6437 0.483927033545 0.483927033545
6435 1.64986199069 1.64986199069
6432 3.67627938386 3.67627938386
6431 10.3805574347 10.3811341672
5707 1.30122592135 1.63798631877
5700 2.61087865185 2.97213687533
5702 5.524129498 5.524129498
6438 0.982562090599 1.12615710712
2868 3.70061345394 4.39684902036
2869 3.81644428814 3.81644428814
7553 1.10137045701 1.42095335701
7551 2.26201861811 2.26201861811
7550 1.64192834909 1.64192834909
7557 1.90656524291 1.90656524291
7578 0.478676574833 0.482175716679
4774 3.49403979625 3.65887942944
4770 6.39584403707 6.39584403707
4778 3.20481967851 3.20481967851
6421 0.0719233648367 0.0719245653857
4175 0.346305695864 0.346762314525
4172 2.2659806288 2.30455652631
6752 0.0806171949471 0.0806171949471
6756 2.73079822621 3.78500545862
4179 3.37147895473 4.76401139662
6755 3.67212608638 3.67212608638
7171 4.95925026377 5.53616888862
5815 1.57743823993 1.57743823993
5816 1.69474503025 1.84531718448
4296 1.9187753644 2.40184434954
7173 4.41281043349 4.60306753536
5064 0.663452832455 0.663452832455
4619 0.550551651019 0.841182730787
234 3.99721390166 4.55313312748
4610 0.335330674716 0.335330674716
236 3.12422012718 3.12422012718
4615 1.29750020299 1.29750020299
231 3.365687049 3.365687049
4617 1.90085794218 1.90085794218
233 4.81335158518 4.81335158518
7392 3.45326051997 3.45326051997
2223 0.371791005543 0.371791005543
5924 3.06211675138 3.06211675138
5925 1.53827865338 2.11285126845
4881 0.454165120358 0.454165120358
146 0.595333233701 0.595333233701
5356 0.0343177160048 0.0343177160048
5143 0.0552873065101 0.0552873065101
4501 1.50081823468 1.50084881505
4503 1.19395361552 1.19395361552
4502 0.482982093576 0.482982093576
4508 3.13600428713 3.13600428713
2089 1.50240851132 1.50240851132
2080 2.46061951266 2.58056914739
3403 2.5849229977 2.5849229977
2538 3.13656954859 3.26344854899
2539 0.37945875712 0.381724708182
2530 2.27882379191 2.6521553181
2537 0.575760220005 0.576333995434
2713 0.960745188686 1.39029518203
5453 8.75811976986 8.75811976986
2716 2.73381550025 3.35913885696
2714 2.23871218377 2.42868030757
2715 3.98835450257 5.9705958166
5078 1.59943249245 1.97023357204
7222 1.49048131235 1.61252517077
5456 2.14033852402 2.20348676016
7227 1.89660436018 1.89660436018
7226 2.64363045875 3.27055317212
5072 1.6011512687 1.6011512687
5457 1.572393439 1.572393439
5076 0.361616291699 0.361616291699
5077 1.9430209588 2.10968586821
1832 3.32566614784 3.37012914751
1833 0.653115799541 0.759780213281
1830 2.92831785586 2.97181695259
1831 3.08899757981 4.13736358178
1836 0.113492019743 0.113492019743
1837 3.58044389528 3.85744403698
1838 1.26466338164 1.26466338164
1839 1.35188155891 1.57822621155
2155 1.7430375425 1.95323867175
2156 3.02438665397 3.02438665397
2157 2.91371811053 2.91371811053
2402 7.76795065181 7.76795065181
2151 1.92786296075 2.12209148154
6240 0.847311701579 1.01916001258
4988 2.15844047623 2.15866476703
7446 0.333081321502 0.333081321502
2158 5.49529565034 5.67389534931
936 0.0536378196611 0.0536378196611
6246 0.873959502682 0.873959502682
2409 1.13598951527 1.62174032924
5381 4.89892802476 4.89892802476
5382 1.25209940058 1.60968873476
5383 3.58482595753 3.58482595753
5386 4.07650229302 4.07650229302
5387 0.272939276934 0.281037381025
5388 0.38912353885 0.38912353885
1691 4.0765319155 5.22231251235
1955 0.856663333757 0.856677109324
1957 2.00236292578 2.32846032264
1956 5.80104488299 5.80104488299
1959 3.09260229674 3.50575571469
3243 5.01335010646 5.15901549198
3242 5.51290785997 7.09423111834
3247 0.895601281189 0.896713423086
7310 1.70080560734 1.96013815584
3245 0.783018929332 1.05173582065
3244 4.07016164157 4.14871800886
826 0.659215814678 0.659215814678
821 1.67060516117 1.8068693968
820 0.990896892123 1.05203515632
1483 0.838867291856 0.838867291856
1482 1.85548443665 2.42392335338
1480 1.53575785003 1.54384104577
1487 1.96922047864 2.03591359222
1486 2.25236036749 2.25236036749
1485 2.03015947905 2.21615234803
7037 1.56014477566 1.56014477566
5496 1.76565100588 2.03712827442
3300 0.870648424621 1.32529669363
5493 1.97489910371 2.35475566455
796 1.22383657284 1.22383657284
795 1.50817506601 1.50817506601
5251 2.82269185855 3.48422936327
5256 0.995980170838 1.17802761238
5257 1.8077127269 1.8077127269
5254 3.75477695696 4.69339786085
1719 0.430075344164 0.430075344164
1718 1.30064119833 1.79951790467
613 0.375532240179 0.375532240179
2414 1.98453472886 1.98453472886
1139 1.80001654433 1.80001654433
1273 5.80838170642 5.92286095316
1995 1.01284200878 1.38622549758
1275 0.365568331587 0.365568331587
5940 1.83980158621 1.83980158621
3011 1.81217201971 2.1132182488
3016 3.23932858855 3.23932858855
7141 2.91481994447 2.91481994447
3014 1.25207919243 1.25207919243
7143 0.500724651487 0.500724651487
926 5.49718055408 5.49718055408
1007 0.543384571796 0.582022096708
1005 2.22660787609 2.536845182
512 6.90204355053 6.90204355053
515 1.16561361488 1.32537132094
517 2.30780711856 2.79522375126
516 0.293624338928 0.293761925112
1226 1.48746938942 1.49616484673
621 0.321868638289 0.321868638289
1223 0.635637991889 0.635637991889
626 5.50185720804 5.59695542537
1221 3.11113960186 3.11113960186
4182 0.0805884196422 0.0805884196422
4184 2.86159609937 2.86159609937
4186 1.42519199194 1.42519199194
5662 1.60657983127 1.93552056691
6533 1.38789245443 1.77930389941
4349 0.992042265307 1.02117246295
7562 5.39769406942 6.21916607895
5669 0.50419103877 0.710309883454
4341 1.00439775084 1.2351674425
2883 5.95698562029 5.96702175208
7498 1.32591667168 1.41854066914
2887 2.98492097823 2.98492097823
2884 0.716276072866 0.716276072866
7493 3.22806388979 3.84925693181
7490 4.87307745666 4.87307745666
7491 2.46212983239 2.48106597093
7497 2.58682769758 2.58682769758
7494 2.14454833007 2.2056223012
3878 4.43826553387 5.64219729462
3879 2.08882298683 2.11792855084
3874 2.95078795315 2.98077649865
3876 6.49350394458 6.49350394458
6403 1.65636539361 1.65636539361
6400 2.73392589893 3.5915224204
15 1.78317680425 2.14282195676
14 2.51340609194 2.51340609194
6404 3.30219617567 3.30220125591
1921 2.79593916678 3.42050513174
19 2.55611048644 2.55616124931
7568 1.46515958912 1.67577601441
7561 0.16990258453 0.17127833489
7374 1.57058476451 1.57058476451
3907 0.468925796888 0.468925796888
3902 4.60909677199 4.60909677199
4761 3.05405246127 3.39492032403
4760 2.01341058711 2.21251416048
4763 0.358532368249 0.358532368249
4764 5.46713356385 5.46713356385
6748 1.96557833747 2.841123582
4167 7.01317922369 7.01317922369
4162 1.29300494712 1.42084527196
4161 1.48497616972 1.88633732792
205 2.63130299633 2.80898321108
204 2.31242796662 2.73178422566
209 3.81973897819 3.81973897819
830 2.99178868879 2.99178868879
7181 0.349623909154 0.349628958353
2233 5.14363314869 5.14363314869
2232 1.30016927041 1.30016927041
5937 7.81370477449 7.81628459852
5936 0.650736713286 0.768466544761
5934 4.99840444242 5.20182233102
5933 3.65865425311 4.22625914013
5932 1.51871726156 2.14526414891
5931 1.82751046831 2.16494623268
5938 4.33262201484 4.33262201484
7140 2.8190108566 2.8190108566
3499 1.23491997199 1.44227938999
3495 2.11812780582 2.11812780582
3491 0.35802169144 0.35802169144
4570 2.49291037779 3.09896952858
4572 5.21990396829 5.42556322303
2096 2.95483789056 3.4810253677
2091 2.51252309464 2.54221412415
5096 7.49879223656 7.49879223656
4576 0.796685862892 0.796685862892
2092 2.16328503088 2.46143737641
3657 4.74382057288 6.02259444276
4604 5.16604893345 5.16604893345
2525 0.626679474358 0.626679474358
2524 0.804891986727 0.804891986727
2527 9.04417526291 9.04428154265
4602 2.98433156102 3.5882257345
6902 3.78092200215 5.09060553806
5065 0.949444803384 1.05236803391
4889 3.95675992008 3.95675992008
5067 1.47194257628 1.64792295134
5066 0.947975303613 0.988668941557
5061 0.184806594207 0.184806594207
2708 1.3851392691 1.3851392691
7262 1.80332883246 2.19095819992
5062 0.17972154117 0.17972154117
2704 1.4252757777 1.42529902328
5069 3.59506960569 3.85511899967
4885 0.594821204261 0.594821204261
2702 0.832736172839 0.832736172839
4193 1.78792729145 2.00552639914
1828 0.923584663567 0.923584663567
1825 1.86181485489 1.86181485489
7453 2.34900293475 2.91842460111
928 1.57239236849 1.63006485187
2146 3.87293181547 3.9832925799
7072 3.62230233933 3.62230233933
2142 2.55580966897 2.73438349648
2140 1.15608104635 1.15608104635
921 1.48271656121 1.48271656121
4498 1.35911329647 1.4365193425
924 1.86373893269 1.96105952419
4971 0.371739092681 0.371739092681
2149 3.24818628787 3.24818628787
5745 1.07103678225 1.07909246845
5392 0.00718545628793 0.00718545628793
5395 3.86421283786 3.86421283786
3276 1.45329317713 1.45329317713
3277 1.76256848334 1.76256848334
1924 0.854577404882 0.854588508527
1926 0.657620068607 0.657620068607
5749 1.47982943636 1.47991960047
3278 1.57528375495 1.71025606558
7369 1.31264478733 1.31264478733
3476 0.807386210795 0.807386210795
831 3.73420909887 3.73420909887
837 1.0862974341 1.0862974341
7361 2.90339808806 2.94438532726
3478 1.53272948158 1.7239908072
5586 3.78483760236 3.78483760236
3332 0.173178758626 0.173178758626
3318 0.0911085638352 0.0911085638352
6571 5.97133241089 6.03940989362
5488 0.922208103444 1.0901688661
5484 2.08411281558 2.57490128355
5483 0.899165816495 0.899165816495
5482 1.79036863154 2.13918716497
5481 1.82945100463 2.08614952656
5480 5.19639139266 5.19639139266
785 0.729763048291 0.729763048291
786 3.57600045652 3.57600045652
7450 2.80560779928 2.80560779928
1728 3.27389459199 3.27389459199
783 0.478649864474 0.478649864474
6591 3.53416981786 3.53416981786
1727 1.58368347526 1.58368347526
5246 1.5750585191 1.65312681193
1722 1.64792575022 2.49862427917
789 6.5197810605 6.5197810605
1720 4.14517348902 4.14517348902
5242 2.00075997562 2.00075997562
7594 1.77050971786 1.77050971786
61 3.49030887742 3.57589473641
3006 1.46881959262 1.46881959262
3000 2.13810115355 2.44365964135
66 2.00482562768 2.00482562768
68 3.02068874573 3.16858326636
69 1.17287009903 1.91051699768
3008 1.01845011033 1.01845011033
7159 1.05992210869 1.38584782683
1370 4.98128779509 4.98128779509
7153 0.688035479291 0.688035479291
7152 2.19105179369 2.19105179369
1584 0.486488082992 0.486488082992
1585 1.00188647299 1.31302659757
6826 1.0049026817 1.10376125067
509 3.742384106 3.9892982043
1032 1.63163884533 1.63163884533
505 1.35603369321 1.35603369321
502 4.15100259174 4.47294379392
1037 1.48776055392 1.48776055392
1212 0.688911156144 0.688911156144
1210 2.9790031603 3.00268657987
633 2.12024563362 2.12024563362
1216 1.46972447462 1.67172006134
635 1.3001761419 1.3001761419
638 3.85820414558 3.85820414558
1218 1.04811222567 1.04811222567
1219 2.14061636752 2.8127310269
6521 2.05628707834 2.45446341827
7484 2.73871458436 2.99740179607
7487 3.58438401945 3.58438401945
4379 2.31751750735 2.31751750735
7483 1.18241932769 1.18243532491
5659 2.07200859915 2.87557756991
5655 1.09866891753 1.09888932104
5652 0.362637919606 0.362637919606
4377 5.40035017212 5.40035023412
2899 3.34396092723 5.25011535438
2895 0.590966501792 0.77411490066
2891 9.16251933524 9.16251933524
2890 4.00985669654 4.2354967428
1106 1.69878007312 2.24956145034
1455 4.83843335034 5.32347083483
1102 3.50398160957 4.95522772221
1103 1.36619265122 1.36619265122
1453 0.765480944852 0.868593533269
1458 1.99593409609 2.6013872135
1899 2.5999240112 3.96493863191
4082 1.38208316519 2.2520345855
3868 1.74565225454 1.98039770452
4088 3.57818123734 3.57818123734
5241 1.69007396272 1.69007396272
3738 1.32549429019 1.40815615577
3866 0.000477413211215 0.000477413211215
3864 10.924912345 10.924912345
7073 6.65168899103 6.65168899103
3735 6.96218949104 6.96218949104
5729 2.77955216831 4.05967059513
6419 1.05624119082 1.52115653645
6418 0.939351151184 1.04579500317
6415 1.91206338409 2.36513702754
5723 2.30719412065 2.30719412065
5720 2.16185900389 2.37787370249
5721 2.55024167479 2.86991938775
6411 4.49485106479 5.30065330564
5727 6.63086260067 6.63086260067
5724 1.78765868302 2.16756581833
5725 0.381717106727 0.381717106727
3913 1.45713931013 3.59881448735
3912 1.66077488984 1.7134397
3918 1.73835048956 2.06122575646
6732 2.16797705757 2.16797705757
6734 0.667592079414 0.667592079414
6736 2.87504765507 3.7267598125
6737 2.61638711395 3.45916329025
6738 3.94474774183 3.94474774183
4796 1.66553428238 1.66553428238
4790 1.61629495034 1.75049957166
5836 3.07698164984 3.07698164984
4153 2.27388542338 2.27388542338
5834 4.24430124306 4.24430124306
5835 2.50724791019 2.56974699447
4154 1.37736758688 1.37736758688
5831 0.0586457921803 0.065922704527
4159 4.56016943422 6.20808013717
4698 4.17422461589 6.27760237261
219 2.72539610171 2.83987200199
7464 0.56297623006 0.56297623006
6087 2.5398478153 2.5398478153
6084 3.17118125405 3.17118125405
6083 2.719699713 2.719699713
6644 1.24332647582 1.4405175002
6640 3.08929649672 3.25505624496
6642 1.67969156282 1.67969156282
5902 2.699678743 2.699678743
5904 1.47981046939 1.47981046939
5909 2.42517004063 2.42517004063
6497 0.262734679609 0.262881501273
3488 4.50538321544 5.23386884657
3481 5.599915231 5.82675482079
3480 7.58338700466 7.58338700466
3482 6.21564884713 6.21564884713
3487 4.99070480693 5.41663480602
3486 4.58843749425 4.58843749425
4566 2.51090289902 2.51090289902
4565 1.15631806621 1.25372750779
4569 2.08168054961 2.12649506309
7080 2.89166662502 3.42643669163
2551 2.50891553055 3.7680846035
2552 7.57575532715 7.57575532715
2554 1.50524732687 1.77519118681
2555 1.49532496881 1.49532496881
6396 1.13708724336 1.13708724336
6397 5.65424550873 5.65424550873
2397 9.75958197229 9.75958197229
2394 1.20561881392 1.57958307591
63 2.35358672745 2.35358672745
5013 3.45054104437 3.45054104437
5014 4.73098289065 4.73098289065
2771 1.91873224039 2.81374596827
2772 1.87714274017 2.09126485961
4897 1.96443050842 2.02862892744
2775 1.96513275974 2.01153388934
2777 1.4844797655 1.59894348702
1859 0.5 0.707106781187
6260 4.80035207795 4.80035207795
4418 2.07202380085 2.85307429211
4417 5.02427152189 5.02427152189
4416 2.87711469769 2.87711469769
1852 2.99601460296 2.99601460296
1853 0.70477175781 0.801557263962
1855 0.543970650432 0.543970650432
6269 3.31380597139 4.0018470291
5168 1.40415805261 1.40415805261
2171 0.944568067248 0.944568067248
2176 3.08667204211 3.08667204211
918 0.765151696107 0.765151696107
6063 0.458616093684 0.602502483778
4967 2.55349197694 4.22613998325
914 5.63823055599 5.63823055599
917 2.27845268456 2.27845268456
2179 0.91635835643 0.91635835643
912 1.48775355617 1.74050776318
2603 1.73437749218 1.73437749218
2609 2.62404168887 2.62404168887
1930 7.82867780068 7.82867780068
1937 6.64093580935 6.64093580935
3269 1.4930477677 1.51724344072
1939 3.22510941688 3.22510941688
5127 2.19874894633 2.26203211621
5121 2.00437609827 2.63458690988
845 1.91782704901 1.92147318481
3464 2.17575309927 2.17575309927
3463 2.40355491318 2.40358691681
842 1.6171352234 1.9194627162
7091 3.22615550003 3.22615550003
7375 0.567440842493 0.567440842493
848 1.85179918099 2.18440400942
7012 1.03092086061 1.21710193276
7013 4.35303955969 4.35309882714
7011 0.772283637386 0.772283637386
1731 0.300982316372 0.300982316372
1732 1.99513449048 2.47430647949
5234 2.00560052986 2.00560052986
1806 4.80510679024 4.81342911676
758 2.95928114928 3.31624967727
7088 1.00505657813 1.00505657813
1595 0.697886738689 0.697886738689
6887 1.31015284695 1.31073528959
1597 4.78647785112 5.0268277123
3074 2.09414041787 2.57252824863
3075 2.03927919243 2.18980767471
1592 1.30841159495 1.40075292569
3078 0.285422156043 0.285422156043
3079 2.54502888546 3.40640812337
1599 3.93205952669 4.18888336191
1598 3.33706153054 3.33706153054
6889 1.98340132063 2.56374075632
5344 1.67070711081 1.742071984
5345 0.368127777712 0.368127777712
7168 2.13928681753 3.13740494889
1021 2.45879072351 2.45879072351
1023 4.45563037304 4.45563037304
7163 0.991041416476 0.991551990648
7166 1.58426618272 1.7397194358
7164 2.008968301 2.008968301
7165 5.5557725663 5.5557725663
604 3.14654875571 3.14654875571
4367 2.92270031277 3.1874423833
4361 4.19335487954 4.19335487954
4363 6.87060157273 7.57240628851
4362 3.0785076434 3.0785076434
1203 3.92958143684 3.92958143684
5649 3.22585046235 3.67069783123
1211 1.70035451988 1.70035451988
5641 2.01799406071 2.01799406071
6041 1.22943493827 1.41550940348
5642 1.83426616491 2.17308952955
5646 0.402138067016 0.402138067016
6335 0.74643412914 0.74643412914
3105 2.93787333056 2.93787333056
3107 5.67874885012 5.67877305129
3102 1.25148579822 2.01826128649
3103 0.157078504518 0.157078504518
1112 2.26193508047 2.26193508047
1443 5.98817310853 7.25758949192
1114 6.23210759139 6.23210759139
1116 2.70130194235 2.70130194235
4093 6.64789403194 6.89592251926
4091 4.76529069441 5.60623023553
6332 9.18565668114 9.18565668114
5737 1.84772531162 1.85182860368
5736 0.795782659001 0.795782659001
489 2.57400970245 2.62351378091
488 2.97466490705 2.97466490705
487 0.432001277304 0.432001277304
485 1.98371637225 2.76031743846
4587 2.83689803197 2.83689803197
480 5.72950974471 5.72950974471
7585 2.95205400934 2.95205400934
6463 1.08719896887 1.20442467116
7580 4.87963654258 5.94525842613
4725 2.8916289043 2.8916289043
4851 1.45199345507 1.51996428075
5300 4.161855713 5.20407821071
3926 1.07961306952 1.07961306952
3927 2.06456486717 2.66380984098
3924 2.25308195689 2.25308195689
6526 0.131564794388 0.131564794388
6722 1.10018788504 1.10018788504
4782 0.423252072663 0.423252072663
4781 2.97643202362 4.7958223895
4149 9.72786229154 9.72786229154
5827 1.17635470222 1.55240858374
5826 2.5082412668 2.92416509368
4144 2.21770628848 2.21770628848
4141 4.90799014563 5.50901334907
4143 1.22497873148 1.22497873148
3857 3.84166311402 4.95601762509
3855 1.87698046939 1.87698046939
3852 1.32932770405 1.32950311768
3859 4.37034778961 4.37034778961
6099 1.3728516838 1.6804480567
6098 0.332004119295 0.332004119295
6091 3.59485488341 3.7135583295
6094 1.33098923467 1.33098923467
6917 5.19872214931 5.34683421291
6657 6.81905402658 6.81905402658
6655 1.985577819 2.0445412338
6048 1.99592378332 1.99592378332
6651 2.17897967586 2.17906061407
5915 1.87811951283 2.19165296906
5911 5.08152718349 5.67370661603
4820 2.9666765517 3.28661268323
199 0.891220543444 0.891220543444
195 2.59181560879 2.59181560879
196 5.17497939162 5.35495061098
190 1.20440536038 1.20440536038
6384 3.39596375797 4.2533492229
6387 2.40664460022 2.70919976482
3679 5.97115131887 6.13809914627
4558 1.62070865333 2.3710581046
3676 2.00050780222 2.6571817431
4553 2.49573101423 2.76008509513
4550 4.40755975429 4.68053695159
2541 1.0103839851 1.1159077031
2546 0.499481296005 0.499481296005
2380 1.97466147376 1.97466147376
2383 2.54348589996 2.54348589996
2386 1.36587770665 1.73974791065
3580 0.729218251527 0.891600845719
3583 3.73565767668 5.16583867907
3585 3.0049842099 3.0049842099
3587 3.66571761931 3.78843116558
2761 2.82585406164 3.14949747544
2767 1.73365770253 1.73365770253
2765 2.02435040183 3.03541709493
2764 2.09876104601 2.25536685914
6913 3.303632249 3.303632249
902 1.25550879426 1.25550879426
1849 2.32647125935 2.99703470909
6277 0.508548098009 0.515389625985
6276 6.00021514536 7.60122667865
1843 3.81323745859 3.81323745859
4423 1.94685782081 3.06961384717
4420 0.950736092511 1.06004752281
1847 3.78443945682 3.78443945682
6077 2.23406845791 3.02138168546
2168 1.07845562244 1.07845562244
6071 1.69327240798 2.29123507238
6070 6.10130498746 6.10130498746
4951 9.03664461014 9.03664461014
4956 1.28596315107 1.57540625387
2160 1.38896421448 1.38896421448
7309 0.0846002286147 0.0846002286147
2613 2.60867122628 2.60867122634
7095 0.426988910143 0.426988910143
2618 0.562116845908 0.572994950429
7347 3.27452928177 3.27452928177
7345 6.67549980609 6.67549980609
3298 0.455977300301 0.494901989834
5138 1.39270012437 1.39270012437
3294 0.116529458586 0.116634502418
1907 4.8158646883 5.81049928541
3296 4.30987823559 4.56299707553
3297 4.91464502582 4.99053496154
3290 0.368403109397 0.526600031531
5132 1.71447157615 2.56757716533
5131 5.43401941265 5.43401941265
1901 2.07727850681 2.54589041347
3452 1.7315430046 2.44207965042
3450 2.33766392498 2.53349179724
3456 2.6755849579 2.6755849579
851 2.07598013423 2.92231766725
3455 0.901504076208 0.901504076208
3863 1.48614827168 1.48614827168
6 0.748410769258 0.854457435822
7001 1.34399908703 1.70836026407
7005 0.539726271481 0.539726271481
7006 2.11300581507 2.52639847525
5229 1.71097468607 2.10131202218
5228 3.60986691529 3.93530521697
5223 2.89725280053 3.35859611198
5224 1.05282668795 1.05282668795
743 4.78067878461 4.78067878461
744 0.964725260418 0.964725260418
745 1.31587172809 1.63311873195
746 3.2858201725 3.2858201725
747 5.30377226897 5.30377226897
748 10.9982204686 10.9982204686
3062 1.73381717057 1.73381717057
7177 0.590776339045 0.784048464857
7176 4.70685051379 5.93503432821
6895 1.5468215582 2.37132437572
3065 4.86365127532 4.86365127532
3064 2.22703398841 3.00332196246
2947 4.00271136226 4.00271136226
3069 1.69386381737 1.69386381737
3068 0.996518363256 1.17851272933
7178 3.21146998336 3.44584582525
2941 3.4192133445 3.42764407608
1051 2.56979249047 2.74848740141
1053 4.07992043212 4.40966113021
1056 1.8328598269 2.16634576541
1057 3.48221135764 3.48221135764
1693 3.21188470486 3.21188470486
2919 0.952809143812 1.01655513401
1699 5.72335244898 5.72335244898
4311 1.69707497889 1.69707497889
618 3.33087888592 3.33087888592
4315 5.79766145703 5.9075756959
4317 2.09372630883 2.09372630883
1797 1.80028978122 1.97139684726
611 2.18602903511 2.96256974142
617 4.6565600655 5.25019870959
7574 0.295609460555 0.296453481208
3118 2.24605032185 2.24605032185
3116 2.79797246412 3.01662930502
3115 1.79054667808 1.87197115246
3110 1.89000636284 2.26112282678
7579 0.150553775322 0.150553775322
1470 2.97289084562 3.33877386084
1474 4.53572368408 4.78306129034
1475 7.55231729634 7.55231729634
7041 4.10821128144 4.10821128144
6143 0.528322733074 0.528322733074
1479 6.61540183522 6.65808348255
5464 1.48448256251 1.48448256251
1301 0.667911249296 0.667911249296
7129 2.24061386527 2.41086684254
1308 2.59198874622 3.58523655242
6410 1.78608711221 1.85554768296
5740 5.76120945742 5.76120945742
4229 1.00627098711 1.00627098711
3597 0.619698220759 0.619698220759
496 0.141119867172 0.141119867172
4227 6.13289424893 6.31747975123
490 6.56751850545 6.56753581477
4221 1.57784481983 1.69257201022
493 3.3328851176 3.58241909906
24 5.35911333664 5.36407090254
25 1.38684156046 1.49517762178
5584 1.42081262822 2.2026981987
22 3.19045532792 3.45539244902
23 3.40393490643 3.40393490643
7595 1.02767206889 1.27121386194
6470 2.57640186401 3.49652612832
6476 7.33535458891 7.33535458891
7591 0.752939152223 0.910390403989
5589 2.98172959824 2.98172959824
3938 7.34440800299 7.34440800299
3936 2.77679138462 2.80339145496
5265 1.49269321305 1.49269321305
6718 1.35540450774 1.35540450774
6716 4.42593723963 4.93179365837
6717 2.28573468308 2.28573468308
6710 2.03367929806 2.03367929806
4138 3.73654960294 3.73654960294
4130 2.80097368246 2.82385919537
7474 1.36610277934 1.74779600565
5692 2.03609050423 2.64049536497
3840 1.2949005028 1.88038790298
3843 5.99965707969 6.07922680601
5691 3.37457482955 3.37457482955
5694 0.480284404049 0.480284404049
3849 1.46259712209 2.09070081578
1872 1.83385575094 1.83385575094
4046 1.77440866871 1.84299411794
4047 5.75365818244 6.32154088112
4048 7.04311925393 7.52285201236
5968 0.66721099721 0.66721099721
5969 1.45550816322 1.71261763038
5963 2.07828620645 2.07828620645
5964 1.48737658207 1.49340344552
2289 0.49689854053 0.49689854053
3667 1.3659052982 1.3659052982
3661 2.94831461084 3.98025574857
2280 2.70309209301 2.70309209301
2282 2.73355649513 2.73355649513
5433 5.47277162411 5.48232946933
2287 3.36925248697 4.6793358311
4543 6.55328733095 6.61757396634
4546 0.944576335558 0.944576335558
2579 0.0740356720957 0.0740356720957
2572 2.9146749754 3.20299155703
2570 2.54215345722 2.54215345722
4534 2.0216238767 2.23625362146
2378 4.72262149045 4.72262149045
4827 3.02796245256 3.36990247213
2376 0.870246807914 1.0486824917
2370 2.10746678206 2.10746678206
2373 0.0 0.0
3592 1.19616766485 1.19620058632
2596 0.979195791654 0.979195791654
2590 1.36260527961 1.36260527961
3595 1.59748070501 2.40179288239
3594 1.89425991066 2.0787715635
5036 4.43453899316 4.45587022448
6280 2.49538037447 2.66550169598
5030 0.494802055069 0.494802055069
4531 2.66787573279 3.21045628916
4434 0.175589314568 0.175589314568
4437 2.03512632856 2.03594322976
1084 5.38380831247 5.38381125528
4431 2.19343175776 2.19343175776
4430 0.729850923313 0.729850923313
4433 1.45119967638 1.45852021276
6283 1.77089866027 1.84177028206
4438 8.42669032771 8.42669032771
1878 0.616296859595 0.616296859595
6595 3.31038839571 3.96120130495
970 1.44876692947 1.44876692947
5581 3.02255753178 3.02255753178
6287 1.55215976789 1.55356164184
4949 2.9984607604 3.08330785307
4948 1.63810551424 1.63810551424
6282 2.22228456735 2.88028132629
978 1.01238107742 1.10215840057
6043 2.31131732525 2.66823382344
6040 8.34305538843 8.35476686674
181 6.19371202851 6.19371202851
186 1.43749160154 2.19832847817
6044 0.26980598098 0.26980598098
6045 3.16897267166 3.70506470211
2112 1.64141996768 1.64141996768
189 1.7157366146 2.04616372038
2114 2.88780728893 3.14613181906
2115 0.94184160991 1.05417229725
2117 2.10056988468 2.10057636218
2627 3.55276926086 4.03582308078
2624 4.15120274368 4.15120274368
5837 6.02311481375 6.10376060552
7351 3.48832429955 5.29537436409
1918 1.92164188407 1.92164188407
7355 1.64732417386 1.64732417386
4924 2.61263541376 2.61263541376
7357 3.88010045097 3.88010045097
7356 4.14890047057 5.57334988462
3287 4.92457717709 5.80908954445
3286 2.57883200403 2.57883200403
3284 1.97561262104 2.07109511139
188 2.79478180512 2.79478180512
869 2.52489944996 2.69179209601
860 5.45996606073 7.26759933221
3440 3.27931687203 3.88304350694
3443 2.12564307862 2.12564307862
2027 2.70364575828 2.70364575828
2750 4.3210538416 4.3210538416
2023 2.18321378374 2.87593757889
2758 2.91587719063 3.07223017078
881 0.783699727082 0.783720916434
886 0.23007037699 0.232226434341
888 1.37854769108 1.48695397746
5217 2.18873785718 2.51874695362
5214 4.22718428748 4.22718428748
5210 1.8128830304 2.04454614896
5211 3.71542609274 3.73885169841
5218 2.52690639903 2.52697652869
5219 8.52646480471 8.52646480471
7504 4.99979946929 5.00063126082
5414 1.614148347 2.03936732061
777 0.803741710438 1.14262283243
770 3.08453404024 3.30350972602
772 0.888461690393 0.888461690393
7503 0.994314203051 0.994314203051
779 4.26092660474 5.70244992106
7638 0.0 0.0
4675 3.41692371985 3.99411384412
76 1.4072102491 1.87794273796
2978 0.558582591491 0.558582591491
72 0.647137514594 0.647137514594
3058 6.00085456197 6.02592496905
2972 3.75543883244 3.75543883244
2973 4.63235964668 4.63235964668
3054 1.76638258208 1.76638258208
3052 1.17881767154 1.48296210003
2977 1.66556229677 2.09383483569
3050 8.65819012197 8.65819012197
2975 3.53269707826 3.53269707826
1042 1.54987286494 1.96205906609
1041 2.11104319564 2.34752400715
1040 0.556360428261 0.556360428261
1046 4.93221006711 6.3164899203
1049 2.61237333422 2.61237333422
1683 3.97987882616 3.98135653936
1685 4.82525077206 5.34851193622
1684 2.81599195833 3.11683234858
1687 2.70324790298 3.33205521733
4802 1.54148472111 1.63874134913
7354 2.96052766751 2.96052766751
4301 1.68013617392 1.75712265338
1268 2.17453963302 2.17453963302
1263 2.0322908645 2.22792010868
1261 2.9631926437 2.9631926437
4308 4.32441422513 4.32441422513
1267 1.66174715251 1.75057301667
1266 3.70549571405 4.44282802692
1264 4.00334199395 4.00402308729
7359 4.81101717158 4.81101717158
3021 1.13644495483 1.34264935632
5103 2.44188329657 2.47170500321
3128 0.884688436529 1.18820169914
3129 0.670014811112 0.819093403791
7619 0.925265304692 0.925265304692
3122 4.4018825425 4.4018825425
3121 0.997514814973 0.997514814973
3127 2.21878167777 2.21878167777
1914 2.54690289062 2.54690289062
1465 1.98702453366 2.14635924889
6065 3.46551389209 3.6675405823
1461 2.90193711961 2.90193711961
1313 1.9501202454 2.14806180271
1312 1.38852653436 1.68411292914
1310 6.31916940855 6.31916940855
1319 3.53618614987 3.53618614987
6914 3.55887724855 3.55887724855
6915 0.656995848456 0.656995848456
6444 2.18399369228 2.72369514046
5750 0.159575226712 0.159575226712
5757 1.5863731851 1.5863731851
6440 3.25015963495 3.64100630749
5754 0.396735303222 0.396735303222
4236 3.7973646909 3.7973646909
6919 4.57895374943 5.75999820373
6124 4.59393742642 4.59393742642
312 1.6672965325 1.6672965325
311 0.75455295373 0.75455295373
316 1.57286095185 1.75121959586
315 3.26530494097 3.26530494097
314 1.9897614209 1.9897614209
6701 1.00161936259 1.00161936259
6703 3.81525985949 3.81544061319
6702 0.945133267506 0.945133267506
6705 5.41489028708 5.41489028708
6704 4.53575647599 4.53575647599
6707 0.499335590219 0.6700489796
7435 2.42217351702 2.42217351702
7436 3.64289830516 4.34837584327
7437 3.12689787976 3.76917349703
7431 2.8176418126 3.54251402148
5685 0.671549668595 0.671549668595
5687 1.59979881581 2.02584887379
5681 1.68912897099 1.76306282373
5683 0.557495225068 0.578496729528
1330 1.77276397471 2.35183058632
6674 1.24329323628 1.24329323628
4704 1.68276163188 1.68276163188
6671 1.10189688447 1.10189688447
4054 2.50442431643 3.08655045744
4053 1.79396729091 1.79396729091
4052 3.8608354774 3.8608354774
4050 2.09436911833 2.36150179449
6218 0.822551388972 0.822551388972
5976 6.03810078796 6.73710304174
5974 0.906445539187 0.920251284607
2299 3.55340131534 4.0603297267
3613 3.61781462002 3.61781462002
3614 4.12759358783 5.19140764135
3615 0.436530683749 0.436530683749
3616 0.148938686488 0.148938686488
2292 3.68356240958 3.68662539938
6939 4.60039314306 4.62895907111
2561 2.16297794162 2.65252612416
2562 3.1173071519 3.95167932595
2566 4.67747185866 4.67747185866
2368 2.51094651311 2.74374633312
2367 5.88643147418 6.28004118585
2366 0.546775672349 0.546775672349
2364 1.39018200749 1.4436089769
2587 3.92137103304 3.92318162772
2586 2.91913554452 4.38776601998
2585 3.50884433627 4.39219896747
2584 1.97624340375 2.40202609851
7294 2.32900494231 2.43327864675
7295 1.1537752844 1.1537752844
2580 4.92012103979 4.92012103979
5021 6.70070483922 6.84203264945
5024 2.52344076615 2.57631943644
5026 2.2939847492 2.48656852797
4441 3.13392913322 3.13392919485
4442 1.16243878518 1.16267565237
4443 3.39514676376 3.39514676376
4444 0.882845594824 1.03176572008
4445 8.20768560259 8.20768560259
1867 2.02127697351 2.03772740632
1866 0.435637684738 0.435637684738
4448 3.21384428522 3.21384428522
3721 3.44608709936 3.44608709936
3722 0.586251724887 0.586251724887
961 2.37224120343 2.80249353216
6299 2.14113083872 2.61566226344
963 0.364015936379 0.503934593504
6297 2.94566958705 3.09071591614
6293 1.35966901026 1.35966901026
4688 3.5436459626 3.98172176538
6290 2.06727001459 2.0777151874
2108 2.80613922023 3.52806202851
6059 1.84398863865 1.84398863865
2103 1.48708471225 1.94447114463
2102 1.15417231071 1.24919472516
2100 5.61931035707 6.78268022877
5575 1.51231189339 1.51231189339
2105 1.81259092123 1.81259092123
5117 0.750823425982 0.750823425982
5113 2.5873683861 3.83725980255
2634 4.31562084308 4.71563718345
2636 1.7008289373 1.70113207421
2631 4.28355014236 4.28355014236
2630 3.29624721939 3.29624721939
5571 2.72911505987 2.72911505987
5292 0.510281151456 0.606465684928
3438 0.909516826804 0.909516826804
3439 0.134031473714 0.134031473714
878 2.17055082919 2.17061409678
879 3.37778976719 3.37778976719
3431 6.74917925804 7.1911938009
872 0.750584753055 0.750584753055
873 0.375305100495 0.375305100495
4592 1.53419771277 2.0980825163
4593 2.3865767772 2.68575349891
2743 0.39676215497 0.39676215497
2033 1.03115465308 1.32119459378
2032 7.59745303425 7.59745303425
4595 1.46386477053 1.88840007788
9 2.29591681977 3.0835282293
4840 0.368021549744 0.368021549744
3097 3.51419526468 3.51419526468
890 0.0280373282027 0.0280373282027
5200 4.20082669077 4.20082669077
5203 4.10326915166 4.10326915166
5202 0.565797643969 0.577226294888
5204 1.09896556321 1.14314123516
7320 4.17414837077 4.85274997503
3545 1.4686793992 1.83399573872
3547 6.16276856495 6.16276856495
3543 1.57648531775 1.57648531775
7323 0.823720711462 0.823720711462
2965 0.300026162269 0.300032838237
2964 1.53608529343 1.84383988024
2966 0.767655375164 0.767655375164
2961 1.47493452772 1.93711687858
762 2.24128054331 2.24128054331
1781 4.19123808042 4.19123808042
767 2.0132172322 2.02818807488
1786 2.87925564852 2.87925564852
7113 3.69811042242 3.69861546142
7112 2.39443251832 2.39443251832
6878 1.94157923902 2.04568174108
7119 2.38201226352 2.79614434033
7118 1.40382635175 1.40382635175
3045 1.06005986622 1.18594043678
6872 5.65614095241 5.76663655143
3046 4.50512148016 4.50512148016
1079 4.02289989964 4.32640455097
1077 2.03691272647 2.03862776779
1074 2.2586590028 2.2586590028
1072 2.94426623614 2.94426623614
1073 1.47931163173 1.48590892102
1070 1.85112404086 2.14168689035
5372 4.97900536369 6.56654044344
7290 6.02006685901 7.12137243763
1678 2.71220132243 3.10444400657
1674 1.03812721661 1.61816516268
678 2.86365910079 2.86365910079
676 1.54281834722 2.08560018683
4333 1.82167764895 1.82167764895
4330 0.19970418754 0.19970418754
3131 4.869349665 4.869349665
3130 0.823702450079 0.823702450079
3139 3.22737790319 3.25437148759
3138 1.02512964174 1.02512964174
7608 1.88971008084 2.78822700268
7607 3.96116496328 4.03931389073
7604 5.0890096055 5.0890096055
7600 2.50105806323 2.68738957103
6018 2.71599984548 2.71599984548
1412 5.39445218468 5.39445218468
1413 6.16686697176 6.71305701199
1416 0.666074840237 0.666074840237
1327 2.82751896944 2.82751896944
1325 2.27633534588 2.45263349161
1328 3.01364734767 3.01364734767
6450 1.54160190721 2.05419835986
6455 3.82062399428 3.8393280021
6454 3.54509936031 4.4466826626
5768 4.48632479874 5.0985763275
6456 1.25070379432 1.67957338301
6458 4.69424337054 4.96184467801
4645 0.686873888854 0.69150917113
5762 0.121208151904 0.121208151904
4207 1.83295488928 1.86655999872
4636 4.45780500866 4.46737848398
5565 1.23853261392 1.47604798704
5562 0.992492532405 1.20962780698
1256 0.216557101418 0.216672421687
1526 3.85665827402 3.85665827402
1520 2.00298311004 2.00298346794
308 1.6930651697 2.32898760221
3953 1.81535523104 2.26899756146
303 1.64559675805 1.86460165224
3957 3.18578178497 3.18578178497
307 4.70664850718 5.38299805931
4113 3.99641954668 4.54105155595
7420 3.99047977891 5.51798240118
3340 4.0924837572 6.52932819806
5159 1.657641798 1.657641798
2475 2.57327996065 2.92917324871
6601 1.16398955678 1.16398955678
6602 2.5958238741 2.5958238741
6439 2.93598986252 2.96452551942
6606 1.24864595789 1.24864595789
7109 1.27857524648 1.33003568824
6608 1.7806455534 1.78064575565
5946 0.0851103322292 0.0851103322292
5945 0.628892567355 0.757397335192
4064 4.14349203995 4.54109316323
5941 0.955149473063 1.29199170957
2976 2.27637630688 2.61929916485
4068 5.10373905485 5.10373905485
4069 7.91456388846 7.91456388846
5948 3.56181190482 3.6199177983
5949 1.63931506835 1.63932526524
5785 0.94401771353 1.04356125276
5786 1.80303157271 2.20968556028
5782 5.45384657936 5.45384657936
5019 4.99782150722 4.99782150722
3051 2.78837501887 4.28338930996
3601 2.91773520321 2.91773520321
3600 1.33448237464 1.33448237464
3607 4.86579176026 4.97698820082
3604 3.31593102385 3.31593102385
3608 1.9066893395 1.90675212437
5361 1.23695711259 1.23695711259
4894 3.73820490278 4.88428627542
5367 1.87574571729 1.94448271276
6115 3.80228087184 3.83395005208
6117 1.27415216604 1.27415216604
6112 4.40199369944 5.61471831828
2358 1.73005376745 2.14763109884
2353 2.38456244521 2.38456244521
5368 1.49867920863 1.71173816572
2355 3.17034806643 3.48177649507
4450 5.1091379518 5.1091379518
4456 2.54793838796 3.09565158493
4455 8.06596815384 8.06596815384
4454 1.52662501073 1.52662501073
3736 2.78214675463 4.84816633178
4459 1.73503414282 1.73503414282
3733 5.2574234507 6.01142285272
476 1.098881572 1.50866717226
3730 3.5756031992 3.8867453581
4922 4.07814904031 4.07814904031
4920 1.9187434314 2.39756442416
4695 3.24234883266 3.57608090533
4697 8.39437145364 8.39437145364
2131 2.97819645563 3.01639665082
950 2.07605685813 2.43822543916
4929 4.37875195585 4.9366203373
954 0.118450531596 0.118450531596
6022 1.43396414307 1.43396414307
6026 1.43452371544 1.65815950228
2649 2.42906839347 2.42906839347
5167 1.61344677842 1.99799160603
2640 1.76018660642 1.76018660642
2645 2.8555126234 3.01023338678
2647 10.6826578183 10.682679127
3429 2.40768199492 2.86090059201
3423 1.46700559919 1.73058696817
3422 1.81182268231 1.81182268231
3421 1.12931436147 1.17389152883
3427 2.59846060661 2.59846060661
3426 2.49415748884 2.74149675853
3424 1.76081873741 1.76081873741
1850 0.141955778265 0.141955778265
2000 3.59758617265 3.62110582066
6337 1.59272228654 1.66860431646
2007 1.05186037394 1.15039283265
4859 6.26352080148 6.26352080148
2005 1.6255441418 1.95770782948
2008 0.787787507573 0.787787507573
4415 2.13006772583 2.59022706979
4583 5.38996551115 5.46162086162
4582 3.17841728918 3.46741007758
1269 3.11040910557 3.16259217707
3554 0.498639778501 0.506150574188
3550 3.81378222391 3.81378222391
6966 2.18847934178 2.18847934178
3558 2.60271777521 3.29133525278
6061 2.01744160486 2.25062356651
2911 0.876079632061 1.17314153604
1799 1.24122096731 1.24122096731
2913 1.21841844807 1.5090542046
1793 1.99864965066 2.15860617245
1792 2.40250905263 3.08172399943
715 0.719240467247 0.719240467247
714 3.23772490923 3.4002244618
713 1.27607764002 1.27607764002
712 3.88317456268 3.88317456268
4966 1.16009879651 1.41432846613
7127 2.9942260648 3.36425151901
6840 0.730578660715 0.730578660715
7125 2.01711394443 2.09538496149
7123 1.26014283755 1.26014283755
6844 1.83601951631 1.87139922347
7121 1.14593265663 1.46442150142
1069 1.06197694091 1.34187276286
1068 8.99977137136 8.99977137136
4964 2.16159480807 2.98340246831
1061 6.57998448311 6.57998448311
5301 2.16323021032 2.16323021032
1668 0.380524554156 0.380524554156
1665 3.52645912444 3.52645912444
4960 1.92495930683 1.92495930683
1662 2.65613518559 3.65568788146
591 2.40535092717 2.45430994487
590 2.31046299889 2.7639153932
592 8.72598355052 8.72598355052
594 2.64214034704 3.03341210925
6596 0.0630506655031 0.0630506655031
599 4.98993308534 4.98993472504
4323 4.09573591286 4.36043331109
4325 1.44498956905 1.44498956905
1088 7.67321229297 8.15512198694
3140 2.92509351002 2.92509351002
2821 0.948340356777 1.07626906741
3386 2.29582770955 2.29582770955
3384 1.290048402 1.290048402
3385 4.77867750112 5.26170546888
5412 3.16124722869 3.16124722869
3381 0.465475527805 0.465475527805
7632 1.96983172384 2.11999977106
3389 4.18215450831 5.64066494576
1408 2.48818323767 2.48904823806
1406 0.259136287053 0.259136287053
5792 0.505436344993 0.712035247341
1339 3.88177073652 3.88177073652
4210 0.854274522903 0.943929064213
4212 1.55526790424 1.87906354902
1337 2.97006311254 2.97006311254
5790 6.8633385433 6.8633385433
4219 4.49770521586 6.24536038362
446 3.84445100193 5.56966449029
445 0.690254277511 0.725156519316
691 2.55950619881 3.25788252042
5772 3.09211454909 3.93840972717
7515 0.407507451592 0.407507451592
5578 1.38630454996 1.66573074638
32 0.766244328662 0.766244328662
31 3.09400159951 3.09400159951
5573 5.50837174715 5.63355700038
35 3.39536449204 4.13777492089
3092 2.29829006892 3.40139229719
3093 3.78234073487 3.78234073487
643 6.86855921369 6.86855921369
1244 1.45558771347 1.45558771347
1531 5.99601285393 6.20700312909
1530 1.63756957523 1.965758824
649 3.25808321561 3.28904249022
3098 0.701185294948 0.701185294948
3099 3.48068394209 3.48167467143
1539 3.50362705908 3.53959017215
338 0.714712407427 0.714712407427
335 2.90210781991 2.95939908846
334 3.6340820166 3.99586339012
337 0.00649146632007 0.00649146632007
331 2.5403917665 2.97378530345
333 1.63679409729 1.63679409729
7611 1.95831255663 1.98931747727
5124 4.19535057877 4.19535057877
4105 0.640416617898 0.640416617898
4106 1.62722747871 2.04490948608
7412 2.09445054748 2.09445054748
7413 4.07934029248 4.07934029248
7410 0.596085271169 0.596085271169
7411 4.42483216533 4.47612807862
7414 1.80169264274 1.80209454647
3897 1.18961460433 1.1896169949
3895 1.75054810921 2.08609573999
7379 5.58965090037 5.58965090037
6611 1.06702423433 1.06702423433
6615 0.751559097912 0.893513548828
6614 3.09392063302 3.09392063302
6619 3.20326075037 3.20326075037
4078 3.96486655834 3.96486655834
5957 1.39102645332 1.73460842692
5956 5.08632970969 5.7197143297
4075 5.36851388398 5.49642101478
4070 2.91797510463 3.88709818471
4073 0.67336713456 0.67336713456
5797 2.59038861341 2.59038861341
3967 4.45527072492 4.54393761464
3965 2.70382437812 2.70382437812
3962 2.54281595593 2.54281595593
3963 1.15042234488 1.15042234488
3961 0.801098084294 1.03427556185
7278 3.52900921501 3.62051243028
5799 2.84905713034 3.38402585111
3636 2.74966301832 3.22576519555
3637 9.15753534796 9.15753534796
3632 0.926287269024 1.16710352813
3630 1.26058917224 1.26058917224
4611 3.78256361215 3.78256777622
3468 1.41910864759 1.65841512628
4613 1.34960669406 1.44125270673
2345 1.8293332122 1.8293332122
2346 0.264127058168 0.485276208105
2342 6.40133549868 6.40133549868
6107 4.45567772647 4.73111623021
6103 1.10540537646 1.10540537646
6102 0.763683276458 0.763683276458
4616 5.95957313843 5.96006876565
3709 1.77836263136 2.49418179788
1888 1.92229646035 1.93889792525
3700 1.4389932717 1.4389932717
4465 3.84354649335 3.84354649335
4462 0.634413118408 0.634413118408
1880 4.40405649806 4.43061185311
2127 6.19570105973 6.21293037633
2129 4.36301654545 4.78285443258
4665 5.98650704214 6.6298126102
4660 2.79737975217 3.71791827567
943 1.87987916999 2.28104404424
4910 4.07508888313 6.47941659707
4663 1.93620101075 1.93620101075
6038 2.2484903085 2.2484903085
6035 3.02175228831 3.02175228831
2653 1.65638520023 1.65638520023
2651 2.90862886611 2.90862886611
6441 0.102884803491 0.102884803491
2654 2.45579683197 2.59069703871
3414 0.599139616071 0.599139616071
7389 6.09097508528 6.42328689101
3412 5.45704341813 5.93242559293
136 2.06428334916 2.07198064019
3410 1.00712898046 1.20954955996
134 0.360559819601 0.471697862581
7382 3.92976825364 5.31054299019
7387 1.69933924495 2.0139381181
3418 0.0880537941623 0.0880537941623
7385 6.55056720032 7.61924418611
6326 0.574460394486 0.574460394486
6325 1.40404879385 1.51857561421
2018 0.667926387563 0.667926387563
6321 1.45589470264 1.45589470264
4863 2.98322115407 3.21038115692
2017 7.54109206345 7.54109206345
4861 3.79060090598 3.98153647103
2011 3.72049511733 5.2248877299
6839 2.31254443139 3.09360942515
6329 4.23716678961 4.23716678961
6328 0.774598522287 1.10131216786
7443 1.89062277204 1.89062277204
7444 2.06036643378 2.41340925692
7254 1.45939303968 1.45939303968
7255 4.23532986063 4.23532986063
7251 0.338130839167 0.560192570116
3565 2.19462165035 2.19462165035
3569 0.327573094459 0.327573094459
4485 0.646608395677 0.646608395677
6564 3.99125888501 4.0947973039
2903 2.04524471831 2.09702700352
2902 1.23763602735 1.23763602735
708 0.659528694469 0.659528694469
2906 0.764961652781 0.764961652781
6853 4.99919833242 4.99919833242
704 3.86522554985 3.86522554985
705 3.89195357274 4.4265603198
706 2.46163600051 2.46163600051
701 2.37375389311 2.37375389311
6560 1.43870073869 1.88970592114
7139 1.4471059509 1.4471059509
7138 1.32570231961 1.32570231961
89 8.38515917466 8.38515917466
83 5.42105064054 5.78353053429
81 1.31477782683 1.71803731885
7135 2.1338475743 2.70196409863
7134 1.93425813847 2.52309085746
7137 1.77237327076 1.77237327076
85 1.54741931327 1.93133293076
5311 1.77949662022 2.53733603389
5310 2.35489286235 2.35489286235
1658 1.6016973388 1.88500794357
1652 0.0606256387322 0.0606256387322
1653 0.903593570819 1.21288191906
1651 1.88058434955 2.4467028199
6583 1.00467607103 1.1117968188
1631 0.776988945768 0.987181247291
588 0.529769309269 0.529769309269
3151 4.09243911658 4.09243911658
3150 1.75231203813 2.09361694266
7621 2.07212293175 2.07218569856
3154 2.16415410171 2.16415410171
7629 5.49037428013 5.79481779931
1437 0.335495695353 0.335994372038
1434 2.69795425396 3.96883734025
3392 6.65523693711 6.65523693711
3395 2.23804398275 2.97433599933
1636 1.70010451273 1.70010451273
1430 2.37673156051 2.37673156051
3399 0.498012580417 0.498012580417
3398 4.95229794979 4.95229794979
1438 3.16835481755 3.6482560124
4260 3.2898916466 3.65346209372
5233 0.999268484045 1.00376475456
4265 1.22245049652 1.22245049652
4268 4.93542494934 4.93542494934
452 2.24822267941 2.27965872165
1345 1.50859099344 1.5891684605
456 1.21826235523 1.21826235523
1347 4.46687279903 4.46687279903
6921 1.4709487074 1.61809321269
5546 3.26227195383 3.26227195383
5545 1.03998292899 1.07700405258
652 5.45881136076 5.45881136076
650 2.0618127708 2.06194753672
1508 0.335573889163 0.335573889163
4461 1.58174147587 1.85668598674
3081 1.26882699976 1.26882699976
659 3.10257790145 3.44222384881
5890 0.114781262113 0.114781262113
5891 0.787712532942 0.787712532942
5892 4.16242052579 4.16242052579
5896 1.71402654683 1.97431656853
5897 2.43899749112 4.13524031295
5898 2.62397267782 4.01583405519
5899 3.34643856593 3.34643856593
948 0.178937853868 0.178937853868
3882 4.16245639162 5.24295219173
3889 2.4910751022 2.86631379754
4916 4.55747276399 4.55747276399
7404 0.0619603020977 0.0619647124086
7407 1.48759749574 1.54459992821
4911 2.74715345912 2.74715345912
4008 5.23327821002 5.23327821002
4004 1.2109098484 1.4597559036
3970 2.90958914186 2.90958914186
3973 1.69410108701 1.72434385823
326 2.24844407573 2.24844407573
3974 3.9928951014 3.9928951014
324 1.29235350739 1.29235350739
328 1.18357965327 1.18362274452
3621 3.98024987477 3.98024987477
3070 2.08705864792 3.4603136794
2332 0.762102011479 0.895986859016
6136 2.64455280996 2.64455280996
6883 1.94374061748 2.64482833498
3713 2.68409916124 2.68409916124
3719 2.08691822453 3.75015606112
4479 3.05714604315 3.05714604315
4470 3.00841147523 3.05456919397
4475 2.76489113424 2.93989923608
4474 0.286163896635 0.28622036747
5763 1.40323077018 1.40323077018
6007 1.40099001987 1.42881886042
6004 4.92476678087 5.19052261715
6000 6.14632047128 6.14632047128
2489 2.76354487989 2.76354487989
2950 3.8501161711 3.8501161711
2484 1.51281942674 1.8535166427
4673 5.36083184929 5.36083184929
4670 2.09681941939 2.09681941939
3252 1.03109368017 1.06603692853
2245 1.33644441572 1.53364598079
2246 0.915544845155 0.917075866285
2247 0.784130305341 0.784130305341
2240 2.39873262323 3.39939311276
5179 5.04388275037 5.04388275037
2242 1.91686266633 2.68162515979
7394 0.00665999971335 0.00665999971335
2466 2.40636137436 2.50450949471
996 4.30004832842 4.30004832842
7391 2.54502184334 2.54502184334
993 6.7708192445 6.7708192445
992 2.54196654545 2.68898530891
5144 1.51796943404 1.51796943404
2469 3.19583029148 3.83259919557
7535 3.20238758593 3.20238758593
122 2.64730724797 3.18233520275
124 0.782755351467 0.782755351467
3404 1.71778731408 1.71778731408
126 2.85222627553 2.89328702019
3409 6.32808786445 7.00273129181
3408 4.58643588072 4.58643588072
4875 0.5709756539 0.5709756539
4871 6.59027462479 6.63345393436
7438 6.34108651867 6.34108651867
4878 2.44944326337 2.44944326337
2069 4.08833256824 4.36439348246
7533 1.66654180852 1.66654180852
5424 1.72122999855 1.73210378383
2062 1.2742955555 1.35160236023
6319 4.50054318575 4.50054318575
3413 1.52149745428 1.52728970782
5423 1.30622773572 1.55231966041
7247 0.128425573592 0.128425573592
5099 1.41298737134 1.80125033431
3578 1.61096858891 1.70849973356
3571 1.59105126272 1.66981535718
3573 3.19214111633 3.19214111633
5097 0.000484561617597 0.000484561617597
2665 3.2967198882 3.2967198882
4492 0.13686380526 0.13686380526
4490 4.40979461667 4.40979461667
2669 1.49523571932 1.75662969633
6823 2.54416717384 3.26678711537
6824 1.34286477962 1.34286477962
2938 2.72954892825 2.72954892825
6829 1.55004997103 1.61269808061
2935 2.00949292609 2.17499411595
5326 0.872494542814 0.872494542814
5327 0.00571807010624 0.00571807010624
5325 5.88013745319 5.93329599238
5322 2.26108120873 2.26108120873
5320 1.18960778049 1.18960778049
5321 1.17749154282 1.28435860146
5328 1.26310577921 1.26310577921
1643 1.2907284827 1.2907284827
579 2.58698720451 3.01763074937
573 1.97509970601 2.36913157253
571 4.77144704392 4.77144704392
577 2.10456752359 2.10456752359
576 5.93979267883 5.93979267883
575 3.11009758657 3.15568713646
3169 2.85430753234 3.52407458943
2803 1.66814368656 1.8980318258
2800 2.0033531274 2.22646638978
3165 1.39386429374 1.89618577542
2806 4.82052732444 5.42031823037
2805 4.07890462818 4.07946158666
1421 0.495978150368 0.495978150368
1420 0.995567785649 0.99557396661
7094 2.02824640677 2.66220971682
1422 2.15824052399 2.15824052399
3368 2.3967829803 3.13231878917
1424 3.66617272946 4.15227727054
1426 5.16095740899 5.16153604554
3366 3.69980779177 3.72956996472
2404 5.22993285667 5.23010763695
7098 7.10895700939 7.10895700939
7099 2.04976141104 2.12619065217
732 2.95804857321 2.95804857321
735 3.01126564991 3.01128478481
736 7.06545069625 7.06545069625
4272 3.3299487877 3.3299487877
4271 2.12760412898 3.04127090514
1358 0.301964928455 0.301964928455
4274 1.87341846145 2.59142429032
461 2.49933387807 2.49933396718
5555 1.86717263477 1.86717263477
5554 1.3370628242 1.70711435681
6488 4.11692132284 4.15018792012
5551 0.219557589754 0.219557589754
5550 2.92327922374 2.92327922374
7384 0.556408246215 0.743222041118
6955 1.82156201535 1.97670794863
6484 2.73394092187 3.2976268361
6285 3.70015593336 4.19190364402
6948 3.06312716942 3.06312716942
1518 1.16496663868 1.37416412081
1510 4.18391208618 4.18391208618
1513 1.62492432066 1.74901793468
1512 3.55909851029 4.20094532593
5885 2.05113834656 2.05113834656
5889 2.2086455847 2.2086455847
6559 4.00016917896 4.00016917896
7478 2.72463972095 2.72463972095
3186 1.91943814229 2.14519180381
3187 3.28900446089 4.68456666079
3182 1.7991668856 1.7991668856
3188 3.66211230764 3.66211230764
6863 2.63988844343 3.16108615479
1896 1.65141335486 1.90843665949
6631 2.73987924596 3.18335744414
4018 3.14623443825 3.14623443825
6281 4.72226671584 5.14448811516
357 0.546635661018 0.546635661018
351 2.46670166724 2.4778194567
350 4.3158519177 4.3158519177
3985 2.43337458954 2.48149949716
3983 2.51407037223 2.51407037223
4855 1.15433248602 1.41857712968
6126 6.84444212629 6.84444212629
6120 4.03052458306 4.54743496325
4706 2.08331963368 2.08331963368
4705 1.27007735387 1.27007735387
2320 2.5983460731 3.9628248565
4703 1.49697402994 1.49697440415
2329 3.44307382535 3.44307382535
4709 2.10579451732 2.46947067428
288 6.16009157321 6.24330874046
3619 0.48790528913 0.48790528913
5 0.0970176659927 0.0970176659927
284 2.88339506361 2.88339506361
3760 5.76653276746 6.33659676967
3765 0.901191113258 0.901191113258
262 0.376736020347 0.376736020347
260 5.1722331841 5.1722331841
267 2.00024283836 2.00024283836
2499 1.56952293671 1.82296950986
2498 2.09798293477 2.2100385396
6013 0.184345369876 0.184345369876
1296 1.75509967839 1.75509967839
7253 2.84938724228 2.84938724228
2495 0.607335200724 0.607335200724
2494 3.09625646595 3.47829790192
4644 5.50530350753 5.50530350753
2496 2.11432179961 2.90294931267
2259 3.08305731639 3.41177270687
2254 2.37041483975 2.87230983919
5060 5.47925980123 5.47925980123
2250 2.38051243378 2.9977502538
2477 1.48857119807 1.58124253802
988 4.03565429618 4.37996388107
5151 1.42620665962 1.82653145717
5150 2.89213693017 3.24768489959
986 1.63839717204 1.88880727096
5154 6.72802746022 6.72802746022
5157 1.52069498883 1.69571286327
2478 2.4259008101 2.68332849836
115 10.1282522304 10.1282522304
7313 3.58612383801 3.58612383801
119 4.6587196285 4.6587196285
2785 1.57762277396 1.57762277396
4801 0.659779898528 0.659779898528
2787 3.6618177481 3.6618177481
4803 0.270777740693 0.270777740693
4805 0.811047107319 0.811050113774
4806 1.9491292043 1.94995557546
4807 2.37926082638 2.73772559655
2788 0.857484308577 0.864334963299
2071 1.24057642613 1.24084653377
6306 4.19332856785 4.19332856785
6301 1.70943672225 1.70943672225
6303 3.50095869596 3.64484162001
2074 2.09039996741 2.09039996741
7272 9.06065294294 9.06065294294
7273 5.33041392617 5.33041392617
7275 3.71240633438 3.71240633438
3502 3.28362537205 3.30531504247
7279 5.28483920317 5.28483920317
5086 2.0619071546 2.19288101758
5085 2.85574229562 2.85574229562
5084 1.07671683988 1.07671683988
2672 1.92186976799 2.03962926625
2676 1.32822229167 1.48413436912
2679 0.973232851611 0.973255048043
6833 6.97481405537 6.97485362679
2928 2.35216842994 2.72896250777
6830 2.28099997357 2.55324965704
6854 3.15817006917 3.43992367188
2923 3.00692915789 3.00692915789
6838 5.13454539271 5.50904313822
2925 0.0426860044175 0.0426860044175
2926 3.68854331431 3.68854331431
5331 5.58268482826 5.58268482826
5330 5.25095507256 5.25095507256
5335 0.711112200353 0.711112200353
5336 1.93047304865 1.93047304865
2907 2.12963115655 2.12963115655
3215 1.89370245876 2.1089302355
1984 0.491086818454 0.648103546193
1985 0.0396745710175 0.0396745710175
1982 1.55642663815 1.55642663815
3212 1.56480355044 1.67367096352
1638 0.381726935474 0.381726935474
5371 6.15182606609 6.15244342208
3218 6.18564355644 6.18564355644
3219 2.08691099366 2.73249286402
1989 2.57013690119 2.65146572742
569 1.34658922021 1.69225244342
560 3.25676208053 3.25676208053
564 4.24318666016 4.61618538718
566 1.71480759862 1.96501656323
6543 8.88031335138 8.88031335138
3173 1.01120590327 1.01120590327
7081 0.903569178825 0.903699024606
7030 2.61102554801 3.19844262949
7084 8.39235153839 8.39235153839
3376 1.4756501354 1.4756501354
3374 5.08061967854 5.08061967854
5421 0.985645050674 1.58438642768
3372 5.00113308581 6.69320939837
1180 6.06976040535 6.06976040535
1181 4.10389271947 4.10412382037
725 2.4844943336 3.17497078986
723 11.3950562895 11.3951642969
1746 3.24974310691 3.24974310691
1740 0.755520309452 0.755520309452
1742 8.20303053082 8.20303053082
5499 0.166659313627 0.166659313627
1165 1.60768788358 2.72705065019
1166 0.534630217857 0.534630217857
7587 4.72526191819 5.02757047468
7291 5.54825106749 5.54825106749
4247 1.74772978949 1.98935326324
4245 2.71576036693 2.71576036693
1168 1.63633511724 1.63633511724
1169 2.27217588691 2.27217588691
4240 1.62428342277 1.97274377599
5521 1.9020594387 2.13227744279
5523 4.00935803974 4.2577743448
5526 1.92869848516 1.92869848516
7130 1.99891504044 2.38448739449
6941 4.20242866037 4.20242866037
6940 1.56613927777 1.5661740022
7132 1.57343150067 1.57343150067
47 6.85359126658 6.85359126658
7297 1.46060495818 1.46060495818
41 7.07841457358 7.07841457358
1569 2.49829013575 2.63538017182
1365 2.29801833313 3.42834024241
5492 4.42395309175 4.69774391038
1292 1.73758237439 2.09019608533
1561 8.3075420263 8.3075420263
1563 3.10375065139 3.10375065139
1564 3.40642978514 3.40642978514
1565 0.588702252637 0.588702252637
1295 2.80636625701 2.80636625701
1712 2.02773303132 2.38381266572
475 0.0301869631062 0.0301869631062
5250 1.00796094495 1.09550387957
1789 1.60074295251 1.87417981592
4399 4.29357509798 4.5247921728
7460 3.38563252481 3.42469224918
5638 3.45941803727 3.45941803727
6541 2.67548523363 2.67548523363
6540 3.56761378974 3.56761378974
4391 2.36943536638 2.36943536638
4392 3.51402044492 3.70751847404
4395 1.68322765043 2.12828334863
6549 1.32888790356 1.99855485102
5633 11.1280796239 11.1280796239
473 1.56793571244 1.77464771592
3195 0.617904871098 0.617904871098
1862 0.495652496287 0.495652496287
3193 3.50472615611 4.19914662539
7465 2.36826870937 2.57303822243
3190 2.00676188078 2.57907860815
3728 5.76287182933 6.0622637596
3198 2.43506698304 2.47758951163
7466 1.87899777944 2.00547922868
1368 0.825216525765 0.825216525765
3729 1.10362633189 1.10362633189
2.40088375898 3.13803530621