4447 5.05187979564 5.27608867552
4023 1.50240607908 1.64741218899
5988 0.883411086649 0.883411086649
346 1.62494337663 1.81190995801
347 5.97503350651 5.97503350651
7513 1.01873571827 1.2514129285
7512 3.01064591847 3.01064591847
342 3.26443917123 3.63028346382
343 2.27737448125 2.36592397541
3996 1.72136540775 1.72136540775
3995 0.919037804496 1.18472463759
3994 1.39818411278 1.49638459363
348 0.946913965378 1.22768311851
7518 3.28671960046 4.11306024311
6150 1.22575937071 1.52794619709
6154 0.496615854401 0.603356974894
6159 0.590846736805 0.590846736805
6796 2.14646920187 2.89639354703
6797 8.38157792078 8.38157792078
4730 1.05874685431 1.05874685431
4736 1.87076221188 1.87076221188
2319 1.00324649667 1.00523998952
2313 6.02109230273 6.02149517431
2310 2.35950460121 2.35950460121
2311 2.6321174198 2.6321174198
5851 0.620730342281 0.800838587017
299 1.25819382317 1.4893216927
7627 2.45488204197 2.45488204197
291 3.42827675252 3.42827675252
4656 3.52329158095 4.29073586766
274 5.964180581 5.964180581
276 2.7928902751 3.57838499771
278 7.47206404446 7.47206404446
4836 0.990695405188 1.08945555967
6584 8.50217120942 8.50217120942
2262 1.20299863943 1.2961911426
6190 4.51551765337 4.51551765337
2266 5.08735167152 5.08735167152
2443 1.72727539495 1.72727539495
6055 0.229900299292 0.229900299292
108 1.59498127267 1.59498127267
109 0.154097224663 0.154097224663
107 4.01783682871 4.01783682871
4813 1.8029040333 1.80300910116
2047 9.71106565334 9.71106565334
2045 1.06012674009 1.08968921437
4817 2.99871144054 2.99871144054
4816 1.93390548478 1.93390548478
2040 2.38366175348 3.06254132251
4819 1.54161659681 1.76363001437
4818 9.99487095723 9.99487095723
1297 1.71498415018 1.90955590201
6378 4.31809919815 4.78231863756
6379 1.42113343927 1.67933461577
6053 0.657906883262 0.657906883262
5828 1.24075365342 1.24075365342
6372 0.949451037292 0.949451037292
6375 1.757925913 1.75965916565
6377 1.80898264161 2.08676622708
2838 3.79231813364 3.97482805998
5363 3.60590413246 4.19978184822
3519 0.142012443833 0.142015561975
3510 1.39470209687 1.72657769374
3517 1.60329251434 2.25459214336
3516 1.79183399641 2.42260537242
7263 1.10894596847 1.10894596847
3514 5.9868786798 6.11513558852
6201 3.0114055729 3.01157703946
6202 1.52026664325 2.27139595648
2685 1.50584662612 1.70605518581
2687 5.01892667113 5.52517192706
2681 0.849804145476 0.98825258989
2683 0.982946491475 1.25556232259
5406 0.923295683866 0.923295683866
5119 0.249068131336 0.249156648842
6802 2.21419322677 2.21419322677
6800 0.74375414921 1.03394883091
5293 8.26662184568 8.26662184568
5404 0.930817243154 1.20192096566
91 8.1446076331 8.1446076331
93 0.431151611691 0.431151611691
95 2.02989109451 2.02989109451
97 2.16726673459 2.16726673459
5402 7.11013619254 7.24778174052
5182 4.24271470308 4.24271470308
1622 1.3134426353 1.60402049275
1992 1.56494818036 1.56494818036
1627 1.7456743015 1.81115714519
3993 2.25836723423 3.10256941041
1629 3.06543423312 3.06543423312
1628 3.63001734525 3.87185395731
3209 0.480092856183 0.480092856183
2860 0.181832172091 0.181832172091
2861 5.13555537972 5.35595491894
2863 6.71397750328 7.35444673398
2867 1.25572185439 1.63116552809
555 1.7399691125 2.03338227526
554 3.18238078011 3.18238078011
551 0.534670157822 0.534670157822
550 1.129427053 1.49053581991
553 0.260694653022 0.260694653022
552 2.98566978679 3.15217393949
7142 2.22199076406 2.71972343383
1199 5.99130273036 6.07667006884
5459 0.971134537161 0.971134537161
7079 2.43000565424 2.43070641644
7074 0.710531032915 0.710531032915
5451 2.50288030276 2.50288030276
1193 2.84135031387 2.84221875875
3341 3.65138713047 4.18583542404
5454 3.00267136571 3.71279206884
3347 2.1343719073 2.21605590653
1197 4.62507955983 4.62507955983
3345 5.13402800649 5.18166704638
1754 3.93246769355 4.50499036859
1752 0.418862954729 0.418862954729
6976 3.15188894964 3.15188894964
6975 0.782063846245 0.923322696452
6971 2.18295018323 2.38040669584
4253 2.51506439526 3.33738099712
4252 2.08714465612 2.28906371999
5531 0.452364625816 0.452364625816
5538 0.0895762352692 0.0895762352692
1285 1.35140784258 1.67385424351
1284 3.28371491606 3.45401558168
1287 4.55144191506 4.75129201978
1280 4.57938414838 4.57938414838
1283 10.3139262999 10.3139262999
1289 1.12603578698 1.13751021042
7188 5.12043105633 5.51138412321
1579 3.24395324228 3.62534141439
689 3.38988202314 3.97816537777
684 2.14631872052 3.57815189155
687 2.27091220682 2.48166373863
7183 0.891102008351 0.891102008351
681 2.07447732691 2.07447732691
683 2.31829070729 3.38885972762
7187 0.172377900417 0.172377900417
458 2.54275475767 2.54275475767
6006 1.98580025649 2.38076905558
1222 8.63530179896 8.63530179896
4388 1.93591731357 3.04180148789
6576 1.64914642559 1.64914642559
625 2.52250598712 2.67248239153
6574 1.49541065559 1.79701073037
5627 0.957218169038 0.957218169038
4382 2.2393360507 2.83813824813
7459 0.839779678631 0.940605159875
1371 2.25234514795 2.25234514795
406 0.862585032096 0.862586961622
405 1.7461863822 2.33661672498
1374 1.50405816904 1.77344953668
3834 2.99646481108 2.99646481108
628 8.3527099221 8.3527099221
3831 0.503627017186 0.660386903996
3832 3.43865976975 4.51495727593
3838 3.77590788713 3.79534194037
6794 7.62325055341 7.62325055341
4844 1.08949729685 1.08949729685
5990 1.95923927745 1.95923927745
5992 6.62520751513 6.66374942995
379 5.05688655149 5.05688655149
7527 2.72673159496 2.72673159496
7525 3.01188374069 3.22791508435
370 4.83619788587 5.49680114231
373 0.502215398283 0.502245393938
2038 3.16154867704 3.16154867704
374 5.55133028659 5.55133028659
376 3.42668151059 3.42668151059
6530 0.655580480191 0.800931877349
393 1.92157979748 1.92157979748
391 1.14790579693 1.61156387155
394 1.27454482746 1.27454482746
6148 2.55694192911 3.22697263582
2309 5.52516246667 5.52516246667
6780 3.77844300917 4.48398834372
6782 1.21600074678 1.21600074678
4728 1.34650991342 1.34650991342
6787 1.73989608487 1.73989608487
2301 4.15633210463 4.15633210463
4724 3.39401302499 3.39401302499
4727 0.831834126526 0.831834126526
2307 6.4430028079 6.4430028079
5846 0.743255369611 0.831894699842
6538 3.28494138486 3.86839142443
5849 3.1607458239 3.66373878234
3748 2.63358941588 2.63375823896
3203 1.50821777149 1.89368475263
3745 1.16114635101 1.16114635101
3743 0.261072689277 0.26293271586
247 0.753178117482 0.753178117482
4623 2.3494810279 2.55147805804
4624 3.16483671926 3.31460517064
243 1.14530843228 1.14530843228
4629 2.52109879005 4.00938435145
2272 1.13710443892 1.13723317599
2278 2.73239608642 3.20344292346
2459 0.429566673959 0.429566673959
2454 1.27967614526 1.27967614526
2451 3.35643819704 3.35643819704
2450 2.4493754931 2.77414816005
172 0.151508407302 0.152474186436
171 2.12570024692 2.660912956
2050 2.72915824294 2.77560140115
4538 0.992911783541 1.03874701482
4828 0.934874374458 1.15530000146
2059 4.01137918876 4.03971237605
2058 0.189452554731 0.203494790957
3692 1.59623422539 1.59623422539
3693 1.457540552 1.457540552
4530 2.69239642048 2.69239642048
3695 2.17528235515 2.17528235515
3696 2.13883922902 2.13883922902
4821 1.16322257387 1.47211322921
6369 2.32839734503 2.36725389093
4983 2.52894078137 3.35575499463
7337 3.00165154499 3.00165154499
1504 2.90733972268 2.90733972268
3522 3.4491054513 4.84171386329
3523 2.26779104699 2.66199715807
7043 1.18963278192 1.5080654302
7218 3.13488126837 3.13488126837
7215 1.28137544443 1.37467036853
1601 4.93363143869 4.93363143869
6215 0.624467145552 0.63416906381
6386 3.43276851176 3.49616004501
2699 0.988634735802 0.988634735802
4651 0.455759736231 0.514046915137
2693 1.30929528445 1.39978555697
2690 0.440091102969 0.563865276622
6819 2.09146495584 2.09146495584
1605 0.124113872953 0.124351081869
6814 0.00552869816102 0.00552869816102
6817 5.88629715379 5.88629715379
6816 1.30810070106 1.30810070106
7326 3.06658601913 3.68150594852
3231 2.16539674538 2.49979649937
3236 4.06795399824 4.06795399824
1969 7.32860041563 7.32860041563
3235 3.99760258755 4.16947289857
1965 3.87400951668 4.25551060537
1966 1.08111904638 1.6623559874
3239 2.62610201427 2.62610201427
5191 5.33168887236 5.45174046962
1962 1.42582343879 1.48867527687
2877 4.85652063445 4.85652063445
3355 1.5446779332 1.5446779332
3351 2.0838907932 2.31839212362
3353 0.000778086517879 0.000778086517879
3352 1.2183039549 1.31506518629
7063 0.441451451019 0.480105630009
5446 1.84625275861 2.22265529746
7060 2.02777051264 2.1884905458
1764 9.10012337939 9.10012337939
1788 0.479465939867 0.479465939867
1145 1.54996125971 1.75757248805
6968 1.46594163129 1.46634676514
1148 5.77047284001 5.862096606
5509 0.129812138838 0.129812138838
5506 1.54211240149 1.54267075493
5507 2.25327248923 2.90040116089
5500 0.586634055949 0.586634055949
692 1.76215891705 1.76215891705
1547 2.30033804705 2.36178046584
1544 3.01785242227 3.12370786843
1545 2.02298788419 2.43103200094
1548 5.17939451144 5.17939451144
7199 2.09504190242 2.09504190242
546 3.12224805977 3.12224805977
544 1.2855334061 1.51976003933
545 1.15146800435 1.26253032994
549 2.17654533616 2.54225895836
7194 5.09185109054 5.09185109054
6886 1.6448626722 1.6448626722
7564 1.4829175961 1.59652988272
764 3.13290859457 4.35675931824
6406 2.43394553039 3.27567913612
5618 2.1543678333 2.1543678333
7442 1.90308274519 2.48591736525
6568 3.25588053904 3.25588053904
5477 1.94096394039 2.05164726024
5612 0.0622660243572 0.0622660243572
5613 0.871401391027 0.871401391027
6405 5.62320357893 5.62320357893
5617 7.4008366336 7.4008366336
6562 1.50703029867 1.73230634936
7398 2.90870223491 2.90870223491
5475 1.95489509641 1.95489509641
410 1.90957486962 2.49874085262
1389 2.22547151283 2.96378077855
412 0.634143948259 0.634143948259
1384 3.14670361642 3.87332117253
1387 3.16941770284 3.89229694335
419 0.927123241962 1.07070427733
5003 2.51452339799 2.78504811821
3823 6.76006999578 6.76006999578
3821 3.08055378436 3.08055378436
7114 2.91342065266 2.91342065266
3828 3.73472280816 3.73472280816
5000 0.86944038751 0.86944038751
7482 4.7093423827 4.7093423827
4282 1.96441069166 2.2066997912
4280 0.714481078694 0.871692003489
4286 2.2415447123 2.2415447123
7538 3.2878812953 3.2878812953
369 1.18445064819 1.6661720422
366 1.71735321193 1.71735321193
7534 1.63889619515 1.63889619515
364 0.0525878647373 0.0525878647373
365 2.18509867188 2.62274083671
362 1.12451284439 1.12542646813
5009 4.02874397392 4.57567734993
360 1.20664648257 1.20664648257
7532 0.64092883995 0.64092883995
380 1.47970907263 1.75078884754
381 1.67851703146 1.76311419784
383 1.62031168593 2.12899129484
384 2.70443565016 3.71771441913
6178 1.36034515452 1.36034515452
389 0.58515047729 0.585150666997
5271 0.34290431578 0.34290431578
6778 3.00588648508 3.89019388107
6779 0.64441952206 0.648170748671
1369 2.63515352913 2.9604427225
6774 3.08524913478 3.12162463776
6775 0.783123144767 0.96635244749
6770 7.44954431058 7.44954431058
6772 0.832988026894 0.832988026894
4757 1.49554796933 1.49554796933
5870 1.65985647238 1.6599530721
5876 4.41877366472 4.6733934323
5374 0.523151995964 0.523151995964
5879 0.324020952499 0.324020952499
3758 1.51653804206 1.65764936762
3750 1.53550572862 1.53550572862
3753 0.177405604666 0.177405604666
3755 3.26397132383 3.82187603786
2192 1.45305504435 2.07972870692
259 6.10447302209 6.10447302209
4637 4.40604556975 4.40604556975
2195 1.87776643958 2.45777058607
2196 0.0491288930224 0.0491288930224
2197 1.75461835245 1.93320650484
4638 2.11439124347 2.46981742369
256 1.89239396711 1.89241426843
2200 7.21775997545 7.21775997545
2201 0.740298830497 0.740298830497
2202 0.927085953644 1.00862664421
2204 1.38869318137 1.60661721984
2205 2.93406740557 2.93406740557
2209 2.40158476826 2.94998833715
6689 6.11702617084 6.11702617084
6680 4.88388622759 4.88388622759
2428 3.99646590077 4.03525508918
4812 0.917513584869 0.917590876165
2422 1.65437695246 2.14511757021
2426 3.15303981332 3.15303981332
4810 1.59383957633 1.59383957633
169 2.85594776867 2.85594776867
164 2.09567644416 2.15915498275
160 1.81207980726 1.81207980726
161 2.40607517484 2.88415958704
162 3.1281749076 3.1281749076
3689 0.00321877520462 0.00321877520462
3683 0.716907185246 0.716907185246
4526 1.75775315267 1.75775315267
4525 5.96189676499 6.21947222643
4524 1.22762377247 1.38819789684
4523 2.18903472061 2.62064979487
3685 2.99457844662 3.06524178914
3684 5.14947315366 5.14947315366
6194 5.46124386622 6.07349896539
6981 1.69038582723 1.69038582723
2518 1.44990174482 1.44990174482
1842 2.26684766935 2.26684766935
2514 2.24312776786 2.24312776786
2516 3.4617991074 4.20397884872
6198 5.50667287837 5.52332888388
908 3.75833290942 3.75833290942
6740 2.23844328324 2.24550654976
2730 0.0792024729501 0.0792024729501
2733 2.77599819599 2.77599819599
4426 1.05737469129 1.15760346388
5294 2.07526648482 2.3797066577
5295 2.04910884044 2.96822930833
2738 2.74749548544 2.84800405237
2739 1.14526681268 1.36603409807
5291 2.93089662592 3.63086070411
1817 0.281245128235 0.281245128235
1811 1.76215781812 1.76215781812
7203 1.40914965142 1.50476333491
6227 4.12171409952 4.12171409952
6228 3.15974246643 3.15974246643
671 0.224339336909 0.224339336909
6993 0.949030204845 0.949043342063
1609 1.00873613799 1.35480289683
7336 2.01413490283 2.01413490283
7335 2.50086776241 2.50086776241
7334 4.55703914816 4.85690790743
3225 1.95496352948 2.69709683233
3224 3.47849364342 3.47858944223
3227 3.52388441471 3.52388441471
1602 1.80278597628 2.3071438694
1973 3.86374928016 3.86374928016
1972 1.35944591299 1.35944591299
7339 3.00149080444 3.32615979535
809 1.99895333936 2.26789093869
801 2.97378869737 3.31544038438
807 1.76825124447 2.08814204
806 2.52077015248 2.89706306331
2849 6.45664440004 6.45664440004
2846 1.7368620713 1.7368620713
2843 0.886823383796 0.886823383796
3321 1.18563666782 1.35903441772
3323 1.80679708398 1.80679708398
3328 2.35314527429 2.35314527429
5478 0.530821163774 0.740984442261
5479 2.03540830201 2.03540830201
5274 0.0865173449112 0.0865173449112
7058 1.08837021968 1.08837021968
1776 1.01101487022 1.35694354741
1770 2.99558183356 2.99566461583
5272 3.40470878003 3.644145077
323 5.20125396798 5.6645833719
7052 3.25348535506 5.2739761007
1778 0.570547078997 0.570547078997
7055 0.817202782449 0.817202782449
1154 3.66404848392 3.95752142303
1152 0.506510610874 0.506510610874
5519 2.18236743954 2.18236743954
5518 1.58740011569 1.66526458246
5513 2.71424182967 2.71424182967
5512 1.45010063231 1.76685952786
5515 1.41490596699 1.76941059856
5517 1.92205133055 2.06854350119
1551 9.24726340458 9.24726340458
2999 3.99123572233 3.99123572233
59 1.31645242115 1.31646250774
58 5.49838410482 5.58944606386
55 1.00295739101 1.0219485823
2991 1.31490542123 1.31490542123
57 2.13809494008 2.13809494008
2993 3.4647492415 3.4647492415
52 0.994368136668 0.994368136668
535 1.30508023684 1.38546781847
532 1.59880268637 1.6190613448
531 3.0119751437 3.61556665393
7342 6.49862283126 6.96305224908
538 0.703234999484 0.831945222489
5600 0.647886153736 0.647886153736
5609 4.4353727625 4.4353727625
5608 2.77532230125 3.36515494257
5134 1.13962727569 1.2425993431
1902 1.328590497 1.54180197896
6517 2.74581162766 2.74601677136
428 1.14476206128 1.14476206128
421 4.07143176085 4.07143176085
420 3.01037246768 3.31561115143
3293 0.096421870067 0.096421870067
1393 2.53445176544 2.53445176544
1391 0.815500850364 1.18939629462
3810 1.80982114716 1.87724575835
3816 1.68666419538 1.68666419538
3814 0.509510620471 0.509510620471
3457 4.67013803536 4.67013803536
6420 0.436994096366 0.436994096366
4298 6.06917932963 6.06917932963
4294 2.04024786505 2.04024786505
4297 1.70163458069 1.70163458069
853 6.53566181937 6.57584537912
6428 1.19008026361 1.19008026361
6429 2.7822184514 2.7822184514
6412 0.214954879984 0.214954879984
7543 0.684614451942 0.684614451942
7547 5.37055611389 5.51723025145
6168 1.92049722114 2.05125872843
6160 3.81003432222 3.81003432222
6162 0.0602666398864 0.0602666398864
4749 1.49204725457 1.51502187846
4748 3.50796256423 3.98545643453
6767 2.30937940003 2.30937940003
6766 2.3690144322 2.74463244262
4740 3.79731316246 3.91191413506
4747 2.0985832252 2.0985832252
4744 0.923831155682 1.26893889922
5868 1.70862129694 1.70862129694
5865 2.45184620196 2.5941795741
4715 2.6398463352 2.6398463352
2183 2.47477157529 2.93223879249
7059 0.25873520675 0.25873520675
2181 0.633933198239 0.633933198239
2186 0.84633626306 0.84633626306
4606 5.50444090837 6.1337214901
2189 1.99616641188 1.99616641188
224 3.90099361289 3.9064429442
223 5.93250951328 5.93250951328
222 1.96544273075 2.49451031512
221 0.755190630154 0.755190630154
2212 1.81872301716 1.89588769562
2211 0.866469323218 1.14292861182
2210 1.52592961615 1.67235744618
2217 3.2592530147 3.2592530147
2216 2.2673690896 3.91820669213
2214 5.24837409014 5.24837409014
6699 0.725124046133 0.725124046133
7293 1.02966386416 1.12709844829
6697 1.18685333513 1.33670878123
6696 1.1156117726 1.23007407294
6694 0.923988763857 0.923988763857
151 0.780594549626 0.780594549626
155 1.44823796321 1.44823796321
156 3.32173917443 4.99287801785
2433 0.949717208886 0.949717208886
2431 2.95654960819 3.0920968115
2430 2.20751157799 2.20751157799
2437 4.30244571552 4.38957695999
2434 2.00757397801 2.19007035423
6340 3.46958200621 3.46958200621
6343 1.96996373464 2.3075625045
6344 4.47984446046 4.48036859288
6346 1.22798173474 1.22798173474
6349 0.90065107983 0.900721779318
4510 1.34158398369 1.86054356475
6809 2.31232373752 2.31232373752
4514 1.00585808139 1.14453933108
4515 3.52432841788 3.52432841788
6186 1.79525379901 1.79525379901
6183 1.43958164082 1.60381094116
6182 2.55604867001 2.55604867001
2508 3.88001229118 4.02866737107
2507 2.26164159106 3.09952924507
2506 2.74812590391 2.81607333237
2505 3.29257778787 3.34104073469
2503 1.27100977567 1.27100977567
5289 2.25295503459 2.25295503459
5288 1.67617138664 1.67617138664
2721 1.82696340248 2.40667485599
5280 2.50799650933 2.85429347896
5282 1.23771831414 1.23771831414
5287 3.04776007915 3.04776007915
7234 0.481479039415 0.561091142348
7235 6.40473968826 6.40473968826
7233 1.14140612264 1.14140612264
5047 4.34923708907 4.34923708907
5046 2.933486714 2.933486714
5045 9.48441192105 9.48441192105
1807 2.36080671118 2.39585977367
3783 1.61530537975 1.61530537975
1804 2.49416689021 3.47195073734
1802 2.06062577089 2.46473768515
3789 2.00202309373 2.00202309373
1809 5.5377539937 6.0863687161
1808 0.931646167192 0.931646167192
4994 2.07614421907 2.07614421907
6239 1.01857815296 1.01857815296
4993 2.2056057603 2.56330496782
4991 3.27753045199 3.27753045199
6234 2.93336500265 2.93336500265
6237 0.181747094493 0.181750124213
4999 0.0681882813092 0.0681882813092
1948 0.617542905939 0.617542905939
7301 2.38997197447 2.38997197447
7307 6.5111929664 6.5111929664
7304 4.62158652582 4.92811889861
7305 0.0297917291752 0.0297917291752
1943 0.992364827401 0.992364827401
1940 1.81704712333 1.81743610142
1941 1.54572034664 1.83047895627
1946 1.04142306191 1.1532454928
810 2.17618648091 2.79577233311
1252 3.31341956187 3.31341956187
812 1.00288077239 1.00288077239
814 0.740500742547 0.740500742547
817 3.33975252869 3.94162545334
2859 0.748340624923 0.748340624923
5183 1.53149863245 2.25605563569
2850 3.20687697437 3.73213595915
2852 1.83681911535 2.06299471053
2855 1.45846017689 1.45846017689
2857 6.56262362299 6.61362682194
2856 2.43828139005 2.43828139005
7045 6.36659280973 6.36659280973
1491 2.89249120691 2.89254013306
5463 2.95337918713 2.95337918713
5462 2.52941545784 2.63960466073
1494 2.83845818415 2.83845818415
3336 2.30192796535 2.97274456074
1496 2.22552857409 2.29110787596
7042 3.30703873314 3.30703873314
1499 4.67920209613 4.69331370846
1702 0.745624047126 0.745624047126
7328 2.83547289824 3.61714951116
1705 1.39435040256 1.39435040256
427 1.88350194919 1.88368705722
4574 4.77696540562 4.77696540562
1129 2.50512153966 2.53948505932
1123 0.727943632391 0.727943632391
6983 3.87870627707 4.10505414018
6982 1.23292738241 1.23292738241
1126 0.182174883117 0.182174883117
6980 2.97392478399 3.06289478602
2982 2.61397856168 2.61397856168
2981 2.17000694892 2.97632965469
2987 0.202714628284 0.202714628284
3022 4.11540373281 4.11540373281
2985 1.90723551208 1.90723551208
524 1.36581282814 1.36581282814
520 1.77811738342 1.84679863345
521 5.48950898762 5.48950898762
523 2.08250782463 2.2370720672
1012 0.782765669185 0.782765669185
1013 0.343742370208 0.343742370208
1234 1.96056688345 2.46957802388
1235 5.76313561644 5.78225767168
1237 0.855647072577 0.855647072577
1230 8.83311073034 8.83311073034
1231 0.259682463828 0.259682463828
304 2.33825520295 2.65423656803
4195 0.0263715112068 0.0264689606067
4192 0.996839652364 1.10596527486
1239 1.82396361599 2.05839827821
5674 1.95556298208 2.55489584066
4355 5.17962077366 5.17962077366
4357 0.385851611607 0.385851611607
4353 2.98172612622 2.98172612622
6507 0.863725865148 0.863725865148
4900 0.254921742386 0.254921742386
437 3.92029221229 3.92029221229
435 0.182024072387 0.182024072387
433 1.85196626669 2.0973151936
431 4.62909800292 5.06079248818
7158 0.599840265218 0.599840265218
3808 6.40766976013 6.40766976013
3802 1.2022847535 1.27578312467
6437 0.506003800707 0.506003800707
6435 1.65724952259 1.65724952259
6432 3.6797241533 3.6797241533
6431 10.4301651776 10.4303227769
5707 1.31656574149 1.65332704012
5700 2.72026287649 3.10894921971
5702 7.8081471548 7.8081471548
6438 0.845579855684 1.00461357435
2868 3.68812482343 4.40256015032
2869 3.50477293093 3.50477293093
7553 1.0796871705 1.42798382509
7551 2.26129545486 2.26129545486
7550 1.63987689104 1.63987689104
7557 1.97882315237 1.97882315237
7578 0.484024748162 0.487853236308
4774 3.16560868842 3.35281784209
4770 6.39319282576 6.39319282576
4778 3.05929082984 3.05929082984
6421 0.111604948455 0.111605576498
4175 0.374422591419 0.374567361966
4172 2.29230983001 2.32648216719
6752 0.145190971275 0.145190971275
6756 2.73839746558 3.79102452748
4179 3.21233461929 4.97726030522
6755 3.62272277233 3.62272277233
7171 5.09733911804 5.51989198467
5815 1.55884575909 1.55884575909
5816 1.68944253648 1.83652989931
4296 1.9135670153 2.40331744409
7173 4.42962156632 4.61933089059
5064 0.661809046577 0.661809046577
4619 0.565828552532 0.847217761788
234 3.43554745584 3.94332596364
4610 0.326061234133 0.326061234133
236 3.12043323563 3.12043323563
4615 1.12481125891 1.12481125891
231 3.3619367762 3.3619367762
4617 1.9011875265 1.9011875265
233 4.82263045893 4.82263045893
7392 3.16095652258 3.16095652258
2223 0.373619426149 0.373619426149
5924 3.05612159643 3.05612159643
5925 1.5641461832 2.03947313428
4881 0.310266040465 0.310266040465
146 0.59828903245 0.59828903245
5356 0.0583772492739 0.0583772492739
5143 0.217532329371 0.217532329371
4501 1.24682224964 1.24682225437
4503 0.998681250234 0.998681250234
4502 0.486037694627 0.486037694627
4508 2.32154105391 2.32154105391
2089 1.38821027594 1.38821027594
2080 2.46932425911 2.61236016579
3403 2.58648128317 2.58648128317
2538 2.83280395925 2.98402853935
2539 0.196700639812 0.24389199534
2530 2.2166925755 2.56919402231
2537 0.569969890883 0.570308240573
2713 0.9755860275 1.40141283702
5453 9.30113681248 9.30113681248
2716 2.65507212084 3.28319250486
2714 2.1684103919 2.26209860192
2715 3.99688765071 5.98780069673
5078 1.57674027819 1.97776870868
7222 1.48118922535 1.59565068827
5456 2.16076654522 2.22110184635
7227 1.93365777973 1.93365777973
7226 2.60226089167 3.24190239347
5072 1.60046140547 1.60046140547
5457 1.57226596308 1.57226596308
5076 0.347681587133 0.347681587133
5077 1.95205296488 2.11771039517
1832 3.30476397503 3.34594633456
1833 0.708276288131 0.781392458697
1830 2.9444035382 2.98621940247
1831 3.09352519305 4.1428299937
1836 0.135513752041 0.135513752041
1837 3.59922914171 3.87058768948
1838 1.278644508 1.278644508
1839 1.2352859771 1.47825678811
2155 1.78263882116 1.99661362576
2156 2.87020850082 2.87020850082
2157 2.9132708944 2.9132708944
2402 7.93195341894 7.93195341894
2151 1.88125465605 2.07306803196
6240 0.84923479859 1.02071674921
4988 2.16476720134 2.16485833877
7446 0.431398427226 0.431398427226
2158 5.49454658204 5.6733770309
936 0.0385283078201 0.0385283078201
6246 0.875415307221 0.875415307221
2409 1.13499348515 1.62379403642
5381 4.91965886191 4.91965886191
5382 1.19855263737 1.57217754643
5383 2.48323007602 2.48323007602
5386 4.07260101645 4.07260101645
5387 0.207185507046 0.262697427176
5388 0.389549714241 0.389549714241
1691 4.36521334178 5.20315725489
1955 0.857735512413 0.857740142184
1957 2.00702805877 2.37060157728
1956 5.29331691425 5.29331691425
1959 3.09769066184 3.50684464634
3243 5.02262003907 5.16757533281
3242 5.51965152947 7.26739148647
3247 0.902835715981 0.903551342756
7310 1.74665335399 1.99070822252
3245 0.782782985773 1.0427921312
3244 3.7184057372 3.79915200326
826 0.497983270793 0.497983270793
821 1.52394321016 1.67276712857
820 0.984577376238 1.04382144823
1483 0.711049913889 0.711049913889
1482 1.60250975512 2.26240983808
1480 1.57321827169 1.58144095896
1487 1.96829149549 2.03710625476
1486 2.24626195722 2.24626195722
1485 2.03126466143 2.21687176646
7037 1.56739207254 1.56739207254
5496 1.74525891023 2.00349359907
3300 0.876404792646 1.32947898406
5493 1.97476136881 2.34374873518
796 1.22683565971 1.22683565971
795 1.53851400314 1.53851400314
5251 2.82404756046 3.48561528843
5256 0.99132830764 1.23470459391
5257 1.80301636789 1.80301636789
5254 3.75661320782 4.69301774955
1719 0.573198912963 0.573198912963
1718 1.30446330798 1.78069014414
613 0.379756839052 0.379756839052
2414 1.99261533214 1.99261533214
1139 1.79746254707 1.79746254707
1273 5.89009082137 6.0404422294
1995 1.01293892825 1.38435325976
1275 0.155022037594 0.155022037594
5940 1.83984839478 1.83984839478
3011 1.80714163042 2.10642177317
3016 3.10640422676 3.10640422676
7141 2.91856198266 2.91856198266
3014 1.24912389946 1.24912389946
7143 0.69180529633 0.69180529633
926 3.14196343789 3.14196343789
1007 0.546017086406 0.581812201026
1005 2.24642094682 2.58340878016
512 6.84685692725 6.84685692725
515 1.09449491039 1.25690732304
517 1.96347896337 2.63017474851
516 0.319076788487 0.319415872315
1226 1.47943614537 1.4984248233
621 0.639741142195 0.639741142195
1223 0.640215911174 0.640215911174
626 5.24169553671 5.47396182293
1221 3.10799883369 3.10799883369
4182 0.0774726757599 0.0774726757599
4184 2.86589774111 2.86589774111
4186 1.51592506202 1.51592506202
5662 1.63693514915 1.9624181705
6533 1.3056627522 1.69661075101
4349 1.01764847667 1.03645536955
7562 5.39762107516 6.21935155273
5669 0.497837969352 0.550425119619
4341 1.00527406064 1.22636898278
2883 5.4091686855 5.41744982704
7498 1.32483146734 1.41793532683
2887 2.98500532251 2.98500532251
2884 0.713958683779 0.713958683779
7493 3.21825877675 3.85606270229
7490 4.86932036827 4.86932036827
7491 2.45169879564 2.50891516564
7497 2.50361819251 2.50361819251
7494 1.96206427175 2.03306723847
3878 4.44430795588 5.64911486486
3879 1.98951475303 2.01973103076
3874 2.40037304412 2.44186203847
3876 6.45842976865 6.45842976865
6403 1.50899794213 1.50899794213
6400 2.87767326777 3.50559790008
15 1.75093562797 2.15187821379
14 2.15055766407 2.15055766407
6404 3.29758393057 3.2976309948
1921 2.42656244521 3.21694023243
19 2.53490610748 2.53824092928
7568 1.58510840924 1.80965137185
7561 0.143275404642 0.144599269553
7374 1.76269888556 1.76269888556
3907 0.468823668488 0.468823668488
3902 4.44978171447 4.44978171447
4761 3.06027006216 3.40156745337
4760 1.67451764932 1.88293828324
4763 0.230047405835 0.230047405835
4764 5.45917788738 5.45917788738
6748 1.95834696906 2.8297481879
4167 7.01198349962 7.01198349962
4162 1.32048500691 1.43241836682
4161 1.49234790719 1.88867621543
205 2.58907718164 2.77359738413
204 2.29901225445 2.72515922052
209 3.8189921961 3.8189921961
830 2.99297347931 2.99297347931
7181 0.34412268143 0.344155673812
2233 5.14927545356 5.14927545356
2232 1.2060587781 1.2060587781
5937 8.53320648728 8.53540542442
5936 0.727926503532 0.84276340753
5934 4.73509067109 5.02313730634
5933 3.64935651304 4.20139138866
5932 1.4953036322 2.05688204656
5931 1.84190660298 2.16618971727
5938 3.60829586892 3.60829586892
7140 1.7484268792 1.7484268792
3499 1.22906136874 1.43816460614
3495 2.20501014999 2.20501014999
3491 0.504720211636 0.504720211636
4570 2.48981513748 3.09789424835
4572 5.76463432264 5.96778013017
2096 2.94468743064 3.46804552357
2091 2.49380996009 2.54016320146
5096 7.92481257191 7.92481257191
4576 0.832827115279 0.832827115279
2092 2.13792865573 2.44689278683
3657 4.76627831084 6.17603782261
4604 4.76458798446 4.76458798446
2525 0.623348529518 0.623348529518
2524 0.671495112909 0.671495112909
2527 9.05377204571 9.05391033382
4602 3.01014671661 3.61656449301
6902 3.77220286448 5.12083557141
5065 0.792820330363 0.902020074494
4889 2.65786367194 2.65786367194
5067 1.45422170517 1.63138995676
5066 0.969350732887 1.08413304718
5061 0.183762437556 0.183762437556
2708 1.13194887648 1.13194887648
7262 1.81115200408 2.20878064254
5062 0.489586143598 0.489586143598
2704 1.2835423854 1.28358308726
5069 3.60926869965 3.87979336109
4885 0.587331202479 0.587331202479
2702 0.831996458633 0.831996458633
4193 1.80679410322 2.02196437082
1828 0.836617528328 0.836617528328
1825 1.61711138734 1.61711138734
7453 2.23039541055 2.90111554887
928 1.57828385917 1.63549861968
2146 3.66889752256 3.80513907996
7072 3.18047234203 3.18047234203
2142 2.35028487907 2.54516722967
2140 1.16387103618 1.16387103618
921 1.53336442252 1.53336442252
4498 1.3579128749 1.43586745994
924 1.90160254983 2.01306428548
4971 0.2518626991 0.2518626991
2149 3.22881959524 3.22881959524
5745 1.05704968155 1.06408295451
5392 0.00539184933088 0.00539184933088
5395 3.86095904857 3.86095904857
3276 1.0350782014 1.0350782014
3277 1.92214845623 1.92214845623
1924 0.688900112738 0.688911235811
1926 0.657232248327 0.657232248327
5749 1.35474202267 1.3548808845
3278 1.55808003898 1.69825501086
7369 1.52398618698 1.52398618698
3476 0.808766748598 0.808766748598
831 3.66842988473 3.66842988473
837 1.08738184354 1.08738184354
7361 2.4685797508 2.52268921914
3478 1.48292219961 1.70825543365
5586 3.46964978418 3.46964978418
3332 0.169279350826 0.169279350826
3318 0.0841535606541 0.0841535606541
6571 5.95091508573 6.04125782436
5488 0.941633682507 1.11829267505
5484 2.12385542945 2.61337999593
5483 0.999085221125 0.999085221125
5482 1.79806575701 2.15087047201
5481 1.81949008486 2.07660392568
5480 5.19966469779 5.19966469779
785 0.669386973586 0.669386973586
786 2.94738241749 2.94738241749
7450 2.67934737527 2.67934737527
1728 3.27253090823 3.27253090823
783 0.470609685354 0.470609685354
6591 3.58790594056 3.58790594056
1727 1.58365609891 1.58365609891
5246 1.58298840111 1.65823228934
1722 1.60599420817 2.43245610038
789 5.37604138017 5.37604138017
1720 4.31550026027 4.31550026027
5242 2.00014021144 2.00014021144
7594 1.14962324302 1.14962324302
61 3.49277143728 3.57828527891
3006 1.42370243294 1.42370243294
3000 2.0769618272 2.38630624671
66 1.88041651404 1.88041651404
68 1.93421741645 2.15665794607
69 1.30446632752 2.03662477643
3008 1.012965999 1.012965999
7159 1.05747926836 1.38352461558
1370 4.98089115685 4.98089115685
7153 0.794248007132 0.794248007132
7152 2.17663217157 2.17663217157
1584 0.31470533554 0.31470533554
1585 1.02702225905 1.32615239348
6826 1.01744745517 1.10653978925
509 3.73351538833 3.95717704303
1032 1.63352765781 1.63352765781
505 1.35818224242 1.35818224242
502 4.14100116041 4.46406097459
1037 1.45098982529 1.45098982529
1212 0.748752983971 0.748752983971
1210 2.98132127623 3.00863735414
633 2.04398863361 2.04398863361
1216 1.43888213528 1.6528643362
635 2.02156068739 2.02156068739
638 3.84141668408 3.84141668408
1218 1.06097926276 1.06097926276
1219 2.0879189948 2.78419883511
6521 2.03625177957 2.42773257635
7484 2.63295625292 2.94752204913
7487 3.82303819127 3.82303819127
4379 2.50262553019 2.50262553019
7483 1.18619425885 1.18619456311
5659 2.07772858537 2.84565181525
5655 1.07569837491 1.07569893481
5652 0.82957726687 0.82957726687
4377 5.3929508672 5.39295679308
2899 3.35393111166 5.18670112549
2895 0.55627279721 0.764204181529
2891 9.16793179859 9.16793179859
2890 3.48010121378 3.79130960005
1106 1.70730167077 2.26254192037
1455 4.80520394666 5.35426528145
1102 3.51473127087 4.9683588481
1103 1.36777855856 1.36777855856
1453 0.716238388879 0.830287576469
1458 2.06244674498 2.63541216386
1899 2.74883901295 4.06845340699
4082 1.40249225994 2.24628437858
3868 1.67343414817 1.87168638873
4088 3.58237174091 3.58237174091
5241 1.49467089328 1.49467089328
3738 1.20376778811 1.28466033744
3866 0.0807907507299 0.0807907507299
3864 10.9546603462 10.9546603462
7073 8.44720483991 8.44720483991
3735 3.9236161271 3.9236161271
5729 2.66234367019 4.05956583549
6419 1.05977948232 1.53169701851
6418 0.880079881597 1.03414425473
6415 1.91711324593 2.36562483805
5723 2.30114778785 2.30114778785
5720 2.15961305312 2.3753141485
5721 2.65129692913 3.00836035246
6411 4.47958780262 5.30166570833
5727 6.63565621402 6.63565621402
5724 1.81030016308 2.1821443601
5725 0.355851633046 0.355851633046
3913 1.42456797299 3.59811682626
3912 1.66281207242 1.72337733804
3918 1.69059998226 1.99647458534
6732 2.47992092186 2.47992092186
6734 0.662784513729 0.662784513729
6736 2.82003811566 3.75910743993
6737 2.61410499317 3.45523550213
6738 3.31348040674 3.31348040674
4796 1.66717923431 1.66717923431
4790 1.65097926507 1.79766613787
5836 3.07926353748 3.07926353748
4153 1.8985886121 1.8985886121
5834 3.69167246128 3.69167246128
5835 2.46868033088 2.54264627975
4154 1.32265184991 1.32265184991
5831 0.029287868644 0.0331787494108
4159 4.54211428118 6.21871548058
4698 4.2708654586 6.41817150517
219 2.72705921621 2.84089904916
7464 0.568313255082 0.568313255082
6087 2.54223469287 2.54223469287
6084 3.16803883066 3.16803883066
6083 2.72042917253 2.72042917253
6644 1.09431012019 1.30103618564
6640 3.17018079343 3.34892123523
6642 1.7589578165 1.7589578165
5902 2.70730622327 2.70730622327
5904 1.26476422463 1.26476422463
5909 2.71169759788 2.71169759788
6497 0.219731618991 0.219943198985
3488 4.49978563173 5.21806221312
3481 5.58889560555 5.80868547648
3480 7.58991616087 7.58991616087
3482 3.40774781364 3.40774781364
3487 4.99321387641 5.42160860912
3486 4.45938031418 4.45938031418
4566 2.50306909829 2.50306909829
4565 1.07255012103 1.17540747101
4569 2.09355876703 2.13859612049
7080 2.88059885273 3.3909336023
2551 2.50062047923 3.82857577737
2552 7.57746562305 7.57746562305
2554 1.5056287887 1.7763843022
2555 1.4953775931 1.4953775931
6396 1.06698698728 1.06698698728
6397 5.61682454629 5.61682454629
2397 9.99122461272 9.99122461272
2394 1.13421300882 1.58968934662
63 2.36491845782 2.36491845782
5013 2.38259665469 2.38259665469
5014 4.92714102705 4.92714102705
2771 1.95621006861 2.8257347672
2772 1.50356577753 1.85566173942
4897 1.49464925914 1.57914202622
2775 1.73308357105 1.78428028475
2777 1.50460469329 1.56227707187
1859 0.498428421604 0.666745347492
6260 4.79914494495 4.79914494495
4418 2.03055377597 2.87199615992
4417 4.9836761409 4.9836761409
4416 3.02628074325 3.02628074325
1852 4.42707738818 4.42707738818
1853 0.741919699602 0.844428623857
1855 0.461969683869 0.461969683869
6269 3.32063350894 4.01658206598
5168 1.40338789935 1.40338789935
2171 0.750081429272 0.750081429272
2176 3.04391201823 3.04391201823
918 0.68036486035 0.68036486035
6063 0.47462161769 0.610801681323
4967 2.50345916546 4.2369182596
914 5.63824276674 5.63824276674
917 2.27821059733 2.27821059733
2179 1.23993412894 1.23993412894
912 1.4856556028 1.74010549721
2603 1.56213085063 1.56213085063
2609 2.62822983813 2.62822983813
1930 7.07905430759 7.07905430759
1937 5.61410116343 5.61410116343
3269 1.49545634811 1.51971741477
1939 3.24350341829 3.24350341829
5127 2.06483057568 2.20525431048
5121 1.99282761019 2.62712666987
845 1.83615276218 1.84027453296
3464 1.55752562553 1.55752562553
3463 2.3985467138 2.39856714297
842 1.83675539064 2.10553454695
7091 3.22246484997 3.22246484997
7375 0.568456046324 0.568456046324
848 1.84313893823 2.17902211138
7012 1.035408258 1.22183502623
7013 3.88430520047 3.88439128087
7011 0.870630341552 0.870630341552
1731 0.313236562046 0.313236562046
1732 1.98575776335 2.48395810212
5234 2.35078597459 2.35078597459
1806 5.37845369864 5.49318628517
758 2.95715572714 3.31642878192
7088 0.983472693721 0.983472693721
1595 0.726337848191 0.726337848191
6887 0.661252947271 0.661421343566
1597 5.0542871553 5.27512562519
3074 2.19075483383 2.63470466611
3075 1.9785198779 2.11454118352
1592 1.17913814299 1.28171179566
3078 0.284886144971 0.284886144971
3079 2.56115746779 3.4359380727
1599 3.91503108058 4.16713465578
1598 3.35882114406 3.35882114406
6889 1.97408676907 2.05712612216
5344 1.67182892104 1.74348313361
5345 0.365727129891 0.365727129891
7168 2.0447301175 3.13639531652
1021 2.56164051069 2.56164051069
1023 4.39949009628 4.39949009628
7163 0.9998912075 0.99995041083
7166 1.56955644789 1.72356070594
7164 1.61178186832 1.61178186832
7165 5.55410261834 5.55410261834
604 3.14541405692 3.14541405692
4367 2.41608775656 2.70817460114
4361 4.19175153968 4.19175153968
4363 6.9523651151 7.73986223266
4362 2.6200948593 2.6200948593
1203 3.93201765964 3.93201765964
5649 3.12594865054 3.7631289635
1211 1.9429343488 1.9429343488
5641 2.05686943414 2.05686943414
6041 1.22339995742 1.4148257617
5642 1.82369990843 2.16750364833
5646 0.406897891185 0.406897891185
6335 0.750126684836 0.750126684836
3105 2.9315348462 2.9315348462
3107 5.23372056785 5.23372857912
3102 1.25135291141 2.01541828335
3103 0.149611713286 0.149611713286
1112 2.59512919123 2.59512919123
1443 5.98783373757 7.48202853581
1114 6.23042888198 6.23042888198
1116 2.29080062736 2.29080062736
4093 7.00924497465 7.42493514602
4091 4.77598668941 5.60461055165
6332 9.17516194864 9.17516194864
5737 1.75959542843 1.78656461381
5736 0.763130774663 0.763130774663
489 2.56425853863 2.61553486687
488 2.1568946848 2.1568946848
487 0.470771009899 0.470771009899
485 1.98420921242 2.77509550825
4587 2.70646090214 2.70646090214
480 4.86624385101 4.86624385101
7585 2.86291297586 2.86291297586
6463 1.0798959356 1.19041847288
7580 4.95156672555 6.0837227142
4725 2.89436994426 2.89436994426
4851 1.41460109349 1.47344725622
5300 3.99529555011 5.26753852023
3926 1.07990818181 1.07990818181
3927 2.06436887133 2.65798863055
3924 2.28922870055 2.28922870055
6526 0.291111588449 0.291111588449
6722 1.00027356163 1.00027356163
4782 0.370034697596 0.370034697596
4781 2.84282462511 4.84741952232
4149 5.98706924529 5.98706924529
5827 1.18175819678 1.55242395909
5826 2.51189835947 2.92553534366
4144 2.18553651741 2.18553651741
4141 4.92381676052 5.53046305541
4143 1.21646324895 1.21646324895
3857 4.19645740417 5.30737501995
3855 1.34587446814 1.34587446814
3852 1.31272763859 1.31278343467
3859 4.0247935689 4.0247935689
6099 1.34137317732 1.64431098395
6098 0.248750053563 0.248750053563
6091 3.67373772881 3.79102977503
6094 1.31356809563 1.31356809563
6917 5.19422982031 5.35018328792
6657 6.79656891261 6.79656891261
6655 1.97620035383 1.99137389954
6048 1.41224342141 1.41224342141
6651 2.12380196826 2.12382408996
5915 1.87547042074 2.18922242579
5911 5.12807735441 5.73909318039
4820 2.51843154086 2.81156363192
199 0.891250705045 0.891250705045
195 2.59996408653 2.59996408653
196 5.94289789298 5.94589053974
190 0.91528452724 0.91528452724
6384 3.44590426226 4.33616024408
6387 2.41199572569 2.71463120565
3679 6.18165833823 6.48540679925
4558 1.67689234441 2.47861556688
3676 1.9956369567 2.6197536027
4553 2.51126260083 2.76804380145
4550 4.15594024249 4.43898793387
2541 1.07077226415 1.17142699881
2546 1.17987901395 1.17987901395
2380 1.88288097629 1.88288097629
2383 2.55074393119 2.55074393119
2386 1.34891930349 1.70601298535
3580 0.687583620682 0.856752188506
3583 3.74387813253 5.15541100873
3585 2.91469467793 2.91469467793
3587 3.61547385791 3.74887728302
2761 2.25397694107 2.61259046196
2767 1.73122489745 1.73122489745
2765 2.01547562552 3.05711539946
2764 2.09368656848 2.26252592378
6913 3.31461934001 3.31461934001
902 1.26066685256 1.26066685256
1849 2.06633330132 2.9130363265
6277 0.481602103954 0.494006199683
6276 5.99930905424 7.84646424602
1843 3.14405674042 3.14405674042
4423 1.95729090005 3.08761748742
4420 0.949678315351 1.05723323672
1847 3.808314251 3.808314251
6077 2.04322496336 2.79912999912
2168 1.07870970986 1.07870970986
6071 1.6940297792 2.29188206701
6070 6.10684334975 6.10684334975
4951 9.04194818244 9.04194818244
4956 1.29178976265 1.58213736565
2160 1.38380011815 1.38380011815
7309 0.147402966397 0.147402966397
2613 2.60723481914 2.60723616577
7095 0.358534463612 0.358534463612
2618 0.525519979299 0.531430935275
7347 3.10172554565 3.10172554565
7345 6.99796421666 6.99796421666
3298 0.498914141058 0.599643625933
5138 1.49341682589 1.49341682589
3294 0.0856459384826 0.0858586312761
1907 4.8172474641 5.82043892644
3296 4.3096392303 4.56256080386
3297 4.65912441087 4.73874665508
3290 0.376559601603 0.544244015851
5132 1.68008812315 2.56192142584
5131 5.80146862558 5.80146862558
1901 2.06558068266 2.55428408439
3452 1.74421349959 2.45112180232
3450 2.3185988887 2.52205651308
3456 2.67412440235 2.67412440235
851 2.04089352485 2.92428996081
3455 1.01474847592 1.01474847592
3863 1.48604099326 1.48604099326
6 0.745436876084 0.848423546256
7001 1.3915289325 1.73694981583
7005 0.46898649017 0.46898649017
7006 2.11075455776 2.52358245259
5229 1.69925078801 2.10335260559
5228 3.61208087774 3.93658506686
5223 2.83760978519 3.33348539012
5224 1.05632204342 1.05632204342
743 4.32231513056 4.32231513056
744 0.985582382681 0.985582382681
745 1.33282981257 1.61308204039
746 3.28236773672 3.28236773672
747 5.2836333729 5.2836333729
748 11.0437933308 11.0437933308
3062 1.8223289082 1.8223289082
7177 0.588465251283 0.781643433202
7176 4.53956885088 6.17782327659
6895 1.55449117904 2.37545161604
3065 5.24807364208 5.24807364208
3064 2.23122312853 3.00593546605
2947 4.54899593059 4.54899593059
3069 1.69758236957 1.69758236957
3068 0.999164782658 1.18982243091
7178 3.21341121986 3.43831332965
2941 3.37256898089 3.46784101398
1051 2.62564854634 2.79054592119
1053 3.46939281396 3.86323901451
1056 1.79452722328 2.15636065862
1057 3.48203403591 3.48203403591
1693 3.20858248529 3.20858248529
2919 0.951312601671 1.06381812617
1699 5.24344721114 5.24344721114
4311 1.68899309721 1.68899309721
618 3.41394565853 3.41394565853
4315 5.66989730192 5.82264852674
4317 2.14106915363 2.14106915363
1797 1.0468491656 1.22945301108
611 2.18492765065 2.95878740905
617 3.13637393714 3.93086051081
7574 0.167581002536 0.167649723541
3118 1.433060963 1.433060963
3116 2.88172090772 3.06468660163
3115 1.73313547074 1.82000741236
3110 1.88798458152 2.25892047631
7579 0.881299155649 0.881299155649
1470 2.910657782 3.19296847
1474 4.57498582931 4.62022849745
1475 7.52532399573 7.52532399573
7041 3.31112959404 3.31112959404
6143 0.526290472576 0.526290472576
1479 6.65700354674 6.71151440001
5464 1.10570635377 1.10570635377
1301 0.668338592426 0.668338592426
7129 2.23478866364 2.4135278735
1308 2.54868660357 3.58602066673
6410 1.68803549808 1.76409899334
5740 5.76525745652 5.76525745652
4229 1.00151588892 1.00151588892
3597 0.92861132299 0.92861132299
496 0.10138589425 0.10138589425
4227 6.03915042164 6.36312601344
490 4.85158856945 4.85183857743
4221 1.41663163563 1.65034844745
493 3.22212577891 3.479754397
24 5.71092261246 5.85119060451
25 1.33785482696 1.46025473332
5584 1.40984322525 2.20765726104
22 3.19977916489 3.46795050947
23 3.40669166454 3.40669166454
7595 1.01751440466 1.26388306478
6470 2.51284444042 3.48200270939
6476 7.26946033099 7.26946033099
7591 0.753688856562 0.918804367114
5589 2.76251000087 2.76251000087
3938 7.38651837876 7.38651837876
3936 2.7872478892 2.81600392533
5265 1.72534803446 1.72534803446
6718 1.35720208451 1.35720208451
6716 4.38498975451 5.06511913744
6717 2.23257466956 2.23257466956
6710 1.88766400757 1.88766400757
4138 3.73848649748 3.73848649748
4130 2.79447020152 2.82002783298
7474 1.40322171917 1.76309698769
5692 2.06253501007 2.64587253902
3840 1.29595150726 1.88576808362
3843 6.00089178428 6.0795907002
5691 3.37099516555 3.37099516555
5694 0.475332971145 0.475332971145
3849 1.55241333808 2.1561150303
1872 1.83127331893 1.83127331893
4046 1.86661353319 1.91861420199
4047 5.75594289643 6.32638602748
4048 7.32471802544 7.95843126321
5968 0.138819779732 0.138819779732
5969 1.46333101786 1.74159238949
5963 2.06630874885 2.06630874885
5964 1.49425996013 1.50065797535
2289 0.509001438114 0.509001438114
3667 1.20964214656 1.20964214656
3661 2.95360830092 3.98313579257
2280 2.7138501255 2.7138501255
2282 3.45288905066 3.45288905066
5433 5.48099059382 5.5300049735
2287 3.36907979884 4.68937833032
4543 6.52734112576 6.58870750358
4546 0.951772427511 0.951772427511
2579 0.0775187989455 0.0775187989455
2572 2.91139562354 3.19970988593
2570 2.52548746224 2.52548746224
4534 1.29817591755 1.6058242652
2378 4.71775951295 4.71775951295
4827 2.92675014319 3.27759872519
2376 0.881429281377 1.05357212695
2370 1.91525663788 1.91525663788
2373 0.0313282046124 0.0313282046124
3592 1.1789791163 1.17899581005
2596 0.968287146142 0.968287146142
2590 1.2183969657 1.2183969657
3595 1.55453600145 2.40209398922
3594 2.03433923478 2.26848689008
5036 4.02422502971 4.05110480599
6280 2.49273304341 2.6607142398
5030 0.497803958921 0.497803958921
4531 2.63424150709 3.19671307257
4434 0.167644360205 0.167644360205
4437 1.76451482362 1.80444456781
1084 4.39223174848 4.39223387464
4431 2.15686393831 2.15686393831
4430 0.72834967068 0.72834967068
4433 1.51084622263 1.51143555928
6283 1.75868132564 1.81348656104
4438 8.42564599802 8.42564599802
1878 0.616207663896 0.616207663896
6595 3.13990099321 3.91545187073
970 1.44534263474 1.44534263474
5581 2.9787882297 2.9787882297
6287 1.53406772388 1.53506924216
4949 2.99967259812 3.08213901841
4948 1.63794652721 1.63794652721
6282 2.23249192301 2.88471041107
978 0.989031021191 1.07616401144
6043 2.2621158952 2.61190074952
6040 7.66773393658 7.67862790635
181 4.83076264792 4.83076264792
186 1.45900640722 2.19589848191
6044 0.272203139567 0.272203139567
6045 3.22333167898 3.75638516652
2112 1.64236541702 1.64236541702
189 1.75770295676 2.13246419596
2114 2.8907284255 3.15090388441
2115 0.941293634009 1.05199322978
2117 1.62768032636 1.62770191487
2627 3.45949863025 4.02290751982
2624 4.15106892749 4.15106892749
5837 5.9857975947 6.05993735351
7351 3.42980107501 5.41294814834
1918 1.80862815775 1.80862815775
7355 1.69433389988 1.69433389988
4924 2.61180863163 2.61180863163
7357 3.61931273322 3.61931273322
7356 4.20083468878 5.60873646891
3287 4.97468421501 5.86491888045
3286 2.61743327496 2.61743327496
3284 1.93320490724 2.05567150646
188 2.80491797024 2.80491797024
869 2.24068745198 2.43063767849
860 5.47101125324 7.34380175059
3440 3.27196309825 3.87457025784
3443 2.12454764641 2.12454764641
2027 2.69604548173 2.69604548173
2750 5.2167669862 5.2167669862
2023 2.22976600489 2.90947113414
2758 2.9010464184 3.06798421281
881 0.688421172145 0.6884241609
886 0.409893973878 0.411868739971
888 1.42800312069 1.56717145911
5217 2.18757573893 2.51911682107
5214 3.81662522023 3.81662522023
5210 1.80223894298 2.02384550196
5211 3.6909878829 3.71748731773
5218 2.52600206576 2.52604535457
5219 7.46501847767 7.46501847767
7504 4.99967169966 5.00036034752
5414 1.61078075758 2.03916563729
777 0.784402934853 1.10075201685
770 3.06450341753 3.29678145588
772 0.888172105488 0.888172105488
7503 0.997865926365 0.997865926365
779 4.23893612065 5.93823054035
7638 0.0494536916953 0.0494536916953
4675 3.42126091857 3.99630545117
76 1.41503623375 1.88954082617
2978 0.475098577607 0.475098577607
72 0.643655028587 0.643655028587
3058 6.03321142823 6.2879395176
2972 3.76117911993 3.76117911993
2973 4.64558836172 4.64558836172
3054 1.76708160927 1.76708160927
3052 1.18050318732 1.48313307362
2977 1.68283545922 2.11519911731
3050 9.02133677832 9.02133677832
2975 3.52104627161 3.52104627161
1042 1.53134857191 1.95441875251
1041 2.11075911725 2.34879272295
1040 0.590647485954 0.590647485954
1046 4.95188796386 6.28923211372
1049 2.50619017567 2.50619017567
1683 3.20273175882 3.20286399991
1685 4.59423692803 5.35978898207
1684 2.70656644105 2.98689799915
1687 2.66822106493 3.32308291542
4802 1.55045319315 1.64626731831
7354 2.95549224156 2.95549224156
4301 1.62986563365 1.70717946372
1268 1.83233179772 1.83233179772
1263 1.98642848023 2.19811708703
1261 2.94310008957 2.94310008957
4308 4.32487609215 4.32487609215
1267 1.5931215054 1.68804748224
1266 3.73849561426 4.53479252783
1264 3.67266928929 3.67336189327
7359 5.42854803743 5.42854803743
3021 1.0769280909 1.3259705773
5103 2.45651418751 2.48833678348
3128 0.930988418351 1.25003957173
3129 0.72158789083 0.856133989402
7619 0.923918121506 0.923918121506
3122 3.51865584865 3.51865584865
3121 0.995343528589 0.995343528589
3127 2.19452790836 2.19452790836
1914 2.545247993 2.545247993
1465 1.99048480008 2.14959528359
6065 3.46408172104 3.81239119638
1461 2.65182701585 2.65182701585
1313 1.99132040448 2.18956084043
1312 1.39612701836 1.70225407756
1310 5.98851573128 5.98851573128
1319 3.54186877948 3.54186877948
6914 3.75403069392 3.75403069392
6915 0.660411112994 0.660411112994
6444 2.02145559668 2.64529316837
5750 0.160538120946 0.160538120946
5757 1.58695124457 1.58695124457
6440 3.25613542514 3.64445599773
5754 0.429808880675 0.429808880675
4236 3.79953344748 3.79953344748
6919 4.25344791316 5.4799699643
6124 4.61197921116 4.61197921116
312 1.61417727546 1.61417727546
311 0.755588645051 0.755588645051
316 1.58431263552 1.75358709016
315 3.26516210847 3.26516210847
314 1.99055056732 1.99055056732
6701 1.00364205498 1.00364205498
6703 3.46811880051 3.46835104723
6702 0.927924216995 0.927924216995
6705 5.4184995081 5.4184995081
6704 4.62795558524 4.62795558524
6707 0.497228618709 0.669880273643
7435 2.42804316425 2.42804316425
7436 3.66416606162 4.35796789734
7437 3.07020817021 3.76509392661
7431 2.53424809426 3.41858417178
5685 0.831518551245 0.831518551245
5687 1.38513498382 1.72775345658
5681 1.68444965751 1.75820390795
5683 0.564672151228 0.588191428576
1330 1.7739866287 2.35477162292
6674 1.11131641904 1.11131641904
4704 1.85373047395 1.85373047395
6671 1.34662799843 1.34662799843
4054 2.50582887653 3.15786237068
4053 1.8071599401 1.8071599401
4052 3.56078106635 3.56078106635
4050 2.14373474898 2.43201562964
6218 0.824312728901 0.824312728901
5976 6.15974262465 6.22067764101
5974 0.853631257582 0.876018319712
2299 3.52744332242 4.00502810549
3613 3.61562337499 3.61562337499
3614 4.14420753076 5.19348528559
3615 0.442014503662 0.442014503662
3616 0.146938392249 0.146938392249
2292 3.36630871484 3.36939437875
6939 4.24392698941 4.27564195965
2561 2.11448040549 2.63071746278
2562 3.10903778976 3.94461899035
2566 4.67611107663 4.67611107663
2368 2.50515460625 2.74146192272
2367 6.09173721418 6.48726575562
2366 0.433735526351 0.433735526351
2364 1.37606131764 1.42987287912
2587 3.915304921 3.916702983
2586 2.93854821915 4.38282566154
2585 3.53468020259 4.43388809537
2584 1.99894674767 2.43114041629
7294 2.50762077472 2.5610144975
7295 1.15395860211 1.15395860211
2580 4.42960009654 4.42960009654
5021 6.28173665274 6.30743372331
5024 2.52142918404 2.57373823809
5026 2.27259030355 2.47116267166
4441 2.4031613143 2.40316292221
4442 0.961566386871 0.961818606418
4443 3.24068411245 3.24068411245
4444 0.879146950121 1.02265535433
4445 8.54272964961 8.54272964961
1867 2.03381940203 2.04883729464
1866 0.436194533455 0.436194533455
4448 2.83954633164 2.83954633164
3721 3.44837430981 3.44837430981
3722 0.393422617346 0.393422617346
961 2.3694419878 2.79498671026
6299 1.97458098888 2.53074810722
963 0.417884522293 0.507435825225
6297 2.91813442448 3.05461144265
6293 1.47450856342 1.47450856342
4688 3.44051640481 3.95374866411
6290 2.06999198638 2.07898256688
2108 2.82614243101 3.52874019502
6059 1.84624043087 1.84624043087
2103 1.48732166755 1.9313144549
2102 1.14801623205 1.24116125378
2100 5.44226758375 6.38245923242
5575 1.47209290239 1.47209290239
2105 1.49667591902 1.49667591902
5117 0.614287147977 0.614287147977
5113 2.76094850577 4.00159520036
2634 4.30931702935 4.71359282307
2636 1.54358703283 1.54415108841
2631 2.83537409287 2.83537409287
2630 2.95212940631 2.95212940631
5571 3.00109867035 3.00109867035
5292 0.50962836641 0.664963486072
3438 0.910256856017 0.910256856017
3439 0.138524287663 0.138524287663
878 2.08291576942 2.0829166488
879 3.37729490485 3.37729490485
3431 6.40068700077 6.49047390126
872 0.749619739395 0.749619739395
873 0.377752363274 0.377752363274
4592 1.12360553784 1.58015254096
4593 2.37958856975 2.67622434641
2743 0.37475321154 0.37475321154
2033 1.20703231892 1.59598508206
2032 7.63827923119 7.63827923119
4595 1.45932384983 1.84177489287
9 2.29056782419 3.13509879095
4840 0.224118284897 0.224118284897
3097 3.20594103789 3.20594103789
890 0.00425980771645 0.00425980771645
5200 4.1925057992 4.1925057992
5203 3.81892318001 3.81892318001
5202 0.556260408034 0.56710149249
5204 1.23618502731 1.30891508661
7320 4.19959876042 4.92711577723
3545 1.42775415302 1.7537388437
3547 5.61723892095 5.61723892095
3543 1.58376300315 1.58376300315
7323 0.820727398864 0.820727398864
2965 0.18495853743 0.185066135341
2964 1.48890949108 1.81779001248
2966 0.686084506467 0.686084506467
2961 1.51343258382 1.97065844333
762 2.24997945498 2.24997945498
1781 4.19804934215 4.19804934215
767 1.97993834689 2.03187716608
1786 2.87898195102 2.87898195102
7113 3.62259741136 3.62286730931
7112 2.36169000447 2.36169000447
6878 1.95817605198 2.06117552908
7119 2.35825560782 2.75898853246
7118 1.39922687044 1.39922687044
3045 1.05148248954 1.1846420205
6872 5.48326173156 5.61418090338
3046 4.55361030797 4.55361030797
1079 4.02491496542 4.32451276206
1077 2.02895727173 2.03082492703
1074 2.1394823298 2.1394823298
1072 2.94445485177 2.94445485177
1073 1.45145194129 1.46151020054
1070 1.79087597846 2.09439528836
5372 4.97849053099 6.56804954759
7290 5.53269525799 6.72922508426
1678 2.72955294324 3.11389634067
1674 1.05440869517 1.63649221125
678 2.31152652322 2.31152652322
676 1.63785003188 2.21197821603
4333 1.81686405017 1.81686405017
4330 0.197837924885 0.197837924885
3131 4.88029132218 4.88029132218
3130 0.826390994988 0.826390994988
3139 3.21727629957 3.24088457637
3138 0.890506403805 0.890506403805
7608 1.91299833173 2.79115578763
7607 3.98690612183 4.02436873029
7604 4.14513251409 4.14513251409
7600 2.40609630132 2.55533567001
6018 2.65709552906 2.65709552906
1412 4.53035841626 4.53035841626
1413 6.08180132499 6.70069517444
1416 0.536796570398 0.536796570398
1327 2.82653936367 2.82653936367
1325 2.07785672378 2.33260529068
1328 3.01465755405 3.01465755405
6450 1.55154816545 2.06333832593
6455 3.29968678506 3.31832438994
6454 3.55632204776 4.41763065518
5768 4.47442779992 5.09286164152
6456 1.2632492468 1.69980155783
6458 4.68771451603 4.95823251276
4645 0.626989668922 0.628460154025
5762 0.107543537512 0.107543537512
4207 1.81181636558 1.8545110333
4636 4.47361749829 4.47694878055
5565 1.2254338947 1.46046911705
5562 0.977015560482 1.22375669292
1256 0.219907837689 0.220081806703
1526 3.86988648961 3.86988648961
1520 1.66953493997 1.66954339943
308 2.06672404456 2.62308288711
3953 1.8775908273 2.3392775606
303 1.59908679165 1.79376116599
3957 3.19906937811 3.19906937811
307 4.66729193937 5.42844361197
4113 3.9950407165 4.53781056215
7420 3.99076211276 5.51628418373
3340 4.17899516043 6.67625197125
5159 1.73601007188 1.73601007188
2475 2.47816751446 2.85203517926
6601 1.16021191685 1.16021191685
6602 2.17500229665 2.17500229665
6439 2.95483570306 2.98446091131
6606 1.25217962836 1.25217962836
7109 1.29028443435 1.3770698982
6608 1.2801534291 1.28015347574
5946 0.0895276807535 0.0895276807535
5945 0.629485003897 0.757643982345
4064 3.85044695515 4.42116199808
5941 0.97021891895 1.31315135779
2976 2.31801798767 2.61310655805
4068 4.77438938123 4.77438938123
4069 7.90236074393 7.90236074393
5948 3.42863055795 3.50535439657
5949 1.83036468102 1.83036659711
5785 0.855456483701 0.982833164573
5786 1.76563610959 2.20097533528
5782 4.84279094182 4.84279094182
5019 4.99944243856 4.99944243856
3051 2.78825895408 4.27967095902
3601 2.91002323459 2.91002323459
3600 1.34117485009 1.34117485009
3607 4.52212959945 4.5588363277
3604 3.18601836577 3.18601836577
3608 1.44876755714 1.44967431126
5361 1.10169170754 1.10169170754
4894 3.74742759607 4.88304605832
5367 1.76659265407 1.83530538009
6115 3.58430799171 3.61588158614
6117 1.29219103224 1.29219103224
6112 4.39501695032 5.60531050739
2358 1.67454474356 2.03357052788
2353 2.38321193596 2.38321193596
5368 1.49936323854 1.74229562394
2355 3.15816579402 3.47244653624
4450 5.37729951624 5.37729951624
4456 2.54812647848 3.09576996442
4455 8.11790396985 8.11790396985
4454 1.52931206166 1.52931206166
3736 2.81729947746 4.90398803424
4459 1.85941847497 1.85941847497
3733 5.13314223105 6.00820517213
476 1.06180648792 1.5119761623
3730 3.57202223664 3.8805903722
4922 4.07610830983 4.07610830983
4920 1.93147101442 2.42021561889
4695 3.24569781789 3.57686273242
4697 8.95513907414 8.95513907414
2131 2.97411947001 2.98073650191
950 2.05475828107 2.44155566718
4929 4.37417716309 4.93368742704
954 0.0192944391476 0.0192944391476
6022 1.46812317335 1.46812317335
6026 1.46622979866 1.70135872561
2649 2.43311719485 2.43311719485
5167 1.61059142658 1.99610176393
2640 1.7625427465 1.7625427465
2645 2.46393251452 2.6225229234
2647 10.7345572771 10.7345899131
3429 2.35497606188 2.79192837829
3423 1.42365938785 1.66026471004
3422 1.81403751802 1.81403751802
3421 1.15432847002 1.20508264021
3427 2.6073884495 2.6073884495
3426 2.37617210805 2.64768213351
3424 1.76598768844 1.76598768844
1850 0.141858386174 0.141858386174
2000 3.5961995955 3.61911633731
6337 1.52214925631 1.55490604083
2007 1.04642051181 1.14443146048
4859 6.00958423774 6.00958423774
2005 1.61981135566 1.96380997369
2008 0.78543882969 0.78543882969
4415 2.05475104164 2.53812799697
4583 5.29180750719 5.49567845135
4582 2.018752226 2.24960366487
1269 3.14416763943 3.19088312941
3554 0.498409271285 0.505975841285
3550 3.81436807964 3.81436807964
6966 2.18664009341 2.18664009341
3558 2.60167878547 3.28999718084
6061 2.1771546793 2.48070149883
2911 0.874419014889 1.16921058656
1799 1.24276504704 1.24276504704
2913 1.26006311992 1.53337207175
1793 2.00241184547 2.1640546571
1792 2.42024352397 3.11413431019
715 0.72356745377 0.72356745377
714 3.12690576875 3.28363221784
713 1.24254325165 1.24254325165
712 3.85515940754 3.85515940754
4966 1.2206498026 1.52132806464
7127 2.99724449381 3.36765393646
6840 0.873864916241 0.873864916241
7125 2.01111012416 2.08833203792
7123 1.37032647245 1.37032647245
6844 1.8270891942 1.87329197083
7121 1.20863156555 1.53341489044
1069 1.0607257577 1.34103235803
1068 8.99922649922 8.99922649922
4964 2.10423964475 3.02943051652
1061 6.57943856584 6.57943856584
5301 2.16507426697 2.16507426697
1668 0.378514275679 0.378514275679
1665 3.53144439868 3.53144439868
4960 1.72229668713 1.72229668713
1662 2.62454684848 3.6097144113
591 2.37328553197 2.43393236072
590 2.30966699745 2.7618498156
592 9.15945386654 9.15945386654
594 2.51503992557 2.93503413314
6596 0.0552620575833 0.0552620575833
599 4.99502715844 4.99502852459
4323 3.58708734847 3.88667144773
4325 1.46953672552 1.46953672552
1088 7.74136571891 8.28437916916
3140 3.44498050502 3.44498050502
2821 0.733396853685 0.887764488241
3386 1.54098918922 1.54098918922
3384 1.29441299521 1.29441299521
3385 4.59865305972 5.29890660372
5412 3.07741110295 3.07741110295
3381 0.38262294415 0.38262294415
7632 1.84798900159 1.99077786121
3389 4.2101516841 5.6915942408
1408 2.49952508306 2.5000177177
1406 0.284962180541 0.284962180541
5792 0.530416910824 0.65647443035
1339 4.53749943638 4.53749943638
4210 0.909337046905 0.98867893569
4212 1.51677096212 1.85635597207
1337 2.95084468998 2.95084468998
5790 7.47897496804 7.47897496804
4219 4.49906268919 6.24247902744
446 3.98326108135 5.66620882108
445 0.71691944658 0.775112500919
691 2.55784382863 3.25266984378
5772 3.42943438509 4.26594583521
7515 0.0110890892103 0.0110890892103
5578 1.37721533285 1.66240039905
32 0.76834131612 0.76834131612
31 2.14213600551 2.14213600551
5573 5.36312986273 5.50579386538
35 3.35046635173 4.11840343492
3092 2.2971106616 3.40080232133
3093 3.62472558512 3.62472558512
643 6.80564413926 6.80564413926
1244 1.45594382752 1.45594382752
1531 5.99168015161 6.43481007807
1530 1.62886668247 1.95351376855
649 3.25986830826 3.29153971878
3098 0.685325909137 0.685325909137
3099 3.37764894064 3.39505687666
1539 3.50515900306 3.54066665088
338 0.715362974969 0.715362974969
335 2.77281609315 2.83230767369
334 2.99819456987 3.65379295422
337 0.00571750096847 0.00571750096847
331 2.55921676602 3.00893916474
333 1.63843521742 1.63843521742
7611 2.13770371678 2.16821944793
5124 4.33005873621 4.33005873621
4105 0.650270442525 0.650270442525
4106 1.74920699799 2.08600805844
7412 2.09927472913 2.09927472913
7413 4.070882381 4.070882381
7410 0.599661834825 0.599661834825
7411 4.45029039588 4.50556282529
7414 1.82509307509 1.8251307754
3897 1.11556212521 1.11557597354
3895 1.75071732236 2.07745730075
7379 5.59031654622 5.59031654622
6611 1.06606694443 1.06606694443
6615 0.728272852525 0.860539961349
6614 2.96976865041 2.96976865041
6619 3.02488374964 3.02488374964
4078 4.14325143016 4.14325143016
5957 1.44215409346 1.67764663615
5956 4.79127217367 5.89622910079
4075 5.3642691196 5.49081355306
4070 2.92608861224 3.87928197696
4073 1.10029402881 1.10029402881
5797 2.70509965914 2.70509965914
3967 4.41575898344 4.84683626222
3965 2.46104301589 2.46104301589
3962 1.49707354598 1.49707354598
3963 2.43732605471 2.43732605471
3961 0.802790815473 1.03539479796
7278 3.52149754519 3.62221264501
5799 2.83931892671 3.38331422636
3636 2.5522815415 2.95105810175
3637 9.47971949839 9.47971949839
3632 0.932691521413 1.16909655667
3630 1.04459218627 1.04459218627
4611 3.07595708556 3.07596155703
3468 1.41407846603 1.6556703385
4613 1.32111584314 1.40575136866
2345 1.83503510694 1.83503510694
2346 0.262080606425 0.488170525851
2342 5.98144291622 5.98144291622
6107 4.62355815905 5.12246122055
6103 1.08559875907 1.08559875907
6102 0.763468996107 0.763468996107
4616 6.20279788718 6.20332434712
3709 1.79287590181 2.50025720566
1888 1.87399564783 1.89201572074
3700 1.44166452986 1.44166452986
4465 3.27339753572 3.27339753572
4462 0.622071928507 0.622071928507
1880 4.41799835607 4.44518363353
2127 6.44751852286 6.45828644559
2129 4.3333196007 4.78807927658
4665 5.98793877836 6.62425462989
4660 2.79260025304 3.71647173497
943 1.9579665157 2.37243446816
4910 4.09144026939 6.55319667882
4663 1.6580428662 1.6580428662
6038 2.11384126251 2.11384126251
6035 3.01549962028 3.01549962028
2653 1.62828262953 1.62828262953
2651 1.87361609409 1.87361609409
6441 0.116216432128 0.116216432128
2654 2.45977664008 2.59630563361
3414 0.600237841277 0.600237841277
7389 6.07871331317 6.40207323944
3412 5.29366690298 6.19557132171
136 2.06655508641 2.07434811211
3410 1.02393913049 1.05618513394
134 0.371759334494 0.471872761775
7382 3.90356549184 5.30255187361
7387 1.69531732848 2.00262812687
3418 0.0889469587685 0.0889469587685
7385 6.6983909915 8.29095714425
6326 0.57897012663 0.57897012663
6325 1.40310517549 1.51803066868
2018 0.002519908111 0.002519908111
6321 1.08933334791 1.08933334791
4863 2.99034932381 3.24464827124
2017 7.54835739722 7.54835739722
4861 3.79258440897 3.98366065726
2011 3.69652637948 5.2078533224
6839 2.3113939872 3.09255961583
6329 4.70606104839 4.70606104839
6328 0.770105484125 1.08645722919
7443 1.88619457281 1.88619457281
7444 1.96590419861 2.28876058245
7254 1.46178691551 1.46178691551
7255 4.22850544026 4.22850544026
7251 0.338282513504 0.56161485936
3565 2.1943454118 2.1943454118
3569 0.363436782096 0.363436782096
4485 0.646430912903 0.646430912903
6564 3.99251264514 4.09611527166
2903 2.04203123554 2.09255977401
2902 1.24040853117 1.24040853117
708 0.506225104479 0.506225104479
2906 0.986403431195 0.986403431195
6853 5.47325502786 5.47325502786
704 3.86959345607 3.86959345607
705 3.63889042604 4.19650748961
706 2.46174745717 2.46174745717
701 2.37131794476 2.37131794476
6560 1.38989474222 1.88947585565
7139 1.36841249447 1.36841249447
7138 1.17022677596 1.17022677596
89 8.49795281491 8.49795281491
83 5.6957997696 6.03782993761
81 1.29959307088 1.71743509445
7135 2.13434644947 2.70109088576
7134 1.9312652147 2.51041164824
7137 1.78230350159 1.78230350159
85 1.56961666688 1.91944635278
5311 1.74409514718 2.53748343253
5310 2.24399488229 2.24399488229
1658 1.80970771936 2.05784067248
1652 0.0607282912352 0.0607282912352
1653 0.888534138033 1.20970443351
1651 1.91664791601 2.47912293019
6583 1.00089270286 1.10823263571
1631 0.773976475922 0.987356403537
588 0.533515750323 0.533515750323
3151 4.08241651711 4.08241651711
3150 1.67955604349 2.04058674392
7621 2.06619000356 2.06621377273
3154 1.94110172769 1.94110172769
7629 5.50073950647 5.86780415838
1437 0.305109442373 0.305853113456
1434 2.70478175607 3.97845926544
3392 6.66060390088 6.66060390088
3395 2.23087456084 2.96679333556
1636 1.54629024754 1.54629024754
1430 2.1483858885 2.1483858885
3399 0.472249060248 0.472249060248
3398 4.94691754825 4.94691754825
1438 3.18610371433 3.68133212591
4260 3.16352337084 3.56960458594
5233 0.995857370227 1.00076071988
4265 1.21520460423 1.21520460423
4268 4.55307346643 4.55307346643
452 2.43293426322 2.47887568094
1345 1.4860470277 1.57319434136
456 1.21391969925 1.21391969925
1347 4.47747272888 4.47747272888
6921 1.43948547547 1.59098113047
5546 3.34033874656 3.34033874656
5545 1.03424191766 1.07447231906
652 4.21748116963 4.21748116963
650 1.26079808885 1.26099463211
1508 0.0901746312754 0.0901746312754
4461 1.57666324761 1.85453725553
3081 1.26618824736 1.26618824736
659 3.11468516272 3.45433118986
5890 0.12204869903 0.12204869903
5891 0.662075194721 0.662075194721
5892 4.11674749158 4.11674749158
5896 1.75383138092 1.9659578766
5897 2.72567467809 4.3006389339
5898 2.46290350837 4.07852312543
5899 3.34377158908 3.34377158908
948 0.180427511134 0.180427511134
3882 4.16276641275 5.24379314199
3889 2.47924632941 2.85667427621
4916 4.56746317531 4.56746317531
7404 0.0549947317938 0.054998037779
7407 1.57330630604 1.65117384865
4911 2.74864916283 2.74864916283
4008 5.22815970834 5.22815970834
4004 1.21980283783 1.46546364238
3970 3.25258739563 3.25258739563
3973 1.69339573091 1.72517521967
326 1.93497534897 1.93497534897
3974 4.3048919965 4.3048919965
324 1.29150169781 1.29150169781
328 1.19998468122 1.20026032857
3621 3.98326882794 3.98326882794
3070 2.09021611542 3.45323426787
2332 0.70235847217 0.854780242425
6136 2.64686300719 2.64686300719
6883 1.94374914058 2.63902565415
3713 1.92019347897 1.92019347897
3719 2.0206111208 3.60926836858
4479 1.67702269812 1.67702269812
4470 3.05734440502 3.09856796798
4475 2.61532107844 2.80102659388
4474 0.275597837381 0.276078835476
5763 1.40757255279 1.40757255279
6007 1.40870918766 1.48581645676
6004 4.60870049794 5.25574348112
6000 7.50650369612 7.50650369612
2489 2.77325252637 2.77325252637
2950 4.34336364078 4.34336364078
2484 1.49995652996 1.85921729855
4673 5.49896711584 5.49896711584
4670 2.09399296062 2.09399296062
3252 0.928914719383 0.961366404206
2245 1.32838856566 1.52538831674
2246 0.953395261313 0.953751647157
2247 0.909417521151 0.909417521151
2240 2.40324472954 3.40232080782
5179 5.35396004972 5.35396004972
2242 1.94386235009 2.71651150916
7394 0.000368332010979 0.000368332010979
2466 2.15282254958 2.22493778379
996 3.8170037047 3.8170037047
7391 2.58277191911 2.58277191911
993 6.76786583276 6.76786583276
992 2.53338436824 2.76998223432
5144 1.58677393154 1.58677393154
2469 3.17957161434 3.85199998841
7535 3.23200292276 3.23200292276
122 2.6339693265 3.18237436439
124 0.812717047418 0.812717047418
3404 1.71378701827 1.71378701827
126 2.46534603813 2.51103514244
3409 6.32852890438 7.00344546154
3408 4.59034875821 4.59034875821
4875 0.362460271417 0.362460271417
4871 6.80412462414 6.87744446542
7438 5.22721286248 5.22721286248
4878 2.44981128926 2.44981128926
2069 3.76227120456 4.0688589036
7533 1.72833970332 1.72833970332
5424 1.61783074408 1.6198978527
2062 1.27450243964 1.35680586697
6319 4.49879644592 4.49879644592
3413 1.41493457484 1.41548601909
5423 1.15791712455 1.43890251001
7247 0.12975307542 0.12975307542
5099 1.43058603796 1.82993535032
3578 1.58218512682 1.69090358469
3571 1.5908534611 1.66795555293
3573 1.79724952209 1.79724952209
5097 0.00281160367339 0.00281160367339
2665 4.1021569547 4.1021569547
4492 0.163131046887 0.163131046887
4490 4.40558552797 4.40558552797
2669 1.46446214691 1.73773821422
6823 2.60060936068 3.29263359345
6824 1.35814393605 1.35814393605
2938 2.726641819 2.726641819
6829 1.46392448894 1.53867379966
2935 2.00939666825 2.1734981569
5326 0.661229811141 0.661229811141
5327 0.00189206817485 0.00189206817485
5325 6.0279635571 6.09529991416
5322 2.28097984431 2.28097984431
5320 1.19020614492 1.19020614492
5321 1.15901868371 1.2594087591
5328 1.26366518309 1.26366518309
1643 1.29357835204 1.29357835204
579 2.57806871654 3.00811595792
573 1.98054885645 2.32061278482
571 4.89333790643 4.89333790643
577 2.10389999833 2.10389999833
576 5.25363129839 5.25363129839
575 1.8313087048 1.94886875471
3169 2.94240224986 3.57463833739
2803 1.60996522778 1.87630086487
2800 1.90275011818 2.10268036012
3165 1.40696433089 1.91005655571
2806 4.88715579372 5.48310399801
2805 4.06628505692 4.06722619052
1421 0.498394865413 0.498394865413
1420 0.994494345761 0.994497698279
7094 2.01494543818 2.67901691631
1422 2.55039888567 2.55039888567
3368 2.38488894921 3.12806451287
1424 3.45354126899 4.07796541607
1426 5.15859098685 5.15913151483
3366 3.69507189361 3.72944297511
2404 4.20384262641 4.20385998112
7098 6.59257741818 6.59257741818
7099 2.06938147052 2.14127675272
732 3.0724728309 3.0724728309
735 3.00705300902 3.00706242112
736 7.06462993592 7.06462993592
4272 3.19734936114 3.19734936114
4271 2.09459849194 3.06386150129
1358 0.418510953624 0.418510953624
4274 1.89319290065 2.60161450694
461 2.30667826068 2.30667848373
5555 1.86675951759 1.86675951759
5554 1.35944534639 1.67363903816
6488 3.30064401678 3.33871443475
5551 0.21461537832 0.21461537832
5550 1.53225086822 1.53225086822
7384 0.557129196124 0.739554564823
6955 1.81182194693 2.04835195126
6484 2.64016916391 3.0632950684
6285 3.62956650118 4.19151717352
6948 3.79224582562 3.79224582562
1518 1.18305250824 1.41451279108
1510 4.17770260096 4.17770260096
1513 1.59922197823 1.71978476998
1512 3.58400023702 4.20406485082
5885 2.05396406639 2.05396406639
5889 2.09604423761 2.09604423761
6559 3.99815872565 3.99815872565
7478 2.84035265511 2.84035265511
3186 1.91867869248 2.19295095582
3187 3.22498447111 4.66973694341
3182 1.48600136175 1.48600136175
3188 3.6392060049 3.6392060049
6863 2.64792787806 3.16087157099
1896 1.37422454487 1.66387442191
6631 2.72945263434 3.15894709456
4018 3.08011978024 3.08011978024
6281 4.66574002694 5.07420846564
357 0.63670146381 0.63670146381
351 2.45066992604 2.45311294859
350 5.6152474915 5.6152474915
3985 2.42398053628 2.46963062741
3983 2.50507702964 2.50507702964
4855 1.15546329945 1.41976488341
6126 6.83909155579 6.83909155579
6120 3.59371750113 4.47753801852
4706 2.0795925721 2.0795925721
4705 1.27927425291 1.27927425291
2320 2.5866040223 3.96105433399
4703 1.26523610412 1.26525493669
2329 3.0820983641 3.0820983641
4709 2.11015819095 2.47007799544
288 6.58314701271 6.66119223921
3619 0.583332294418 0.583332294418
5 0.0923178763011 0.0923178763011
284 2.8758471217 2.8758471217
3760 5.88549843192 6.41077559305
3765 0.892310943367 0.892310943367
262 0.34617047579 0.34617047579
260 5.17357175589 5.17357175589
267 1.99745041767 1.99745041767
2499 1.82778166155 2.08077998694
2498 2.09727979191 2.21699116454
6013 0.427903098782 0.427903098782
1296 1.54394776585 1.54394776585
7253 2.84492214475 2.84492214475
2495 0.601320441738 0.601320441738
2494 3.03449044919 3.39260054754
4644 4.78703860172 4.78703860172
2496 1.98161954122 2.76704185747
2259 2.54981049154 2.66837243408
2254 2.38064529825 2.90477260089
5060 6.47102734666 6.47102734666
2250 2.38030115761 2.99887239618
2477 1.46184444631 1.54739865294
988 4.02433050141 4.36862188224
5151 1.42505066034 1.82535920653
5150 2.43563427466 2.87928110874
986 1.59849305809 1.84767907544
5154 5.47866907643 5.47866907643
5157 1.52509461409 1.70068935398
2478 2.32377742732 2.52463912293
115 10.0234460521 10.0234460521
7313 3.55143078861 3.55143078861
119 4.28667255218 4.28667255218
2785 1.67019556809 1.67019556809
4801 1.32164168789 1.32164168789
2787 3.66164601938 3.66164601938
4803 0.556608673011 0.556608673011
4805 0.720172635862 0.720174089431
4806 1.95197553451 1.95279914273
4807 2.40357562189 2.76137904684
2788 0.854219473294 0.863302610704
2071 1.23685308168 1.2369161931
6306 4.19337764862 4.19337764862
6301 1.70766071902 1.70766071902
6303 3.53247139354 3.68425870115
2074 1.83590864927 1.83590864927
7272 9.65545334888 9.65545334888
7273 5.33583729726 5.33583729726
7275 3.54265935147 3.54265935147
3502 3.26966513845 3.2925180686
7279 5.28395270675 5.28395270675
5086 2.24424631276 2.46249463784
5085 2.79885631139 2.79885631139
5084 1.07425511456 1.07425511456
2672 1.87286549436 1.98482242476
2676 1.31556308174 1.46603533044
2679 0.884859885817 0.890243878149
6833 5.52089649773 5.52094327723
2928 2.33824725345 2.70873073748
6830 2.2996672438 2.57737445421
6854 3.18920353203 3.480575579
2923 2.4585713858 2.4585713858
6838 5.29007849184 5.64993263387
2925 0.0465819260627 0.0465819260627
2926 3.69207351172 3.69207351172
5331 5.67440189047 5.67440189047
5330 5.24948574419 5.24948574419
5335 0.454120435093 0.454120435093
5336 1.81495845417 1.81495845417
2907 2.28441212043 2.28441212043
3215 1.84656138317 2.07150280022
1984 0.483242392561 0.619488069982
1985 0.0374935705677 0.0374935705677
1982 1.55806704082 1.55806704082
3212 1.43954608485 1.63998676918
1638 0.430548512418 0.430548512418
5371 4.55082107371 4.79806516354
3218 6.18139757904 6.18139757904
3219 2.02401345828 2.62443907549
1989 2.59788874473 2.66997977064
569 1.34817802276 1.69542676967
560 3.45489365871 3.45489365871
564 4.2272613447 4.61439883576
566 1.78421573084 1.98593470981
7642 2.07746437378 2.07746437378
6543 8.88063248904 8.88063248904
3173 0.460415992146 0.460415992146
7081 0.735589881291 0.736122599021
7030 2.56975107146 3.11369628986
7084 7.72334858576 7.72334858576
3376 1.33364607795 1.33364607795
3374 4.62179623359 4.62179623359
5421 1.02476933939 1.60792087892
3372 5.00325189676 6.42096944189
1180 6.06204613827 6.06204613827
1181 3.87758318505 3.87766064739
725 2.47748800033 3.17098624236
723 11.3126786616 11.312704966
1746 3.24654058734 3.24654058734
1740 0.758793108644 0.758793108644
1742 8.83928359437 8.83928359437
5499 0.162708119809 0.162708119809
1165 1.24599449404 2.6890571757
1166 1.43447692491 1.43447692491
7587 4.61676855703 5.02717904731
7291 5.55026789993 5.55026789993
4247 1.75304537866 1.99184005449
4245 2.43133916931 2.43133916931
1168 1.63446675944 1.63446675944
1169 2.1515790178 2.1515790178
4240 1.62330924476 1.97713330575
5521 1.85221708239 2.08956448519
5523 3.77812681626 3.99504727112
5526 1.99151199052 1.99151199052
7130 2.13539122327 2.49926991974
6941 4.54448501084 4.54448501084
6940 1.37111938276 1.37114864142
7132 1.50517927605 1.50517927605
47 6.85280860081 6.85280860081
7297 1.33453830371 1.33453830371
41 5.22576846753 5.22576846753
1569 2.49825794873 2.75091583994
1365 2.30006307118 3.4313691037
5492 4.42648997147 4.70196598775
1292 1.75208296842 2.07649878867
1561 9.01003218147 9.01003218147
1563 2.57967738776 2.57967738776
1564 3.40069459828 3.40069459828
1565 0.671854978917 0.671854978917
1295 2.42882000036 2.42882000036
1712 1.87018022897 2.33625125953
475 0.0510794868532 0.0510794868532
5250 1.04552569863 1.14514009559
1789 1.60458149222 1.85948127831
4399 4.2991340008 4.52644688124
7460 3.38011517463 3.41952485767
5638 3.24337308742 3.24337308742
6541 2.65768884237 2.65768884237
6540 3.2957184732 3.2957184732
4391 2.29598922957 2.29598922957
4392 3.50925201017 3.81314254829
4395 1.65251337911 2.08602066511
6549 1.231321762 1.96908895888
5633 11.2864984315 11.2864984315
473 1.5762563311 1.77676825649
3195 0.618351179472 0.618351179472
1862 0.321492498035 0.321492498035
3193 3.50868462583 4.25887310026
7465 2.34274751817 2.55885533876
3190 2.00716265781 2.3563332891
3728 6.02511794542 6.37581333543
3198 2.17482112802 2.2225450156
7466 1.85121259903 1.97820946894
1368 0.82543705119 0.82543705119
3729 1.09505693496 1.09505693496
2.35368069243 3.10987838165