5  1.18710420265
6  0.242528642789
9  2.0125034095
14  0.559880239521
15  1.63395132281
19  2.14423640875
22  1.97959134095
23  5.48
24  3.62358098754
25  0.745706402408
31  1.86574074074
32  0.466666666667
35  2.51542364645
41  1.85185185185
47  7.70588235294
52  1.98941798942
55  0.433489572719
57  1.49358974359
58  6.97360482655
59  3.96923076923
61  2.09401939655
63  1.28571428571
66  1.88095238095
68  1.68404339025
69  1.15209619709
72  0.75
76  1.24894623012
81  0.855267578396
83  5.20765140347
85  1.64896819186
89  8.09887640449
91  9.0
93  1.34615384615
95  1.46131386861
97  0.92018318613
107  3.61538461538
108  0.153846153846
109  0.0
115  8.5
119  3.12745098039
122  2.12127274056
124  0.938356164384
126  1.32054906143
134  0.747978716679
136  1.22881337841
146  0.147058823529
151  2.68301225919
155  0.365853658537
156  2.57027647964
160  0.210526315789
161  2.7722633714
162  1.96428571429
164  1.28268371319
169  1.125
171  1.5154117657
172  2.87596486936
181  2.68181818182
186  1.42540575747
188  1.19230769231
189  1.85993383113
190  0.142857142857
195  2.74285714286
196  4.68513235553
199  1.59090909091
204  2.1040961945
205  1.35671544257
209  3.61538461538
219  3.09122484689
221  1.0366894198
222  1.8548589529
223  5.5
224  3.41174353979
231  2.4
233  2.92307692308
234  1.21727366526
236  4.25531914894
243  1.99230111206
247  0.736842105263
256  1.47244195199
259  4.43676814988
260  6.05882352941
262  0.5
267  0.407407407407
274  3.61042183623
276  2.8225496565
278  3.0
284  2.11111111111
288  8.51938172847
291  3.19572815534
299  0.898060466748
303  0.491717211611
304  2.13053409892
307  5.2381225661
308  2.60957080638
311  2.06451612903
312  4.5
314  2.61290322581
315  4.66666666667
316  0.728799096076
323  2.62266589917
324  2.0
326  0.927748691099
328  1.18964597047
331  2.04174157552
333  0.666666666667
334  2.18181469179
335  1.71997514456
337  1.24
338  2.375
342  2.79503632865
343  1.48080518887
346  1.01829033797
347  5.0125382263
348  1.66068550369
350  7.74074074074
351  2.33926267281
357  1.18
360  2.92307692308
362  1.24508425234
364  5.0
365  1.76300504796
366  1.27586206897
369  1.13806153273
370  3.80546795357
373  1.23205741627
374  8.57894736842
376  1.50153846154
379  7.425
380  2.34298420869
381  1.26726535914
383  0.770044289456
384  1.56395300509
389  1.61612318841
391  1.78574166925
393  1.46182814105
394  1.03773584906
405  3.64265762171
406  2.66666666667
410  0.403870143971
412  0.106382978723
419  1.270513278
420  2.11934111551
421  1.53333333333
427  0.82842754486
428  1.7
431  3.49188443798
433  2.5601530193
435  0.92
437  2.73705179283
445  1.10653347818
446  2.00581196581
452  1.92234195313
456  0.77380952381
458  1.33333333333
461  2.6875
473  1.58199643494
475  1.92529711375
476  1.12599599595
480  4.37347368421
485  2.13952103089
487  0.133333333333
488  6.59650218613
489  2.64965517241
490  3.23455389091
493  3.40562291837
496  1.06666666667
502  3.09811790561
505  3.03448275862
509  0.991759582191
512  5.52
515  0.73085745597
516  0.376570048309
517  1.87570374112
520  0.544362934843
521  6.47058823529
523  2.27569324192
524  1.02157738095
531  2.16476020501
532  1.97408577502
535  1.26459694989
538  0.958372307664
544  1.28902120484
545  1.375
546  0.882352941176
549  1.92435995583
550  2.11675909341
551  0.741379310345
552  2.29255952381
553  1.70588235294
554  3.65384615385
555  1.43613793561
560  1.71428571429
564  3.47504950266
566  1.71434522702
569  1.89506066893
571  6.15555555556
573  2.76787127407
575  1.39900608766
576  1.70967741935
577  1.06666666667
579  3.12307225384
588  0.270053475936
590  1.24316155661
591  3.1951885517
592  10.2727272727
594  2.78074394537
599  1.91745503354
604  0.666666666667
611  1.20204169137
613  1.10526315789
617  4.51539373309
618  3.19913419913
621  2.90861101947
625  2.38172651785
626  4.50331640406
628  8.76470588235
633  0.347826086957
635  4.57142857143
638  2.53452685422
643  6.69343326196
649  1.91530355832
650  1.55476222552
652  3.7585054678
659  2.3587191312
671  1.82051282051
676  1.92729407965
678  1.54545454545
681  0.910384068279
683  1.43191087653
684  1.49550149118
687  0.772287119582
689  2.45393276316
691  2.28810400151
692  0.703703703704
701  0.666666666667
704  2.52830188679
705  1.298742863
706  4.0
708  0.71875
712  2.82670089859
713  0.45
714  2.76243046683
715  0.689655172414
723  4.20234763682
725  1.87719713355
732  2.27250608273
735  5.45
736  8.16
743  2.78048780488
744  0.617647058824
745  0.906692400068
746  1.16666666667
747  1.48221343874
748  5.66666666667
758  2.21933427885
762  4.75555555556
764  3.62014672446
767  1.24351407584
770  2.39113741801
772  1.36363636364
777  1.31365520734
779  4.65797820707
783  2.91052631579
785  1.75
786  0.382352941176
789  0.428571428571
795  0.149789029536
796  2.29787234043
801  2.81417624521
806  2.92884615385
807  2.5314530241
809  2.30076828954
810  1.87529474675
812  1.42307692308
814  1.22483221477
817  3.72361905387
820  0.773214285714
821  1.39972606702
826  1.11111111111
830  2.0
831  1.74205378973
837  2.37931034483
842  1.20406311516
845  0.379440971418
848  1.5179836515
851  1.92496063281
853  5.51259453594
860  5.86338702148
869  2.58031857715
872  0.733333333333
873  0.0625
878  0.826684397163
879  3.2380952381
881  0.590797809234
886  0.593230644507
888  3.38993545679
890  1.49520766773
902  0.0
908  2.73652694611
912  2.88
914  7.85714285714
917  0.982456140351
918  0.237288135593
921  0.666666666667
924  1.70030508894
926  12.0
928  1.38155734785
936  1.99490032452
943  2.23489160663
948  1.22222222222
950  2.07048896226
954  2.53331995183
961  2.28235869942
963  1.28982683983
970  1.51612903226
978  1.12048525538
986  1.48854292884
988  2.71258036053
992  4.68697882962
993  6.10857664234
996  0.583333333333
1005  1.37989451733
1007  0.738758389262
1012  0.681818181818
1013  1.03189910979
1021  2.85185185185
1023  2.79285134037
1032  1.85714285714
1037  2.22987672226
1040  0.939090909091
1041  1.45598563824
1042  3.82451923077
1046  3.65879794555
1049  2.09090909091
1051  1.36257741426
1053  2.98764204311
1056  0.50869479859
1057  6.30769230769
1061  8.17857142857
1068  10.7916666667
1069  1.00349265245
1070  0.874365268199
1072  2.27777777778
1073  1.28999549666
1074  1.9989539749
1077  0.401381509033
1079  2.84572193219
1084  4.03128205128
1088  8.12002328216
1102  4.76381578947
1103  1.50958164642
1106  1.60645539906
1112  0.327868852459
1114  8.08620689655
1116  4.17154811715
1123  3.38709677419
1126  0.26
1129  3.16111422172
1139  3.21428571429
1145  2.21864476453
1148  6.88250212224
1152  0.75
1154  5.72092249271
1165  1.6400285327
1166  0.0562581770606
1168  0.210526315789
1169  0.575
1180  6.17142857143
1181  2.83884915475
1193  1.79969687916
1197  5.0625
1199  4.49370155039
1203  2.89655172414
1210  2.32196885428
1211  0.0178335535007
1212  0.986072423398
1216  1.58981838181
1218  1.04747774481
1219  2.31025234538
1221  0.249857224443
1222  7.75
1223  0.151515151515
1226  1.09464835682
1230  7.18990889979
1231  2.28125
1234  1.59354670033
1235  5.12322924606
1237  0.605042016807
1239  1.45591964762
1244  0.312138728324
1252  4.0
1256  0.319377396797
1261  0.942028985507
1263  1.26791992244
1264  0.454537786775
1266  2.82334697939
1267  1.96459044404
1268  0.0
1269  2.08092459563
1273  4.21522874739
1275  0.190537913156
1280  10.5
1283  9.66399506782
1284  3.82192928313
1285  0.638146285513
1287  3.03104471112
1289  1.14098407427
1292  1.43924367283
1295  1.72862611655
1296  0.405405405405
1297  1.87631737031
1301  0.5
1308  4.1276428721
1310  3.53846153846
1312  0.724486945267
1313  1.85919075938
1319  0.391304347826
1325  0.802353377571
1327  1.88235294118
1328  0.0851063829787
1330  1.23374042436
1337  2.72592592593
1339  7.73333333333
1345  1.0981869555
1347  4.92
1358  3.69230769231
1365  1.55176158832
1368  2.9347826087
1369  1.50861583691
1370  5.0
1371  3.0
1374  1.93292003909
1384  2.77825314587
1387  2.55684779217
1389  1.99077453125
1391  0.830792991891
1393  0.190476190476
1406  0.40157480315
1408  1.47528666437
1412  1.05555555556
1413  7.30032537819
1416  2.33333333333
1420  0.926410177749
1421  0.96
1422  2.09540034072
1424  3.24480911787
1426  3.41504927402
1430  3.64285714286
1434  2.57588099953
1437  1.14035697859
1438  2.97742907076
1443  6.65
1453  0.365679938851
1455  2.96783480996
1458  1.46555026109
1461  0.392747701736
1465  3.15198777953
1470  2.57698695841
1474  5.25461584276
1475  5.93448275862
1479  5.37820530786
1480  1.1868228759
1482  2.09741444051
1483  1.80608828006
1485  1.9
1486  1.82142857143
1487  0.961994267446
1491  2.7022705314
1494  2.54314002829
1496  2.07731963894
1499  5.01543248717
1504  3.76578947368
1508  0.0909090909091
1510  2.43010752688
1512  3.58346548425
1513  1.68709853463
1518  1.7409093165
1520  2.80685028249
1526  1.41935483871
1530  1.0032376865
1531  4.76051282051
1539  2.89285714286
1544  1.55770675116
1545  1.21147417857
1547  2.80656621478
1548  7.13513513514
1551  2.25
1561  11.75
1563  1.06666666667
1564  6.75
1565  0.0266768292683
1569  1.33828125
1579  2.74544939186
1584  1.15361445783
1585  0.610146789702
1592  0.365966386555
1595  1.72727272727
1597  4.03267770838
1598  2.32614770459
1599  2.21387773247
1601  6.35714285714
1602  1.28109891522
1605  1.51375777598
1609  0.563918014196
1622  0.910370604796
1627  1.83550667714
1628  2.86453160763
1629  3.23315419595
1631  1.22803271529
1636  2.42857142857
1638  2.60747198007
1643  1.75
1651  2.09848475492
1652  0.56
1653  1.13353871391
1658  3.93277850305
1662  3.2385554371
1665  0.333333333333
1668  0.151515151515
1674  1.61625791074
1678  2.32786180212
1683  1.36552502162
1684  2.05122836417
1685  8.59230642775
1687  3.08905041895
1691  4.69460324644
1693  1.81661891117
1699  0.733333333333
1702  2.66666666667
1705  0.161290322581
1712  0.931807794746
1718  1.1443508161
1719  2.13793103448
1720  6.475
1722  1.33274712712
1727  0.157894736842
1728  5.20588235294
1731  1.51354930244
1732  2.22465437788
1740  3.87096774194
1742  10.4117647059
1746  5.39393939394
1752  2.04926108374
1754  4.04885331631
1764  8.90794132524
1770  2.39016224881
1776  1.51587823477
1778  2.96810207337
1781  5.0
1786  2.82352941176
1788  0.379310344828
1789  1.56476336278
1792  2.56705966792
1793  1.46721269569
1797  0.733235877226
1799  2.05194805195
1802  1.98450419773
1804  2.20903716216
1806  5.91172463975
1807  2.81484828169
1808  1.69565217391
1809  5.8464532109
1811  0.865035779664
1817  0.215625
1825  1.94029850746
1828  4.62015503876
1830  1.44758264441
1831  4.32138166535
1832  2.70103767428
1833  0.568576506874
1836  0.172294968987
1837  3.22289003975
1838  0.823913043478
1839  1.0209113117
1842  1.15789473684
1843  2.64756944444
1847  2.28396536279
1849  2.0292803918
1850  1.42105263158
1852  5.05555555556
1853  1.60933513518
1855  3.125
1859  1.60199556541
1862  2.11490125673
1866  3.55555555556
1867  2.00900062073
1872  4.975
1878  0.54521038496
1880  4.44681283571
1888  1.96317429612
1896  2.12008711874
1899  2.30419357121
1901  1.87928469374
1902  1.58017801334
1907  4.10106730391
1914  1.52631578947
1918  0.338261383797
1921  2.82340605901
1924  1.43333533534
1926  3.13093980993
1930  1.83333333333
1937  2.86666666667
1939  3.296
1940  0.787465281971
1941  1.10498644087
1943  0.243902439024
1946  1.12480759374
1948  1.5
1955  1.05861305319
1956  12.0
1957  2.7059879637
1959  3.84330344328
1962  0.403585660319
1965  4.05749941333
1966  1.50170697062
1969  2.8
1972  0.70636550308
1973  4.03125
1982  3.13333333333
1984  0.622806500393
1985  1.69565217391
1989  0.74046282086
1992  0.595744680851
1995  2.17648054146
2000  0.901963662801
2005  1.23370070814
2007  0.817691362641
2008  1.9
2011  3.01587267176
2017  2.69230769231
2018  1.2
2023  2.16103524882
2027  4.97619047619
2032  9.33333333333
2033  2.86685331964
2038  2.2
2040  2.79360025523
2045  0.484205685619
2047  14.0
2050  5.79384203481
2058  0.7579415086
2059  1.71692111959
2062  1.11576097555
2069  3.49316770186
2071  0.659725713647
2074  0.647058823529
2080  3.16689682383
2089  0.875
2091  3.29991645781
2092  1.73621465903
2096  1.30294947508
2100  5.178648945
2102  0.985722704382
2103  1.44396233676
2105  1.5
2108  2.2500585967
2112  0.466666666667
2114  1.51886632636
2115  0.983408308064
2117  1.0161358982
2127  6.00633817439
2129  3.77083333333
2131  2.10168302945
2140  0.555555555556
2142  3.46348837209
2146  2.74253624644
2149  2.45643693108
2151  0.881336628996
2155  0.773178865061
2156  3.78260869565
2157  3.34782608696
2158  4.89760348584
2160  5.59090909091
2168  2.2
2171  4.0
2176  0.983606557377
2179  4.46153846154
2181  1.0
2183  1.92766629816
2186  1.63333333333
2189  0.857142857143
2192  2.1366476294
2195  1.13377182696
2196  0.3
2197  0.874217866999
2200  8.5
2201  0.0869565217391
2202  0.8
2204  1.99741069236
2205  4.85925925926
2209  2.72934472934
2210  1.98512767426
2211  0.925670842191
2212  1.51380597015
2214  2.73333333333
2216  2.47025604872
2217  6.0625
2223  1.23529411765
2232  0.923076923077
2233  2.85294117647
2240  1.59911484591
2242  2.11836587602
2245  0.459000782462
2246  0.99298784334
2247  1.45833333333
2250  1.56850719355
2254  2.00792355971
2259  1.9895416213
2262  0.510887471911
2266  0.590909090909
2272  0.41202933011
2278  1.82832143288
2280  0.820512820513
2282  4.85
2287  3.40231631184
2289  0.265625
2292  2.62186607191
2299  3.163909799
2301  2.7335243553
2307  3.4375
2309  2.9756097561
2310  3.24242424242
2311  0.3
2313  5.58846153846
2319  1.43227399961
2320  2.50213495095
2329  4.21666666667
2332  1.28716832668
2342  3.35483870968
2345  1.06451612903
2346  0.727010850059
2353  2.33333333333
2355  2.00299303537
2358  1.67505617565
2364  2.03852242642
2366  0.837378640777
2367  5.18904248672
2368  2.22532894737
2370  6.84615384615
2373  1.34615384615
2376  0.173659010643
2378  3.34074733096
2380  0.547738693467
2383  1.15384615385
2386  1.67144646815
2394  1.72843294768
2397  10.3333333333
2402  3.27073837739
2404  2.60294442846
2409  2.33731336028
2414  0.0974998040599
2422  2.35081401897
2426  1.47285714286
2428  1.13742191029
2430  0.615710723192
2431  2.11616249412
2433  0.209302325581
2434  1.21115819209
2437  4.74231924232
2443  3.58620689655
2450  1.5228290612
2451  2.25
2454  1.9
2459  2.93501611171
2466  2.93711597542
2469  2.98635209031
2475  3.52935038115
2477  1.65816911551
2478  0.621778875694
2484  0.839845959011
2489  0.551724137931
2494  1.07461510323
2495  2.6
2496  2.94606981982
2498  0.874907799573
2499  3.06015196285
2503  1.6
2505  4.02486753794
2506  2.23407536318
2507  2.38597646646
2508  4.65742516389
2514  1.03448275862
2516  3.94215686275
2518  1.39634146341
2524  0.0952380952381
2525  0.0625
2527  2.25616630258
2530  2.479019266
2537  1.52752605144
2538  1.6962315783
2539  2.00540056267
2541  4.76984126984
2546  4.53846153846
2551  2.24504802949
2552  2.77272727273
2554  0.612762557802
2555  0.304347826087
2561  1.73214901539
2562  1.48506433627
2566  3.81818181818
2570  0.690909090909
2572  2.19575095222
2579  0.115384615385
2580  1.46117647059
2584  1.36330806228
2585  3.3762388
2586  3.61683635589
2587  4.37990702479
2590  1.50071239568
2596  1.46428571429
2603  0.575
2609  1.86885245902
2613  2.4802955665
2618  0.621059286455
2624  0.933333333333
2627  2.81555751074
2630  0.0810810810811
2631  2.89655172414
2634  4.12151169171
2636  1.6325
2640  3.9696969697
2645  1.49410181123
2647  8.32319688109
2649  2.40313971743
2651  1.08695652174
2653  2.1875
2654  1.89706825763
2665  3.45852895149
2669  0.914616140149
2672  1.10502560843
2676  2.07469957227
2679  1.27206601467
2681  0.592803030303
2683  1.20175553148
2685  1.29595384373
2687  5.52822980773
2690  0.80672288927
2693  2.02353490633
2699  1.5363604529
2702  0.833333333333
2704  1.13888888889
2708  1.52631578947
2713  1.65770725468
2714  0.647597333507
2715  3.80495378575
2716  2.39929019367
2721  1.27748667585
2730  0.315789473684
2733  3.20021762786
2738  2.56178816024
2739  0.936488931363
2743  0.708154506438
2750  3.64151952916
2758  5.93732363842
2761  3.14768706764
2764  1.98516246353
2765  1.93260723741
2767  3.62068965517
2771  1.41516604183
2772  1.84683869742
2775  1.46889099511
2777  1.29901257774
2785  0.3
2787  0.666666666667
2788  1.27849406224
2800  1.15317825102
2803  1.60266777606
2805  1.67436971702
2806  4.68911993252
2821  2.74304511278
2838  3.3786095508
2843  0.656729131175
2846  1.80859845228
2849  4.82352941176
2850  2.95681056494
2852  2.6960322399
2855  2.58571428571
2856  0.777777777778
2857  5.49134563001
2859  1.61206896552
2860  3.19454297408
2861  2.70424913357
2863  6.53608748167
2867  1.0674419469
2868  2.32912469894
2869  2.16666666667
2877  3.47952544967
2883  4.75841520374
2884  0.633333333333
2887  2.79166666667
2890  2.27562812009
2891  6.67164179104
2895  1.87362637363
2899  1.89086886309
2902  0.322580645161
2903  0.347658155798
2906  2.54166666667
2907  1.91067719152
2911  0.989790270083
2913  1.48969963583
2919  2.30031446541
2923  1.27320954907
2925  0.56
2926  6.74074074074
2928  2.0936718225
2935  2.16402544824
2938  4.37037037037
2941  2.49578822975
2947  6.40909090909
2950  3.48888888889
2961  1.59038841679
2964  1.39299550424
2965  0.136645962733
2966  0.77534965035
2972  0.779661016949
2973  3.60606060606
2975  0.909677419355
2976  2.22271913417
2977  1.57035688539
2978  3.47826086957
2981  1.67194685816
2982  0.164179104478
2985  0.181818181818
2987  3.9669365722
2991  0.464285714286
2993  3.28571428571
2999  2.30434782609
3000  1.21246817422
3006  11.4
3008  4.18367346939
3011  0.793378731982
3014  1.22171253823
3016  2.1108033241
3021  0.904898293196
3022  4.72340425532
3045  2.02743103365
3046  3.57611241218
3050  7.0540765391
3051  3.41298556764
3052  0.942403772549
3054  0.0
3058  6.35010822511
3062  2.16878980892
3064  1.94738474818
3065  5.64285714286
3068  0.980769230769
3069  0.235294117647
3070  1.44323250943
3074  2.22112358688
3075  1.43291366675
3078  0.25
3079  2.40096059244
3081  0.05
3092  2.4782010582
3093  0.0
3097  1.11356466877
3098  1.52467685076
3099  1.00452488688
3102  1.34463725928
3103  0.384615384615
3105  0.425925925926
3107  1.9473918198
3110  1.49743500147
3115  2.40568097818
3116  2.03165735568
3118  0.829133791465
3121  1.4
3122  4.6783625731
3127  3.25173611111
3128  1.54951848036
3129  0.24551466455
3130  2.0
3131  4.95454545455
3138  0.287632904309
3139  1.49458784221
3140  5.35
3150  1.19088231269
3151  1.33333333333
3154  0.0444444444444
3165  1.535340333
3169  1.54666510506
3173  1.33333333333
3182  1.33783338821
3186  1.26142179356
3187  2.18912898118
3188  2.88462438568
3190  2.4205753596
3193  2.73225614392
3195  3.22222222222
3198  1.34302976057
3203  2.24596195262
3209  3.30555555556
3212  0.858843895877
3215  1.21473552283
3218  9.6
3219  1.85897037775
3224  2.03488619227
3225  1.72405315395
3227  5.11904761905
3231  1.84681264827
3235  3.91785714286
3236  5.69230769231
3239  0.931034482759
3242  2.6047375223
3243  3.21224613587
3244  0.884388306771
3245  0.830703250363
3247  1.21713734254
3252  1.31915312933
3269  1.277613321
3276  3.38596491228
3277  2.07011070111
3278  2.47612600339
3284  1.28463768022
3286  2.83333333333
3287  2.38014705882
3290  0.9355268691
3293  0.751059322034
3294  1.39331337246
3296  5.17758269415
3297  7.48110136791
3298  0.764967259121
3300  2.36557895343
3318  0.166666666667
3321  0.990727587076
3323  1.6140472879
3328  2.50724637681
3332  0.222222222222
3336  2.47821341381
3340  6.06535947712
3341  3.0618510387
3345  5.2354596589
3347  0.613005769712
3351  2.45903824087
3352  1.02868820019
3353  1.84774167178
3355  3.9375
3366  3.37450243255
3368  5.50129074194
3372  1.125
3374  0.176923076923
3376  3.0
3381  0.676090964966
3384  2.44444444444
3385  3.56158814259
3386  1.6
3389  3.8899007955
3392  8.45945945946
3395  1.68604783124
3398  5.76103432902
3399  0.503211991435
3403  3.5625
3404  0.980198019802
3408  2.31435643564
3409  7.48815336014
3410  1.44379084967
3412  3.20916000242
3413  1.71797019492
3414  0.130434782609
3418  0.912280701754
3421  0.619116883667
3422  3.09756097561
3423  1.33624124075
3424  0.148148148148
3426  2.17227828181
3427  1.22727272727
3429  3.86224289026
3431  7.08203530227
3438  0.5
3439  2.25
3440  3.45570731632
3443  5.47368421053
3450  1.63757591278
3452  1.96576209924
3455  1.11111111111
3456  1.53125
3457  4.00915492958
3463  1.34268292683
3464  2.76801801802
3468  1.66195586667
3476  1.30769230769
3478  2.05798604879
3480  9.23333333333
3481  3.8506619231
3482  0.4
3486  3.16851090737
3487  2.93650793651
3488  4.22861359016
3491  2.84848484848
3495  1.62727272727
3499  0.715077130476
3502  2.56715391889
3510  0.571864111498
3514  8.17724368124
3516  1.75715063643
3517  2.42865020894
3519  1.225
3522  4.38689162199
3523  1.97544865076
3543  0.977941176471
3545  1.40137521857
3547  0.75
3550  5.83333333333
3554  1.16529411765
3558  0.399284638554
3565  0.367424242424
3569  0.704918032787
3571  1.07179061642
3573  1.97928313055
3578  2.25102669405
3580  1.61751323406
3583  4.51213315422
3585  1.39534883721
3587  2.21804438064
3592  2.10447154472
3594  2.54557375821
3595  2.12712935226
3597  0.422818791946
3600  2.16279069767
3601  5.95238095238
3604  2.18181818182
3607  2.75279648867
3608  4.12717785844
3613  0.714285714286
3614  5.35220942001
3615  0.504780114723
3616  1.95454545455
3619  0.570140280561
3621  2.94444444444
3630  0.625
3632  1.44025921929
3636  2.53215628359
3637  7.86294416244
3657  3.1173577441
3661  3.11871604561
3667  1.33333333333
3676  2.07876605074
3679  3.44671729544
3683  0.600326825492
3684  8.28947368421
3685  2.91176470588
3689  0.939393939394
3692  3.69696969697
3693  0.19512195122
3695  2.78846153846
3696  3.30769230769
3700  0.730769230769
3709  3.32857037978
3713  2.02380952381
3719  2.10276862437
3721  8.0
3722  1.30861819933
3728  4.78312487786
3729  2.93869582194
3730  2.7609383449
3733  3.39305314179
3735  1.06884057971
3736  3.32159434915
3738  1.47193094012
3743  0.772567535262
3745  0.222222222222
3748  2.87536663208
3750  2.96896551724
3753  1.82608695652
3755  3.3659134581
3758  1.56283637923
3760  5.75958342994
3765  0.620689655172
3783  0.88790560472
3789  0.65625
3802  1.06853357775
3808  1.97429620563
3810  2.09928856715
3814  1.12265258216
3816  0.941176470588
3821  4.33333333333
3823  10.5
3828  3.94078061911
3831  1.06376519003
3832  3.82842571209
3834  0.0833333333333
3838  1.52202947111
3840  1.81349315876
3843  5.99341818234
3849  1.7252040363
3852  1.93551750727
3855  2.4347826087
3857  3.92502869858
3859  2.92708333333
3863  3.43243243243
3864  12.1028659161
3866  0.157894736842
3868  2.1702342633
3874  1.29832247449
3876  2.58465011287
3878  3.7658061117
3879  2.22588192518
3882  2.9880952381
3889  1.19838925745
3895  2.45515735263
3897  1.14393939394
3902  3.64836065574
3907  1.21052631579
3912  0.807296747941
3913  1.98268157748
3918  3.49675324675
3924  1.78641975309
3926  0.4
3927  1.03824720845
3936  1.55823230377
3938  5.6095890411
3953  1.83759010921
3957  2.6186440678
3961  1.19952910941
3962  0.151515151515
3963  3.92857142857
3965  5.81034482759
3967  3.02380952381
3970  3.23529411765
3973  0.269612225948
3974  6.7619047619
3983  0.259339704605
3985  1.93828125
3993  1.58987902562
3994  0.725884527242
3995  1.43373012534
3996  2.71875
4004  1.21850389204
4008  5.16666666667
4018  1.82352941176
4023  2.35862723115
4046  0.712837018088
4047  4.04054915673
4048  6.4801538611
4050  2.79626276995
4052  1.0
4053  1.72633744856
4054  2.96093408992
4064  3.08757091001
4068  5.0
4069  5.66326530612
4070  3.15352867448
4073  3.65217391304
4075  1.2630393638
4078  6.90909090909
4082  1.39510133465
4088  2.56
4091  4.95869088423
4093  7.11013418635
4105  0.219649561952
4106  2.33225514881
4113  5.29119327001
4130  1.91023353519
4138  1.42857142857
4141  3.96692357097
4143  2.0
4144  1.05263157895
4149  5.47619047619
4153  1.17647058824
4154  0.430107526882
4159  6.74080145719
4161  2.11537565521
4162  2.11131444313
4167  11.0
4172  1.90915551252
4175  1.2925093633
4179  4.35739451204
4182  0.375
4184  1.32451923077
4186  1.16964285714
4192  1.52381000214
4193  1.45999196518
4195  1.96333875952
4207  0.901813117091
4210  0.606824586708
4212  1.83901040882
4219  0.634815097162
4221  2.05557697294
4227  5.78321178343
4229  2.0
4236  2.28
4240  1.41089896549
4245  0.421052631579
4247  1.28231795179
4252  0.877219743145
4253  1.22192736476
4260  3.61506907974
4265  0.724137931034
4268  1.68181818182
4271  1.65335420707
4272  0.8
4274  1.55611070753
4280  1.54144385027
4282  1.31653319989
4286  1.27777777778
4294  1.92576419214
4296  0.871370016011
4297  1.57607739666
4298  7.93103448276
4301  1.03653846154
4308  7.05760542169
4311  0.5625
4315  3.62844894685
4317  0.387263339071
4323  3.71186440678
4325  2.15217391304
4330  1.20408163265
4333  0.475
4341  0.812195075969
4349  0.99411976912
4353  0.684210526316
4355  5.325
4357  2.1504950495
4361  2.5
4362  2.74617563739
4363  6.62460925905
4367  1.51299651453
4377  3.08846960168
4379  3.4347826087
4382  2.3717060602
4388  2.83183596051
4391  1.45454545455
4392  2.40236744277
4395  0.913259092764
4399  1.92162416634
4415  1.03537148063
4416  8.67223198594
4417  3.36328626444
4418  1.6674630058
4420  0.642529450568
4423  3.02969981013
4426  0.978318252364
4430  1.34615384615
4431  1.59913793103
4433  0.555366519639
4434  0.137931034483
4437  1.34205839713
4438  8.025
4441  3.52679483486
4442  3.32841098007
4443  0.470588235294
4444  0.902060833718
4445  9.94339622642
4447  5.43628022777
4448  0.953488372093
4450  3.29166666667
4454  1.30555555556
4455  7.47368421053
4456  2.52810511231
4459  2.99778858912
4461  0.763367299534
4462  0.846519721578
4465  0.884615384615
4470  6.9098789213
4474  1.59723137772
4475  2.07018689196
4479  0.127494456763
4485  1.47826086957
4490  4.83582089552
4492  0.29347826087
4498  0.942087984359
4501  1.89532528957
4502  3.2380952381
4503  0.143820224719
4508  3.54824561404
4510  2.12601662956
4514  2.24430641822
4515  1.02564102564
4523  2.18728545028
4524  2.04222876257
4525  4.24086378738
4526  2.33266129032
4530  0.68
4531  1.60226939659
4534  2.6700387332
4538  1.24010593855
4543  7.16644177758
4546  3.38202247191
4550  2.08262710366
4553  2.68687376762
4558  1.00251116349
4565  0.54403253905
4566  4.2
4569  1.70832239221
4570  1.90841790803
4572  3.89252928142
4574  0.945584299732
4576  0.20295202952
4582  2.31975276832
4583  4.15544892422
4587  1.375
4592  2.16612724516
4593  2.05952257996
4595  1.60328094323
4602  2.0846479002
4604  1.86956521739
4606  0.7507346076
4610  0.445161290323
4611  7.4
4613  1.20147753472
4615  0.652173913043
4616  2.9927132222
4617  3.85294117647
4619  0.606380431634
4623  3.25422384255
4624  1.582461786
4629  2.42625163539
4636  3.78014489194
4637  3.2305048903
4638  2.9261547514
4644  2.51468998723
4645  1.53050050629
4651  0.858186387256
4656  2.61660359508
4660  2.88191599594
4663  0.142857142857
4665  5.43061496127
4670  0.21568627451
4673  4.28571428571
4675  2.4329664862
4688  3.5545343338
4695  5.25332225914
4697  10.625
4698  2.10961487266
4703  1.20428172375
4704  3.0
4705  0.378378378378
4706  1.125
4709  2.67405488658
4715  3.91666666667
4724  0.625
4725  5.22580645161
4727  1.14285714286
4728  0.0487804878049
4730  2.92610837438
4736  0.733333333333
4740  2.45493938459
4744  1.08650768246
4747  0.104952830189
4748  1.62817480786
4749  1.75107238403
4757  3.25925925926
4760  1.33157061664
4761  1.71635610766
4763  0.529411764706
4764  7.78947368421
4770  4.03703703704
4774  2.43302330456
4778  0.219512195122
4781  4.55586743483
4782  0.851428571429
4790  1.49039595219
4796  3.65
4801  0.0570734669095
4802  0.850366727308
4803  4.15384615385
4805  0.843625760649
4806  1.88415308619
4807  1.46751424898
4810  0.132158590308
4812  1.73148171736
4813  2.37559288538
4816  1.09523809524
4817  1.0
4818  9.39393939394
4819  1.39383255017
4820  1.9002336013
4821  0.924901701151
4827  2.19023168348
4828  0.415681629914
4836  1.16149911381
4840  1.33333333333
4844  1.13636363636
4851  0.570237084969
4855  1.62943695903
4859  2.77551020408
4861  3.6726846522
4863  0.501354212763
4871  5.4744000793
4875  1.10810810811
4878  3.6
4881  0.267080745342
4885  0.106113843992
4889  0.608695652174
4894  2.94779684878
4897  1.85964912281
4900  1.34080717489
4910  5.23883556586
4911  2.57894736842
4916  1.0264084507
4920  1.5671926317
4922  1.21428571429
4924  2.62962962963
4929  4.01672671636
4948  0.333333333333
4949  2.375
4951  8.17857142857
4956  0.581310068841
4960  0.732415601442
4964  1.68398277048
4966  1.62648080182
4967  2.691887819
4971  1.10087719298
4983  2.23488864641
4988  0.334457269282
4991  3.65714285714
4993  2.27340666949
4994  2.07142857143
4999  0.3125
5000  2.35714285714
5003  1.28800431248
5009  4.64863820009
5013  0.4
5014  6.13636363636
5019  5.0
5021  11.0479072113
5024  2.91542166267
5026  1.01952320888
5030  4.57142857143
5036  4.02576406052
5045  8.96137541215
5046  1.04166666667
5047  1.66433566434
5060  6.875
5061  1.29411764706
5062  1.96548592189
5064  0.72
5065  0.751814196467
5066  1.42549779473
5067  2.27270208375
5069  2.77534471536
5072  0.888888888889
5076  3.0
5077  0.650340626151
5078  2.16124968734
5084  0.0384615384615
5085  1.33597575192
5086  2.06401198505
5096  6.30671506352
5097  0.727272727273
5099  1.36986971551
5103  1.65574548908
5113  2.26815938885
5117  0.741935483871
5119  0.70796460177
5121  1.67310437231
5124  3.23383084577
5127  3.26756457785
5131  7.32307692308
5132  2.4584353605
5134  1.35449911348
5138  2.15789473684
5143  1.0
5144  2.0
5150  2.83724808764
5151  1.54962941911
5154  1.62762430939
5157  1.73702739198
5159  0.272463768116
5167  1.59540247305
5168  0.647058823529
5179  7.76923076923
5182  3.90476190476
5183  1.41185214582
5191  5.43823958427
5200  1.70588235294
5202  0.708166011246
5203  2.26666666667
5204  1.85867552001
5210  1.07606176939
5211  3.48017468538
5214  8.99166666667
5217  1.8661980242
5218  1.53372603373
5219  3.30560970327
5223  1.84367979145
5224  0.724137931034
5228  1.48669991718
5229  1.81300125837
5233  1.07090401096
5234  4.86363636364
5241  0.448275862069
5242  1.6875
5246  1.99006802721
5250  1.3636768343
5251  2.38642129406
5254  2.7660956883
5256  2.15342960289
5257  3.93181818182
5265  3.53333333333
5271  0.785714285714
5272  1.93716699662
5274  0.560747663551
5280  1.47101144175
5282  1.95555555556
5287  2.55789473684
5288  2.6
5289  0.778158058494
5291  3.2649432549
5292  2.89848484848
5293  3.45313681028
5294  2.24948895832
5295  2.87369753169
5300  6.22185862811
5301  3.77142857143
5310  2.86101398601
5311  1.67649532574
5320  1.58064516129
5321  0.656700988581
5322  3.90124359912
5325  6.2054228171
5326  1.66315789474
5327  1.17647058824
5328  0.655172413793
5330  6.5
5331  6.0
5335  1.06896551724
5336  1.12586701193
5344  1.51309936003
5345  0.608695652174
5356  0.502285424073
5361  2.57215332582
5363  2.96221708132
5367  1.52830155367
5368  1.52250407951
5371  4.42822321777
5372  6.04268491069
5374  1.14802259887
5381  3.15730337079
5382  0.466666666667
5383  1.68181818182
5386  0.777777777778
5387  1.86367908694
5388  0.757575757576
5392  1.19230769231
5395  2.3023255814
5402  6.38984519254
5404  0.914815370101
5406  1.8813559322
5412  0.193181818182
5414  1.99615366817
5421  0.930597980823
5423  1.68495246252
5424  1.41972920696
5433  6.13333333333
5446  3.04920136589
5451  3.92857142857
5453  11.3142857143
5454  4.11780383795
5456  1.66320623185
5457  0.047619047619
5459  1.35616438356
5462  2.98888169257
5463  4.17948717949
5464  1.03773584906
5475  1.96380697051
5477  2.3979604381
5478  0.279711719009
5479  2.57046979866
5480  3.71428571429
5481  2.30937279774
5482  1.59068085343
5483  0.421052631579
5484  2.85509907636
5488  0.295718505135
5492  3.12613819936
5493  1.01122519817
5496  0.430005982461
5499  2.2190293742
5500  2.4
5506  1.1802793559
5507  2.00525923778
5509  0.259259259259
5512  0.936934960842
5513  2.0
5515  1.30537764825
5517  0.422749835228
5518  1.66930783739
5519  1.45733333333
5521  1.31060606061
5523  3.85295971996
5526  3.38571428571
5531  2.83333333333
5538  1.125
5545  1.14708935855
5546  3.15749730313
5550  2.51851851852
5551  0.459016393443
5554  2.00399870159
5555  5.16666666667
5562  1.82305495675
5565  0.899344298927
5571  5.25
5573  5.55353658814
5575  0.880487804878
5578  0.879883198975
5581  0.667250437828
5584  1.21831480572
5586  0.98
5589  8.38095238095
5600  1.27022900763
5608  2.27167520237
5609  6.175
5612  1.375
5613  0.0
5617  6.64463076427
5618  3.3125
5627  0.0454545454545
5633  10.8011639185
5638  1.54545454545
5641  2.87804878049
5642  2.10788866889
5646  1.25057142857
5649  3.56822603893
5652  0.764382676147
5655  0.918872085696
5659  2.48276488433
5662  1.08460764123
5669  0.0459434620442
5674  1.56284962125
5681  1.5
5683  0.585216435423
5685  0.136752136752
5687  1.82410239564
5691  1.63333333333
5692  2.00282399812
5694  0.961538461538
5700  2.74725101879
5702  6.05993690852
5707  2.13877759716
5720  2.52619047619
5721  3.03539535188
5723  1.23456790123
5724  3.47144998966
5725  0.149277688604
5727  7.46666666667
5729  3.21942669912
5736  0.84284754869
5737  0.522229862077
5740  4.61837773122
5745  1.16453852113
5749  0.475464022375
5750  2.0
5754  2.01960784314
5757  0.166666666667
5762  0.581395348837
5763  1.19472008987
5768  3.39739663093
5772  4.70027001574
5782  12.0
5785  1.40703259978
5786  1.88729243984
5790  3.93636363636
5792  0.277326741204
5797  1.87842465753
5799  1.56460574957
5815  0.772415319903
5816  0.433701999141
5826  1.77014455608
5827  0.389092149324
5828  0.0059880239521
5831  0.543245186596
5834  3.39130434783
5835  1.66832740214
5836  0.111111111111
5837  2.56851081543
5846  1.37471221205
5849  4.38325877669
5851  1.57993295019
5865  1.80570622958
5868  0.621621621622
5870  1.94180415388
5876  4.10344729119
5879  2.30555555556
5885  0.541666666667
5889  0.526315789474
5890  0.923076923077
5891  0.0911654135338
5892  1.99056341937
5896  1.33187338907
5897  2.25515049443
5898  3.71218596286
5899  5.47826086957
5902  3.32394366197
5904  1.28333333333
5909  3.48837209302
5911  4.33682593481
5915  1.84209552018
5924  1.66666666667
5925  2.08638236506
5931  1.64959654387
5932  0.937976437976
5933  2.89716462879
5934  7.16948506967
5936  0.871822893819
5937  10.2333333333
5938  8.94444444444
5940  0.4
5941  0.648953227282
5945  1.83679731082
5946  1.24137931034
5948  3.97331404208
5949  1.88940285955
5956  4.56512457375
5957  0.974120515876
5963  0.5978396344
5964  1.22980625931
5968  1.48154224774
5969  1.27816397185
5974  1.66171957538
5976  5.87088628218
5988  1.76056338028
5990  1.16
5992  5.4085062669
6000  10.2909090909
6004  3.57998919744
6006  1.61226242128
6007  1.61081288344
6013  0.476607074933
6018  1.16260657734
6022  2.95004591368
6026  0.504990456846
6035  2.37037037037
6038  0.838235294118
6040  4.38588860347
6041  0.926338814709
6043  1.55029804838
6044  0.846153846154
6045  0.91003768263
6048  1.16666666667
6053  0.047619047619
6055  1.69306930693
6059  0.545454545455
6061  1.26842491028
6063  1.01838602756
6065  3.61682808717
6070  6.8
6071  0.515874797916
6077  0.8388671875
6083  9.0
6084  2.29166666667
6087  1.75409836066
6091  5.04020516377
6094  1.39655172414
6098  2.14285714286
6099  1.03825968736
6102  1.9
6103  1.00169252468
6107  4.8269928216
6112  2.61944444444
6115  1.00899307091
6117  0.957142857143
6120  3.56985589648
6124  3.62137797811
6126  2.58823529412
6136  4.72727272727
6143  1.0
6148  2.15753909244
6150  1.84621628258
6154  1.25896414343
6159  2.55813953488
6160  2.36538461538
6162  1.94736842105
6168  1.39851590347
6178  3.52
6182  3.109375
6183  1.427150701
6186  2.46666666667
6190  2.92592592593
6194  5.66238065396
6198  5.5657233457
6201  0.956610582149
6202  2.01545160193
6215  1.00133665746
6218  0.52
6227  7.0
6228  1.86390532544
6234  2.77347242921
6237  0.411801509404
6239  0.741935483871
6240  0.822908181695
6246  3.3
6260  6.625
6269  3.7942119116
6276  7.26470588235
6277  1.00668791347
6280  1.5836397831
6281  1.66189687505
6282  2.28059726414
6283  1.42130225776
6285  3.88534940498
6287  1.97228164726
6290  2.75377461452
6293  2.53846153846
6297  0.771929056014
6299  2.00255929769
6301  0.789473684211
6303  1.14982289982
6306  4.0
6319  4.2
6321  0.88
6325  1.83194305491
6326  0.184210526316
6328  1.65951117543
6329  7.32
6332  8.6
6335  1.97368421053
6337  0.987520548545
6340  3.57142857143
6343  1.90105676567
6344  0.833665158371
6346  0.814634146341
6349  0.1625
6369  0.945980916479
6372  3.72357723577
6375  1.72124907613
6377  2.46442061537
6378  4.36899434094
6379  1.17692496758
6384  3.25486642696
6386  1.81613242427
6387  0.957132298596
6396  0.6875
6397  4.90374787053
6400  3.98595230597
6403  3.95495495495
6404  2.04913558904
6405  5.76404494382
6406  1.84033783784
6410  0.979884917638
6411  3.53160832681
6412  2.12
6415  1.56706126601
6418  1.95444504086
6419  1.24574051806
6420  0.25
6421  4.41301369863
6428  0.037037037037
6429  5.71428571429
6431  7.10090910132
6432  1.19230769231
6435  2.1625023483
6437  2.27083333333
6438  0.700783143763
6439  1.88909574468
6440  3.66570673971
6441  1.36842105263
6444  2.83007982654
6450  1.89810918037
6454  2.00074710485
6455  3.02634444404
6456  1.17710285942
6458  3.75803635225
6463  0.836550108837
6470  1.46796334875
6476  4.49361702128
6484  1.13051834817
6488  1.32311788813
6497  0.427412280702
6507  1.73913043478
6517  1.29703609585
6521  1.80481967833
6526  2.28865131579
6530  2.81609015586
6533  1.43394359804
6538  3.95318885227
6540  1.4347826087
6541  1.44444444444
6543  9.48148148148
6549  1.30449629917
6559  2.65217391304
6560  0.796066202355
6562  1.30366738255
6564  4.57219169719
6568  3.68525896414
6571  4.27935337493
6574  0.68066728669
6576  3.4375
6583  1.25654923216
6584  10.306122449
6591  1.93360160966
6595  3.78874394248
6596  1.41666666667
6601  0.925925925926
6602  3.41176470588
6606  2.39285714286
6608  6.9
6611  0.291666666667
6614  2.00355450237
6615  1.03292931581
6619  1.525
6631  3.00174182136
6640  4.04562886316
6642  0.896551724138
6644  1.73281701342
6651  3.27411056863
6655  1.79310985235
6657  5.58825894652
6671  3.61111111111
6674  0.742857142857
6680  0.382748244734
6689  5.34212158809
6694  2.69696969697
6696  2.56486814547
6697  0.835648373198
6699  0.944444444444
6701  1.03773584906
6702  0.863636363636
6703  2.99869765066
6704  4.64828080229
6705  7.57142857143
6707  0.86664244186
6710  0.8
6716  3.11456858085
6717  0.729166666667
6718  2.94444444444
6722  0.206896551724
6732  2.70138888889
6734  0.464285714286
6736  1.82513151497
6737  2.36200881068
6738  0.320998662506
6740  3.0852092125
6748  1.96023102903
6752  0.8
6755  4.14919354839
6756  3.20166060347
6766  2.29678603809
6767  0.315789473684
6770  9.10424831478
6772  2.3619047619
6774  2.86044973545
6775  1.96029874214
6778  3.11253196931
6779  1.57631916113
6780  5.1825
6782  3.36363636364
6787  0.0909090909091
6794  5.25
6796  2.06980633803
6797  7.44444444444
6800  2.06183237957
6802  0.333333333333
6809  0.868686868687
6814  0.392251815981
6816  3.221950367
6817  3.66666666667
6819  0.811320754717
6823  2.58957443748
6824  1.05263157895
6826  0.434397163121
6829  0.804232998563
6830  2.97068446651
6833  6.2125074235
6838  4.52806388062
6839  2.01755594484
6840  1.85365853659
6844  0.852397341915
6853  8.47826086957
6854  2.43675029953
6863  2.53730705959
6872  2.09207612658
6878  2.22022809501
6883  1.38191377888
6886  0.210526315789
6887  1.02605068122
6889  2.36349757215
6895  1.71876890953
6902  1.92800338347
6913  4.32432432432
6914  5.78571428571
6915  1.36842105263
6917  5.6341161991
6919  2.85503685504
6921  0.792194807463
6939  3.1099726776
6940  0.802968474097
6941  6.66666666667
6948  2.29475890985
6955  1.75052096354
6966  0.4375
6968  2.28929591197
6971  1.05138189875
6975  1.20308177757
6976  3.82352941176
6980  2.27808316689
6981  0.722222222222
6982  0.4
6983  1.52053571429
6993  1.99119688233
7001  0.934221065531
7005  2.94664744052
7006  1.41213632555
7011  1.61208267091
7012  0.82967176128
7013  1.04508674206
7030  1.3255109586
7037  0.333333333333
7041  0.289795918367
7042  1.28571428571
7043  1.84219165214
7045  3.16387782205
7052  3.4857724528
7055  1.54166666667
7058  0.0909090909091
7059  0.0
7060  0.915215838411
7063  0.911055863068
7072  1.42105263158
7073  11.5517241379
7074  0.326086956522
7079  1.61720949264
7080  2.58157124903
7081  1.94655827006
7084  5.0205655527
7088  1.68613138686
7091  3.09090909091
7094  1.29614259862
7095  0.649169435216
7098  4.66666666667
7099  1.35751429195
7109  1.44887625127
7112  1.7005453644
7113  2.77183881703
7114  0.631578947368
7118  0.470588235294
7119  1.68566527485
7121  1.23360746484
7123  1.22540359427
7125  1.98484587249
7127  2.0489615176
7129  2.67696507649
7130  3.27850238508
7132  2.125
7134  1.53339280246
7135  1.66327785691
7137  0.421070811744
7138  0.692307692308
7139  2.12222222222
7140  0.269230769231
7141  4.65
7142  1.74503600608
7143  1.23529411765
7152  0.305555555556
7153  2.59459459459
7158  1.68037135279
7159  0.859712903869
7163  1.07930347143
7164  1.56071428571
7165  7.07142857143
7166  1.56885054448
7168  1.8254147319
7171  4.87657702985
7173  2.57885313259
7176  6.05859944197
7177  2.07159624413
7178  1.16943172158
7181  1.37401454841
7183  1.25806451613
7187  3.63829787234
7188  6.74306625578
7194  0.025641025641
7199  0.853974121996
7203  1.04057438529
7215  1.62338064525
7218  5.46666666667
7222  1.8030376704
7226  2.31723979577
7227  2.42809364548
7233  0.24
7234  2.46330049261
7235  3.38095238095
7247  1.025
7251  0.718087787154
7253  0.923076923077
7254  3.32258064516
7255  6.44444444444
7262  1.14341346836
7263  0.930810810811
7272  10.7776739841
7273  2.14285714286
7275  2.1094049904
7278  2.60674788258
7279  2.0
7290  4.44535076385
7291  4.85714285714
7293  2.37236792204
7294  3.21749945923
7295  2.13636363636
7297  1.9897260274
7301  0.625
7304  2.33327729419
7305  0.904761904762
7307  2.08333333333
7309  0.25
7310  1.31247024
7313  1.62716049383
7320  4.0564569517
7323  1.6
7326  4.14273939394
7328  2.43175035497
7334  2.44852016278
7335  3.10416666667
7336  6.8
7337  4.35
7339  1.99886197984
7342  5.70084507042
7345  8.5
7347  3.85714285714
7351  3.4381431203
7354  2.20588235294
7355  3.20895522388
7356  4.03110753603
7357  3.57315436242
7359  4.09174311927
7361  1.45576707727
7369  2.11538461538
7374  3.07843137255
7375  1.13043478261
7379  5.08333333333
7382  3.6305185904
7384  1.26820995883
7385  5.33809421833
7387  1.21255526209
7389  3.20907097449
7391  0.296296296296
7392  2.45
7394  2.10714285714
7398  4.15702867889
7404  0.649550796426
7407  2.80408148011
7410  0.777777777778
7411  2.32466428693
7412  1.41176470588
7413  1.29494020239
7414  1.20697796827
7420  3.80762925232
7431  2.95247661565
7435  2.87096774194
7436  5.42964283463
7437  2.27734719733
7438  6.22222222222
7442  1.88521935702
7443  0.702702702703
7444  1.66196002439
7446  1.26138695117
7450  0.0298223350254
7453  1.59492871651
7459  0.176184052758
7460  1.18499007061
7464  0.714285714286
7465  1.47035653257
7466  0.803193471656
7474  1.15913871244
7478  1.33333333333
7482  2.97872340426
7483  0.731395348837
7484  3.1123070483
7487  5.3
7490  6.64516129032
7491  3.02811134772
7493  2.32345027076
7494  2.12449132864
7497  3.54635761589
7498  2.01369262789
7503  3.10714285714
7504  0.5
7512  6.0
7513  0.86915291899
7515  2.32183908046
7518  3.2843874996
7525  4.27557100298
7527  1.02941176471
7532  2.10344827586
7533  3.11111111111
7534  5.5
7535  2.69811320755
7538  0.654676258993
7543  1.31961030798
7547  6.23176140837
7550  4.16216216216
7551  2.52
7553  1.6729566396
7557  1.76285714286
7561  1.2482542951
7562  5.59344729077
7564  0.4665982036
7568  2.35972768359
7574  1.73263486812
7578  1.21941049147
7579  2.94444444444
7580  3.34212062641
7585  3.47099767981
7587  7.43103824957
7591  0.992316982183
7594  0.0306890561668
7595  0.812410801643
7600  2.489190685
7604  0.758620689655
7607  3.67562039815
7608  2.44258144083
7611  3.82812148925
7619  1.11111111111
7621  0.987355242329
7627  0.5
7629  4.82
7632  1.4812172913
7638  0.433566433566
2.14771612748
[Finished in 11416.5s]